0.000000000000000000e+00 3.116113082221150243e-01
1.000000000000000021e-02 3.116113082221150243e-01
2.000000000000000042e-02 3.308198358204364808e+00
2.999999999999999889e-02 2.800065280692577208e+00
4.000000000000000083e-02 1.016784107271432980e+00
5.000000000000000278e-02 9.941055746132135829e-01
5.999999999999999778e-02 9.941184734392166655e-01
7.000000000000000666e-02 1.764585782045126061e+00
8.000000000000000167e-02 3.505127871170043985e+00
8.999999999999999667e-02 3.505127871170043985e+00
1.000000000000000056e-01 3.505127871170043985e+00
1.100000000000000006e-01 3.505127871170043985e+00
1.199999999999999956e-01 3.505127871170043985e+00
1.300000000000000044e-01 3.505127871170043985e+00
1.400000000000000133e-01 3.505127871170043985e+00
1.499999999999999944e-01 3.505127871170043985e+00
1.600000000000000033e-01 3.505127871170043985e+00
1.700000000000000122e-01 3.505127871170043985e+00
1.799999999999999933e-01 3.505127871170043985e+00
1.900000000000000022e-01 3.505120264325142010e+00
2.000000000000000111e-01 3.505093230421543193e+00
2.099999999999999922e-01 3.505035024631023344e+00
2.200000000000000011e-01 3.504980020153522613e+00
2.300000000000000100e-01 3.504905894081592699e+00
2.399999999999999911e-01 3.504744229338168982e+00
2.500000000000000000e-01 3.504627269351482610e+00
2.600000000000000089e-01 3.504487443084716602e+00
2.700000000000000178e-01 3.504454471657276304e+00
2.800000000000000266e-01 3.504440954782962692e+00
2.899999999999999800e-01 3.504421260759830403e+00
2.999999999999999889e-01 3.504324934787750312e+00
3.099999999999999978e-01 3.504244419353008233e+00
3.200000000000000067e-01 3.504186632778644395e+00
3.300000000000000155e-01 3.504026519370079029e+00
3.400000000000000244e-01 3.503956400926113268e+00
3.500000000000000333e-01 3.503825448405742726e+00
3.599999999999999867e-01 3.503649971904754690e+00
3.699999999999999956e-01 3.503600573019981290e+00
3.800000000000000044e-01 3.503473211181163727e+00
3.900000000000000133e-01 3.503351636819839410e+00
4.000000000000000222e-01 3.503256535890102441e+00
4.100000000000000311e-01 3.503256535890102441e+00
4.199999999999999845e-01 3.503256535890102441e+00
4.299999999999999933e-01 3.503256535890102441e+00
4.400000000000000022e-01 3.503256535890102441e+00
4.500000000000000111e-01 3.503256535890102441e+00
4.600000000000000200e-01 3.503256535890102441e+00
4.700000000000000289e-01 3.503256535890102441e+00
4.799999999999999822e-01 3.503256535890102441e+00
4.899999999999999911e-01 3.503256535890102441e+00
5.000000000000000000e-01 3.503256535890102441e+00
5.100000000000000089e-01 3.503256535890102441e+00
5.200000000000000178e-01 3.503256535890102441e+00
5.300000000000000266e-01 3.503256535890102441e+00
5.400000000000000355e-01 3.503256535890102441e+00
5.500000000000000444e-01 3.503256535890102441e+00
5.600000000000000533e-01 3.503256535890102441e+00
5.700000000000000622e-01 3.503256535890102441e+00
5.799999999999999600e-01 3.503256535890102441e+00
5.899999999999999689e-01 3.503256535890102441e+00
5.999999999999999778e-01 3.503256535890102441e+00
6.099999999999999867e-01 3.503256535890102441e+00
6.199999999999999956e-01 3.503256535890102441e+00
6.300000000000000044e-01 3.503256535890102441e+00
6.400000000000000133e-01 3.503256535890102441e+00
6.500000000000000222e-01 3.503256535890102441e+00
6.600000000000000311e-01 3.503256535890102441e+00
6.700000000000000400e-01 3.503256535890102441e+00
6.800000000000000488e-01 3.503256535890102441e+00
6.900000000000000577e-01 3.503256535890102441e+00
7.000000000000000666e-01 3.503256535890102441e+00
7.099999999999999645e-01 3.503256535890102441e+00
7.199999999999999734e-01 3.503256535890102441e+00
7.299999999999999822e-01 3.503256535890102441e+00
7.399999999999999911e-01 3.503256535890102441e+00
7.500000000000000000e-01 3.503256535890102441e+00
7.600000000000000089e-01 3.503256535890102441e+00
7.700000000000000178e-01 3.503256535890102441e+00
7.800000000000000266e-01 3.503256535890102441e+00
7.900000000000000355e-01 3.503256535890102441e+00
8.000000000000000444e-01 3.503256535890102441e+00
8.100000000000000533e-01 3.503256535890102441e+00
8.200000000000000622e-01 3.503254975502490876e+00
8.300000000000000711e-01 3.503252668750286070e+00
8.399999999999999689e-01 3.503252408685684216e+00
8.499999999999999778e-01 3.503247301266193325e+00
8.599999999999999867e-01 3.503243289608955369e+00
8.699999999999999956e-01 3.503207413733005371e+00
8.800000000000000044e-01 3.503175729420185291e+00
8.900000000000000133e-01 3.503085789422988761e+00
9.000000000000000222e-01 3.502960539770126225e+00
9.100000000000000311e-01 3.502851316468715837e+00
9.200000000000000400e-01 3.502744347548484960e+00
9.300000000000000488e-01 3.502627038042545493e+00
9.400000000000000577e-01 3.502573894932270004e+00
9.500000000000000666e-01 3.502543060426711818e+00
9.599999999999999645e-01 3.502522457158565583e+00
9.699999999999999734e-01 3.502499901340007771e+00
9.799999999999999822e-01 3.502468549730777703e+00
9.899999999999999911e-01 3.502456970884800125e+00
1.000000000000000000e+00 3.502418463985919939e+00
1.010000000000000009e+00 3.502377428665161219e+00
1.020000000000000018e+00 3.502285864763259760e+00
1.030000000000000027e+00 3.502144280745983274e+00
1.040000000000000036e+00 3.502096207292079821e+00
1.050000000000000044e+00 3.501953029315471699e+00
1.060000000000000053e+00 3.501872492451667984e+00
1.070000000000000062e+00 3.501850995240211706e+00
1.080000000000000071e+00 3.501734303722381814e+00
1.090000000000000080e+00 3.501737692792415757e+00
1.100000000000000089e+00 3.501738412549495916e+00
1.110000000000000098e+00 3.501738431985378153e+00
1.120000000000000107e+00 3.501738485434055193e+00
1.130000000000000115e+00 3.501738485434055193e+00
1.140000000000000124e+00 3.501738335964679649e+00
1.150000000000000133e+00 3.501738087527751730e+00
1.159999999999999920e+00 3.501738267271518712e+00
1.169999999999999929e+00 3.501738456914424980e+00
1.179999999999999938e+00 3.501738456914424980e+00
1.189999999999999947e+00 3.501738559138774853e+00
1.199999999999999956e+00 3.501738559138774853e+00
1.209999999999999964e+00 3.501738559138774853e+00
1.219999999999999973e+00 3.501738883461952057e+00
1.229999999999999982e+00 3.501738949584960903e+00
1.239999999999999991e+00 3.501738949584960903e+00
1.250000000000000000e+00 3.501738949584960903e+00
1.260000000000000009e+00 3.501738949584960903e+00
1.270000000000000018e+00 3.501737712121010038e+00
1.280000000000000027e+00 3.501734595868587707e+00
1.290000000000000036e+00 3.501734979288578131e+00
1.300000000000000044e+00 3.501734979288578131e+00
1.310000000000000053e+00 3.501734996647834830e+00
1.320000000000000062e+00 3.501734996647834830e+00
1.330000000000000071e+00 3.501735014188289696e+00
1.340000000000000080e+00 3.501735031728744563e+00
1.350000000000000089e+00 3.501735031728744563e+00
1.360000000000000098e+00 3.501735031728744563e+00
1.370000000000000107e+00 3.501734653830528288e+00
1.380000000000000115e+00 3.501735682129859750e+00
1.390000000000000124e+00 3.501755592608451817e+00
1.400000000000000133e+00 3.501813563618660030e+00
1.409999999999999920e+00 3.501957765784263543e+00
1.419999999999999929e+00 3.502142119355201810e+00
1.429999999999999938e+00 3.502231758019924257e+00
1.439999999999999947e+00 3.502238244204521234e+00
1.449999999999999956e+00 3.502354305057525430e+00
1.459999999999999964e+00 3.502489070224761747e+00
1.469999999999999973e+00 3.502570260796546986e+00
1.479999999999999982e+00 3.502594575312137692e+00
1.489999999999999991e+00 3.502545781672000924e+00
1.500000000000000000e+00 3.502540335111618219e+00
1.510000000000000009e+00 3.502422539083957620e+00
1.520000000000000018e+00 3.502252118475437381e+00
1.530000000000000027e+00 3.502087747392654382e+00
1.540000000000000036e+00 3.502060523452758645e+00
1.550000000000000044e+00 3.501989526193141966e+00
1.560000000000000053e+00 3.501938572106361391e+00
1.570000000000000062e+00 3.501720487184524444e+00
1.580000000000000071e+00 3.501582525589466144e+00
1.590000000000000080e+00 3.501311709041595499e+00
1.600000000000000089e+00 3.500809592540264248e+00
1.610000000000000098e+00 3.500564038338661366e+00
1.620000000000000107e+00 3.500141650447845532e+00
1.630000000000000115e+00 3.499679294097423732e+00
1.640000000000000124e+00 3.499330900471210537e+00
1.650000000000000133e+00 3.499160387420654494e+00
1.660000000000000142e+00 3.499154801156521000e+00
1.669999999999999929e+00 3.499155486452579567e+00
1.679999999999999938e+00 3.499155651884079177e+00
1.689999999999999947e+00 3.499155844759941125e+00
1.699999999999999956e+00 3.499163099670409949e+00
1.709999999999999964e+00 3.499439366507530291e+00
1.719999999999999973e+00 3.500152397191524489e+00
1.729999999999999982e+00 3.500773963766098174e+00
1.739999999999999991e+00 3.502933942079544227e+00
1.750000000000000000e+00 3.503318375964164844e+00
1.760000000000000009e+00 3.504031175823211886e+00
1.770000000000000018e+00 3.504789644882678967e+00
1.780000000000000027e+00 3.507103934350013663e+00
1.790000000000000036e+00 3.508453457593917690e+00
1.800000000000000044e+00 3.512100658328533243e+00
1.810000000000000053e+00 3.518598022923469681e+00
1.820000000000000062e+00 3.523231882584095143e+00
1.830000000000000071e+00 3.527981707482338081e+00
1.840000000000000080e+00 3.534237403824329160e+00
1.850000000000000089e+00 3.543556082906722970e+00
1.860000000000000098e+00 3.562713115417957432e+00
1.870000000000000107e+00 3.588500230352878351e+00
1.880000000000000115e+00 3.620766339178085325e+00
1.890000000000000124e+00 3.652174593398571201e+00
1.900000000000000133e+00 3.681100881164073968e+00
1.910000000000000142e+00 3.712677803361415840e+00
1.919999999999999929e+00 3.740458470447063366e+00
1.929999999999999938e+00 3.761298423621654674e+00
1.939999999999999947e+00 3.778096644201278664e+00
1.949999999999999956e+00 3.791666976561546498e+00
1.959999999999999964e+00 3.799824689784049969e+00
1.969999999999999973e+00 3.807812236490249802e+00
1.979999999999999982e+00 3.812135973677635015e+00
1.989999999999999991e+00 3.815368240172862802e+00
2.000000000000000000e+00 3.818246549196243400e+00
2.010000000000000231e+00 3.819845103960037402e+00
2.020000000000000018e+00 3.821586555361747628e+00
2.030000000000000249e+00 3.823285544867515373e+00
2.040000000000000036e+00 3.824791527531147040e+00
2.049999999999999822e+00 3.826208178534507898e+00
2.060000000000000053e+00 3.828526266827583235e+00
2.069999999999999840e+00 3.829519642519950917e+00
2.080000000000000071e+00 3.830905149772167118e+00
2.089999999999999858e+00 3.832159151809215736e+00
2.100000000000000089e+00 3.832445332715511466e+00
2.109999999999999876e+00 3.833349443342685792e+00
2.120000000000000107e+00 3.833642192668914817e+00
2.129999999999999893e+00 3.833472801399230967e+00
2.140000000000000124e+00 3.833340938174724766e+00
2.149999999999999911e+00 3.833272204630374880e+00
2.160000000000000142e+00 3.833105991678237956e+00
2.169999999999999929e+00 3.833076216645240564e+00
2.180000000000000160e+00 3.832986421763897145e+00
2.189999999999999947e+00 3.832956408963203554e+00
2.200000000000000178e+00 3.832892398357391261e+00
2.209999999999999964e+00 3.832821208364963539e+00
2.220000000000000195e+00 3.832812405164241820e+00
2.229999999999999982e+00 3.832888904988765777e+00
2.240000000000000213e+00 3.833000343520641451e+00
2.250000000000000000e+00 3.833106887130737217e+00
2.260000000000000231e+00 3.833192778282165314e+00
2.270000000000000018e+00 3.833363726861477083e+00
2.280000000000000249e+00 3.833673913331031802e+00
2.290000000000000036e+00 3.833971599252223861e+00
2.300000000000000266e+00 3.834154884650707196e+00
2.310000000000000053e+00 3.834192118740081590e+00
2.319999999999999840e+00 3.834192153117656598e+00
2.330000000000000071e+00 3.834192184538841364e+00
2.339999999999999858e+00 3.834191480469703706e+00
2.350000000000000089e+00 3.834111681547164974e+00
2.359999999999999876e+00 3.834089563975334070e+00
2.370000000000000107e+00 3.834021281375885160e+00
2.379999999999999893e+00 3.833947004306316408e+00
2.390000000000000124e+00 3.833891951048374214e+00
2.399999999999999911e+00 3.833471105859279415e+00
2.410000000000000142e+00 3.832892800874710293e+00
2.419999999999999929e+00 3.832479847135543682e+00
2.430000000000000160e+00 3.832049041590690486e+00
2.439999999999999947e+00 3.831838459162712152e+00
2.450000000000000178e+00 3.831748262879848266e+00
2.459999999999999964e+00 3.831688128278255334e+00
2.470000000000000195e+00 3.831545796227455281e+00
2.479999999999999982e+00 3.831267057180404834e+00
2.490000000000000213e+00 3.831177876183986530e+00
2.500000000000000000e+00 3.830959895267486370e+00
2.510000000000000231e+00 3.830832258846759597e+00
2.520000000000000018e+00 3.830664412255287310e+00
2.530000000000000249e+00 3.830608998208045790e+00
2.540000000000000036e+00 3.830605115807056649e+00
2.550000000000000266e+00 3.830555928714275193e+00
2.560000000000000053e+00 3.830528821473121681e+00
2.569999999999999840e+00 3.830385640101432898e+00
2.580000000000000071e+00 3.830338702330589484e+00
2.589999999999999858e+00 3.830207081472873476e+00
2.600000000000000089e+00 3.830054805669784734e+00
2.609999999999999876e+00 3.829930540504455472e+00
2.620000000000000107e+00 3.829780859956741335e+00
2.629999999999999893e+00 3.829660583877563695e+00
2.640000000000000124e+00 3.829643566064834470e+00
2.649999999999999911e+00 3.829613422923088262e+00
2.660000000000000142e+00 3.829560526120662889e+00
2.669999999999999929e+00 3.829560526120662889e+00
2.680000000000000160e+00 3.829535918910503600e+00
2.689999999999999947e+00 3.829535918910503600e+00
2.700000000000000178e+00 3.829527341926097783e+00
2.709999999999999964e+00 3.829527341926097783e+00
2.720000000000000195e+00 3.829527341926097783e+00
2.729999999999999982e+00 3.829483074982166446e+00
2.740000000000000213e+00 3.829394445936679769e+00
2.750000000000000000e+00 3.829394445936679769e+00
2.760000000000000231e+00 3.829375775091647949e+00
2.770000000000000018e+00 3.829374847958087802e+00
2.780000000000000249e+00 3.829374847958087802e+00
2.790000000000000036e+00 3.829364069173335938e+00
2.800000000000000266e+00 3.829351786518096823e+00
2.810000000000000053e+00 3.829351935853958278e+00
2.819999999999999840e+00 3.829322672312259535e+00
2.830000000000000071e+00 3.829292981283664687e+00
2.839999999999999858e+00 3.829292981283664687e+00
2.850000000000000089e+00 3.829287106378078676e+00
2.859999999999999876e+00 3.829265443413257586e+00
2.870000000000000107e+00 3.829241849324703129e+00
2.879999999999999893e+00 3.829163736741542756e+00
2.890000000000000124e+00 3.829145468695163590e+00
2.899999999999999911e+00 3.829125902409553639e+00
2.910000000000000142e+00 3.829111774702071980e+00
2.919999999999999929e+00 3.829069170963764090e+00
2.930000000000000160e+00 3.829016901586055788e+00
2.939999999999999947e+00 3.828913974974155643e+00
2.950000000000000178e+00 3.828887559647560224e+00
2.959999999999999964e+00 3.828860464801788321e+00
2.970000000000000195e+00 3.828623249626159630e+00
2.979999999999999982e+00 3.828526969723701434e+00
2.990000000000000213e+00 3.828430554358959181e+00
3.000000000000000000e+00 3.828280477583408281e+00
