0.000000000000000000e+00 1.352706198138892590e+00
1.000000000000000021e-02 2.167918490458726755e+00
2.000000000000000042e-02 2.761188879208564817e+00
2.999999999999999889e-02 2.807086425416469577e+00
4.000000000000000083e-02 2.804091289482116611e+00
5.000000000000000278e-02 2.803496764249801654e+00
5.999999999999999778e-02 2.803758954277038473e+00
7.000000000000000666e-02 2.803504481768607892e+00
8.000000000000000167e-02 2.802898104307651739e+00
8.999999999999999667e-02 2.802255230093002147e+00
1.000000000000000056e-01 2.802066052861213574e+00
1.100000000000000006e-01 2.802039796330928922e+00
1.199999999999999956e-01 2.800419646792411843e+00
1.300000000000000044e-01 2.798446032676696671e+00
1.400000000000000133e-01 2.797671412656307144e+00
1.499999999999999944e-01 2.760351160557866113e+00
1.600000000000000033e-01 2.788046204333305411e+00
1.700000000000000122e-01 2.794440332889557066e+00
1.799999999999999933e-01 3.916936172232627911e+00
1.900000000000000022e-01 3.916985611941814494e+00
2.000000000000000111e-01 3.916922314770221902e+00
2.099999999999999922e-01 3.916880233259201205e+00
2.200000000000000011e-01 3.916524146804809536e+00
2.300000000000000100e-01 3.916226592974662690e+00
2.399999999999999911e-01 3.915978946788310822e+00
2.500000000000000000e-01 3.915713042750358586e+00
2.600000000000000089e-01 3.915470240619182807e+00
2.700000000000000178e-01 3.914882986621856631e+00
2.800000000000000266e-01 3.912127908296584966e+00
2.899999999999999800e-01 3.900557636055946187e+00
2.999999999999999889e-01 3.878762569825649376e+00
3.099999999999999978e-01 3.837912972412109269e+00
3.200000000000000067e-01 3.717312455575465968e+00
3.300000000000000155e-01 3.598430259323120328e+00
3.400000000000000244e-01 3.438524978868961135e+00
3.500000000000000333e-01 3.318163186352252936e+00
3.599999999999999867e-01 3.262868666815757823e+00
3.699999999999999956e-01 3.241887887253761313e+00
3.800000000000000044e-01 3.227876479208469540e+00
3.900000000000000133e-01 3.222802868895530803e+00
4.000000000000000222e-01 3.221509456682205119e+00
4.100000000000000311e-01 3.221509456682205119e+00
4.199999999999999845e-01 3.221509456682205119e+00
4.299999999999999933e-01 3.221509456682205119e+00
4.400000000000000022e-01 3.221509456682205119e+00
4.500000000000000111e-01 3.221509456682205119e+00
4.600000000000000200e-01 3.221509456682205119e+00
4.700000000000000289e-01 3.221509456682205119e+00
4.799999999999999822e-01 3.221509456682205119e+00
4.899999999999999911e-01 3.221509456682205119e+00
5.000000000000000000e-01 3.221509456682205119e+00
5.100000000000000089e-01 3.221509456682205119e+00
5.200000000000000178e-01 3.221509456682205119e+00
5.300000000000000266e-01 3.221509456682205119e+00
5.400000000000000355e-01 3.221509456682205119e+00
5.500000000000000444e-01 3.221509456682205119e+00
5.600000000000000533e-01 3.221509456682205119e+00
5.700000000000000622e-01 3.221509456682205119e+00
5.799999999999999600e-01 3.221509456682205119e+00
5.899999999999999689e-01 3.221509456682205119e+00
5.999999999999999778e-01 3.221509456682205119e+00
6.099999999999999867e-01 3.221509456682205119e+00
6.199999999999999956e-01 3.221509456682205119e+00
6.300000000000000044e-01 3.221509456682205119e+00
6.400000000000000133e-01 3.221509456682205119e+00
6.500000000000000222e-01 3.221509456682205119e+00
6.600000000000000311e-01 3.221509456682205119e+00
6.700000000000000400e-01 3.221509456682205119e+00
6.800000000000000488e-01 3.221509456682205119e+00
6.900000000000000577e-01 3.221509456682205119e+00
7.000000000000000666e-01 3.221509456682205119e+00
7.099999999999999645e-01 3.221509456682205119e+00
7.199999999999999734e-01 3.221509456682205119e+00
7.299999999999999822e-01 3.221509456682205119e+00
7.399999999999999911e-01 3.221509456682205119e+00
7.500000000000000000e-01 3.221507790579795749e+00
7.600000000000000089e-01 3.221504921181201908e+00
7.700000000000000178e-01 3.221504022028446101e+00
7.800000000000000266e-01 3.221503881316185147e+00
7.900000000000000355e-01 3.221503833165168640e+00
8.000000000000000444e-01 3.221503790845870796e+00
8.100000000000000533e-01 3.221503790845870796e+00
8.200000000000000622e-01 3.221503328039646341e+00
8.300000000000000711e-01 3.221501847059726753e+00
8.399999999999999689e-01 3.221501720101833222e+00
8.499999999999999778e-01 3.221499596071243143e+00
8.599999999999999867e-01 3.221497795639038042e+00
8.699999999999999956e-01 3.221495607321262167e+00
8.800000000000000044e-01 3.221494470174312674e+00
8.900000000000000133e-01 3.221492753167152223e+00
9.000000000000000222e-01 3.221488160727024042e+00
9.100000000000000311e-01 3.221481190695762553e+00
9.200000000000000400e-01 3.221480924794673850e+00
9.300000000000000488e-01 3.221480295972824148e+00
9.400000000000000577e-01 3.221478852500915480e+00
9.500000000000000666e-01 3.221477953577041475e+00
9.599999999999999645e-01 3.221476203529834770e+00
9.699999999999999734e-01 3.221474626052379442e+00
9.799999999999999822e-01 3.221473849906921316e+00
9.899999999999999911e-01 3.221472884471416442e+00
1.000000000000000000e+00 3.221470005438327622e+00
1.010000000000000009e+00 3.221469369268417537e+00
1.020000000000000018e+00 3.221466751272678231e+00
1.030000000000000027e+00 3.221465784759521611e+00
1.040000000000000036e+00 3.221464469153881183e+00
1.050000000000000044e+00 3.221463390061855225e+00
1.060000000000000053e+00 3.221459338722228782e+00
1.070000000000000062e+00 3.221456642611026933e+00
1.080000000000000071e+00 3.221456324934959259e+00
1.090000000000000080e+00 3.221454818940162834e+00
1.100000000000000089e+00 3.221453047697544037e+00
1.110000000000000098e+00 3.221452046139240188e+00
1.120000000000000107e+00 3.221452456421852073e+00
1.130000000000000115e+00 3.221452140622139027e+00
1.140000000000000124e+00 3.221451725559234536e+00
1.150000000000000133e+00 3.221451725559234536e+00
1.159999999999999920e+00 3.221451702630520053e+00
1.169999999999999929e+00 3.221451702630520053e+00
1.179999999999999938e+00 3.221451731753349090e+00
1.189999999999999947e+00 3.221451731753349090e+00
1.199999999999999956e+00 3.221451731753349090e+00
1.209999999999999964e+00 3.221451731753349090e+00
1.219999999999999973e+00 3.221451778602600236e+00
1.229999999999999982e+00 3.221451704084873136e+00
1.239999999999999991e+00 3.221451906337738258e+00
1.250000000000000000e+00 3.221451906337738258e+00
1.260000000000000009e+00 3.221451671619415258e+00
1.270000000000000018e+00 3.221451508812904319e+00
1.280000000000000027e+00 3.221450139143466895e+00
1.290000000000000036e+00 3.221450228807926308e+00
1.300000000000000044e+00 3.221449890475273303e+00
1.310000000000000053e+00 3.221449972720145993e+00
1.320000000000000062e+00 3.221450068526268140e+00
1.330000000000000071e+00 3.221449648656844911e+00
1.340000000000000080e+00 3.221449927253723367e+00
1.350000000000000089e+00 3.221449322445392394e+00
1.360000000000000098e+00 3.221448887186050491e+00
1.370000000000000107e+00 3.221448940153122109e+00
1.380000000000000115e+00 3.221448573782443869e+00
1.390000000000000124e+00 3.221448552415370870e+00
1.400000000000000133e+00 3.221448456492423951e+00
1.409999999999999920e+00 3.221450584602355782e+00
1.419999999999999929e+00 3.221460920829772867e+00
1.429999999999999938e+00 3.221490983407497399e+00
1.439999999999999947e+00 3.221538687515258736e+00
1.449999999999999956e+00 3.221657706005573107e+00
1.459999999999999964e+00 3.221865595829486839e+00
1.469999999999999973e+00 3.222005591640472399e+00
1.479999999999999982e+00 3.222193959395885265e+00
1.489999999999999991e+00 3.222368006761074266e+00
1.500000000000000000e+00 3.222554158768653920e+00
1.510000000000000009e+00 3.222590924580097216e+00
1.520000000000000018e+00 3.222747904675006936e+00
1.530000000000000027e+00 3.222925518665313849e+00
1.540000000000000036e+00 3.223132719252109535e+00
1.550000000000000044e+00 3.223197731819152700e+00
1.560000000000000053e+00 3.223314890418052858e+00
1.570000000000000062e+00 3.223427322189807764e+00
1.580000000000000071e+00 3.223608289690017781e+00
1.590000000000000080e+00 3.223747255098819764e+00
1.600000000000000089e+00 3.223854997289180790e+00
1.610000000000000098e+00 3.223933554182052408e+00
1.620000000000000107e+00 3.224002430613040815e+00
1.630000000000000115e+00 3.224068441994190071e+00
1.640000000000000124e+00 3.224160741760730531e+00
1.650000000000000133e+00 3.224181629092693235e+00
1.660000000000000142e+00 3.224235500657558262e+00
1.669999999999999929e+00 3.224353570821285153e+00
1.679999999999999938e+00 3.224489789721965760e+00
1.689999999999999947e+00 3.224717027089595955e+00
1.699999999999999956e+00 3.226162746815681270e+00
1.709999999999999964e+00 3.226934909934997542e+00
1.719999999999999973e+00 3.228393768179416590e+00
1.729999999999999982e+00 3.232960736479759234e+00
1.739999999999999991e+00 3.236552924895286676e+00
1.750000000000000000e+00 3.242812527029514502e+00
1.760000000000000009e+00 3.256083536562919711e+00
1.770000000000000018e+00 3.279524762511253577e+00
1.780000000000000027e+00 3.308402668204307506e+00
1.790000000000000036e+00 3.367910820343494205e+00
1.800000000000000044e+00 3.439501495923996011e+00
1.810000000000000053e+00 3.521696831619739676e+00
1.820000000000000062e+00 3.597226505510807026e+00
1.830000000000000071e+00 3.681166695001125255e+00
1.840000000000000080e+00 3.749570258011817980e+00
1.850000000000000089e+00 3.796640188345909106e+00
1.860000000000000098e+00 3.822817621543407540e+00
1.870000000000000107e+00 3.838640958516597923e+00
1.880000000000000115e+00 3.850422597908973898e+00
1.890000000000000124e+00 3.858030814292430666e+00
1.900000000000000133e+00 3.864076795029640188e+00
1.910000000000000142e+00 3.866010987515449582e+00
1.919999999999999929e+00 3.866794821186065878e+00
1.929999999999999938e+00 3.866913416721820873e+00
1.939999999999999947e+00 3.867005449483394752e+00
1.949999999999999956e+00 3.867057575366497080e+00
1.959999999999999964e+00 3.867108770627975645e+00
1.969999999999999973e+00 3.867082888445854127e+00
1.979999999999999982e+00 3.867102772634029240e+00
1.989999999999999991e+00 3.867090300636291555e+00
2.000000000000000000e+00 3.867068039867878060e+00
2.010000000000000231e+00 3.867054138801097718e+00
2.020000000000000018e+00 3.867057378120422495e+00
2.030000000000000249e+00 3.867057378120422495e+00
2.040000000000000036e+00 3.867057141296863509e+00
2.049999999999999822e+00 3.867057141296863509e+00
2.060000000000000053e+00 3.867057141296863509e+00
2.069999999999999840e+00 3.867057141296863509e+00
2.080000000000000071e+00 3.867057141296863509e+00
2.089999999999999858e+00 3.867057141296863509e+00
2.100000000000000089e+00 3.867057141296863509e+00
2.109999999999999876e+00 3.867057141296863509e+00
2.120000000000000107e+00 3.867053861689567551e+00
2.129999999999999893e+00 3.867048745956421119e+00
2.140000000000000124e+00 3.867051846466064369e+00
2.149999999999999911e+00 3.867059390456676571e+00
2.160000000000000142e+00 3.867060670163631642e+00
2.169999999999999929e+00 3.867060138137340619e+00
2.180000000000000160e+00 3.867049195415973806e+00
2.189999999999999947e+00 3.867050257053375351e+00
2.200000000000000178e+00 3.867045177509784715e+00
2.209999999999999964e+00 3.867043251097202372e+00
2.220000000000000195e+00 3.867062538902759528e+00
2.229999999999999982e+00 3.867077029156684720e+00
2.240000000000000213e+00 3.867075942909717678e+00
2.250000000000000000e+00 3.867095082805156903e+00
2.260000000000000231e+00 3.867100085048675417e+00
2.270000000000000018e+00 3.867129419198036100e+00
2.280000000000000249e+00 3.867130415115356268e+00
2.290000000000000036e+00 3.867149668126106388e+00
2.300000000000000266e+00 3.867192749855518308e+00
2.310000000000000053e+00 3.867226039750576216e+00
2.319999999999999840e+00 3.867286787457466346e+00
2.330000000000000071e+00 3.867321585166454412e+00
2.339999999999999858e+00 3.867389713928699457e+00
2.350000000000000089e+00 3.867446604166030699e+00
2.359999999999999876e+00 3.867509804804325046e+00
2.370000000000000107e+00 3.867565182464122842e+00
2.379999999999999893e+00 3.867565203018188402e+00
2.390000000000000124e+00 3.867556167943477785e+00
2.399999999999999911e+00 3.867046719410419442e+00
2.410000000000000142e+00 3.864765992379188386e+00
2.419999999999999929e+00 3.863226797606944984e+00
2.430000000000000160e+00 3.859260709142684931e+00
2.439999999999999947e+00 3.854374914722442647e+00
2.450000000000000178e+00 3.848356386842727517e+00
2.459999999999999964e+00 3.836539300074577330e+00
2.470000000000000195e+00 3.813606520705222991e+00
2.479999999999999982e+00 3.744199204831123229e+00
2.490000000000000213e+00 3.570881677412986566e+00
2.500000000000000000e+00 3.369533371171951508e+00
2.510000000000000231e+00 3.174337943031787734e+00
2.520000000000000018e+00 2.995733153495788503e+00
2.530000000000000249e+00 2.878157988214492757e+00
2.540000000000000036e+00 2.800247987940311489e+00
2.550000000000000266e+00 2.749254203648566985e+00
2.560000000000000053e+00 2.717674298460483584e+00
2.569999999999999840e+00 2.702179251544475580e+00
2.580000000000000071e+00 2.685778333477974122e+00
2.589999999999999858e+00 2.668461288902759687e+00
2.600000000000000089e+00 2.663246594038009452e+00
2.609999999999999876e+00 2.658386425175666812e+00
2.620000000000000107e+00 2.655160796010494373e+00
2.629999999999999893e+00 2.654623498809337789e+00
2.640000000000000124e+00 2.653633918092250799e+00
2.649999999999999911e+00 2.652814396102428418e+00
2.660000000000000142e+00 2.652643735964298255e+00
2.669999999999999929e+00 2.652664909672737270e+00
2.680000000000000160e+00 2.653099864718913903e+00
2.689999999999999947e+00 2.652374242351055234e+00
2.700000000000000178e+00 2.649826481733322137e+00
2.709999999999999964e+00 2.649334287028312751e+00
2.720000000000000195e+00 2.649140986111163887e+00
2.729999999999999982e+00 2.648754915268421328e+00
2.740000000000000213e+00 2.658327097296714570e+00
2.750000000000000000e+00 2.669563784265517992e+00
2.760000000000000231e+00 2.674204700918197730e+00
2.770000000000000018e+00 2.684508457694053440e+00
2.780000000000000249e+00 2.686456915700435655e+00
2.790000000000000036e+00 2.693488694953918294e+00
2.800000000000000266e+00 2.703060908353328795e+00
2.810000000000000053e+00 2.745711406944990163e+00
2.819999999999999840e+00 2.786944538869857713e+00
2.830000000000000071e+00 2.821278839724064014e+00
2.839999999999999858e+00 2.882032748475074957e+00
2.850000000000000089e+00 2.930231914284229244e+00
2.859999999999999876e+00 2.983865600547790375e+00
2.870000000000000107e+00 3.054690959072113188e+00
2.879999999999999893e+00 3.143453248336315120e+00
2.890000000000000124e+00 3.231472669966220845e+00
2.899999999999999911e+00 3.296911396274566641e+00
2.910000000000000142e+00 3.346062116518020435e+00
2.919999999999999929e+00 3.392754066089391785e+00
2.930000000000000160e+00 3.493241246309280346e+00
2.939999999999999947e+00 3.554335587902069271e+00
2.950000000000000178e+00 3.591922283072471522e+00
2.959999999999999964e+00 3.610490310313701823e+00
2.970000000000000195e+00 3.618895512681007176e+00
2.979999999999999982e+00 3.623132914521694392e+00
2.990000000000000213e+00 3.629394208054542492e+00
3.000000000000000000e+00 3.637629186222553379e+00
