0.000000000000000000e+00 1.760879657527535835e+00 2.027160450943381154e+00
1.000000000000000021e-02 1.760879657527535835e+00 2.027160450943381154e+00
2.000000000000000042e-02 1.760876559475663239e+00 2.027158056102988049e+00
2.999999999999999889e-02 1.613529552059391303e+00 2.302684683987876735e+00
4.000000000000000083e-02 1.567629376738613578e+00 2.657910366992408235e+00
5.000000000000000278e-02 2.065960573327770167e+00 3.750829712812671968e+00
5.999999999999999778e-02 3.186232668590337269e+00 4.039995079450815929e+00
7.000000000000000666e-02 3.371460337064918988e+00 3.945707924787345000e+00
8.000000000000000167e-02 3.305125393661467736e+00 3.943949005929024754e+00
8.999999999999999667e-02 3.245488301506319395e+00 3.938441427397450845e+00
1.000000000000000056e-01 3.134672283155159889e+00 3.921026777327819346e+00
1.100000000000000006e-01 3.050529725563225103e+00 3.864818615925612821e+00
1.199999999999999956e-01 2.931500282872350205e+00 3.747969520217745654e+00
1.300000000000000044e-01 2.900491592465195723e+00 3.578014393009390837e+00
1.400000000000000133e-01 2.892797269201397459e+00 3.400186748967052086e+00
1.499999999999999944e-01 2.922011170896887666e+00 3.251487086263299187e+00
1.600000000000000033e-01 2.952354482098707322e+00 3.167670602625719312e+00
1.700000000000000122e-01 2.991008282020510389e+00 3.101304833418904838e+00
1.799999999999999933e-01 3.004803046700605940e+00 3.082000956366410804e+00
1.900000000000000022e-01 3.011013640174486916e+00 3.073861591072461152e+00
2.000000000000000111e-01 3.011890883635896632e+00 3.072721073132139491e+00
2.099999999999999922e-01 3.013482060490120684e+00 3.071541964430342997e+00
2.200000000000000011e-01 3.014696067745970431e+00 3.070165498039437502e+00
2.300000000000000100e-01 3.018681025483151537e+00 3.067039941647509593e+00
2.399999999999999911e-01 3.024875805210251567e+00 3.062662326608519781e+00
2.500000000000000000e-01 3.026794530048241949e+00 3.061107474565634146e+00
2.600000000000000089e-01 3.027158048958504821e+00 3.060903673429762328e+00
2.700000000000000178e-01 3.027179638789367466e+00 3.060891963040161201e+00
2.800000000000000266e-01 3.027278092387488240e+00 3.060838769923874825e+00
2.899999999999999800e-01 3.027867008910965385e+00 3.060680935534644487e+00
2.999999999999999889e-01 3.027875715230315734e+00 3.060679134446770533e+00
3.099999999999999978e-01 3.028202046787258350e+00 3.060613533986094925e+00
3.200000000000000067e-01 3.028515624163307773e+00 3.060542693579039852e+00
3.300000000000000155e-01 3.028566656447765570e+00 3.060528289445521910e+00
3.400000000000000244e-01 3.028566656447765570e+00 3.060528289445521910e+00
3.500000000000000333e-01 3.028788877147359226e+00 3.060501180387812159e+00
3.599999999999999867e-01 3.028788877147359226e+00 3.060501180387812159e+00
3.699999999999999956e-01 3.028860247476946377e+00 3.060501171509374174e+00
3.800000000000000044e-01 3.028889260817860141e+00 3.060502503737117408e+00
3.900000000000000133e-01 3.028890433218634382e+00 3.060502842495286036e+00
4.000000000000000222e-01 3.028953683570698274e+00 3.060515936838313245e+00
4.100000000000000311e-01 3.029164483978174616e+00 3.060584199455358423e+00
4.199999999999999845e-01 3.029208252883435204e+00 3.060609246196269506e+00
4.299999999999999933e-01 3.029444921702061588e+00 3.060736473857249340e+00
4.400000000000000022e-01 3.029470816514708620e+00 3.060750403930924346e+00
4.500000000000000111e-01 3.029525683900115673e+00 3.060795517915489761e+00
4.600000000000000200e-01 3.029625604460105315e+00 3.060902920601502153e+00
4.700000000000000289e-01 3.029625604460105315e+00 3.060902920601502153e+00
4.799999999999999822e-01 3.029664136726783585e+00 3.060948362987114368e+00
4.899999999999999911e-01 3.029684894082151470e+00 3.060980980952181074e+00
5.000000000000000000e-01 3.029684894082151470e+00 3.060980980952181074e+00
5.100000000000000089e-01 3.029684894082151470e+00 3.060980980952181074e+00
5.200000000000000178e-01 3.029684894082151470e+00 3.060980980952181074e+00
5.300000000000000266e-01 3.029684894082151470e+00 3.060980980952181074e+00
5.400000000000000355e-01 3.029684894082151470e+00 3.060980980952181074e+00
5.500000000000000444e-01 3.029684894082151470e+00 3.060980980952181074e+00
5.600000000000000533e-01 3.029684894082151470e+00 3.060980980952181074e+00
5.700000000000000622e-01 3.029684894082151470e+00 3.060980980952181074e+00
5.799999999999999600e-01 3.029684894082151470e+00 3.060980980952181074e+00
5.899999999999999689e-01 3.029685127644164755e+00 3.060981258683578954e+00
5.999999999999999778e-01 3.029685128109033787e+00 3.060981268346731010e+00
6.099999999999999867e-01 3.029685128109033787e+00 3.060981268346731010e+00
6.199999999999999956e-01 3.029685055886812695e+00 3.060981262839727268e+00
6.300000000000000044e-01 3.029685055886812695e+00 3.060981262839727268e+00
6.400000000000000133e-01 3.029685055886812695e+00 3.060981262839727268e+00
6.500000000000000222e-01 3.029684966420376213e+00 3.060981261125362174e+00
6.600000000000000311e-01 3.029684847132193770e+00 3.060981258839142516e+00
6.700000000000000400e-01 3.029685022546985351e+00 3.060981298887988977e+00
6.800000000000000488e-01 3.029685022546985351e+00 3.060981298887988977e+00
6.900000000000000577e-01 3.029685168726770961e+00 3.060981332261235366e+00
7.000000000000000666e-01 3.029685168726770961e+00 3.060981332261235366e+00
7.099999999999999645e-01 3.029685168726770961e+00 3.060981332261235366e+00
7.199999999999999734e-01 3.029685168726770961e+00 3.060981332261235366e+00
7.299999999999999822e-01 3.029685168726770961e+00 3.060981332261235366e+00
7.399999999999999911e-01 3.029685129031686852e+00 3.060981290379019004e+00
7.500000000000000000e-01 3.029685129031686852e+00 3.060981290379019004e+00
7.600000000000000089e-01 3.029685129031686852e+00 3.060981290379019004e+00
7.700000000000000178e-01 3.029685129031686852e+00 3.060981290379019004e+00
7.800000000000000266e-01 3.029685129031686852e+00 3.060981290379019004e+00
7.900000000000000355e-01 3.029685129031686852e+00 3.060981290379019004e+00
8.000000000000000444e-01 3.029685901844991758e+00 3.060983696686731204e+00
8.100000000000000533e-01 3.029688603729756569e+00 3.060993593593088757e+00
8.200000000000000622e-01 3.029688603729756569e+00 3.060993593593088757e+00
8.300000000000000711e-01 3.029689299756016307e+00 3.060994483226810114e+00
8.399999999999999689e-01 3.029689299756016307e+00 3.060994483226810114e+00
8.499999999999999778e-01 3.029689299756016307e+00 3.060994483226810114e+00
8.599999999999999867e-01 3.029689299756016307e+00 3.060994483226810114e+00
8.699999999999999956e-01 3.029689299756016307e+00 3.060994483226810114e+00
8.800000000000000044e-01 3.029542106906805365e+00 3.061241570509042553e+00
8.900000000000000133e-01 3.026471749813720358e+00 3.066731850440338469e+00
9.000000000000000222e-01 3.024160229466092531e+00 3.071299649946558574e+00
9.100000000000000311e-01 3.021303928714690556e+00 3.076790723351540358e+00
9.200000000000000400e-01 3.016476544960312367e+00 3.087697135831542816e+00
9.300000000000000488e-01 3.012666011104930153e+00 3.098962116961132995e+00
9.400000000000000577e-01 3.008740866494462818e+00 3.112982844304754249e+00
9.500000000000000666e-01 3.004989954571078759e+00 3.133402765055347761e+00
9.599999999999999645e-01 3.004469704248152517e+00 3.158848163827218336e+00
9.699999999999999734e-01 3.008949705893791737e+00 3.188627588660918555e+00
9.799999999999999822e-01 3.017912467492407380e+00 3.214319396359139880e+00
9.899999999999999911e-01 3.033880928792994869e+00 3.243597268819767176e+00
1.000000000000000000e+00 3.058276935115317396e+00 3.270374016332169287e+00
1.010000000000000009e+00 3.085518931756274785e+00 3.288921905827267178e+00
1.020000000000000018e+00 3.107450415000013955e+00 3.299758531685776930e+00
1.030000000000000027e+00 3.134206972341992081e+00 3.306476884750864986e+00
1.040000000000000036e+00 3.155702921575265663e+00 3.308282434984487708e+00
1.050000000000000044e+00 3.171942295511991805e+00 3.306521429287164526e+00
1.060000000000000053e+00 3.179550145799799221e+00 3.304788019063786830e+00
1.070000000000000062e+00 3.185614463442231425e+00 3.303660964771841790e+00
1.080000000000000071e+00 3.189322302040784152e+00 3.302855131006510625e+00
1.090000000000000080e+00 3.193124507872405093e+00 3.302106699274239165e+00
1.100000000000000089e+00 3.196278566866070037e+00 3.300021633457988379e+00
1.110000000000000098e+00 3.198025663277112240e+00 3.299632983273065978e+00
1.120000000000000107e+00 3.201929703584637021e+00 3.299023589924846345e+00
1.130000000000000115e+00 3.206710756094292236e+00 3.298142014215155626e+00
1.140000000000000124e+00 3.217011594533843777e+00 3.296573663311081148e+00
1.150000000000000133e+00 3.223310684195248577e+00 3.295591768340380590e+00
1.159999999999999920e+00 3.229799709123181373e+00 3.293640518371058867e+00
1.169999999999999929e+00 3.235927057149387664e+00 3.291149445431255316e+00
1.179999999999999938e+00 3.238796822886435667e+00 3.289502471489937907e+00
1.189999999999999947e+00 3.239892594151932759e+00 3.288821153320830692e+00
1.199999999999999956e+00 3.239876207877657066e+00 3.288478312800863002e+00
1.209999999999999964e+00 3.239874031247606201e+00 3.288375654740819609e+00
1.219999999999999973e+00 3.239884887274233183e+00 3.288261989552053510e+00
1.229999999999999982e+00 3.239869819390213568e+00 3.288192664754950645e+00
1.239999999999999991e+00 3.239892690167515799e+00 3.288136597185046472e+00
1.250000000000000000e+00 3.239914452357586239e+00 3.288122755346004400e+00
1.260000000000000009e+00 3.239962289793627992e+00 3.288138611590726068e+00
1.270000000000000018e+00 3.239995408969943202e+00 3.288156870912488206e+00
1.280000000000000027e+00 3.240056492680580380e+00 3.288183555594413665e+00
1.290000000000000036e+00 3.240277174343816124e+00 3.287692080188044041e+00
1.300000000000000044e+00 3.240405346118364616e+00 3.287475938142385257e+00
1.310000000000000053e+00 3.240545359877455844e+00 3.287207781406532803e+00
1.320000000000000062e+00 3.240630663298352143e+00 3.287122453910128694e+00
1.330000000000000071e+00 3.240910916043854062e+00 3.286428888381385693e+00
1.340000000000000080e+00 3.241426094713378614e+00 3.285176792044472105e+00
1.350000000000000089e+00 3.241551953164283795e+00 3.284850709604079988e+00
1.360000000000000098e+00 3.242108222141165008e+00 3.283558239107232879e+00
1.370000000000000107e+00 3.242550760274785837e+00 3.282565883001428375e+00
1.380000000000000115e+00 3.242776948027881190e+00 3.282132079252926715e+00
1.390000000000000124e+00 3.242943567141808980e+00 3.281767397924146845e+00
1.400000000000000133e+00 3.243033042390560450e+00 3.281543416306758498e+00
1.409999999999999920e+00 3.243716575037884020e+00 3.280023955371929034e+00
1.419999999999999929e+00 3.244712237667101373e+00 3.277988379097921179e+00
1.429999999999999938e+00 3.245226112115186190e+00 3.277039891674715655e+00
1.439999999999999947e+00 3.245877711662449538e+00 3.275801082354388161e+00
1.449999999999999956e+00 3.246414147949277851e+00 3.274862598428666782e+00
1.459999999999999964e+00 3.247386260427511218e+00 3.273165702806436705e+00
1.469999999999999973e+00 3.247678451701344393e+00 3.272640245536623915e+00
1.479999999999999982e+00 3.247678451701344393e+00 3.272640245536623915e+00
1.489999999999999991e+00 3.247678451701344393e+00 3.272640245536623915e+00
1.500000000000000000e+00 3.247678451701344393e+00 3.272640245536623915e+00
1.510000000000000009e+00 3.247678451701344393e+00 3.272640245536623915e+00
1.520000000000000018e+00 3.247678451701344393e+00 3.272640245536623915e+00
1.530000000000000027e+00 3.247678451701344393e+00 3.272640245536623915e+00
1.540000000000000036e+00 3.247678451701344393e+00 3.272640245536623915e+00
1.550000000000000044e+00 3.247678451701344393e+00 3.272640245536623915e+00
1.560000000000000053e+00 3.247678451701344393e+00 3.272640245536623915e+00
1.570000000000000062e+00 3.247678451701344393e+00 3.272640245536623915e+00
1.580000000000000071e+00 3.247678451701344393e+00 3.272640245536623915e+00
1.590000000000000080e+00 3.247678154594969335e+00 3.272640253002572663e+00
1.600000000000000089e+00 3.247678154594969335e+00 3.272640253002572663e+00
1.610000000000000098e+00 3.247678154101908632e+00 3.272640252999722499e+00
1.620000000000000107e+00 3.247678154101908632e+00 3.272640252999722499e+00
1.630000000000000115e+00 3.247678154101908632e+00 3.272640252999722499e+00
1.640000000000000124e+00 3.247678154101908632e+00 3.272640252999722499e+00
1.650000000000000133e+00 3.247678154101908632e+00 3.272640252999722499e+00
1.660000000000000142e+00 3.247678154101908632e+00 3.272640252999722499e+00
1.669999999999999929e+00 3.247678154101908632e+00 3.272640252999722499e+00
1.679999999999999938e+00 3.247678154101908632e+00 3.272640252999722499e+00
1.689999999999999947e+00 3.247678154101908632e+00 3.272640252999722499e+00
1.699999999999999956e+00 3.247678154101908632e+00 3.272640252999722499e+00
1.709999999999999964e+00 3.247678154101908632e+00 3.272640252999722499e+00
1.719999999999999973e+00 3.247678154101908632e+00 3.272640252999722499e+00
1.729999999999999982e+00 3.247678154101908632e+00 3.272640252999722499e+00
1.739999999999999991e+00 3.247678154101908632e+00 3.272640252999722499e+00
1.750000000000000000e+00 3.247678154101908632e+00 3.272640252999722499e+00
1.760000000000000009e+00 3.247678154101908632e+00 3.272640252999722499e+00
1.770000000000000018e+00 3.247678154101908632e+00 3.272640252999722499e+00
1.780000000000000027e+00 3.247678154101908632e+00 3.272640252999722499e+00
1.790000000000000036e+00 3.247678154101908632e+00 3.272640252999722499e+00
1.800000000000000044e+00 3.247678154101908632e+00 3.272640252999722499e+00
1.810000000000000053e+00 3.247678154101908632e+00 3.272640252999722499e+00
1.820000000000000062e+00 3.247678154101908632e+00 3.272640252999722499e+00
1.830000000000000071e+00 3.247678154101908632e+00 3.272640252999722499e+00
1.840000000000000080e+00 3.247678154101908632e+00 3.272640252999722499e+00
1.850000000000000089e+00 3.247678154101908632e+00 3.272640252999722499e+00
1.860000000000000098e+00 3.247678154101908632e+00 3.272640252999722499e+00
1.870000000000000107e+00 3.247678154101908632e+00 3.272640252999722499e+00
1.880000000000000115e+00 3.247678154101908632e+00 3.272640252999722499e+00
1.890000000000000124e+00 3.247678154101908632e+00 3.272640252999722499e+00
1.900000000000000133e+00 3.247678154101908632e+00 3.272640252999722499e+00
1.910000000000000142e+00 3.247678364624452030e+00 3.272640250874090384e+00
1.919999999999999929e+00 3.247678364624452030e+00 3.272640250874090384e+00
1.929999999999999938e+00 3.247678364624452030e+00 3.272640250874090384e+00
1.939999999999999947e+00 3.247653861237802086e+00 3.272653251718244949e+00
1.949999999999999956e+00 3.247579344863869455e+00 3.272697143006346732e+00
1.959999999999999964e+00 3.246913273450100057e+00 3.273044249295032238e+00
1.969999999999999973e+00 3.246774326268590638e+00 3.273114547337137470e+00
1.979999999999999982e+00 3.246192844226723828e+00 3.273407724611395508e+00
1.989999999999999991e+00 3.245983221220209103e+00 3.273503013630674197e+00
2.000000000000000000e+00 3.245766457743184397e+00 3.273598810143931281e+00
2.010000000000000231e+00 3.245671796167108436e+00 3.273637309391287165e+00
2.020000000000000018e+00 3.245641904206367112e+00 3.273650278673080560e+00
2.030000000000000249e+00 3.245641904206367112e+00 3.273650278673080560e+00
2.040000000000000036e+00 3.245537863232996312e+00 3.273697353684994926e+00
2.049999999999999822e+00 3.245537863232996312e+00 3.273697353684994926e+00
2.060000000000000053e+00 3.245372932563099333e+00 3.273775075521197842e+00
2.069999999999999840e+00 3.245372968061018160e+00 3.273775151684235940e+00
2.080000000000000071e+00 3.245060608539677371e+00 3.273918053684138574e+00
2.089999999999999858e+00 3.244974839290740487e+00 3.273956918102142399e+00
2.100000000000000089e+00 3.244965438089717935e+00 3.273960744270930867e+00
2.109999999999999876e+00 3.244958154274715678e+00 3.273963951571689623e+00
2.120000000000000107e+00 3.244958154274715678e+00 3.273963951571689623e+00
2.129999999999999893e+00 3.244791238965428981e+00 3.274040293531976786e+00
2.140000000000000124e+00 3.244663248725580207e+00 3.274096189131093571e+00
2.149999999999999911e+00 3.244477407485644616e+00 3.274180962303478548e+00
2.160000000000000142e+00 3.243956092797528168e+00 3.274402669500102281e+00
2.169999999999999929e+00 3.243660665688669287e+00 3.274521808743322548e+00
2.180000000000000160e+00 3.243117558922706145e+00 3.274736584019722230e+00
2.189999999999999947e+00 3.242867822998936944e+00 3.274827861381594651e+00
2.200000000000000178e+00 3.242663045563759283e+00 3.274899837326942453e+00
2.209999999999999964e+00 3.242589789470894601e+00 3.274927126508490716e+00
2.220000000000000195e+00 3.242517932232106048e+00 3.274941978213107063e+00
2.229999999999999982e+00 3.242365354263142763e+00 3.275017462456865758e+00
2.240000000000000213e+00 3.241924527615827500e+00 3.275237461963373065e+00
2.250000000000000000e+00 3.241282488046140831e+00 3.275565158390550291e+00
2.260000000000000231e+00 3.241013298981985535e+00 3.275695612665811218e+00
2.270000000000000018e+00 3.240654506172063520e+00 3.275856413866160111e+00
2.280000000000000249e+00 3.240457029418036594e+00 3.275943191333726023e+00
2.290000000000000036e+00 3.240231051842000554e+00 3.276052310522768352e+00
2.300000000000000266e+00 3.240120757174281163e+00 3.276095631504269523e+00
2.310000000000000053e+00 3.239783090644999142e+00 3.276208520973996841e+00
2.319999999999999840e+00 3.239693096834346253e+00 3.276235597781017805e+00
2.330000000000000071e+00 3.239433042535410756e+00 3.276322463426961207e+00
2.339999999999999858e+00 3.239364328969489115e+00 3.276353245936860503e+00
2.350000000000000089e+00 3.239172473218014048e+00 3.276430855663249986e+00
2.359999999999999876e+00 3.239172473218014048e+00 3.276430855663249986e+00
2.370000000000000107e+00 3.239123598453142350e+00 3.276452850755116941e+00
2.379999999999999893e+00 3.239087019187438798e+00 3.276469578970443663e+00
2.390000000000000124e+00 3.239086929454116692e+00 3.276470302305908078e+00
2.399999999999999911e+00 3.239086929454116692e+00 3.276470302305908078e+00
2.410000000000000142e+00 3.239086929454116692e+00 3.276470302305908078e+00
2.419999999999999929e+00 3.239086929454116692e+00 3.276470302305908078e+00
2.430000000000000160e+00 3.239086929454116692e+00 3.276470302305908078e+00
2.439999999999999947e+00 3.239086929454116692e+00 3.276470302305908078e+00
2.450000000000000178e+00 3.239086929454116692e+00 3.276470302305908078e+00
2.459999999999999964e+00 3.239086630125696420e+00 3.276470252193754096e+00
2.470000000000000195e+00 3.239086630125696420e+00 3.276470252193754096e+00
2.479999999999999982e+00 3.239086630125696420e+00 3.276470252193754096e+00
2.490000000000000213e+00 3.239086630125696420e+00 3.276470252193754096e+00
2.500000000000000000e+00 3.239086630125696420e+00 3.276470252193754096e+00
2.510000000000000231e+00 3.239086599672600375e+00 3.276470213982299651e+00
2.520000000000000018e+00 3.239084539219855063e+00 3.276467962816239865e+00
2.530000000000000249e+00 3.239084451960756006e+00 3.276468629694746504e+00
2.540000000000000036e+00 3.239084325526394359e+00 3.276468501669726585e+00
2.550000000000000266e+00 3.239083901622330508e+00 3.276468075611556507e+00
2.560000000000000053e+00 3.239083901508997609e+00 3.276468075462628970e+00
2.569999999999999840e+00 3.239083901508997609e+00 3.276468075462628970e+00
2.580000000000000071e+00 3.239083901508997609e+00 3.276468075462628970e+00
2.589999999999999858e+00 3.239083861796829389e+00 3.276467977573898516e+00
2.600000000000000089e+00 3.239083870672238241e+00 3.276468042264926162e+00
2.609999999999999876e+00 3.239083865057567735e+00 3.276468029969592521e+00
2.620000000000000107e+00 3.239083865057567735e+00 3.276468029969592521e+00
2.629999999999999893e+00 3.239083732909817215e+00 3.276468480296474084e+00
2.640000000000000124e+00 3.239083825952908224e+00 3.276468582875827540e+00
2.649999999999999911e+00 3.239085063415600096e+00 3.276469391297267997e+00
2.660000000000000142e+00 3.239085232130273440e+00 3.276469485090986566e+00
2.669999999999999929e+00 3.238902904213018186e+00 3.276697840573244758e+00
2.680000000000000160e+00 3.238902943655166844e+00 3.276697854389038156e+00
2.689999999999999947e+00 3.238326949392445364e+00 3.277423114270083815e+00
2.700000000000000178e+00 3.237581979888160433e+00 3.278577927376549184e+00
2.709999999999999964e+00 3.236235110506715973e+00 3.280633738136586874e+00
2.720000000000000195e+00 3.233394144962876471e+00 3.285515965682417328e+00
2.729999999999999982e+00 3.177822044746763996e+00 3.336448831088655087e+00
2.740000000000000213e+00 3.138759250737852557e+00 3.371298388551049907e+00
2.750000000000000000e+00 3.083962023608744829e+00 3.410717906219899120e+00
2.760000000000000231e+00 3.120504550854819925e+00 3.403724339173179736e+00
2.770000000000000018e+00 3.170825727980011610e+00 3.387280608756667366e+00
2.780000000000000249e+00 3.187126595417451913e+00 3.387804106625127876e+00
2.790000000000000036e+00 3.201971653262802420e+00 3.390778234570793082e+00
2.800000000000000266e+00 3.201645716476890779e+00 3.404557651118782058e+00
2.810000000000000053e+00 3.202460483685956039e+00 3.420711281760706601e+00
2.819999999999999840e+00 3.205201562014958760e+00 3.438716073516467020e+00
2.830000000000000071e+00 3.211776475117806839e+00 3.463235059654112824e+00
2.839999999999999858e+00 3.220797292333213768e+00 3.485569971250923160e+00
2.850000000000000089e+00 3.233935684239895636e+00 3.509537527816264380e+00
2.859999999999999876e+00 3.253341681439011701e+00 3.534888618544012928e+00
2.870000000000000107e+00 3.272986748739227458e+00 3.554288395313277782e+00
2.879999999999999893e+00 3.297137575624800920e+00 3.572137911821984257e+00
2.890000000000000124e+00 3.322056563962743514e+00 3.585810891534044753e+00
2.899999999999999911e+00 3.346778756137610333e+00 3.595201392287492137e+00
2.910000000000000142e+00 3.368417467439914326e+00 3.600568764015888767e+00
2.919999999999999929e+00 3.385205785529215028e+00 3.603731774909895158e+00
2.930000000000000160e+00 3.403035322347202296e+00 3.605171044945201686e+00
2.939999999999999947e+00 3.419079273773808048e+00 3.605006795752863979e+00
2.950000000000000178e+00 3.429337072623171778e+00 3.604288993460736279e+00
2.959999999999999964e+00 3.439772186996775893e+00 3.602944160459202294e+00
2.970000000000000195e+00 3.451165899942166160e+00 3.600845212418788410e+00
2.979999999999999982e+00 3.470091780193874431e+00 3.595833501154353851e+00
2.990000000000000213e+00 3.490467871415827261e+00 3.588088582718159891e+00
3.000000000000000000e+00 3.535110022421927400e+00 3.560644412063508124e+00
