0.000000000000000000e+00 1.368097409665584463e+00
1.000000000000000021e-02 1.368097409665584463e+00
2.000000000000000042e-02 1.368097409665584463e+00
2.999999999999999889e-02 1.367708196604251913e+00
4.000000000000000083e-02 1.682956008714437512e+00
5.000000000000000278e-02 3.255900102670192808e+00
5.999999999999999778e-02 3.255903031632900291e+00
7.000000000000000666e-02 3.255909212129115993e+00
8.000000000000000167e-02 3.255914228749275274e+00
8.999999999999999667e-02 3.255950455319881254e+00
1.000000000000000056e-01 3.255978633780479470e+00
1.100000000000000006e-01 3.256064455292225102e+00
1.199999999999999956e-01 3.256084506042003834e+00
1.300000000000000044e-01 3.256170272772312302e+00
1.400000000000000133e-01 3.256268923034667750e+00
1.499999999999999944e-01 3.256329237246513575e+00
1.600000000000000033e-01 3.256417402718067233e+00
1.700000000000000122e-01 3.256474060564041206e+00
1.799999999999999933e-01 3.256514580824374949e+00
1.900000000000000022e-01 3.256539826762676171e+00
2.000000000000000111e-01 3.256585038430690915e+00
2.099999999999999922e-01 3.256652265806198265e+00
2.200000000000000011e-01 3.256701048419475608e+00
2.300000000000000100e-01 3.256701902585029451e+00
2.399999999999999911e-01 3.256708606429099984e+00
2.500000000000000000e-01 3.256727149915695119e+00
2.600000000000000089e-01 3.256765452132225125e+00
2.700000000000000178e-01 3.256766068241596201e+00
2.800000000000000266e-01 3.256780291221141876e+00
2.899999999999999800e-01 3.256784131708144958e+00
2.999999999999999889e-01 3.256812211754322117e+00
3.099999999999999978e-01 3.256831165831088892e+00
3.200000000000000067e-01 3.256855084803104372e+00
3.300000000000000155e-01 3.256876852972507397e+00
3.400000000000000244e-01 3.256878213732242511e+00
3.500000000000000333e-01 3.256881495552062855e+00
3.599999999999999867e-01 3.256884167747497560e+00
3.699999999999999956e-01 3.256884167747497560e+00
3.800000000000000044e-01 3.256884167747497560e+00
3.900000000000000133e-01 3.256884167747497560e+00
4.000000000000000222e-01 3.256884779961109366e+00
4.100000000000000311e-01 3.256884779961109366e+00
4.199999999999999845e-01 3.256896930282116021e+00
4.299999999999999933e-01 3.256900938503742182e+00
4.400000000000000022e-01 3.256901127283573061e+00
4.500000000000000111e-01 3.256903562300205390e+00
4.600000000000000200e-01 3.256908756058216170e+00
4.700000000000000289e-01 3.256913372166156950e+00
4.799999999999999822e-01 3.256913205683231283e+00
4.899999999999999911e-01 3.256999815218448724e+00
5.000000000000000000e-01 3.257029980175495165e+00
5.100000000000000089e-01 3.257112055256366823e+00
5.200000000000000178e-01 3.257539786493778067e+00
5.300000000000000266e-01 3.257755406804084597e+00
5.400000000000000355e-01 3.257924449481964135e+00
5.500000000000000444e-01 3.258720361430644807e+00
5.600000000000000533e-01 3.259594770414829146e+00
5.700000000000000622e-01 3.260948305399417713e+00
5.799999999999999600e-01 3.262264050669670290e+00
5.899999999999999689e-01 3.263751868231296704e+00
5.999999999999999778e-01 3.265100281620025413e+00
6.099999999999999867e-01 3.266494435806274410e+00
6.199999999999999956e-01 3.267629784133434079e+00
6.300000000000000044e-01 3.268685730638503983e+00
6.400000000000000133e-01 3.269197884910106655e+00
6.500000000000000222e-01 3.270693963747024480e+00
6.600000000000000311e-01 3.271747768290042657e+00
6.700000000000000400e-01 3.271933099803924438e+00
6.800000000000000488e-01 3.272368235898017730e+00
6.900000000000000577e-01 3.272719770555496233e+00
7.000000000000000666e-01 3.273086192331314148e+00
7.099999999999999645e-01 3.273812947525978068e+00
7.199999999999999734e-01 3.275097160706520238e+00
7.299999999999999822e-01 3.276082756810188457e+00
7.399999999999999911e-01 3.277275560126304832e+00
7.500000000000000000e-01 3.278360412244796684e+00
7.600000000000000089e-01 3.281476634109020019e+00
7.700000000000000178e-01 3.285123363831043086e+00
7.800000000000000266e-01 3.290414786026477856e+00
7.900000000000000355e-01 3.296306974573135484e+00
8.000000000000000444e-01 3.302623419167995511e+00
8.100000000000000533e-01 3.310159672784805274e+00
8.200000000000000622e-01 3.316706014039516592e+00
8.300000000000000711e-01 3.323431874003410336e+00
8.399999999999999689e-01 3.334502804629802863e+00
8.499999999999999778e-01 3.344324040248393803e+00
8.599999999999999867e-01 3.353495643320083541e+00
8.699999999999999956e-01 3.361032036530971379e+00
8.800000000000000044e-01 3.368801898088455093e+00
8.900000000000000133e-01 3.374401665122508831e+00
9.000000000000000222e-01 3.379894253900050938e+00
9.100000000000000311e-01 3.385997099249363096e+00
9.200000000000000400e-01 3.389948200716972337e+00
9.300000000000000488e-01 3.393530222747326075e+00
9.400000000000000577e-01 3.396254362740516619e+00
9.500000000000000666e-01 3.399258573520183457e+00
9.599999999999999645e-01 3.401246434388160544e+00
9.699999999999999734e-01 3.402366037867069259e+00
9.799999999999999822e-01 3.403331788432597982e+00
9.899999999999999911e-01 3.404555805513858946e+00
1.000000000000000000e+00 3.405134525845050941e+00
1.010000000000000009e+00 3.406553485186099905e+00
1.020000000000000018e+00 3.407763684000968851e+00
1.030000000000000027e+00 3.409383123006820782e+00
1.040000000000000036e+00 3.410224557766914355e+00
1.050000000000000044e+00 3.410391794705391000e+00
1.060000000000000053e+00 3.411199119117259926e+00
1.070000000000000062e+00 3.411423237550258669e+00
1.080000000000000071e+00 3.411511356458663879e+00
1.090000000000000080e+00 3.411979569318294381e+00
1.100000000000000089e+00 3.412002508862018502e+00
1.110000000000000098e+00 3.412091560506820720e+00
1.120000000000000107e+00 3.412177136549949807e+00
1.130000000000000115e+00 3.412323274617194979e+00
1.140000000000000124e+00 3.412489512174129658e+00
1.150000000000000133e+00 3.412614970374107326e+00
1.159999999999999920e+00 3.412738473341465184e+00
1.169999999999999929e+00 3.412735101528167725e+00
1.179999999999999938e+00 3.412751193180084019e+00
1.189999999999999947e+00 3.412824830100536388e+00
1.199999999999999956e+00 3.412877008430957648e+00
1.209999999999999964e+00 3.412944779968261511e+00
1.219999999999999973e+00 3.412950196957588389e+00
1.229999999999999982e+00 3.413020612981319424e+00
1.239999999999999991e+00 3.413025229301452690e+00
1.250000000000000000e+00 3.413076851205825601e+00
1.260000000000000009e+00 3.413107015607356853e+00
1.270000000000000018e+00 3.413165185172557958e+00
1.280000000000000027e+00 3.413177572367191104e+00
1.290000000000000036e+00 3.413200045754909429e+00
1.300000000000000044e+00 3.413200839176178114e+00
1.310000000000000053e+00 3.413251265006065349e+00
1.320000000000000062e+00 3.413529474923610696e+00
1.330000000000000071e+00 3.413620065941810555e+00
1.340000000000000080e+00 3.413649280011653797e+00
1.350000000000000089e+00 3.413855866229534186e+00
1.360000000000000098e+00 3.414079134175777241e+00
1.370000000000000107e+00 3.414840836277007963e+00
1.380000000000000115e+00 3.415503369147777413e+00
1.390000000000000124e+00 3.415867406241893889e+00
1.400000000000000133e+00 3.416471658155918245e+00
1.409999999999999920e+00 3.416672824192047209e+00
1.419999999999999929e+00 3.417589104444980652e+00
1.429999999999999938e+00 3.418105980679988942e+00
1.439999999999999947e+00 3.418435164368152535e+00
1.449999999999999956e+00 3.418660191924571823e+00
1.459999999999999964e+00 3.419348056235313571e+00
1.469999999999999973e+00 3.419890948603153014e+00
1.479999999999999982e+00 3.421087565410137366e+00
1.489999999999999991e+00 3.421528431284427629e+00
1.500000000000000000e+00 3.421831703038215711e+00
1.510000000000000009e+00 3.422611794843673838e+00
1.520000000000000018e+00 3.423281196262836445e+00
1.530000000000000027e+00 3.423529128112793085e+00
1.540000000000000036e+00 3.423539609870910549e+00
1.550000000000000044e+00 3.423542362632751246e+00
1.560000000000000053e+00 3.423806198959350677e+00
1.570000000000000062e+00 3.424165865259170438e+00
1.580000000000000071e+00 3.424880470156669521e+00
1.590000000000000080e+00 3.425476957066059036e+00
1.600000000000000089e+00 3.425724647324085215e+00
1.610000000000000098e+00 3.426113933198451811e+00
1.620000000000000107e+00 3.426013971586227225e+00
1.630000000000000115e+00 3.425952310345172780e+00
1.640000000000000124e+00 3.425819682610034889e+00
1.650000000000000133e+00 3.425685596079826478e+00
1.660000000000000142e+00 3.425622674384117161e+00
1.669999999999999929e+00 3.425555229773521226e+00
1.679999999999999938e+00 3.425463749959468895e+00
1.689999999999999947e+00 3.425454578783512005e+00
1.699999999999999956e+00 3.425709052257537746e+00
1.709999999999999964e+00 3.425720329008102638e+00
1.719999999999999973e+00 3.425845431814193542e+00
1.729999999999999982e+00 3.426499190151691465e+00
1.739999999999999991e+00 3.426635437297821163e+00
1.750000000000000000e+00 3.426925196151733299e+00
1.760000000000000009e+00 3.427067447891235297e+00
1.770000000000000018e+00 3.427277397465705810e+00
1.780000000000000027e+00 3.428156607651710708e+00
1.790000000000000036e+00 3.428170372366905028e+00
1.800000000000000044e+00 3.428473757381439224e+00
1.810000000000000053e+00 3.428509577794074836e+00
1.820000000000000062e+00 3.428525486111640763e+00
1.830000000000000071e+00 3.428492220914364008e+00
1.840000000000000080e+00 3.428865523207187849e+00
1.850000000000000089e+00 3.429212332758903692e+00
1.860000000000000098e+00 3.429489076910019030e+00
1.870000000000000107e+00 3.429555054709911399e+00
1.880000000000000115e+00 3.429670655052662109e+00
1.890000000000000124e+00 3.429780163590907982e+00
1.900000000000000133e+00 3.429768626575469881e+00
1.910000000000000142e+00 3.429793624210357716e+00
1.919999999999999929e+00 3.430864931051730959e+00
1.929999999999999938e+00 3.431033255398273418e+00
1.939999999999999947e+00 3.431091373040676018e+00
1.949999999999999956e+00 3.431132527654170872e+00
1.959999999999999964e+00 3.431132156653404319e+00
1.969999999999999973e+00 3.431125357015132771e+00
1.979999999999999982e+00 3.431122329165935625e+00
1.989999999999999991e+00 3.431115099089145470e+00
2.000000000000000000e+00 3.431115723698139330e+00
2.010000000000000231e+00 3.431109662981033370e+00
2.020000000000000018e+00 3.430997910444736565e+00
2.030000000000000249e+00 3.430938895359039176e+00
2.040000000000000036e+00 3.430860779254436554e+00
2.049999999999999822e+00 3.430786379566192590e+00
2.060000000000000053e+00 3.430742920532226403e+00
2.069999999999999840e+00 3.430416824617386062e+00
2.080000000000000071e+00 3.430319521727561938e+00
2.089999999999999858e+00 3.430976896224021910e+00
2.100000000000000089e+00 3.430779596531391196e+00
2.109999999999999876e+00 3.430588233125209996e+00
2.120000000000000107e+00 3.430333503437042353e+00
2.129999999999999893e+00 3.431111368751525781e+00
2.140000000000000124e+00 3.431541257135867884e+00
2.149999999999999911e+00 3.432155447711944696e+00
2.160000000000000142e+00 3.433118994083404374e+00
2.169999999999999929e+00 3.434672106556892590e+00
2.180000000000000160e+00 3.436657061455249629e+00
2.189999999999999947e+00 3.440093727333545903e+00
2.200000000000000178e+00 3.447924807522297019e+00
2.209999999999999964e+00 3.455390654959678454e+00
2.220000000000000195e+00 3.462162249920368140e+00
2.229999999999999982e+00 3.476682621545791552e+00
2.240000000000000213e+00 3.490504957711696665e+00
2.250000000000000000e+00 3.507222661421299126e+00
2.260000000000000231e+00 3.526979290831088854e+00
2.270000000000000018e+00 3.547537378125190877e+00
2.280000000000000249e+00 3.565689397454261833e+00
2.290000000000000036e+00 3.580519079794883819e+00
2.300000000000000266e+00 3.597238441698551004e+00
2.310000000000000053e+00 3.613188294544220192e+00
2.319999999999999840e+00 3.626111095194816780e+00
2.330000000000000071e+00 3.639183615312576503e+00
2.339999999999999858e+00 3.648982334101200209e+00
2.350000000000000089e+00 3.657538085141181838e+00
2.359999999999999876e+00 3.664820981223583019e+00
2.370000000000000107e+00 3.673534991998672616e+00
2.379999999999999893e+00 3.681892841267585759e+00
2.390000000000000124e+00 3.686965312700271724e+00
2.399999999999999911e+00 3.692436014313697612e+00
2.410000000000000142e+00 3.694812908062934831e+00
2.419999999999999929e+00 3.698609760015010739e+00
2.430000000000000160e+00 3.700251532588004988e+00
2.439999999999999947e+00 3.703143921937942284e+00
2.450000000000000178e+00 3.706593028051853089e+00
2.459999999999999964e+00 3.708340069713592424e+00
2.470000000000000195e+00 3.710023824100494583e+00
2.479999999999999982e+00 3.711569232099056315e+00
2.490000000000000213e+00 3.712734735889434923e+00
2.500000000000000000e+00 3.713889097285270502e+00
2.510000000000000231e+00 3.714920755462646440e+00
2.520000000000000018e+00 3.715687057111263236e+00
2.530000000000000249e+00 3.716173786017894720e+00
2.540000000000000036e+00 3.716308861007690645e+00
2.550000000000000266e+00 3.716598098111152826e+00
2.560000000000000053e+00 3.716863880262375019e+00
2.569999999999999840e+00 3.717138488087654125e+00
2.580000000000000071e+00 3.717253670334816018e+00
2.589999999999999858e+00 3.717355007674694178e+00
2.600000000000000089e+00 3.717614127802848945e+00
2.609999999999999876e+00 3.717899646713733741e+00
2.620000000000000107e+00 3.718158829419612843e+00
2.629999999999999893e+00 3.718295526182651578e+00
2.640000000000000124e+00 3.718818798105716805e+00
2.649999999999999911e+00 3.719220272941589300e+00
2.660000000000000142e+00 3.719618760612010799e+00
2.669999999999999929e+00 3.720308104794025628e+00
2.680000000000000160e+00 3.720750845983028299e+00
2.689999999999999947e+00 3.721020830941200064e+00
2.700000000000000178e+00 3.721371375126838466e+00
2.709999999999999964e+00 3.721575844261646449e+00
2.720000000000000195e+00 3.721795784187317047e+00
2.729999999999999982e+00 3.721991630163192788e+00
2.740000000000000213e+00 3.722372491250037996e+00
2.750000000000000000e+00 3.722573842749595574e+00
2.760000000000000231e+00 3.722991573846340163e+00
2.770000000000000018e+00 3.723376114087104671e+00
2.780000000000000249e+00 3.723820855202674807e+00
2.790000000000000036e+00 3.724003512854576314e+00
2.800000000000000266e+00 3.724338465142249976e+00
2.810000000000000053e+00 3.724790899963378976e+00
2.819999999999999840e+00 3.725264435515403871e+00
2.830000000000000071e+00 3.725539968822002557e+00
2.839999999999999858e+00 3.725812049040794438e+00
2.850000000000000089e+00 3.726018837432861108e+00
2.859999999999999876e+00 3.726391181311607514e+00
2.870000000000000107e+00 3.726516381225585928e+00
2.879999999999999893e+00 3.726746581568717964e+00
2.890000000000000124e+00 3.726790791630744781e+00
2.899999999999999911e+00 3.726835545630454938e+00
2.910000000000000142e+00 3.726871631484031777e+00
2.919999999999999929e+00 3.727086279332637808e+00
2.930000000000000160e+00 3.727274317471981124e+00
2.939999999999999947e+00 3.727384457404613549e+00
2.950000000000000178e+00 3.727572231523990531e+00
2.959999999999999964e+00 3.727627498359680214e+00
2.970000000000000195e+00 3.727627498359680214e+00
2.979999999999999982e+00 3.727888219950199034e+00
2.990000000000000213e+00 3.728044702348709105e+00
3.000000000000000000e+00 3.728044702348709105e+00
