0.000000000000000000e+00 1.100480547627695094e+00 1.387042006586305609e+00
1.000000000000000021e-02 1.100480541704421888e+00 1.387042118877643837e+00
2.000000000000000042e-02 1.116854257220276203e+00 3.519416885303012776e+00
2.999999999999999889e-02 3.646108324740403361e+00 3.950735792057043838e+00
4.000000000000000083e-02 3.646173888535782837e+00 3.950942743777945410e+00
5.000000000000000278e-02 3.554871481163721203e+00 3.982013371388692935e+00
5.999999999999999778e-02 3.220958075457690306e+00 3.987985058468701105e+00
7.000000000000000666e-02 2.876248262009180046e+00 3.779000015955412017e+00
8.000000000000000167e-02 2.738777566960880705e+00 3.305774352466037236e+00
8.999999999999999667e-02 2.778135639076455998e+00 3.105006477222219896e+00
1.000000000000000056e-01 2.819068167579719120e+00 3.015932167279175236e+00
1.100000000000000006e-01 2.844142578816999389e+00 2.974755676335703036e+00
1.199999999999999956e-01 2.851533346708880146e+00 2.962804388247861631e+00
1.300000000000000044e-01 2.851533346708880146e+00 2.962804388247861631e+00
1.400000000000000133e-01 2.853197791296095964e+00 2.962264930919556782e+00
1.499999999999999944e-01 2.854486494799494789e+00 2.961963079055905279e+00
1.600000000000000033e-01 2.856159977705551967e+00 2.961468038761542410e+00
1.700000000000000122e-01 2.860199896578370371e+00 2.960137744093359835e+00
1.799999999999999933e-01 2.871024538268437176e+00 2.956167162013660032e+00
1.900000000000000022e-01 2.882718005056582822e+00 2.951050945029056738e+00
2.000000000000000111e-01 2.891116124600045190e+00 2.946654800907499983e+00
2.099999999999999922e-01 2.894495353719074515e+00 2.944768141153972785e+00
2.200000000000000011e-01 2.899287836704533383e+00 2.941896352147776561e+00
2.300000000000000100e-01 2.903576549464555345e+00 2.939563277662901708e+00
2.399999999999999911e-01 2.906718186412595717e+00 2.937681569346643595e+00
2.500000000000000000e-01 2.907590246756397434e+00 2.937133450252689570e+00
2.600000000000000089e-01 2.909963405787906243e+00 2.935643445522823303e+00
2.700000000000000178e-01 2.911285511912958590e+00 2.934781888170583386e+00
2.800000000000000266e-01 2.911628392301415236e+00 2.934565726503516547e+00
2.899999999999999800e-01 2.911628392301415236e+00 2.934565726503516547e+00
2.999999999999999889e-01 2.911628392301415236e+00 2.934565726503516547e+00
3.099999999999999978e-01 2.911628392301415236e+00 2.934565726503516547e+00
3.200000000000000067e-01 2.911628392301415236e+00 2.934565726503516547e+00
3.300000000000000155e-01 2.911628392301415236e+00 2.934565726503516547e+00
3.400000000000000244e-01 2.911628392301415236e+00 2.934565726503516547e+00
3.500000000000000333e-01 2.911628392301415236e+00 2.934565726503516547e+00
3.599999999999999867e-01 2.911628392301415236e+00 2.934565726503516547e+00
3.699999999999999956e-01 2.911628392301415236e+00 2.934565726503516547e+00
3.800000000000000044e-01 2.911628392301415236e+00 2.934565726503516547e+00
3.900000000000000133e-01 2.911628392301415236e+00 2.934565726503516547e+00
4.000000000000000222e-01 2.911628392301415236e+00 2.934565726503516547e+00
4.100000000000000311e-01 2.911628392301415236e+00 2.934565726503516547e+00
4.199999999999999845e-01 2.911628392301415236e+00 2.934565726503516547e+00
4.299999999999999933e-01 2.911628392301415236e+00 2.934565726503516547e+00
4.400000000000000022e-01 2.911627755605381118e+00 2.934565552194912108e+00
4.500000000000000111e-01 2.911627755605381118e+00 2.934565552194912108e+00
4.600000000000000200e-01 2.911611254494242296e+00 2.934564368650860899e+00
4.700000000000000289e-01 2.911594114726505200e+00 2.934561149851360629e+00
4.799999999999999822e-01 2.911560781216487648e+00 2.934558071398869039e+00
4.899999999999999911e-01 2.911454604076289865e+00 2.934549046960925889e+00
5.000000000000000000e-01 2.911343193602913715e+00 2.934535113086348623e+00
5.100000000000000089e-01 2.911308814038081394e+00 2.934529418703274217e+00
5.200000000000000178e-01 2.911292762086443719e+00 2.934527069423146006e+00
5.300000000000000266e-01 2.911273996221005689e+00 2.934524921325266433e+00
5.400000000000000355e-01 2.911258915630215327e+00 2.934523108863001717e+00
5.500000000000000444e-01 2.911258893497285172e+00 2.934523078896704718e+00
5.600000000000000533e-01 2.911258893497285172e+00 2.934523078896704718e+00
5.700000000000000622e-01 2.911262775787704538e+00 2.934526357651359607e+00
5.799999999999999600e-01 2.911273317561537066e+00 2.934539695567697226e+00
5.899999999999999689e-01 2.911287517305496841e+00 2.934564899996634502e+00
5.999999999999999778e-01 2.911290841770445503e+00 2.934569336867059342e+00
6.099999999999999867e-01 2.911295403544909011e+00 2.934575419657223794e+00
6.199999999999999956e-01 2.911295403544909011e+00 2.934575419657223794e+00
6.300000000000000044e-01 2.911295619441205407e+00 2.934575416468447440e+00
6.400000000000000133e-01 2.911195354789112510e+00 2.934730652624751190e+00
6.500000000000000222e-01 2.911116067813546593e+00 2.934853743440001494e+00
6.600000000000000311e-01 2.910752806243070534e+00 2.935362681399217966e+00
6.700000000000000400e-01 2.910618593387706010e+00 2.935454849796192978e+00
6.800000000000000488e-01 2.909251901778955318e+00 2.936972998109083743e+00
6.900000000000000577e-01 2.906419792376629285e+00 2.939849769963153836e+00
7.000000000000000666e-01 2.903778051202997368e+00 2.942144846212163323e+00
7.099999999999999645e-01 2.901089095483900149e+00 2.945971404422639939e+00
7.199999999999999734e-01 2.900000243186555693e+00 2.947202774773039380e+00
7.299999999999999822e-01 2.899579122255655061e+00 2.948100434466985664e+00
7.399999999999999911e-01 2.897017535973892777e+00 2.953523598273886996e+00
7.500000000000000000e-01 2.895630243941095916e+00 2.957111433643552001e+00
7.600000000000000089e-01 2.893953404707264365e+00 2.961533519507098422e+00
7.700000000000000178e-01 2.893290413989746845e+00 2.963849504785811995e+00
7.800000000000000266e-01 2.889501509641526411e+00 2.974001684323432038e+00
7.900000000000000355e-01 2.883901606657002681e+00 2.993575631726290709e+00
8.000000000000000444e-01 2.880646711740781463e+00 3.014546413616846721e+00
8.100000000000000533e-01 2.879862916237178272e+00 3.031561454247173604e+00
8.200000000000000622e-01 2.880157233422567131e+00 3.048405422503183360e+00
8.300000000000000711e-01 2.882497504106453334e+00 3.066072099045821453e+00
8.399999999999999689e-01 2.887624812524802742e+00 3.084901385352127434e+00
8.499999999999999778e-01 2.896468416545908475e+00 3.109385274102170804e+00
8.599999999999999867e-01 2.910533703948682938e+00 3.134168656571679978e+00
8.699999999999999956e-01 2.928228654972637734e+00 3.155937041829501410e+00
8.800000000000000044e-01 2.956659090170695947e+00 3.180256836266681653e+00
8.900000000000000133e-01 2.986389194458468399e+00 3.196971484600560576e+00
9.000000000000000222e-01 3.014750836203995199e+00 3.206551093966064414e+00
9.100000000000000311e-01 3.038911678185514553e+00 3.210702600893922565e+00
9.200000000000000400e-01 3.057695270880004479e+00 3.211386777025917461e+00
9.300000000000000488e-01 3.071493713452102980e+00 3.210732002962348730e+00
9.400000000000000577e-01 3.083390358234835649e+00 3.209309422877835605e+00
9.500000000000000666e-01 3.093590825780284881e+00 3.207401549817668673e+00
9.599999999999999645e-01 3.102605319160435027e+00 3.205577479635265181e+00
9.699999999999999734e-01 3.108976490141408533e+00 3.204131335919840673e+00
9.799999999999999822e-01 3.122841682489659654e+00 3.199916203095171774e+00
9.899999999999999911e-01 3.132891746713494019e+00 3.196132750919486565e+00
1.000000000000000000e+00 3.137206991221608288e+00 3.194544888985453301e+00
1.010000000000000009e+00 3.141996580242284676e+00 3.192626758366456929e+00
1.020000000000000018e+00 3.145095356485595683e+00 3.191325649121055985e+00
1.030000000000000027e+00 3.148198728820923886e+00 3.189972020337935366e+00
1.040000000000000036e+00 3.149540266543357170e+00 3.189498348406822892e+00
1.050000000000000044e+00 3.150875016390227490e+00 3.189070737074471307e+00
1.060000000000000053e+00 3.152165539330410216e+00 3.188608998614383072e+00
1.070000000000000062e+00 3.152475558598021532e+00 3.188478607633133510e+00
1.080000000000000071e+00 3.152474623507119045e+00 3.188514383627318427e+00
1.090000000000000080e+00 3.152442158724396037e+00 3.188344452579887189e+00
1.100000000000000089e+00 3.152539074832741317e+00 3.188181425078566722e+00
1.110000000000000098e+00 3.152656940165029287e+00 3.188125789746774519e+00
1.120000000000000107e+00 3.152821850116049873e+00 3.188074782989228417e+00
1.130000000000000115e+00 3.152805012543483443e+00 3.188033387882427405e+00
1.140000000000000124e+00 3.152781181346610673e+00 3.187953815329834129e+00
1.150000000000000133e+00 3.152767644870866803e+00 3.187891211277852577e+00
1.159999999999999920e+00 3.152764484761027219e+00 3.187882707798214810e+00
1.169999999999999929e+00 3.152762341338009477e+00 3.187877323235659865e+00
1.179999999999999938e+00 3.152762341338009477e+00 3.187877323235659865e+00
1.189999999999999947e+00 3.152821316967553855e+00 3.187858060721807441e+00
1.199999999999999956e+00 3.152853856045488623e+00 3.187847275813336712e+00
1.209999999999999964e+00 3.152990196609168461e+00 3.187814022512764911e+00
1.219999999999999973e+00 3.153214331372430124e+00 3.187767239739248915e+00
1.229999999999999982e+00 3.153643578027538918e+00 3.187656018372722055e+00
1.239999999999999991e+00 3.154170080200231485e+00 3.187429215578042818e+00
1.250000000000000000e+00 3.154477173639072873e+00 3.187253615869746426e+00
1.260000000000000009e+00 3.154824784332169063e+00 3.187027255267249171e+00
1.270000000000000018e+00 3.155136752936281930e+00 3.186874617994389425e+00
1.280000000000000027e+00 3.155532716785494962e+00 3.186649864291126732e+00
1.290000000000000036e+00 3.156031767745724359e+00 3.186156111988315054e+00
1.300000000000000044e+00 3.156381655210978909e+00 3.185874304290287728e+00
1.310000000000000053e+00 3.156620471931110394e+00 3.185693477935184426e+00
1.320000000000000062e+00 3.156741502960448642e+00 3.185494947349305050e+00
1.330000000000000071e+00 3.156767023542915940e+00 3.185482855822051373e+00
1.340000000000000080e+00 3.156774707713750239e+00 3.185473610810610090e+00
1.350000000000000089e+00 3.156784797140828935e+00 3.185483651664980265e+00
1.360000000000000098e+00 3.156793138461730930e+00 3.185497634205200601e+00
1.370000000000000107e+00 3.156797657429211146e+00 3.185505266536243330e+00
1.380000000000000115e+00 3.156797657429211146e+00 3.185505266536243330e+00
1.390000000000000124e+00 3.156797657429211146e+00 3.185505266536243330e+00
1.400000000000000133e+00 3.156797657429211146e+00 3.185505266536243330e+00
1.409999999999999920e+00 3.156797657429211146e+00 3.185505266536243330e+00
1.419999999999999929e+00 3.156797657429211146e+00 3.185505266536243330e+00
1.429999999999999938e+00 3.156797657429211146e+00 3.185505266536243330e+00
1.439999999999999947e+00 3.156797657429211146e+00 3.185505266536243330e+00
1.449999999999999956e+00 3.156797657429211146e+00 3.185505266536243330e+00
1.459999999999999964e+00 3.156797657429211146e+00 3.185505266536243330e+00
1.469999999999999973e+00 3.156797158802024050e+00 3.185504829256066373e+00
1.479999999999999982e+00 3.156796315006304532e+00 3.185504089208554213e+00
1.489999999999999991e+00 3.156796315006304532e+00 3.185504089208554213e+00
1.500000000000000000e+00 3.156796161593615757e+00 3.185503954649746561e+00
1.510000000000000009e+00 3.156791817950483914e+00 3.185496096659425458e+00
1.520000000000000018e+00 3.156793922377179040e+00 3.185496687659670645e+00
1.530000000000000027e+00 3.156804722965696808e+00 3.185500837284585440e+00
1.540000000000000036e+00 3.156811180952703300e+00 3.185502911082589872e+00
1.550000000000000044e+00 3.156830659730030408e+00 3.185508605821536943e+00
1.560000000000000053e+00 3.156840567406876019e+00 3.185513847032325430e+00
1.570000000000000062e+00 3.156845140117642945e+00 3.185516286288263554e+00
1.580000000000000071e+00 3.156845140117642945e+00 3.185516286288263554e+00
1.590000000000000080e+00 3.156845140117642945e+00 3.185516286288263554e+00
1.600000000000000089e+00 3.156845140117642945e+00 3.185516286288263554e+00
1.610000000000000098e+00 3.156845140117642945e+00 3.185516286288263554e+00
1.620000000000000107e+00 3.156845140117642945e+00 3.185516286288263554e+00
1.630000000000000115e+00 3.156845140117642945e+00 3.185516286288263554e+00
1.640000000000000124e+00 3.156845140117642945e+00 3.185516286288263554e+00
1.650000000000000133e+00 3.156845140117642945e+00 3.185516286288263554e+00
1.660000000000000142e+00 3.156845140117642945e+00 3.185516286288263554e+00
1.669999999999999929e+00 3.156845140117642945e+00 3.185516286288263554e+00
1.679999999999999938e+00 3.156845140117642945e+00 3.185516286288263554e+00
1.689999999999999947e+00 3.156844212037711817e+00 3.185520989516586798e+00
1.699999999999999956e+00 3.156844156699833981e+00 3.185521320185007887e+00
1.709999999999999964e+00 3.156842573260216778e+00 3.185528188606352895e+00
1.719999999999999973e+00 3.156840921411227630e+00 3.185535590420056185e+00
1.729999999999999982e+00 3.156653575203113515e+00 3.185572477548427539e+00
1.739999999999999991e+00 3.156188131046347323e+00 3.185666549386925617e+00
1.750000000000000000e+00 3.156036480175855363e+00 3.185700945480463009e+00
1.760000000000000009e+00 3.156036480175855363e+00 3.185700945480463009e+00
1.770000000000000018e+00 3.156023567838595056e+00 3.185700570683553501e+00
1.780000000000000027e+00 3.156016928677934708e+00 3.185699916133504672e+00
1.790000000000000036e+00 3.156016928677934708e+00 3.185699916133504672e+00
1.800000000000000044e+00 3.156016928677934708e+00 3.185699916133504672e+00
1.810000000000000053e+00 3.156016928677934708e+00 3.185699916133504672e+00
1.820000000000000062e+00 3.156016928677934708e+00 3.185699916133504672e+00
1.830000000000000071e+00 3.156016940467627485e+00 3.185699927794663822e+00
1.840000000000000080e+00 3.156016940467627485e+00 3.185699927794663822e+00
1.850000000000000089e+00 3.156016940467627485e+00 3.185699927794663822e+00
1.860000000000000098e+00 3.156016940467627485e+00 3.185699927794663822e+00
1.870000000000000107e+00 3.156016940467627485e+00 3.185699927794663822e+00
1.880000000000000115e+00 3.156016940467627485e+00 3.185699927794663822e+00
1.890000000000000124e+00 3.152781182198190368e+00 3.189598675742483902e+00
1.900000000000000133e+00 3.149392238986170600e+00 3.193855961859548120e+00
1.910000000000000142e+00 3.141230498031812424e+00 3.204975579911035766e+00
1.919999999999999929e+00 3.131876952159965199e+00 3.219454437052642781e+00
1.929999999999999938e+00 3.124507080592016539e+00 3.233416370087762726e+00
1.939999999999999947e+00 3.118699338065767268e+00 3.246892150801038657e+00
1.949999999999999956e+00 3.113808355591604737e+00 3.259968375022103793e+00
1.959999999999999964e+00 3.108777266516174365e+00 3.278307417507682509e+00
1.969999999999999973e+00 3.105433944291090764e+00 3.299063508487725560e+00
1.979999999999999982e+00 3.104290223531025017e+00 3.324062670093280492e+00
1.989999999999999991e+00 3.104915935393035564e+00 3.340087707909881853e+00
2.000000000000000000e+00 3.107845989712442858e+00 3.360400399690900208e+00
2.010000000000000231e+00 3.112154465120743563e+00 3.380321948606062943e+00
2.020000000000000018e+00 3.120893766652025558e+00 3.405515518035016509e+00
2.030000000000000249e+00 3.135619175029989769e+00 3.434305244463685902e+00
2.040000000000000036e+00 3.152852072443643294e+00 3.459234581027350153e+00
2.049999999999999822e+00 3.169900888150307239e+00 3.478652621790794264e+00
2.060000000000000053e+00 3.192118662117171546e+00 3.498556462427925950e+00
2.069999999999999840e+00 3.217753833799318119e+00 3.515399073348089320e+00
2.080000000000000071e+00 3.240628853840497037e+00 3.526141963973376647e+00
2.089999999999999858e+00 3.258001093537423287e+00 3.532287943289664334e+00
2.100000000000000089e+00 3.277298258942468401e+00 3.537751621214048292e+00
2.109999999999999876e+00 3.303743987545048721e+00 3.542368686519587140e+00
2.120000000000000107e+00 3.324172164302182431e+00 3.543743188404726574e+00
2.129999999999999893e+00 3.344782739859398557e+00 3.543198899053755735e+00
2.140000000000000124e+00 3.363985909772352567e+00 3.543234491705460787e+00
2.149999999999999911e+00 3.380003624236878501e+00 3.543387845580283191e+00
2.160000000000000142e+00 3.399659669047443433e+00 3.544695172614009682e+00
2.169999999999999929e+00 3.410538032068993086e+00 3.553779944553588255e+00
2.180000000000000160e+00 3.416509548895995341e+00 3.561094934002717149e+00
2.189999999999999947e+00 3.419967604597998978e+00 3.564413287893341220e+00
2.200000000000000178e+00 3.419985685741678161e+00 3.564407467854246114e+00
2.209999999999999964e+00 3.419985685741678161e+00 3.564407467854246114e+00
2.220000000000000195e+00 3.419985685741678161e+00 3.564407467854246114e+00
2.229999999999999982e+00 3.419985685741678161e+00 3.564407467854246114e+00
2.240000000000000213e+00 3.419985685741678161e+00 3.564407467854246114e+00
2.250000000000000000e+00 3.420830413202129883e+00 3.562174943791545090e+00
2.260000000000000231e+00 3.421558894936820749e+00 3.560291656592109888e+00
2.270000000000000018e+00 3.423625806219697143e+00 3.555038949925779956e+00
2.280000000000000249e+00 3.433408224623649474e+00 3.537000724403411844e+00
2.290000000000000036e+00 3.444730484906212808e+00 3.518259588808043681e+00
2.300000000000000266e+00 3.453964566091878297e+00 3.505078726587908200e+00
2.310000000000000053e+00 3.457811332074381738e+00 3.499809304760716167e+00
2.319999999999999840e+00 3.457872502613221322e+00 3.499824339909399562e+00
2.330000000000000071e+00 3.457882871683184423e+00 3.499827554957326559e+00
2.339999999999999858e+00 3.458026692918856781e+00 3.499853846379200384e+00
2.350000000000000089e+00 3.458083824817708596e+00 3.499872733071276443e+00
2.359999999999999876e+00 3.458201920938502649e+00 3.499887373270977431e+00
2.370000000000000107e+00 3.458262095849780504e+00 3.499887289421292014e+00
2.379999999999999893e+00 3.458281193319620694e+00 3.499888168753324091e+00
2.390000000000000124e+00 3.458281193319620694e+00 3.499888168753324091e+00
2.399999999999999911e+00 3.458282653422736885e+00 3.499888017596817669e+00
2.410000000000000142e+00 3.458283776625534323e+00 3.499887408581832560e+00
2.419999999999999929e+00 3.458285776087019148e+00 3.499886666554238968e+00
2.430000000000000160e+00 3.458285776087019148e+00 3.499886666554238968e+00
2.439999999999999947e+00 3.458285776087019148e+00 3.499886666554238968e+00
2.450000000000000178e+00 3.458285776087019148e+00 3.499886666554238968e+00
2.459999999999999964e+00 3.458285776087019148e+00 3.499886666554238968e+00
2.470000000000000195e+00 3.458285776087019148e+00 3.499886666554238968e+00
2.479999999999999982e+00 3.458285776087019148e+00 3.499886666554238968e+00
2.490000000000000213e+00 3.458285776087019148e+00 3.499886666554238968e+00
2.500000000000000000e+00 3.458285776087019148e+00 3.499886666554238968e+00
2.510000000000000231e+00 3.458285776087019148e+00 3.499886666554238968e+00
2.520000000000000018e+00 3.458285776087019148e+00 3.499886666554238968e+00
2.530000000000000249e+00 3.458285776087019148e+00 3.499886666554238968e+00
2.540000000000000036e+00 3.458285776087019148e+00 3.499886666554238968e+00
2.550000000000000266e+00 3.458285776087019148e+00 3.499886666554238968e+00
2.560000000000000053e+00 3.458285776087019148e+00 3.499886666554238968e+00
2.569999999999999840e+00 3.458285776087019148e+00 3.499886666554238968e+00
2.580000000000000071e+00 3.458285776087019148e+00 3.499886666554238968e+00
2.589999999999999858e+00 3.458285776087019148e+00 3.499886666554238968e+00
2.600000000000000089e+00 3.458285776087019148e+00 3.499886666554238968e+00
2.609999999999999876e+00 3.458285776087019148e+00 3.499886666554238968e+00
2.620000000000000107e+00 3.458285808939707717e+00 3.499886674180257007e+00
2.629999999999999893e+00 3.458285808939707717e+00 3.499886674180257007e+00
2.640000000000000124e+00 3.458285808939707717e+00 3.499886674180257007e+00
2.649999999999999911e+00 3.458285808939707717e+00 3.499886674180257007e+00
2.660000000000000142e+00 3.458285808939707717e+00 3.499886674180257007e+00
2.669999999999999929e+00 3.458285859884228763e+00 3.499886321302446923e+00
2.680000000000000160e+00 3.458285859884228763e+00 3.499886321302446923e+00
2.689999999999999947e+00 3.458286650790369787e+00 3.499887500830495046e+00
2.700000000000000178e+00 3.458286713824309189e+00 3.499887673211060424e+00
2.709999999999999964e+00 3.458286713824309189e+00 3.499887673211060424e+00
2.720000000000000195e+00 3.458286713824309189e+00 3.499887673211060424e+00
2.729999999999999982e+00 3.458286713824309189e+00 3.499887673211060424e+00
2.740000000000000213e+00 3.458338503166435984e+00 3.499879035395385252e+00
2.750000000000000000e+00 3.458422879763548785e+00 3.499860426711136618e+00
2.760000000000000231e+00 3.458555138757965608e+00 3.499830302583434971e+00
2.770000000000000018e+00 3.458578796942302525e+00 3.499824818427494044e+00
2.780000000000000249e+00 3.458644265813660024e+00 3.499820734391379862e+00
2.790000000000000036e+00 3.458803638510663081e+00 3.499797815961879000e+00
2.800000000000000266e+00 3.458853211430048535e+00 3.499788829051519112e+00
2.810000000000000053e+00 3.458975984744312004e+00 3.499761666346309585e+00
2.819999999999999840e+00 3.459174275832798795e+00 3.499705719327304454e+00
2.830000000000000071e+00 3.459307742817425702e+00 3.499669618866419807e+00
2.839999999999999858e+00 3.459426418045599139e+00 3.499644846898477102e+00
2.850000000000000089e+00 3.459595902855228555e+00 3.499600792558360762e+00
2.859999999999999876e+00 3.459622359849711781e+00 3.499593329847554113e+00
2.870000000000000107e+00 3.459792292995941043e+00 3.499545083727348516e+00
2.879999999999999893e+00 3.459792292995941043e+00 3.499545083727348516e+00
2.890000000000000124e+00 3.459792292995941043e+00 3.499545083727348516e+00
2.899999999999999911e+00 3.459792292995941043e+00 3.499545083727348516e+00
2.910000000000000142e+00 3.459792292995941043e+00 3.499545083727348516e+00
2.919999999999999929e+00 3.459792292995941043e+00 3.499545083727348516e+00
2.930000000000000160e+00 3.459792292995941043e+00 3.499545083727348516e+00
2.939999999999999947e+00 3.459792292995941043e+00 3.499545083727348516e+00
2.950000000000000178e+00 3.459792292995941043e+00 3.499545083727348516e+00
2.959999999999999964e+00 3.459792292995941043e+00 3.499545083727348516e+00
2.970000000000000195e+00 3.459792292995941043e+00 3.499545083727348516e+00
2.979999999999999982e+00 3.459792292995941043e+00 3.499545083727348516e+00
2.990000000000000213e+00 3.459792292995941043e+00 3.499545083727348516e+00
3.000000000000000000e+00 3.459792292995941043e+00 3.499545083727348516e+00
