0.000000000000000000e+00 1.802679059925675453e+00
1.000000000000000021e-02 1.874908727425336874e+00
2.000000000000000042e-02 1.882282172609567539e+00
2.999999999999999889e-02 1.905408352241516168e+00
4.000000000000000083e-02 2.495796213907003569e+00
5.000000000000000278e-02 3.796114591026306329e+00
5.999999999999999778e-02 3.811510117323398728e+00
7.000000000000000666e-02 3.837180643696784799e+00
8.000000000000000167e-02 3.852767599644661090e+00
8.999999999999999667e-02 3.853793720769882025e+00
1.000000000000000056e-01 3.845708399205207684e+00
1.100000000000000006e-01 3.798232409157753064e+00
1.199999999999999956e-01 3.681337959604263244e+00
1.300000000000000044e-01 3.516726577777862683e+00
1.400000000000000133e-01 3.355241026566028406e+00
1.499999999999999944e-01 3.203289800455570102e+00
1.600000000000000033e-01 3.102937257766723800e+00
1.700000000000000122e-01 3.058524021921158020e+00
1.799999999999999933e-01 3.037923867161274050e+00
1.900000000000000022e-01 3.029075188288688825e+00
2.000000000000000111e-01 3.025515861203670553e+00
2.099999999999999922e-01 3.023352605538368376e+00
2.200000000000000011e-01 3.021818259243965077e+00
2.300000000000000100e-01 3.020085223917960970e+00
2.399999999999999911e-01 3.019464572846889627e+00
2.500000000000000000e-01 3.019408364963531710e+00
2.600000000000000089e-01 3.019408852667808674e+00
2.700000000000000178e-01 3.019409765133857615e+00
2.800000000000000266e-01 3.019410723483562542e+00
2.899999999999999800e-01 3.019413897557258419e+00
2.999999999999999889e-01 3.019418763768673131e+00
3.099999999999999978e-01 3.019426464176178104e+00
3.200000000000000067e-01 3.019432917604446320e+00
3.300000000000000155e-01 3.019457081377506125e+00
3.400000000000000244e-01 3.019481976501941833e+00
3.500000000000000333e-01 3.019484346520900697e+00
3.599999999999999867e-01 3.019504865550994843e+00
3.699999999999999956e-01 3.019540543136596700e+00
3.800000000000000044e-01 3.019742269408702828e+00
3.900000000000000133e-01 3.019829856388569045e+00
4.000000000000000222e-01 3.019868609266281201e+00
4.100000000000000311e-01 3.020161562027931179e+00
4.199999999999999845e-01 3.020366046302318530e+00
4.299999999999999933e-01 3.020762745106220226e+00
4.400000000000000022e-01 3.020864871709346922e+00
4.500000000000000111e-01 3.020987247228622330e+00
4.600000000000000200e-01 3.021121735968589572e+00
4.700000000000000289e-01 3.021308116011619749e+00
4.799999999999999822e-01 3.021430778512954607e+00
4.899999999999999911e-01 3.021541989808082640e+00
5.000000000000000000e-01 3.021582448568344237e+00
5.100000000000000089e-01 3.021670207090377591e+00
5.200000000000000178e-01 3.021743161296844615e+00
5.300000000000000266e-01 3.021879563341140607e+00
5.400000000000000355e-01 3.021950924441814568e+00
5.500000000000000444e-01 3.022118540494441952e+00
5.600000000000000533e-01 3.022240048253536315e+00
5.700000000000000622e-01 3.022313020892143154e+00
5.799999999999999600e-01 3.022509552586078563e+00
5.899999999999999689e-01 3.022604032747745695e+00
5.999999999999999778e-01 3.022843646001815987e+00
6.099999999999999867e-01 3.023016503381729336e+00
6.199999999999999956e-01 3.023106942305564981e+00
6.300000000000000044e-01 3.023192357254028462e+00
6.400000000000000133e-01 3.023268024926185404e+00
6.500000000000000222e-01 3.023383077828884158e+00
6.600000000000000311e-01 3.023427416644096422e+00
6.700000000000000400e-01 3.023594709408283343e+00
6.800000000000000488e-01 3.023624030389785666e+00
6.900000000000000577e-01 3.023741861374378281e+00
7.000000000000000666e-01 3.023888604502678046e+00
7.099999999999999645e-01 3.024185197091102673e+00
7.199999999999999734e-01 3.024680414946079310e+00
7.299999999999999822e-01 3.025740081560611916e+00
7.399999999999999911e-01 3.027002933042049371e+00
7.500000000000000000e-01 3.027799199492931415e+00
7.600000000000000089e-01 3.028386279478072929e+00
7.700000000000000178e-01 3.029320535736084175e+00
7.800000000000000266e-01 3.030428164763450560e+00
7.900000000000000355e-01 3.031846882972717427e+00
8.000000000000000444e-01 3.033256218986511321e+00
8.100000000000000533e-01 3.035094548747539367e+00
8.200000000000000622e-01 3.036937031018733801e+00
8.300000000000000711e-01 3.039371472589969425e+00
8.399999999999999689e-01 3.042816532921790884e+00
8.499999999999999778e-01 3.047385392885208155e+00
8.599999999999999867e-01 3.052439331276416645e+00
8.699999999999999956e-01 3.059599045572281018e+00
8.800000000000000044e-01 3.068505842211246559e+00
8.900000000000000133e-01 3.076884656627178138e+00
9.000000000000000222e-01 3.087771071424484148e+00
9.100000000000000311e-01 3.101634704787731067e+00
9.200000000000000400e-01 3.117580653731823137e+00
9.300000000000000488e-01 3.131742225539684288e+00
9.400000000000000577e-01 3.148247663729190737e+00
9.500000000000000666e-01 3.164225933105945465e+00
9.599999999999999645e-01 3.178750538647174828e+00
9.699999999999999734e-01 3.194931631364822167e+00
9.799999999999999822e-01 3.210971840734481830e+00
9.899999999999999911e-01 3.224863488504886799e+00
1.000000000000000000e+00 3.239563529021740163e+00
1.010000000000000009e+00 3.249886371059417911e+00
1.020000000000000018e+00 3.259077961659431644e+00
1.030000000000000027e+00 3.265698355424404120e+00
1.040000000000000036e+00 3.270032466635703905e+00
1.050000000000000044e+00 3.272750837421417369e+00
1.060000000000000053e+00 3.274563195676803762e+00
1.070000000000000062e+00 3.275991155433654711e+00
1.080000000000000071e+00 3.276390817651748666e+00
1.090000000000000080e+00 3.276578208222389321e+00
1.100000000000000089e+00 3.276829276146888681e+00
1.110000000000000098e+00 3.276939462208747766e+00
1.120000000000000107e+00 3.277195796766281255e+00
1.130000000000000115e+00 3.277534331579208260e+00
1.140000000000000124e+00 3.277672074553966475e+00
1.150000000000000133e+00 3.278018095014095135e+00
1.159999999999999920e+00 3.278102411923408344e+00
1.169999999999999929e+00 3.277916925320625285e+00
1.179999999999999938e+00 3.277963548722267362e+00
1.189999999999999947e+00 3.277830709407329568e+00
1.199999999999999956e+00 3.277729594249725320e+00
1.209999999999999964e+00 3.277626178905963972e+00
1.219999999999999973e+00 3.277467041323185004e+00
1.229999999999999982e+00 3.277211123337745668e+00
1.239999999999999991e+00 3.277409824411869010e+00
1.250000000000000000e+00 3.277753211686611046e+00
1.260000000000000009e+00 3.277737057127952713e+00
1.270000000000000018e+00 3.277756461472511429e+00
1.280000000000000027e+00 3.277621243810653784e+00
1.290000000000000036e+00 3.277554077706336777e+00
1.300000000000000044e+00 3.277436577813625185e+00
1.310000000000000053e+00 3.277454423773288550e+00
1.320000000000000062e+00 3.277463826375007550e+00
1.330000000000000071e+00 3.277577118141651091e+00
1.340000000000000080e+00 3.277669767217636032e+00
1.350000000000000089e+00 3.277704805629253482e+00
1.360000000000000098e+00 3.277714664936065780e+00
1.370000000000000107e+00 3.277799199559688681e+00
1.380000000000000115e+00 3.277854730176925635e+00
1.390000000000000124e+00 3.277882923402786197e+00
1.400000000000000133e+00 3.277902832696437674e+00
1.409999999999999920e+00 3.278003778700828708e+00
1.419999999999999929e+00 3.278102731161117500e+00
1.429999999999999938e+00 3.278164509570598462e+00
1.439999999999999947e+00 3.278247634699344548e+00
1.449999999999999956e+00 3.278322069194316679e+00
1.459999999999999964e+00 3.278433576455116238e+00
1.469999999999999973e+00 3.278493657007217621e+00
1.479999999999999982e+00 3.278609994459152244e+00
1.489999999999999991e+00 3.278770763056278348e+00
1.500000000000000000e+00 3.278907829596996226e+00
1.510000000000000009e+00 3.279065556812286175e+00
1.520000000000000018e+00 3.279180890691280492e+00
1.530000000000000027e+00 3.279355570919513685e+00
1.540000000000000036e+00 3.279472712249755784e+00
1.550000000000000044e+00 3.279595697708129975e+00
1.560000000000000053e+00 3.279687743239402931e+00
1.570000000000000062e+00 3.279757926344871510e+00
1.580000000000000071e+00 3.279839966988563393e+00
1.590000000000000080e+00 3.280046274437904419e+00
1.600000000000000089e+00 3.280256132695674953e+00
1.610000000000000098e+00 3.280425237841606112e+00
1.620000000000000107e+00 3.280549827239513494e+00
1.630000000000000115e+00 3.280678144402504159e+00
1.640000000000000124e+00 3.280745351293087086e+00
1.650000000000000133e+00 3.280840223364830166e+00
1.660000000000000142e+00 3.280934754197597503e+00
1.669999999999999929e+00 3.281041042554378340e+00
1.679999999999999938e+00 3.281154263401031557e+00
1.689999999999999947e+00 3.281193516335487281e+00
1.699999999999999956e+00 3.281287977817058721e+00
1.709999999999999964e+00 3.281471810083389062e+00
1.719999999999999973e+00 3.281721483268737583e+00
1.729999999999999982e+00 3.281804232902526763e+00
1.739999999999999991e+00 3.282085429770946305e+00
1.750000000000000000e+00 3.282475309989452583e+00
1.760000000000000009e+00 3.282723172736167871e+00
1.770000000000000018e+00 3.283014278914928585e+00
1.780000000000000027e+00 3.283115512168407246e+00
1.790000000000000036e+00 3.283281599135398743e+00
1.800000000000000044e+00 3.283526543598175085e+00
1.810000000000000053e+00 3.283659387404918473e+00
1.820000000000000062e+00 3.283800157539844555e+00
1.830000000000000071e+00 3.284011177568435524e+00
1.840000000000000080e+00 3.284064510798454073e+00
1.850000000000000089e+00 3.284406649711132165e+00
1.860000000000000098e+00 3.284568640918731575e+00
1.870000000000000107e+00 3.284585204217433940e+00
1.880000000000000115e+00 3.284696820592880151e+00
1.890000000000000124e+00 3.284711396479606638e+00
1.900000000000000133e+00 3.284687098410129735e+00
1.910000000000000142e+00 3.284693543646335812e+00
1.919999999999999929e+00 3.284635319435596390e+00
1.929999999999999938e+00 3.284512316424846645e+00
1.939999999999999947e+00 3.284474505236148811e+00
1.949999999999999956e+00 3.284464703907966410e+00
1.959999999999999964e+00 3.284433667240142629e+00
1.969999999999999973e+00 3.284395303175449587e+00
1.979999999999999982e+00 3.284354120769500618e+00
1.989999999999999991e+00 3.284420307857990107e+00
2.000000000000000000e+00 3.284457482223510638e+00
2.010000000000000231e+00 3.284563539192676629e+00
2.020000000000000018e+00 3.284708824088573564e+00
2.030000000000000249e+00 3.284730255670547550e+00
2.040000000000000036e+00 3.284772686724662716e+00
2.049999999999999822e+00 3.284778897631168260e+00
2.060000000000000053e+00 3.284795771563052913e+00
2.069999999999999840e+00 3.284839424874782754e+00
2.080000000000000071e+00 3.284883561818599862e+00
2.089999999999999858e+00 3.284945239040851561e+00
2.100000000000000089e+00 3.284985736835003056e+00
2.109999999999999876e+00 3.285026801099777405e+00
2.120000000000000107e+00 3.285136174647808271e+00
2.129999999999999893e+00 3.285172288455963319e+00
2.140000000000000124e+00 3.285226405498981261e+00
2.149999999999999911e+00 3.285246903784274863e+00
2.160000000000000142e+00 3.285288412823677007e+00
2.169999999999999929e+00 3.285306027724742783e+00
2.180000000000000160e+00 3.285343575150966533e+00
2.189999999999999947e+00 3.285333604743480684e+00
2.200000000000000178e+00 3.285271485049724660e+00
2.209999999999999964e+00 3.285228603236675315e+00
2.220000000000000195e+00 3.285217401947975180e+00
2.229999999999999982e+00 3.285164877223968549e+00
2.240000000000000213e+00 3.285085654861926940e+00
2.250000000000000000e+00 3.285000999593734594e+00
2.260000000000000231e+00 3.284998504099845729e+00
2.270000000000000018e+00 3.285052953798770936e+00
2.280000000000000249e+00 3.285062969965934609e+00
2.290000000000000036e+00 3.284983139343261804e+00
2.300000000000000266e+00 3.285045445833206124e+00
2.310000000000000053e+00 3.284987307891845898e+00
2.319999999999999840e+00 3.285001269001960544e+00
2.330000000000000071e+00 3.285033153648376558e+00
2.339999999999999858e+00 3.285183957810402067e+00
2.350000000000000089e+00 3.285234228434562809e+00
2.359999999999999876e+00 3.285273823568820806e+00
2.370000000000000107e+00 3.285327586183548032e+00
2.379999999999999893e+00 3.285460774269103990e+00
2.390000000000000124e+00 3.285637453351020643e+00
2.399999999999999911e+00 3.285917084975242819e+00
2.410000000000000142e+00 3.286405076601505382e+00
2.419999999999999929e+00 3.287122409639358533e+00
2.430000000000000160e+00 3.287719243814945180e+00
2.439999999999999947e+00 3.288371085760593449e+00
2.450000000000000178e+00 3.288830369739532689e+00
2.459999999999999964e+00 3.289584016873836614e+00
2.470000000000000195e+00 3.290941464617252343e+00
2.479999999999999982e+00 3.291881737980842715e+00
2.490000000000000213e+00 3.293141981687545794e+00
2.500000000000000000e+00 3.295339692776203311e+00
2.510000000000000231e+00 3.297354367454051971e+00
2.520000000000000018e+00 3.300078827965259531e+00
2.530000000000000249e+00 3.305509412341117947e+00
2.540000000000000036e+00 3.308970718784332465e+00
2.550000000000000266e+00 3.314380880653858163e+00
2.560000000000000053e+00 3.318990515379905748e+00
2.569999999999999840e+00 3.323279996562003902e+00
2.580000000000000071e+00 3.329383732335567281e+00
2.589999999999999858e+00 3.325531009132862259e+00
2.600000000000000089e+00 3.326812640968561219e+00
2.609999999999999876e+00 3.353495387070179135e+00
2.620000000000000107e+00 3.362589698178767961e+00
2.629999999999999893e+00 3.369505325829982745e+00
2.640000000000000124e+00 3.376479783575534910e+00
2.649999999999999911e+00 3.384736213953495110e+00
2.660000000000000142e+00 3.392531000676155095e+00
2.669999999999999929e+00 3.399917800381183408e+00
2.680000000000000160e+00 3.408586869168281464e+00
2.689999999999999947e+00 3.416642061994075608e+00
2.700000000000000178e+00 3.424483429360389852e+00
2.709999999999999964e+00 3.431380977106094576e+00
2.720000000000000195e+00 3.437763126087188592e+00
2.729999999999999982e+00 3.444446122262478038e+00
2.740000000000000213e+00 3.450999956748485697e+00
2.750000000000000000e+00 3.456619591238498490e+00
2.760000000000000231e+00 3.461642734446525704e+00
2.770000000000000018e+00 3.466243176124095715e+00
2.780000000000000249e+00 3.469829789419174304e+00
2.790000000000000036e+00 3.473527249457835975e+00
2.800000000000000266e+00 3.477026023211479355e+00
2.810000000000000053e+00 3.480700381770133855e+00
2.819999999999999840e+00 3.484342122359275873e+00
2.830000000000000071e+00 3.487688536756038626e+00
2.839999999999999858e+00 3.491112425775527939e+00
2.850000000000000089e+00 3.493917843754291486e+00
2.859999999999999876e+00 3.496059721632003736e+00
2.870000000000000107e+00 3.498341106553077839e+00
2.879999999999999893e+00 3.500399805223942007e+00
2.890000000000000124e+00 3.502251659879684453e+00
2.899999999999999911e+00 3.504084784989356827e+00
2.910000000000000142e+00 3.506152683482170129e+00
2.919999999999999929e+00 3.507824753081798530e+00
2.930000000000000160e+00 3.509353190150260815e+00
2.939999999999999947e+00 3.510291153726577740e+00
2.950000000000000178e+00 3.511670930299759075e+00
2.959999999999999964e+00 3.512584810853004669e+00
2.970000000000000195e+00 3.513229317657947437e+00
2.979999999999999982e+00 3.513641278643607979e+00
2.990000000000000213e+00 3.514107421782016960e+00
3.000000000000000000e+00 3.514667149667739743e+00
