0.000000000000000000e+00 9.825993863896909097e-01 1.722813009888094271e+00
1.000000000000000021e-02 1.542426825345903474e+00 2.793410155571550035e+00
2.000000000000000042e-02 2.564433274671598095e+00 2.957944483745531539e+00
2.999999999999999889e-02 2.723677943907255372e+00 2.890494906925683782e+00
4.000000000000000083e-02 2.722489853806554727e+00 2.885692725157678495e+00
5.000000000000000278e-02 2.721949241445023038e+00 2.885044287054580270e+00
5.999999999999999778e-02 2.722408754421190125e+00 2.885109154132886822e+00
7.000000000000000666e-02 2.722072186831335561e+00 2.884936776705880224e+00
8.000000000000000167e-02 2.720986143822874403e+00 2.884810064792429074e+00
8.999999999999999667e-02 2.719964833145299021e+00 2.884545627040705273e+00
1.000000000000000056e-01 2.719638113047919692e+00 2.884493992674507457e+00
1.100000000000000006e-01 2.719422735496031862e+00 2.884656857165825983e+00
1.199999999999999956e-01 2.713871515944015655e+00 2.886967777640808031e+00
1.300000000000000044e-01 2.706161809183588396e+00 2.890730256169804946e+00
1.400000000000000133e-01 2.698087327621925713e+00 2.897255497690688575e+00
1.499999999999999944e-01 2.473755722908691723e+00 3.046946598207040502e+00
1.600000000000000033e-01 2.652461320287518909e+00 2.923631088379091914e+00
1.700000000000000122e-01 2.645382072638483795e+00 2.943498593140630337e+00
1.799999999999999933e-01 3.844487976964597653e+00 3.989384367500658168e+00
1.900000000000000022e-01 3.844938647183317570e+00 3.989032576700311417e+00
2.000000000000000111e-01 3.844784915187237306e+00 3.989059714353206498e+00
2.099999999999999922e-01 3.844609862264417810e+00 3.989150604253984600e+00
2.200000000000000011e-01 3.843715986124777828e+00 3.989332307484841245e+00
2.300000000000000100e-01 3.842933593158378791e+00 3.989519592790946589e+00
2.399999999999999911e-01 3.842469875094187248e+00 3.989488018482434395e+00
2.500000000000000000e-01 3.841938854107183499e+00 3.989487231393533673e+00
2.600000000000000089e-01 3.841390037012801351e+00 3.989550444225564263e+00
2.700000000000000178e-01 3.838626348191832793e+00 3.991139625051880468e+00
2.800000000000000266e-01 3.824936899212939778e+00 3.999318917380230154e+00
2.899999999999999800e-01 3.778064048202880887e+00 4.023051223909011043e+00
2.999999999999999889e-01 3.710842005084485695e+00 4.046683134566812612e+00
3.099999999999999978e-01 3.614684098994342065e+00 4.061141845829876473e+00
3.200000000000000067e-01 3.406658360241254790e+00 4.027966550909677146e+00
3.300000000000000155e-01 3.257548085710664676e+00 3.939312432935575981e+00
3.400000000000000244e-01 3.126518776848891790e+00 3.750531180889030480e+00
3.500000000000000333e-01 3.086439351967288136e+00 3.549887020737217735e+00
3.599999999999999867e-01 3.107466556944830316e+00 3.418270776686685331e+00
3.699999999999999956e-01 3.132601481865660453e+00 3.351174292641862174e+00
3.800000000000000044e-01 3.168273968106682492e+00 3.287478990310256588e+00
3.900000000000000133e-01 3.200473370004948581e+00 3.245132367786113026e+00
4.000000000000000222e-01 3.215743557837154931e+00 3.227275355527255307e+00
4.100000000000000311e-01 3.215743557837154931e+00 3.227275355527255307e+00
4.199999999999999845e-01 3.215743557837154931e+00 3.227275355527255307e+00
4.299999999999999933e-01 3.215743557837154931e+00 3.227275355527255307e+00
4.400000000000000022e-01 3.215743557837154931e+00 3.227275355527255307e+00
4.500000000000000111e-01 3.215743557837154931e+00 3.227275355527255307e+00
4.600000000000000200e-01 3.215743557837154931e+00 3.227275355527255307e+00
4.700000000000000289e-01 3.215743557837154931e+00 3.227275355527255307e+00
4.799999999999999822e-01 3.215743557837154931e+00 3.227275355527255307e+00
4.899999999999999911e-01 3.215743557837154931e+00 3.227275355527255307e+00
5.000000000000000000e-01 3.215743557837154931e+00 3.227275355527255307e+00
5.100000000000000089e-01 3.215743557837154931e+00 3.227275355527255307e+00
5.200000000000000178e-01 3.215743557837154931e+00 3.227275355527255307e+00
5.300000000000000266e-01 3.215743557837154931e+00 3.227275355527255307e+00
5.400000000000000355e-01 3.215743557837154931e+00 3.227275355527255307e+00
5.500000000000000444e-01 3.215743557837154931e+00 3.227275355527255307e+00
5.600000000000000533e-01 3.215743557837154931e+00 3.227275355527255307e+00
5.700000000000000622e-01 3.215743557837154931e+00 3.227275355527255307e+00
5.799999999999999600e-01 3.215743557837154931e+00 3.227275355527255307e+00
5.899999999999999689e-01 3.215743557837154931e+00 3.227275355527255307e+00
5.999999999999999778e-01 3.215743557837154931e+00 3.227275355527255307e+00
6.099999999999999867e-01 3.215743557837154931e+00 3.227275355527255307e+00
6.199999999999999956e-01 3.215743557837154931e+00 3.227275355527255307e+00
6.300000000000000044e-01 3.215743557837154931e+00 3.227275355527255307e+00
6.400000000000000133e-01 3.215743557837154931e+00 3.227275355527255307e+00
6.500000000000000222e-01 3.215743557837154931e+00 3.227275355527255307e+00
6.600000000000000311e-01 3.215743557837154931e+00 3.227275355527255307e+00
6.700000000000000400e-01 3.215743557837154931e+00 3.227275355527255307e+00
6.800000000000000488e-01 3.215743557837154931e+00 3.227275355527255307e+00
6.900000000000000577e-01 3.215743557837154931e+00 3.227275355527255307e+00
7.000000000000000666e-01 3.215743557837154931e+00 3.227275355527255307e+00
7.099999999999999645e-01 3.215743557837154931e+00 3.227275355527255307e+00
7.199999999999999734e-01 3.215743557837154931e+00 3.227275355527255307e+00
7.299999999999999822e-01 3.215743557837154931e+00 3.227275355527255307e+00
7.399999999999999911e-01 3.215743557837154931e+00 3.227275355527255307e+00
7.500000000000000000e-01 3.215741175567712773e+00 3.227274405591878725e+00
7.600000000000000089e-01 3.215737074106953752e+00 3.227272768255450064e+00
7.700000000000000178e-01 3.215735690344970088e+00 3.227272353711922115e+00
7.800000000000000266e-01 3.215735470748736002e+00 3.227272291883634292e+00
7.900000000000000355e-01 3.215735383412442694e+00 3.227272282917894586e+00
8.000000000000000444e-01 3.215735304515110027e+00 3.227272277176631565e+00
8.100000000000000533e-01 3.215735304515110027e+00 3.227272277176631565e+00
8.200000000000000622e-01 3.215734643260197423e+00 3.227272012819095259e+00
8.300000000000000711e-01 3.215732527539829189e+00 3.227271166579624317e+00
8.399999999999999689e-01 3.215732290909705693e+00 3.227271149293960750e+00
8.499999999999999778e-01 3.215728944013888757e+00 3.227270248128597530e+00
8.599999999999999867e-01 3.215726538706609183e+00 3.227269052571466901e+00
8.699999999999999956e-01 3.215724141378668577e+00 3.227267073263855757e+00
8.800000000000000044e-01 3.215722640770222629e+00 3.227266299578402720e+00
8.900000000000000133e-01 3.215720789591814288e+00 3.227264716742490158e+00
9.000000000000000222e-01 3.215715124662699598e+00 3.227261196791348485e+00
9.100000000000000311e-01 3.215705637169171904e+00 3.227256744222353202e+00
9.200000000000000400e-01 3.215705517380862410e+00 3.227256332208485290e+00
9.300000000000000488e-01 3.215704680796987347e+00 3.227255911148660950e+00
9.400000000000000577e-01 3.215702616411584724e+00 3.227255088590246235e+00
9.500000000000000666e-01 3.215701876519272417e+00 3.227254030634810533e+00
9.599999999999999645e-01 3.215700130389269162e+00 3.227252276670400377e+00
9.699999999999999734e-01 3.215698691354934358e+00 3.227250560749824526e+00
9.799999999999999822e-01 3.215697295705961523e+00 3.227250404107881110e+00
9.899999999999999911e-01 3.215695942173715238e+00 3.227249826769117647e+00
1.000000000000000000e+00 3.215692128845375475e+00 3.227247882031279769e+00
1.010000000000000009e+00 3.215690986709019317e+00 3.227247751827815758e+00
1.020000000000000018e+00 3.215686953828514216e+00 3.227246548716842245e+00
1.030000000000000027e+00 3.215685688745719695e+00 3.227245880773323528e+00
1.040000000000000036e+00 3.215684079798623696e+00 3.227244858509138670e+00
1.050000000000000044e+00 3.215682455647342675e+00 3.227244324476367776e+00
1.060000000000000053e+00 3.215676546083580334e+00 3.227242131360877231e+00
1.070000000000000062e+00 3.215672830046756747e+00 3.227240455175297118e+00
1.080000000000000071e+00 3.215672241908556384e+00 3.227240407961362134e+00
1.090000000000000080e+00 3.215670329108558878e+00 3.227239308771766790e+00
1.100000000000000089e+00 3.215667594058776668e+00 3.227238501336311405e+00
1.110000000000000098e+00 3.215666255357237713e+00 3.227237836921242664e+00
1.120000000000000107e+00 3.215666812999760982e+00 3.227238099843943164e+00
1.130000000000000115e+00 3.215666487992503431e+00 3.227237793251774622e+00
1.140000000000000124e+00 3.215665936701042504e+00 3.227237514417426567e+00
1.150000000000000133e+00 3.215665936701042504e+00 3.227237514417426567e+00
1.159999999999999920e+00 3.215665897615334945e+00 3.227237507645705161e+00
1.169999999999999929e+00 3.215665897615334945e+00 3.227237507645705161e+00
1.179999999999999938e+00 3.215665929475705731e+00 3.227237534030992450e+00
1.189999999999999947e+00 3.215665929475705731e+00 3.227237534030992450e+00
1.199999999999999956e+00 3.215665929475705731e+00 3.227237534030992450e+00
1.209999999999999964e+00 3.215665929475705731e+00 3.227237534030992450e+00
1.219999999999999973e+00 3.215665992636091097e+00 3.227237564569109374e+00
1.229999999999999982e+00 3.215665906356293124e+00 3.227237501813453147e+00
1.239999999999999991e+00 3.215666282030342771e+00 3.227237530645133745e+00
1.250000000000000000e+00 3.215666282030342771e+00 3.227237530645133745e+00
1.260000000000000009e+00 3.215666322780899922e+00 3.227237020457930594e+00
1.270000000000000018e+00 3.215666307393696410e+00 3.227236710232112227e+00
1.280000000000000027e+00 3.215665662712519968e+00 3.227234615574413823e+00
1.290000000000000036e+00 3.215665579121774531e+00 3.227234878494078085e+00
1.300000000000000044e+00 3.215665568681772779e+00 3.227234212268773828e+00
1.310000000000000053e+00 3.215665662657102075e+00 3.227234282783189911e+00
1.320000000000000062e+00 3.215665679045251579e+00 3.227234458007284701e+00
1.330000000000000071e+00 3.215664705677926172e+00 3.227234591635763650e+00
1.340000000000000080e+00 3.215664903245682993e+00 3.227234951261763740e+00
1.350000000000000089e+00 3.215663111711542399e+00 3.227235533179242388e+00
1.360000000000000098e+00 3.215662079754686431e+00 3.227235694617414552e+00
1.370000000000000107e+00 3.215662106114135721e+00 3.227235774192108497e+00
1.380000000000000115e+00 3.215660843385369283e+00 3.227236304179518456e+00
1.390000000000000124e+00 3.215660563779426440e+00 3.227236541051315299e+00
1.400000000000000133e+00 3.215660372475405815e+00 3.227236540509442086e+00
1.409999999999999920e+00 3.215651406021488246e+00 3.227249763183223319e+00
1.419999999999999929e+00 3.215617921190638384e+00 3.227303920468907350e+00
1.429999999999999938e+00 3.215479388611792277e+00 3.227502578203202521e+00
1.439999999999999947e+00 3.215256354807930261e+00 3.227821020222587212e+00
1.449999999999999956e+00 3.214720200346110612e+00 3.228595211665035603e+00
1.459999999999999964e+00 3.213838890620354771e+00 3.229892301038618907e+00
1.469999999999999973e+00 3.213322457535583432e+00 3.230688725745361367e+00
1.479999999999999982e+00 3.212677719877110594e+00 3.231710198914659937e+00
1.489999999999999991e+00 3.212100433329936333e+00 3.232635580192212199e+00
1.500000000000000000e+00 3.211575965761346740e+00 3.233532351775961100e+00
1.510000000000000009e+00 3.211514831008204673e+00 3.233667018151989758e+00
1.520000000000000018e+00 3.211191828924921943e+00 3.234303980425091929e+00
1.530000000000000027e+00 3.210786989332672814e+00 3.235064047997954884e+00
1.540000000000000036e+00 3.210344513935673660e+00 3.235920924568545409e+00
1.550000000000000044e+00 3.210235611689067792e+00 3.236159851949237609e+00
1.560000000000000053e+00 3.210030816019736388e+00 3.236598964816369328e+00
1.570000000000000062e+00 3.209870415599339388e+00 3.236984228780276140e+00
1.580000000000000071e+00 3.209595674672512278e+00 3.237620904707523284e+00
1.590000000000000080e+00 3.209400465885870801e+00 3.238094044311768727e+00
1.600000000000000089e+00 3.209261057533208117e+00 3.238448937045153464e+00
1.610000000000000098e+00 3.209183606495251251e+00 3.238683501868853565e+00
1.620000000000000107e+00 3.209097980334983724e+00 3.238906880891097906e+00
1.630000000000000115e+00 3.209012822806621035e+00 3.239124061181759107e+00
1.640000000000000124e+00 3.208920487317387771e+00 3.239400996204073291e+00
1.650000000000000133e+00 3.208902251542476769e+00 3.239461006642909702e+00
1.660000000000000142e+00 3.208800174481983181e+00 3.239670826833133344e+00
1.669999999999999929e+00 3.208591258722967243e+00 3.240115882919603063e+00
1.679999999999999938e+00 3.208434914351356859e+00 3.240544665092574661e+00
1.689999999999999947e+00 3.207411089100415946e+00 3.242022965078775965e+00
1.699999999999999956e+00 3.194755006013452192e+00 3.257570487617910349e+00
1.709999999999999964e+00 3.190337932545810773e+00 3.263531887324184311e+00
1.719999999999999973e+00 3.182685839420522633e+00 3.274101696938310546e+00
1.729999999999999982e+00 3.166132127525042694e+00 3.299789345434475774e+00
1.739999999999999991e+00 3.157127909385228914e+00 3.315977940405344437e+00
1.750000000000000000e+00 3.145520252983345699e+00 3.340104801075683305e+00
1.760000000000000009e+00 3.129220499808508027e+00 3.382946573317331396e+00
1.770000000000000018e+00 3.112915922503815658e+00 3.446133602518691497e+00
1.780000000000000027e+00 3.106745387136686798e+00 3.510059949271928215e+00
1.790000000000000036e+00 3.116863219427136844e+00 3.618958421259851566e+00
1.800000000000000044e+00 3.154706802198360194e+00 3.724296189649631827e+00
1.810000000000000053e+00 3.219851945990119368e+00 3.823541717249359984e+00
1.820000000000000062e+00 3.298791492635846812e+00 3.895661518385767241e+00
1.830000000000000071e+00 3.408447113728092059e+00 3.953886276274158451e+00
1.840000000000000080e+00 3.518318252471879237e+00 3.980822263551756723e+00
1.850000000000000089e+00 3.609979955118126416e+00 3.983300421573691796e+00
1.860000000000000098e+00 3.670269834645397466e+00 3.975365408441417614e+00
1.870000000000000107e+00 3.711367812872606642e+00 3.965914104160589204e+00
1.880000000000000115e+00 3.748380569778900551e+00 3.952464626039047246e+00
1.890000000000000124e+00 3.776089509483254947e+00 3.939972119101606385e+00
1.900000000000000133e+00 3.804083658842949411e+00 3.924069931216330964e+00
1.910000000000000142e+00 3.814001831940093901e+00 3.918020143090805263e+00
1.919999999999999929e+00 3.818445359423156216e+00 3.915144282948975540e+00
1.929999999999999938e+00 3.818752646080096014e+00 3.915074187363545732e+00
1.939999999999999947e+00 3.818884294215783903e+00 3.915126604751005601e+00
1.949999999999999956e+00 3.818962309757527152e+00 3.915152840975467008e+00
1.959999999999999964e+00 3.819021151656299295e+00 3.915196389599651994e+00
1.969999999999999973e+00 3.818999515785928001e+00 3.915166261105780254e+00
1.979999999999999982e+00 3.819018638956418243e+00 3.915186906311640236e+00
1.989999999999999991e+00 3.819004316661631648e+00 3.915176284610951463e+00
2.000000000000000000e+00 3.818990842767985949e+00 3.915145236967770170e+00
2.010000000000000231e+00 3.818983334558550435e+00 3.915124943043645001e+00
2.020000000000000018e+00 3.818985753601663369e+00 3.915129002639181621e+00
2.030000000000000249e+00 3.818985753601663369e+00 3.915129002639181621e+00
2.040000000000000036e+00 3.818985698814245211e+00 3.915128583779481808e+00
2.049999999999999822e+00 3.818985698814245211e+00 3.915128583779481808e+00
2.060000000000000053e+00 3.818985698814245211e+00 3.915128583779481808e+00
2.069999999999999840e+00 3.818985698814245211e+00 3.915128583779481808e+00
2.080000000000000071e+00 3.818985698814245211e+00 3.915128583779481808e+00
2.089999999999999858e+00 3.818985698814245211e+00 3.915128583779481808e+00
2.100000000000000089e+00 3.818985698814245211e+00 3.915128583779481808e+00
2.109999999999999876e+00 3.818985698814245211e+00 3.915128583779481808e+00
2.120000000000000107e+00 3.818984590217803010e+00 3.915123133161332092e+00
2.129999999999999893e+00 3.818983418234378480e+00 3.915114073678463757e+00
2.140000000000000124e+00 3.818985904823604116e+00 3.915117788108524621e+00
2.149999999999999911e+00 3.818992635405238811e+00 3.915126145508114330e+00
2.160000000000000142e+00 3.818998494036490943e+00 3.915122846290772340e+00
2.169999999999999929e+00 3.818999675547255723e+00 3.915120600727425515e+00
2.180000000000000160e+00 3.818995085236504217e+00 3.915103305595443395e+00
2.189999999999999947e+00 3.818994768302318654e+00 3.915105745804432047e+00
2.200000000000000178e+00 3.818992204192000806e+00 3.915098150827568624e+00
2.209999999999999964e+00 3.818993226030616750e+00 3.915093276163787994e+00
2.220000000000000195e+00 3.819022662021756442e+00 3.915102415783762613e+00
2.229999999999999982e+00 3.819038136329326871e+00 3.915115921984042568e+00
2.240000000000000213e+00 3.819034337131530510e+00 3.915117548687904847e+00
2.250000000000000000e+00 3.819055183482599425e+00 3.915134982127714380e+00
2.260000000000000231e+00 3.819058806567943609e+00 3.915141363529407226e+00
2.270000000000000018e+00 3.819070770656233904e+00 3.915188067739838296e+00
2.280000000000000249e+00 3.819071303638837733e+00 3.915189526591874802e+00
2.290000000000000036e+00 3.819082249861659673e+00 3.915217086390553103e+00
2.300000000000000266e+00 3.819106458261323223e+00 3.915279041449713393e+00
2.310000000000000053e+00 3.819109081645414072e+00 3.915342997855738361e+00
2.319999999999999840e+00 3.819129747247456130e+00 3.915443827667476562e+00
2.330000000000000071e+00 3.819143867170559759e+00 3.915499303162349065e+00
2.339999999999999858e+00 3.819154463936516919e+00 3.915624963920881996e+00
2.350000000000000089e+00 3.819156195217587868e+00 3.915737013114473530e+00
2.359999999999999876e+00 3.819134742241601543e+00 3.915884867367048550e+00
2.370000000000000107e+00 3.819127882181279077e+00 3.916002482746966606e+00
2.379999999999999893e+00 3.819122522835205036e+00 3.916007883201171769e+00
2.390000000000000124e+00 3.819121811344651451e+00 3.915990524542304119e+00
2.399999999999999911e+00 3.814653167275517731e+00 3.919440271545321153e+00
2.410000000000000142e+00 3.795635222220698157e+00 3.933896762537678615e+00
2.419999999999999929e+00 3.784406364420276336e+00 3.942047230793613632e+00
2.430000000000000160e+00 3.759830884166737164e+00 3.958690534118632698e+00
2.439999999999999947e+00 3.733390771967179944e+00 3.975359057477705349e+00
2.450000000000000178e+00 3.704700464965358542e+00 3.992012308720096492e+00
2.459999999999999964e+00 3.654450099192454005e+00 4.018628500956700655e+00
2.470000000000000195e+00 3.575347867401927004e+00 4.051865174008518977e+00
2.479999999999999982e+00 3.392518952663908571e+00 4.095879456998337886e+00
2.490000000000000213e+00 3.068164858711761145e+00 4.073598496114211542e+00
2.500000000000000000e+00 2.793400860013315778e+00 3.945665882330587237e+00
2.510000000000000231e+00 2.596122141808246298e+00 3.752553744255329171e+00
2.520000000000000018e+00 2.461799972740058351e+00 3.529666334251518656e+00
2.530000000000000249e+00 2.413657323499388330e+00 3.342658652929597185e+00
2.540000000000000036e+00 2.406992275849898277e+00 3.193503700030724701e+00
2.550000000000000266e+00 2.421577673501080330e+00 3.076930733796053641e+00
2.560000000000000053e+00 2.441892280749689004e+00 2.993456316171278164e+00
2.569999999999999840e+00 2.456738266700612350e+00 2.947620236388338810e+00
2.580000000000000071e+00 2.478983446652625489e+00 2.892573220303322756e+00
2.589999999999999858e+00 2.515137425288422879e+00 2.821785152517096495e+00
2.600000000000000089e+00 2.532019455257125351e+00 2.794473732818893552e+00
2.609999999999999876e+00 2.546633198109173879e+00 2.770139652242159745e+00
2.620000000000000107e+00 2.556675588548921851e+00 2.753646003472066894e+00
2.629999999999999893e+00 2.556218510669138411e+00 2.753028486949537168e+00
2.640000000000000124e+00 2.555006245263633513e+00 2.752261590920868084e+00
2.649999999999999911e+00 2.553316098812942858e+00 2.752312693391913978e+00
2.660000000000000142e+00 2.553455504130813569e+00 2.751831967797782941e+00
2.669999999999999929e+00 2.554137318570864679e+00 2.751192500774609861e+00
2.680000000000000160e+00 2.555752510304499125e+00 2.750447219133328680e+00
2.689999999999999947e+00 2.554598037940029265e+00 2.750150446762081202e+00
2.700000000000000178e+00 2.549078799971471909e+00 2.750574163495172364e+00
2.709999999999999964e+00 2.547889923291782210e+00 2.750778650764843292e+00
2.720000000000000195e+00 2.547390856267996551e+00 2.750891115954331223e+00
2.729999999999999982e+00 2.546327024918177528e+00 2.751182805618665128e+00
2.740000000000000213e+00 2.523452148948007956e+00 2.793202045645421183e+00
2.750000000000000000e+00 2.509278593983797379e+00 2.829848974547238605e+00
2.760000000000000231e+00 2.504722644383476471e+00 2.843686757452918989e+00
2.770000000000000018e+00 2.495766958823233406e+00 2.873249956564873475e+00
2.780000000000000249e+00 2.491928864963025347e+00 2.880984966437845962e+00
2.790000000000000036e+00 2.482371565385295575e+00 2.904605824522541013e+00
2.800000000000000266e+00 2.469319051347606653e+00 2.936802765359050937e+00
2.810000000000000053e+00 2.453730111307984352e+00 3.037692702581995974e+00
2.819999999999999840e+00 2.458743016188421393e+00 3.115146061551294032e+00
2.830000000000000071e+00 2.463996229281935069e+00 3.178561450166192959e+00
2.839999999999999858e+00 2.486794424221606015e+00 3.277271072728543899e+00
2.850000000000000089e+00 2.511082811661247138e+00 3.349381016907211350e+00
2.859999999999999876e+00 2.543496693987288726e+00 3.424234507108292025e+00
2.870000000000000107e+00 2.595669640793925037e+00 3.513712277350301338e+00
2.879999999999999893e+00 2.677078264742116520e+00 3.609828231930513720e+00
2.890000000000000124e+00 2.772330694791506289e+00 3.690614645140935401e+00
2.899999999999999911e+00 2.854545595052599083e+00 3.739277197496534200e+00
2.910000000000000142e+00 2.921881435703955976e+00 3.770242797332084894e+00
2.919999999999999929e+00 2.950234047334297838e+00 3.835274084844485731e+00
2.930000000000000160e+00 3.168506796259548786e+00 3.817975696359011906e+00
2.939999999999999947e+00 3.299336089107808068e+00 3.809335086696330475e+00
2.950000000000000178e+00 3.401074646922562117e+00 3.782769919222380928e+00
2.959999999999999964e+00 3.463933478447772885e+00 3.757047142179630761e+00
2.970000000000000195e+00 3.497625281723310664e+00 3.740165743638703688e+00
2.979999999999999982e+00 3.516035023084175926e+00 3.730230805959212859e+00
2.990000000000000213e+00 3.548621791337721376e+00 3.710166624771363608e+00
3.000000000000000000e+00 3.627306770247892942e+00 3.647951602197213816e+00
