0.000000000000000000e+00 1.550464085425436456e-01
1.000000000000000021e-02 9.873866396325826633e-01
2.000000000000000042e-02 9.873856887549161687e-01
2.999999999999999889e-02 9.873896693795919388e-01
4.000000000000000083e-02 3.185355575585365084e+00
5.000000000000000278e-02 3.186208724331855979e+00
5.999999999999999778e-02 3.187063749485016029e+00
7.000000000000000666e-02 3.188344055068492722e+00
8.000000000000000167e-02 3.188942862231731290e+00
8.999999999999999667e-02 3.189020111856460726e+00
1.000000000000000056e-01 3.189073431773185696e+00
1.100000000000000006e-01 3.189073110213279882e+00
1.199999999999999956e-01 3.189073110213279882e+00
1.300000000000000044e-01 3.189073029823303429e+00
1.400000000000000133e-01 3.189072530279159601e+00
1.499999999999999944e-01 3.189072530279159601e+00
1.600000000000000033e-01 3.189072296056747469e+00
1.700000000000000122e-01 3.189072296056747469e+00
1.799999999999999933e-01 3.189072452676296354e+00
1.900000000000000022e-01 3.189072452676296354e+00
2.000000000000000111e-01 3.189072452676296354e+00
2.099999999999999922e-01 3.189072452676296354e+00
2.200000000000000011e-01 3.189072452676296354e+00
2.300000000000000100e-01 3.189073196251392517e+00
2.399999999999999911e-01 3.189073196251392517e+00
2.500000000000000000e-01 3.189073461813926702e+00
2.600000000000000089e-01 3.189073210408687409e+00
2.700000000000000178e-01 3.189073618063926752e+00
2.800000000000000266e-01 3.189073618063926752e+00
2.899999999999999800e-01 3.189073683969974482e+00
2.999999999999999889e-01 3.189073831734657194e+00
3.099999999999999978e-01 3.189079403994083517e+00
3.200000000000000067e-01 3.189080863881111227e+00
3.300000000000000155e-01 3.189083061971664357e+00
3.400000000000000244e-01 3.189082245049476683e+00
3.500000000000000333e-01 3.189080468599796436e+00
3.599999999999999867e-01 3.189078736584186391e+00
3.699999999999999956e-01 3.189077498404979671e+00
3.800000000000000044e-01 3.189077070262432034e+00
3.900000000000000133e-01 3.189064281001090961e+00
4.000000000000000222e-01 3.189039068381786191e+00
4.100000000000000311e-01 3.189013540415763792e+00
4.199999999999999845e-01 3.188980971426963684e+00
4.299999999999999933e-01 3.188956651670932896e+00
4.400000000000000022e-01 3.188925246808528957e+00
4.500000000000000111e-01 3.188896354551315149e+00
4.600000000000000200e-01 3.188887641518116212e+00
4.700000000000000289e-01 3.188853191537857068e+00
4.799999999999999822e-01 3.188809194984436157e+00
4.899999999999999911e-01 3.188776277935505110e+00
5.000000000000000000e-01 3.188737550001144339e+00
5.100000000000000089e-01 3.188711042249202876e+00
5.200000000000000178e-01 3.188659417433738597e+00
5.300000000000000266e-01 3.188607884328365394e+00
5.400000000000000355e-01 3.188562419953346438e+00
5.500000000000000444e-01 3.188455258419513605e+00
5.600000000000000533e-01 3.188388815140724031e+00
5.700000000000000622e-01 3.188290647234916619e+00
5.799999999999999600e-01 3.188204390118122067e+00
5.899999999999999689e-01 3.188097949371337947e+00
5.999999999999999778e-01 3.188024712598323873e+00
6.099999999999999867e-01 3.187952449505329078e+00
6.199999999999999956e-01 3.187851802291870040e+00
6.300000000000000044e-01 3.187762309601307020e+00
6.400000000000000133e-01 3.187727950553894019e+00
6.500000000000000222e-01 3.187701272532939889e+00
6.600000000000000311e-01 3.187683766813278030e+00
6.700000000000000400e-01 3.187613255295753678e+00
6.800000000000000488e-01 3.187576017189025723e+00
6.900000000000000577e-01 3.187517782421112056e+00
7.000000000000000666e-01 3.187399195530414620e+00
7.099999999999999645e-01 3.187279946289062416e+00
7.199999999999999734e-01 3.187236211209297121e+00
7.299999999999999822e-01 3.187197602615356562e+00
7.399999999999999911e-01 3.187116968491077618e+00
7.500000000000000000e-01 3.187065443091392503e+00
7.600000000000000089e-01 3.187029495897292897e+00
7.700000000000000178e-01 3.187042514784335978e+00
7.800000000000000266e-01 3.186968630316257656e+00
7.900000000000000355e-01 3.186912270815372317e+00
8.000000000000000444e-01 3.186754377558231432e+00
8.100000000000000533e-01 3.186460182416439135e+00
8.200000000000000622e-01 3.185814329452514748e+00
8.300000000000000711e-01 3.185424933340549547e+00
8.399999999999999689e-01 3.185314115958213677e+00
8.499999999999999778e-01 3.185254877378940641e+00
8.599999999999999867e-01 3.186434608833789817e+00
8.699999999999999956e-01 3.189022323131561087e+00
8.800000000000000044e-01 3.194439364271163928e+00
8.900000000000000133e-01 3.201363326859474334e+00
9.000000000000000222e-01 3.215824683413505358e+00
9.100000000000000311e-01 3.232196734762191603e+00
9.200000000000000400e-01 3.250020022635459860e+00
9.300000000000000488e-01 3.274234409532546852e+00
9.400000000000000577e-01 3.298772753462791307e+00
9.500000000000000666e-01 3.322845819051265526e+00
9.599999999999999645e-01 3.343582500293254878e+00
9.699999999999999734e-01 3.361897272338867371e+00
9.799999999999999822e-01 3.380127129516601769e+00
9.899999999999999911e-01 3.391590531404018449e+00
1.000000000000000000e+00 3.397629895601272487e+00
1.010000000000000009e+00 3.400421714622974267e+00
1.020000000000000018e+00 3.402696491696834524e+00
1.030000000000000027e+00 3.404261437883377095e+00
1.040000000000000036e+00 3.404981549484729975e+00
1.050000000000000044e+00 3.405357020137310009e+00
1.060000000000000053e+00 3.405436843428611748e+00
1.070000000000000062e+00 3.405557206435203543e+00
1.080000000000000071e+00 3.405598231170177570e+00
1.090000000000000080e+00 3.405588041136264899e+00
1.100000000000000089e+00 3.405604023203849806e+00
1.110000000000000098e+00 3.405599995419978931e+00
1.120000000000000107e+00 3.405599461784362791e+00
1.130000000000000115e+00 3.405571773004532066e+00
1.140000000000000124e+00 3.405494696745872574e+00
1.150000000000000133e+00 3.405416352365016941e+00
1.159999999999999920e+00 3.405293177840709617e+00
1.169999999999999929e+00 3.405224200019836278e+00
1.179999999999999938e+00 3.405166346116065945e+00
1.189999999999999947e+00 3.405133601884841710e+00
1.199999999999999956e+00 3.405083502094745640e+00
1.209999999999999964e+00 3.405078961732387555e+00
1.219999999999999973e+00 3.405083161802291869e+00
1.229999999999999982e+00 3.405080816924571874e+00
1.239999999999999991e+00 3.405079858467578990e+00
1.250000000000000000e+00 3.405080815498828795e+00
1.260000000000000009e+00 3.405081516439914857e+00
1.270000000000000018e+00 3.405083224132061215e+00
1.280000000000000027e+00 3.405084101967811527e+00
1.290000000000000036e+00 3.405090525825023473e+00
1.300000000000000044e+00 3.405093219935893867e+00
1.310000000000000053e+00 3.405094716253280751e+00
1.320000000000000062e+00 3.405100037612915020e+00
1.330000000000000071e+00 3.405099515624046447e+00
1.340000000000000080e+00 3.405099162094593179e+00
1.350000000000000089e+00 3.405094280800819551e+00
1.360000000000000098e+00 3.405095663602351941e+00
1.370000000000000107e+00 3.405093713839054015e+00
1.380000000000000115e+00 3.405093140337467350e+00
1.390000000000000124e+00 3.405091988592147789e+00
1.400000000000000133e+00 3.405087794966697778e+00
1.409999999999999920e+00 3.405085499238968083e+00
1.419999999999999929e+00 3.405085166754722614e+00
1.429999999999999938e+00 3.405081784458160232e+00
1.439999999999999947e+00 3.405077096736431219e+00
1.449999999999999956e+00 3.405074054331779454e+00
1.459999999999999964e+00 3.405071875424384942e+00
1.469999999999999973e+00 3.405071112134456790e+00
1.479999999999999982e+00 3.405066683723926513e+00
1.489999999999999991e+00 3.405057788703441446e+00
1.500000000000000000e+00 3.405048452880382381e+00
1.510000000000000009e+00 3.405039533195495682e+00
1.520000000000000018e+00 3.405034256215095478e+00
1.530000000000000027e+00 3.405032368934154619e+00
1.540000000000000036e+00 3.405029525823592973e+00
1.550000000000000044e+00 3.405029372999667903e+00
1.560000000000000053e+00 3.405029470109939727e+00
1.570000000000000062e+00 3.405026679294109293e+00
1.580000000000000071e+00 3.405021635935306712e+00
1.590000000000000080e+00 3.405020181777477450e+00
1.600000000000000089e+00 3.405012199718952193e+00
1.610000000000000098e+00 3.405007540044784342e+00
1.620000000000000107e+00 3.405003109612465106e+00
1.630000000000000115e+00 3.405003323540687354e+00
1.640000000000000124e+00 3.405004095842838474e+00
1.650000000000000133e+00 3.405004035332202861e+00
1.660000000000000142e+00 3.405004182341098584e+00
1.669999999999999929e+00 3.405004182341098584e+00
1.679999999999999938e+00 3.405004235918521971e+00
1.689999999999999947e+00 3.405004235918521971e+00
1.699999999999999956e+00 3.405004041438102647e+00
1.709999999999999964e+00 3.405004041438102647e+00
1.719999999999999973e+00 3.405003926544189596e+00
1.729999999999999982e+00 3.404999233441353024e+00
1.739999999999999991e+00 3.404999112598896094e+00
1.750000000000000000e+00 3.404996634116172594e+00
1.760000000000000009e+00 3.404994168500900198e+00
1.770000000000000018e+00 3.404976605668068146e+00
1.780000000000000027e+00 3.404962077107429597e+00
1.790000000000000036e+00 3.404958918578624871e+00
1.800000000000000044e+00 3.404950546946525769e+00
1.810000000000000053e+00 3.404949798245429982e+00
1.820000000000000062e+00 3.404942284600734670e+00
1.830000000000000071e+00 3.405025917694568527e+00
1.840000000000000080e+00 3.405215601985454477e+00
1.850000000000000089e+00 3.405510115182399655e+00
1.860000000000000098e+00 3.405978330466747472e+00
1.870000000000000107e+00 3.406736396732330530e+00
1.880000000000000115e+00 3.407263740770816618e+00
1.890000000000000124e+00 3.407894528186321104e+00
1.900000000000000133e+00 3.408631012074947453e+00
1.910000000000000142e+00 3.409745554771423492e+00
1.919999999999999929e+00 3.410279303123950889e+00
1.929999999999999938e+00 3.411210903434753305e+00
1.939999999999999947e+00 3.413000459229946326e+00
1.949999999999999956e+00 3.415022615790367144e+00
1.959999999999999964e+00 3.417273446702957074e+00
1.969999999999999973e+00 3.421307068319320521e+00
1.979999999999999982e+00 3.424730611019134674e+00
1.989999999999999991e+00 3.428995431838035568e+00
2.000000000000000000e+00 3.433440334463119470e+00
2.010000000000000231e+00 3.440322395107746178e+00
2.020000000000000018e+00 3.451648417284488790e+00
2.030000000000000249e+00 3.464015779936313599e+00
2.040000000000000036e+00 3.481005624587536040e+00
2.049999999999999822e+00 3.502286554412841646e+00
2.060000000000000053e+00 3.530880853714942980e+00
2.069999999999999840e+00 3.559960760705470850e+00
2.080000000000000071e+00 3.582533138010501883e+00
2.089999999999999858e+00 3.614461867527961836e+00
2.100000000000000089e+00 3.645492243549823819e+00
2.109999999999999876e+00 3.677852323622703423e+00
2.120000000000000107e+00 3.711489331662654934e+00
2.129999999999999893e+00 3.743270016748905249e+00
2.140000000000000124e+00 3.772457956824302627e+00
2.149999999999999911e+00 3.802139317836761290e+00
2.160000000000000142e+00 3.822206531641483274e+00
2.169999999999999929e+00 3.843429012782573650e+00
2.180000000000000160e+00 3.856984537599086771e+00
2.189999999999999947e+00 3.868115908904075528e+00
2.200000000000000178e+00 3.880495585451126050e+00
2.209999999999999964e+00 3.895044336674213348e+00
2.220000000000000195e+00 3.904349702801704236e+00
2.229999999999999982e+00 3.908209058761596744e+00
2.240000000000000213e+00 3.909961130499839843e+00
2.250000000000000000e+00 3.911378285067081517e+00
2.260000000000000231e+00 3.912914146506786484e+00
2.270000000000000018e+00 3.914202608203888101e+00
2.280000000000000249e+00 3.914806856102943211e+00
2.290000000000000036e+00 3.916082010776996469e+00
2.300000000000000266e+00 3.918674823365211335e+00
2.310000000000000053e+00 3.919039417676925652e+00
2.319999999999999840e+00 3.918905329160690343e+00
2.330000000000000071e+00 3.918250974736213532e+00
2.339999999999999858e+00 3.917611001565456608e+00
2.350000000000000089e+00 3.917116589446067998e+00
2.359999999999999876e+00 3.916745865197181597e+00
2.370000000000000107e+00 3.916296475353240769e+00
2.379999999999999893e+00 3.915923794231414679e+00
2.390000000000000124e+00 3.915621544635295770e+00
2.399999999999999911e+00 3.915459670259952674e+00
2.410000000000000142e+00 3.915187093653679007e+00
2.419999999999999929e+00 3.914990967175960623e+00
2.430000000000000160e+00 3.914756679944991991e+00
2.439999999999999947e+00 3.914584897587299217e+00
2.450000000000000178e+00 3.914457810614109246e+00
2.459999999999999964e+00 3.914474510400295149e+00
2.470000000000000195e+00 3.914570521860122554e+00
2.479999999999999982e+00 3.914510999302863947e+00
2.490000000000000213e+00 3.914440232167244016e+00
2.500000000000000000e+00 3.914303449690342163e+00
2.510000000000000231e+00 3.914220710563659722e+00
2.520000000000000018e+00 3.914145251984596285e+00
2.530000000000000249e+00 3.914107111039161868e+00
2.540000000000000036e+00 3.913973899757861918e+00
2.550000000000000266e+00 3.913765763237476492e+00
2.560000000000000053e+00 3.913591207425594298e+00
2.569999999999999840e+00 3.913375167028903867e+00
2.580000000000000071e+00 3.913197970323562647e+00
2.589999999999999858e+00 3.912629626441002095e+00
2.600000000000000089e+00 3.911436834642886939e+00
2.609999999999999876e+00 3.910569676282405815e+00
2.620000000000000107e+00 3.908399712719917485e+00
2.629999999999999893e+00 3.906606688020229257e+00
2.640000000000000124e+00 3.905710544857978750e+00
2.649999999999999911e+00 3.904653993694782166e+00
2.660000000000000142e+00 3.904344766511917086e+00
2.669999999999999929e+00 3.904011113426685498e+00
2.680000000000000160e+00 3.903566408264636856e+00
2.689999999999999947e+00 3.903384777588844390e+00
2.700000000000000178e+00 3.903270562453269754e+00
2.709999999999999964e+00 3.902996862616538998e+00
2.720000000000000195e+00 3.902341523549556879e+00
2.729999999999999982e+00 3.900509601979255780e+00
2.740000000000000213e+00 3.899396249163150863e+00
2.750000000000000000e+00 3.898247580883503094e+00
2.760000000000000231e+00 3.897097636971473822e+00
2.770000000000000018e+00 3.895068602261543056e+00
2.780000000000000249e+00 3.894056134700774940e+00
2.790000000000000036e+00 3.889469370572566920e+00
2.800000000000000266e+00 3.884044733619690160e+00
2.810000000000000053e+00 3.873683394341469022e+00
2.819999999999999840e+00 3.842587122812270994e+00
2.830000000000000071e+00 3.800696790153980320e+00
2.839999999999999858e+00 3.753871211937665819e+00
2.850000000000000089e+00 3.665407903113365062e+00
2.859999999999999876e+00 3.518916538001298999e+00
2.870000000000000107e+00 3.408075804762840111e+00
2.879999999999999893e+00 3.308412960637807654e+00
2.890000000000000124e+00 3.131238393783569496e+00
2.899999999999999911e+00 2.962522934502363370e+00
2.910000000000000142e+00 2.784090307875871861e+00
2.919999999999999929e+00 2.648911801681518519e+00
2.930000000000000160e+00 2.630455550590753422e+00
2.939999999999999947e+00 2.684532011263370599e+00
2.950000000000000178e+00 2.742375392799377476e+00
2.959999999999999964e+00 2.825655355157852267e+00
2.970000000000000195e+00 2.962937565674781837e+00
2.979999999999999982e+00 3.159178154425620999e+00
2.990000000000000213e+00 3.438836546392440852e+00
3.000000000000000000e+00 3.775146413428783543e+00
