0.000000000000000000e+00 1.320252859569009063e+00 1.415941959762159863e+00
1.000000000000000021e-02 1.320252859569009063e+00 1.415941959762159863e+00
2.000000000000000042e-02 1.320252859569009063e+00 1.415941959762159863e+00
2.999999999999999889e-02 1.318347838863456190e+00 1.417068554345047637e+00
4.000000000000000083e-02 9.874793299174446926e-01 2.378432687511430110e+00
5.000000000000000278e-02 3.224480277092433678e+00 3.287319928247951939e+00
5.999999999999999778e-02 3.224485322631144957e+00 3.287320740634655625e+00
7.000000000000000666e-02 3.224496296456862421e+00 3.287322127801369565e+00
8.000000000000000167e-02 3.224505839937892748e+00 3.287322617560657800e+00
8.999999999999999667e-02 3.224576625974848287e+00 3.287324284664914220e+00
1.000000000000000056e-01 3.224648850170850789e+00 3.287308417390108151e+00
1.100000000000000006e-01 3.224796874432719118e+00 3.287332036151731085e+00
1.199999999999999956e-01 3.224838474990012749e+00 3.287330537093994920e+00
1.300000000000000044e-01 3.224995074750643287e+00 3.287345470793981317e+00
1.400000000000000133e-01 3.225169713741308897e+00 3.287368132328026604e+00
1.499999999999999944e-01 3.225274780929983098e+00 3.287383693563044051e+00
1.600000000000000033e-01 3.225469152197231182e+00 3.287365653238903285e+00
1.700000000000000122e-01 3.225583884880493635e+00 3.287364236247588778e+00
1.799999999999999933e-01 3.225645649039598606e+00 3.287383512609151293e+00
1.900000000000000022e-01 3.225687579059949961e+00 3.287392074465402381e+00
2.000000000000000111e-01 3.225759047415652780e+00 3.287411029445729049e+00
2.099999999999999922e-01 3.225869525105433233e+00 3.287435006506963298e+00
2.200000000000000011e-01 3.225951582463465694e+00 3.287450514375485522e+00
2.300000000000000100e-01 3.225954670825748494e+00 3.287449134344310409e+00
2.399999999999999911e-01 3.225963001265384822e+00 3.287454211592815145e+00
2.500000000000000000e-01 3.225984877530843065e+00 3.287469422300547173e+00
2.600000000000000089e-01 3.226051100850910736e+00 3.287479803413539514e+00
2.700000000000000178e-01 3.226053549444074076e+00 3.287478587039118327e+00
2.800000000000000266e-01 3.226081368235792279e+00 3.287479214206491474e+00
2.899999999999999800e-01 3.226088761854491782e+00 3.287479501561798134e+00
2.999999999999999889e-01 3.226133552089667234e+00 3.287490871418977001e+00
3.099999999999999978e-01 3.226162237267257371e+00 3.287500094394920414e+00
3.200000000000000067e-01 3.226195470623165917e+00 3.287514698983042827e+00
3.300000000000000155e-01 3.226226551282931787e+00 3.287527154662083007e+00
3.400000000000000244e-01 3.226228511575539581e+00 3.287527915888945440e+00
3.500000000000000333e-01 3.226233250391413065e+00 3.287529740712712645e+00
3.599999999999999867e-01 3.226236603620145971e+00 3.287531731874849150e+00
3.699999999999999956e-01 3.226236603620145971e+00 3.287531731874849150e+00
3.800000000000000044e-01 3.226236603620145971e+00 3.287531731874849150e+00
3.900000000000000133e-01 3.226236603620145971e+00 3.287531731874849150e+00
4.000000000000000222e-01 3.226237429792276235e+00 3.287532130129942498e+00
4.100000000000000311e-01 3.226237429792276235e+00 3.287532130129942498e+00
4.199999999999999845e-01 3.226254750400742832e+00 3.287539110163489209e+00
4.299999999999999933e-01 3.226260402863098342e+00 3.287541474144386022e+00
4.400000000000000022e-01 3.226260783531870846e+00 3.287541471035275276e+00
4.500000000000000111e-01 3.226264093464799476e+00 3.287543031135611304e+00
4.600000000000000200e-01 3.226271818179400785e+00 3.287545693937031555e+00
4.700000000000000289e-01 3.226278624841696363e+00 3.287548119490617538e+00
4.799999999999999822e-01 3.226278593211524548e+00 3.287547818154938017e+00
4.899999999999999911e-01 3.226430008206911726e+00 3.287569622229985722e+00
5.000000000000000000e-01 3.226489717843644023e+00 3.287570242507346308e+00
5.100000000000000089e-01 3.226528332669926336e+00 3.287695777842807310e+00
5.200000000000000178e-01 3.226900257793305471e+00 3.288179315194250663e+00
5.300000000000000266e-01 3.227184114676316717e+00 3.288326698931852476e+00
5.400000000000000355e-01 3.227273477683723524e+00 3.288575421280204747e+00
5.500000000000000444e-01 3.227991083645167958e+00 3.289449639216121657e+00
5.600000000000000533e-01 3.228412571480495874e+00 3.290776969349162417e+00
5.700000000000000622e-01 3.229501154587608447e+00 3.292395456211226978e+00
5.799999999999999600e-01 3.230609607338328804e+00 3.293918494001011776e+00
5.899999999999999689e-01 3.231284050066976832e+00 3.296219686395616577e+00
5.999999999999999778e-01 3.231701073554552384e+00 3.298499489685498443e+00
6.099999999999999867e-01 3.232604198164127141e+00 3.300384673448421680e+00
6.199999999999999956e-01 3.233361931295734681e+00 3.301897636971133476e+00
6.300000000000000044e-01 3.233875255811041072e+00 3.303496205465966895e+00
6.400000000000000133e-01 3.234079360296532979e+00 3.304316409523680331e+00
6.500000000000000222e-01 3.234468151087330767e+00 3.306919776406718192e+00
6.600000000000000311e-01 3.233960240208335613e+00 3.309535296371749702e+00
6.700000000000000400e-01 3.234001052619255745e+00 3.309865146988593132e+00
6.800000000000000488e-01 3.234268494545869732e+00 3.310467977250165728e+00
6.900000000000000577e-01 3.234043208633938349e+00 3.311396332477054116e+00
7.000000000000000666e-01 3.233894408463482417e+00 3.312277976199145879e+00
7.099999999999999645e-01 3.233375315791404248e+00 3.314250579260551888e+00
7.199999999999999734e-01 3.232873653490791810e+00 3.317320667922248667e+00
7.299999999999999822e-01 3.232860408514247386e+00 3.319305105106129528e+00
7.399999999999999911e-01 3.232943180164907115e+00 3.321607940087702548e+00
7.500000000000000000e-01 3.232618944556154172e+00 3.324101879933439196e+00
7.600000000000000089e-01 3.231999200493809177e+00 3.330954067724230860e+00
7.700000000000000178e-01 3.232176752991483770e+00 3.338069974670602402e+00
7.800000000000000266e-01 3.232921851633534072e+00 3.347907720419421640e+00
7.900000000000000355e-01 3.234827919404077878e+00 3.357786029742193090e+00
8.000000000000000444e-01 3.237519372193396361e+00 3.367727466142594661e+00
8.100000000000000533e-01 3.241718421328322552e+00 3.378600924241287995e+00
8.200000000000000622e-01 3.246031178808476803e+00 3.387380849270556382e+00
8.300000000000000711e-01 3.250966901909635887e+00 3.395896846097184785e+00
8.399999999999999689e-01 3.260979016421931220e+00 3.408026592837674507e+00
8.499999999999999778e-01 3.270918470399996725e+00 3.417729610096790882e+00
8.599999999999999867e-01 3.280766531852585377e+00 3.426224754787581706e+00
8.699999999999999956e-01 3.289944405302149821e+00 3.432119667759792936e+00
8.800000000000000044e-01 3.299864512269180761e+00 3.437739283907729426e+00
8.900000000000000133e-01 3.307466410904433385e+00 3.441336919340584277e+00
9.000000000000000222e-01 3.315391329029712342e+00 3.444397178770389534e+00
9.100000000000000311e-01 3.325081768724356568e+00 3.446912429774369624e+00
9.200000000000000400e-01 3.332076304166465608e+00 3.447820097267479067e+00
9.300000000000000488e-01 3.338756107109957849e+00 3.448304338384694301e+00
9.400000000000000577e-01 3.343661548884741652e+00 3.448847176596291586e+00
9.500000000000000666e-01 3.349255290265026552e+00 3.449261856775340362e+00
9.599999999999999645e-01 3.353274575695996518e+00 3.449218293080324571e+00
9.699999999999999734e-01 3.355732916052536652e+00 3.448999159681601867e+00
9.799999999999999822e-01 3.357531141485485371e+00 3.449132435379710593e+00
9.899999999999999911e-01 3.359936531222627032e+00 3.449175079805090860e+00
1.000000000000000000e+00 3.361415441372396007e+00 3.448853610317705876e+00
1.010000000000000009e+00 3.364331506999468591e+00 3.448775463372731220e+00
1.020000000000000018e+00 3.366779429703451676e+00 3.448747938298486027e+00
1.030000000000000027e+00 3.370122015467239773e+00 3.448644230546401790e+00
1.040000000000000036e+00 3.372076121454957054e+00 3.448372994078871656e+00
1.050000000000000044e+00 3.372449214132858142e+00 3.448334375277923858e+00
1.060000000000000053e+00 3.374092815998688266e+00 3.448305422235831585e+00
1.070000000000000062e+00 3.374550536390462874e+00 3.448295938710054465e+00
1.080000000000000071e+00 3.374744139695473155e+00 3.448278573221854604e+00
1.090000000000000080e+00 3.375736160794494456e+00 3.448222977842094306e+00
1.100000000000000089e+00 3.375780389983175311e+00 3.448224627740861692e+00
1.110000000000000098e+00 3.375962050564682571e+00 3.448221070448958869e+00
1.120000000000000107e+00 3.376126901246769396e+00 3.448227371853130219e+00
1.130000000000000115e+00 3.376449593384985182e+00 3.448196955849404777e+00
1.140000000000000124e+00 3.376834133228973744e+00 3.448144891119285571e+00
1.150000000000000133e+00 3.377100087022333774e+00 3.448129853725880878e+00
1.159999999999999920e+00 3.377395609101676577e+00 3.448081337581253791e+00
1.169999999999999929e+00 3.377383935162581174e+00 3.448086267893754275e+00
1.179999999999999938e+00 3.377418236254676742e+00 3.448084150105491297e+00
1.189999999999999947e+00 3.377578764817287471e+00 3.448070895383785306e+00
1.199999999999999956e+00 3.377679190669918619e+00 3.448074826191996678e+00
1.209999999999999964e+00 3.377812598281478618e+00 3.448076961655044403e+00
1.219999999999999973e+00 3.377812454731457859e+00 3.448087939183718920e+00
1.229999999999999982e+00 3.377934842416934202e+00 3.448106383545704645e+00
1.239999999999999991e+00 3.377934194001241064e+00 3.448116264601664316e+00
1.250000000000000000e+00 3.378036076246282882e+00 3.448117626165368321e+00
1.260000000000000009e+00 3.378093242517268724e+00 3.448120788697444983e+00
1.270000000000000018e+00 3.378177582477592367e+00 3.448152787867523550e+00
1.280000000000000027e+00 3.378176146881086694e+00 3.448178997853295513e+00
1.290000000000000036e+00 3.378174759973759489e+00 3.448225331536059368e+00
1.300000000000000044e+00 3.378174641685352864e+00 3.448227036667003365e+00
1.310000000000000053e+00 3.378196350799664849e+00 3.448306179212465850e+00
1.320000000000000062e+00 3.378439413040691175e+00 3.448619536806530217e+00
1.330000000000000071e+00 3.378517746021392654e+00 3.448722385862228457e+00
1.340000000000000080e+00 3.378514872446161554e+00 3.448783687577146040e+00
1.350000000000000089e+00 3.378725654295590353e+00 3.448986078163478020e+00
1.360000000000000098e+00 3.378979672560600278e+00 3.449178595790954205e+00
1.370000000000000107e+00 3.379789150225659622e+00 3.449892522328356304e+00
1.380000000000000115e+00 3.380510453044530905e+00 3.450496285251023920e+00
1.390000000000000124e+00 3.380902478575652292e+00 3.450832333908135485e+00
1.400000000000000133e+00 3.381584459091298012e+00 3.451358857220538479e+00
1.409999999999999920e+00 3.381813217847553954e+00 3.451532430536540463e+00
1.419999999999999929e+00 3.382998963392640501e+00 3.452179245497320803e+00
1.429999999999999938e+00 3.383837628470117931e+00 3.452374332889859954e+00
1.439999999999999947e+00 3.384219536206122925e+00 3.452650792530182144e+00
1.449999999999999956e+00 3.384511696503484046e+00 3.452808687345659600e+00
1.459999999999999964e+00 3.385290969674499273e+00 3.453405142796127869e+00
1.469999999999999973e+00 3.386147125165654970e+00 3.453634772040651058e+00
1.479999999999999982e+00 3.388359685743778105e+00 3.453815445076496626e+00
1.489999999999999991e+00 3.389142704903068459e+00 3.453914157665786799e+00
1.500000000000000000e+00 3.389477370486766006e+00 3.454186035589665416e+00
1.510000000000000009e+00 3.390810361730012268e+00 3.454413227957335408e+00
1.520000000000000018e+00 3.391612392961525391e+00 3.454949999564147500e+00
1.530000000000000027e+00 3.391780892080479504e+00 3.455277364145106667e+00
1.540000000000000036e+00 3.391743014305047321e+00 3.455336205436773778e+00
1.550000000000000044e+00 3.391747254439351877e+00 3.455337470826150614e+00
1.560000000000000053e+00 3.392175320160064622e+00 3.455437077758636732e+00
1.570000000000000062e+00 3.392629994237130298e+00 3.455701736281210579e+00
1.580000000000000071e+00 3.393694853983056259e+00 3.456066086330282783e+00
1.590000000000000080e+00 3.394463558094013678e+00 3.456490356038104395e+00
1.600000000000000089e+00 3.394760028102217220e+00 3.456689266545953210e+00
1.610000000000000098e+00 3.395281292780586213e+00 3.456946573616317409e+00
1.620000000000000107e+00 3.394975460848261406e+00 3.457052482324193043e+00
1.630000000000000115e+00 3.394803179245244884e+00 3.457101441445100676e+00
1.640000000000000124e+00 3.394394142782668045e+00 3.457245222437401733e+00
1.650000000000000133e+00 3.393988272307125520e+00 3.457382919852527436e+00
1.660000000000000142e+00 3.393785844707987387e+00 3.457459504060246935e+00
1.669999999999999929e+00 3.393573344804696301e+00 3.457537114742346152e+00
1.679999999999999938e+00 3.393285261887983406e+00 3.457642238030954385e+00
1.689999999999999947e+00 3.393224921470244571e+00 3.457684236096779440e+00
1.699999999999999956e+00 3.392791669565371482e+00 3.458626434949704009e+00
1.709999999999999964e+00 3.392752217183880425e+00 3.458688440832324851e+00
1.719999999999999973e+00 3.392272646196688779e+00 3.459418217431698306e+00
1.729999999999999982e+00 3.391574306007631545e+00 3.461424074295751385e+00
1.739999999999999991e+00 3.391326559136221608e+00 3.461944315459420718e+00
1.750000000000000000e+00 3.391102902268371633e+00 3.462747490035094966e+00
1.760000000000000009e+00 3.390887557051574852e+00 3.463247338730895741e+00
1.770000000000000018e+00 3.390716994372488191e+00 3.463837800558923430e+00
1.780000000000000027e+00 3.390008002268331211e+00 3.466305213035090205e+00
1.790000000000000036e+00 3.389904987752636156e+00 3.466435756981173899e+00
1.800000000000000044e+00 3.389678856081961733e+00 3.467268658680916715e+00
1.810000000000000053e+00 3.389636519327550612e+00 3.467382636260599060e+00
1.820000000000000062e+00 3.389572040096274108e+00 3.467478932127007418e+00
1.830000000000000071e+00 3.389447151041595330e+00 3.467537290787132687e+00
1.840000000000000080e+00 3.389110823074154677e+00 3.468620223340221020e+00
1.850000000000000089e+00 3.388911422356847947e+00 3.469513243160959437e+00
1.860000000000000098e+00 3.388676798946650859e+00 3.470301354873387201e+00
1.870000000000000107e+00 3.388616610223691872e+00 3.470493499196130927e+00
1.880000000000000115e+00 3.388450435034881192e+00 3.470890875070443027e+00
1.890000000000000124e+00 3.388348095925328263e+00 3.471212231256487701e+00
1.900000000000000133e+00 3.388329841892697480e+00 3.471207411258242281e+00
1.910000000000000142e+00 3.388295316320667272e+00 3.471291932100048161e+00
1.919999999999999929e+00 3.387520929291325533e+00 3.474208932812136386e+00
1.929999999999999938e+00 3.387387213603188396e+00 3.474679297193358440e+00
1.939999999999999947e+00 3.387346772312219478e+00 3.474835973769132558e+00
1.949999999999999956e+00 3.387311708677538391e+00 3.474953346630803352e+00
1.959999999999999964e+00 3.387311334444187416e+00 3.474952978862621222e+00
1.969999999999999973e+00 3.387305052274295569e+00 3.474945661755969972e+00
1.979999999999999982e+00 3.387302718884311670e+00 3.474941939447559580e+00
1.989999999999999991e+00 3.387282750945258325e+00 3.474947447233032616e+00
2.000000000000000000e+00 3.387283571091329382e+00 3.474947876304949279e+00
2.010000000000000231e+00 3.387276235927203505e+00 3.474943090034863236e+00
2.020000000000000018e+00 3.386849984374790345e+00 3.475145836514682784e+00
2.030000000000000249e+00 3.386686313365554035e+00 3.475191477352524316e+00
2.040000000000000036e+00 3.386436762805153933e+00 3.475284795703719176e+00
2.049999999999999822e+00 3.386219222476918755e+00 3.475353536655466424e+00
2.060000000000000053e+00 3.386054889205905027e+00 3.475430951858547779e+00
2.069999999999999840e+00 3.384930766374765199e+00 3.475902882860006926e+00
2.080000000000000071e+00 3.383805312245197428e+00 3.476833731209926448e+00
2.089999999999999858e+00 3.379274323239587208e+00 3.482679469208456613e+00
2.100000000000000089e+00 3.376979609587931641e+00 3.484579583474850750e+00
2.109999999999999876e+00 3.374925536336282228e+00 3.486250929914137764e+00
2.120000000000000107e+00 3.371799166051937302e+00 3.488867840822147404e+00
2.129999999999999893e+00 3.367119510542989413e+00 3.495103226960062148e+00
2.140000000000000124e+00 3.364748747427154019e+00 3.498333766844581749e+00
2.149999999999999911e+00 3.361476792349822329e+00 3.502834103074067063e+00
2.160000000000000142e+00 3.358705352147845158e+00 3.507532636018963590e+00
2.169999999999999929e+00 3.356159086523504254e+00 3.513185126590280927e+00
2.180000000000000160e+00 3.352547459133823349e+00 3.520766663776675909e+00
2.189999999999999947e+00 3.348218849875967962e+00 3.531968604791123845e+00
2.200000000000000178e+00 3.346661331681658247e+00 3.549188283362935792e+00
2.209999999999999964e+00 3.345274404043034888e+00 3.565506905876322019e+00
2.220000000000000195e+00 3.343788331150029158e+00 3.580536168690707122e+00
2.229999999999999982e+00 3.347691660211959963e+00 3.605673582879623140e+00
2.240000000000000213e+00 3.351554839353198201e+00 3.629455076070195130e+00
2.250000000000000000e+00 3.360337590116929896e+00 3.654107732725668356e+00
2.260000000000000231e+00 3.373676329662084861e+00 3.680282252000092846e+00
2.270000000000000018e+00 3.390097091592619627e+00 3.704977664657762126e+00
2.280000000000000249e+00 3.406220969119849507e+00 3.725157825788674160e+00
2.290000000000000036e+00 3.421064713424065040e+00 3.739973446165702597e+00
2.300000000000000266e+00 3.439952634893205463e+00 3.754524248503896544e+00
2.310000000000000053e+00 3.459718372179381607e+00 3.766658216909058776e+00
2.319999999999999840e+00 3.477122399312120304e+00 3.775099791077513256e+00
2.330000000000000071e+00 3.496826639613393350e+00 3.781540591011759656e+00
2.339999999999999858e+00 3.511732433581695290e+00 3.786232234620705128e+00
2.350000000000000089e+00 3.525551410052234047e+00 3.789524760230129630e+00
2.359999999999999876e+00 3.538574682759660028e+00 3.791067279687506009e+00
2.370000000000000107e+00 3.555817404297305195e+00 3.791252579700040037e+00
2.379999999999999893e+00 3.574869133797637488e+00 3.788916548737534029e+00
2.390000000000000124e+00 3.585499926530024251e+00 3.788430698870519198e+00
2.399999999999999911e+00 3.597121922173277753e+00 3.787750106454117471e+00
2.410000000000000142e+00 3.602331034824863831e+00 3.787294781301005830e+00
2.419999999999999929e+00 3.611406249192446349e+00 3.785813270837575129e+00
2.430000000000000160e+00 3.615603172509591623e+00 3.784899892666418353e+00
2.439999999999999947e+00 3.622777327571006900e+00 3.783510516304877669e+00
2.450000000000000178e+00 3.631413694122155977e+00 3.781772361981550201e+00
2.459999999999999964e+00 3.635827988804023025e+00 3.780852150623161823e+00
2.470000000000000195e+00 3.640323842999440451e+00 3.779723805201548714e+00
2.479999999999999982e+00 3.644596813388990331e+00 3.778541650809122299e+00
2.490000000000000213e+00 3.647978192373953377e+00 3.777491279404916469e+00
2.500000000000000000e+00 3.651338251987107153e+00 3.776439942583433851e+00
2.510000000000000231e+00 3.654434432508217423e+00 3.775407078417075457e+00
2.520000000000000018e+00 3.656473939764780301e+00 3.774900174457746171e+00
2.530000000000000249e+00 3.657915140723423164e+00 3.774432431312366276e+00
2.540000000000000036e+00 3.658350926518882051e+00 3.774266795496499238e+00
2.550000000000000266e+00 3.659148381834836261e+00 3.774047814387469391e+00
2.560000000000000053e+00 3.659922019858511177e+00 3.773805740666238862e+00
2.569999999999999840e+00 3.660727152986756217e+00 3.773549823188552033e+00
2.580000000000000071e+00 3.661087593295811349e+00 3.773419747373820687e+00
2.589999999999999858e+00 3.661413889149955914e+00 3.773296126199432443e+00
2.600000000000000089e+00 3.662303257159766456e+00 3.772924998445931433e+00
2.609999999999999876e+00 3.663064959375517571e+00 3.772734334051949912e+00
2.620000000000000107e+00 3.663717392413260221e+00 3.772600266425965465e+00
2.629999999999999893e+00 3.664178583790694166e+00 3.772412468574608990e+00
2.640000000000000124e+00 3.665875262943143920e+00 3.771762333268289691e+00
2.649999999999999911e+00 3.667402707558541142e+00 3.771037838324637459e+00
2.660000000000000142e+00 3.668618761041104737e+00 3.770618760182916862e+00
2.669999999999999929e+00 3.671016977625208177e+00 3.769599231962843078e+00
2.680000000000000160e+00 3.672580674800394629e+00 3.768921017165661969e+00
2.689999999999999947e+00 3.673380991941865403e+00 3.768660669940534724e+00
2.700000000000000178e+00 3.674156817115598717e+00 3.768585933138078214e+00
2.709999999999999964e+00 3.674936701459865507e+00 3.768214987063427390e+00
2.720000000000000195e+00 3.675801783730212602e+00 3.767789784644421491e+00
2.729999999999999982e+00 3.676441666549261633e+00 3.767541593777123943e+00
2.740000000000000213e+00 3.677578067305270704e+00 3.767166915194805288e+00
2.750000000000000000e+00 3.678288379016875442e+00 3.766859306482315706e+00
2.760000000000000231e+00 3.679542966049441421e+00 3.766440181643238905e+00
2.770000000000000018e+00 3.680959749438030837e+00 3.765792478736178506e+00
2.780000000000000249e+00 3.682430650637353420e+00 3.765211059767996193e+00
2.790000000000000036e+00 3.683092094197264021e+00 3.764914931511888607e+00
2.800000000000000266e+00 3.684384074878461757e+00 3.764292855406038196e+00
2.810000000000000053e+00 3.686070015697151092e+00 3.763511784229606860e+00
2.819999999999999840e+00 3.687346512462515324e+00 3.763182358568292418e+00
2.830000000000000071e+00 3.688260815027103678e+00 3.762819122616901435e+00
2.839999999999999858e+00 3.689455633097094012e+00 3.762168464984494864e+00
2.850000000000000089e+00 3.690159704187074396e+00 3.761877970678647820e+00
2.859999999999999876e+00 3.691338583410611829e+00 3.761443779212603200e+00
2.870000000000000107e+00 3.691653636495646484e+00 3.761379125955525371e+00
2.879999999999999893e+00 3.692588669244355692e+00 3.760904493893080236e+00
2.890000000000000124e+00 3.692700049152485953e+00 3.760881534109003610e+00
2.899999999999999911e+00 3.692837912807870104e+00 3.760833178453039771e+00
2.910000000000000142e+00 3.692924431092754034e+00 3.760818831875309520e+00
2.919999999999999929e+00 3.693423317743143475e+00 3.760749240922132142e+00
2.930000000000000160e+00 3.693829457225527690e+00 3.760719177718434558e+00
2.939999999999999947e+00 3.694070086267748465e+00 3.760698828541478633e+00
2.950000000000000178e+00 3.694518634362803144e+00 3.760625828685177918e+00
2.959999999999999964e+00 3.694629214897410030e+00 3.760625781821950397e+00
2.970000000000000195e+00 3.694629214897410030e+00 3.760625781821950397e+00
2.979999999999999982e+00 3.695189988250632052e+00 3.760586451649766015e+00
2.990000000000000213e+00 3.695561395297470852e+00 3.760528009399947358e+00
3.000000000000000000e+00 3.695561395297470852e+00 3.760528009399947358e+00
