0.000000000000000000e+00 6.880271187499165109e-01
1.000000000000000021e-02 7.126926912483573240e-01
2.000000000000000042e-02 7.397821191617846015e-01
2.999999999999999889e-02 1.084205164689123535e+00
4.000000000000000083e-02 2.444187187387347304e+00
5.000000000000000278e-02 2.883308381582498470e+00
5.999999999999999778e-02 2.906699760768413743e+00
7.000000000000000666e-02 2.904720052396059238e+00
8.000000000000000167e-02 2.902238523774146817e+00
8.999999999999999667e-02 2.901925630941390999e+00
1.000000000000000056e-01 2.894820521402358793e+00
1.100000000000000006e-01 2.891097050993442608e+00
1.199999999999999956e-01 2.890718684945106531e+00
1.300000000000000044e-01 2.826287099596858088e+00
1.400000000000000133e-01 2.885420720679760187e+00
1.499999999999999944e-01 2.888694216933250569e+00
1.600000000000000033e-01 2.882202975031137537e+00
1.700000000000000122e-01 2.910904388561248890e+00
1.799999999999999933e-01 3.796390645563602284e+00
1.900000000000000022e-01 3.809128183467388240e+00
2.000000000000000111e-01 3.817262960751056866e+00
2.099999999999999922e-01 3.818132758359908951e+00
2.200000000000000011e-01 3.818372079141139963e+00
2.300000000000000100e-01 3.818921116285324047e+00
2.399999999999999911e-01 3.819396625406742185e+00
2.500000000000000000e-01 3.819414450204372535e+00
2.600000000000000089e-01 3.819416612195968508e+00
2.700000000000000178e-01 3.819418054122925010e+00
2.800000000000000266e-01 3.819418449411392302e+00
2.899999999999999800e-01 3.819419741342067631e+00
2.999999999999999889e-01 3.819419837272167051e+00
3.099999999999999978e-01 3.819419837272167051e+00
3.200000000000000067e-01 3.819214605233669069e+00
3.300000000000000155e-01 3.818088331348896247e+00
3.400000000000000244e-01 3.816664147837161902e+00
3.500000000000000333e-01 3.813680494534969156e+00
3.599999999999999867e-01 3.799932444736957571e+00
3.699999999999999956e-01 3.777693922684192795e+00
3.800000000000000044e-01 3.728498871817588878e+00
3.900000000000000133e-01 3.647831607236862173e+00
4.000000000000000222e-01 3.518900052223205677e+00
4.100000000000000311e-01 3.419924091386794984e+00
4.199999999999999845e-01 3.314662098591327766e+00
4.299999999999999933e-01 3.256613593184948030e+00
4.400000000000000022e-01 3.245071157402992235e+00
4.500000000000000111e-01 3.238519291746616346e+00
4.600000000000000200e-01 3.233287007958888903e+00
4.700000000000000289e-01 3.231647603428363880e+00
4.799999999999999822e-01 3.231124751639366188e+00
4.899999999999999911e-01 3.231124751639366188e+00
5.000000000000000000e-01 3.231124751639366188e+00
5.100000000000000089e-01 3.231124751639366188e+00
5.200000000000000178e-01 3.231124751639366188e+00
5.300000000000000266e-01 3.231124751639366188e+00
5.400000000000000355e-01 3.231124751639366188e+00
5.500000000000000444e-01 3.231124751639366188e+00
5.600000000000000533e-01 3.231124751639366188e+00
5.700000000000000622e-01 3.231124751639366188e+00
5.799999999999999600e-01 3.231124751639366188e+00
5.899999999999999689e-01 3.231124751639366188e+00
5.999999999999999778e-01 3.231124751639366188e+00
6.099999999999999867e-01 3.231124751639366188e+00
6.199999999999999956e-01 3.231124751639366188e+00
6.300000000000000044e-01 3.231124751639366188e+00
6.400000000000000133e-01 3.231124751639366188e+00
6.500000000000000222e-01 3.231124751639366188e+00
6.600000000000000311e-01 3.231124751639366188e+00
6.700000000000000400e-01 3.231124751639366188e+00
6.800000000000000488e-01 3.231124751639366188e+00
6.900000000000000577e-01 3.231124751639366188e+00
7.000000000000000666e-01 3.231124751639366188e+00
7.099999999999999645e-01 3.231124751639366188e+00
7.199999999999999734e-01 3.231124751639366188e+00
7.299999999999999822e-01 3.231124751639366188e+00
7.399999999999999911e-01 3.231124751639366188e+00
7.500000000000000000e-01 3.231124751639366188e+00
7.600000000000000089e-01 3.231124751639366188e+00
7.700000000000000178e-01 3.231124751639366188e+00
7.800000000000000266e-01 3.231124751639366188e+00
7.900000000000000355e-01 3.231124751639366188e+00
8.000000000000000444e-01 3.231124751639366188e+00
8.100000000000000533e-01 3.231124751639366188e+00
8.200000000000000622e-01 3.231124751639366188e+00
8.300000000000000711e-01 3.231124751639366188e+00
8.399999999999999689e-01 3.231124751639366188e+00
8.499999999999999778e-01 3.231124751639366188e+00
8.599999999999999867e-01 3.231124751639366188e+00
8.699999999999999956e-01 3.231124751639366188e+00
8.800000000000000044e-01 3.231124751639366188e+00
8.900000000000000133e-01 3.231124751639366188e+00
9.000000000000000222e-01 3.231124751639366188e+00
9.100000000000000311e-01 3.231124751639366188e+00
9.200000000000000400e-01 3.231124751639366188e+00
9.300000000000000488e-01 3.231124751639366188e+00
9.400000000000000577e-01 3.231124751639366188e+00
9.500000000000000666e-01 3.231124751639366188e+00
9.599999999999999645e-01 3.231124751639366188e+00
9.699999999999999734e-01 3.231124751639366188e+00
9.799999999999999822e-01 3.231124751639366188e+00
9.899999999999999911e-01 3.231124751639366188e+00
1.000000000000000000e+00 3.231124751639366188e+00
1.010000000000000009e+00 3.231124751639366188e+00
1.020000000000000018e+00 3.231124751639366188e+00
1.030000000000000027e+00 3.231124751639366188e+00
1.040000000000000036e+00 3.231124751639366188e+00
1.050000000000000044e+00 3.231124751639366188e+00
1.060000000000000053e+00 3.231124751639366188e+00
1.070000000000000062e+00 3.231124751639366188e+00
1.080000000000000071e+00 3.231124751639366188e+00
1.090000000000000080e+00 3.231124751639366188e+00
1.100000000000000089e+00 3.231124712007045652e+00
1.110000000000000098e+00 3.231124698796272288e+00
1.120000000000000107e+00 3.231124632742405023e+00
1.130000000000000115e+00 3.231124550745487323e+00
1.140000000000000124e+00 3.231124366252422497e+00
1.150000000000000133e+00 3.231126129844188899e+00
1.159999999999999920e+00 3.231127103488445229e+00
1.169999999999999929e+00 3.231127651219368069e+00
1.179999999999999938e+00 3.231128424537181854e+00
1.189999999999999947e+00 3.231140282378196726e+00
1.199999999999999956e+00 3.231146782031059317e+00
1.209999999999999964e+00 3.231154684307575131e+00
1.219999999999999973e+00 3.231166146576404774e+00
1.229999999999999982e+00 3.231176866414546822e+00
1.239999999999999991e+00 3.231193282177448278e+00
1.250000000000000000e+00 3.231216375961303733e+00
1.260000000000000009e+00 3.231240329182147875e+00
1.270000000000000018e+00 3.231286344001293109e+00
1.280000000000000027e+00 3.231319437210559808e+00
1.290000000000000036e+00 3.231330247955322310e+00
1.300000000000000044e+00 3.231343553559780091e+00
1.310000000000000053e+00 3.231353168077468752e+00
1.320000000000000062e+00 3.231353392248153877e+00
1.330000000000000071e+00 3.231355342628955629e+00
1.340000000000000080e+00 3.231357401621341552e+00
1.350000000000000089e+00 3.231358013508319971e+00
1.360000000000000098e+00 3.231358893592357617e+00
1.370000000000000107e+00 3.231360376298427539e+00
1.380000000000000115e+00 3.231365334012508583e+00
1.390000000000000124e+00 3.231365334012508583e+00
1.400000000000000133e+00 3.231365334012508583e+00
1.409999999999999920e+00 3.231365334012508583e+00
1.419999999999999929e+00 3.231365294873714600e+00
1.429999999999999938e+00 3.231365294873714600e+00
1.439999999999999947e+00 3.231365294873714600e+00
1.449999999999999956e+00 3.231365331652164663e+00
1.459999999999999964e+00 3.231384013326167981e+00
1.469999999999999973e+00 3.231541649408340433e+00
1.479999999999999982e+00 3.231841935694217849e+00
1.489999999999999991e+00 3.232027631652355293e+00
1.500000000000000000e+00 3.232306655840873510e+00
1.510000000000000009e+00 3.232454360373020030e+00
1.520000000000000018e+00 3.232630491263866368e+00
1.530000000000000027e+00 3.233049600672722068e+00
1.540000000000000036e+00 3.233360410957336395e+00
1.550000000000000044e+00 3.233685957748889894e+00
1.560000000000000053e+00 3.234119945013523179e+00
1.570000000000000062e+00 3.234506243059635189e+00
1.580000000000000071e+00 3.234753672163486637e+00
1.590000000000000080e+00 3.234905587325096032e+00
1.600000000000000089e+00 3.235006801807880361e+00
1.610000000000000098e+00 3.235130681273937103e+00
1.620000000000000107e+00 3.235128203537464220e+00
1.630000000000000115e+00 3.235129643850326531e+00
1.640000000000000124e+00 3.235118699111938501e+00
1.650000000000000133e+00 3.235111393079757480e+00
1.660000000000000142e+00 3.235111460492611002e+00
1.669999999999999929e+00 3.235092614574432535e+00
1.679999999999999938e+00 3.235078461203575007e+00
1.689999999999999947e+00 3.235041665186881854e+00
1.699999999999999956e+00 3.235026485924720863e+00
1.709999999999999964e+00 3.235531163947582112e+00
1.719999999999999973e+00 3.238340070865154185e+00
1.729999999999999982e+00 3.242987648584842564e+00
1.739999999999999991e+00 3.247841652591228367e+00
1.750000000000000000e+00 3.256373806607723242e+00
1.760000000000000009e+00 3.288801209101676726e+00
1.770000000000000018e+00 3.347299474306106415e+00
1.780000000000000027e+00 3.453139720103740817e+00
1.790000000000000036e+00 3.572152017471790231e+00
1.800000000000000044e+00 3.723339777336120537e+00
1.810000000000000053e+00 3.829257546865940220e+00
1.820000000000000062e+00 3.900795019235610894e+00
1.830000000000000071e+00 3.944792676856517577e+00
1.840000000000000080e+00 3.951590487036705124e+00
1.850000000000000089e+00 3.952719722874164621e+00
1.860000000000000098e+00 3.952929655783176344e+00
1.870000000000000107e+00 3.953057296311855318e+00
1.880000000000000115e+00 3.953433278396129680e+00
1.890000000000000124e+00 3.953657113988399363e+00
1.900000000000000133e+00 3.953733270845413372e+00
1.910000000000000142e+00 3.953838804867267687e+00
1.919999999999999929e+00 3.953875199527740580e+00
1.929999999999999938e+00 3.953883363363742909e+00
1.939999999999999947e+00 3.953904733986854492e+00
1.949999999999999956e+00 3.953916577715873792e+00
1.959999999999999964e+00 3.953914794390201770e+00
1.969999999999999973e+00 3.953914794390201770e+00
1.979999999999999982e+00 3.953906296212672977e+00
1.989999999999999991e+00 3.953900334734916644e+00
2.000000000000000000e+00 3.953895036580562738e+00
2.010000000000000231e+00 3.953895036580562738e+00
2.020000000000000018e+00 3.953893540313243804e+00
2.030000000000000249e+00 3.953892548441886756e+00
2.040000000000000036e+00 3.953882210831642041e+00
2.049999999999999822e+00 3.953883344886302886e+00
2.060000000000000053e+00 3.953883837959766279e+00
2.069999999999999840e+00 3.953883837959766279e+00
2.080000000000000071e+00 3.953889874658584436e+00
2.089999999999999858e+00 3.953889874658584436e+00
2.100000000000000089e+00 3.953889874658584436e+00
2.109999999999999876e+00 3.953889874658584436e+00
2.120000000000000107e+00 3.953904073932170693e+00
2.129999999999999893e+00 3.953918002467155635e+00
2.140000000000000124e+00 3.953957366588115807e+00
2.149999999999999911e+00 3.954053886747360025e+00
2.160000000000000142e+00 3.954262142772674515e+00
2.169999999999999929e+00 3.954519384632110501e+00
2.180000000000000160e+00 3.954744215879440361e+00
2.189999999999999947e+00 3.954926046123504513e+00
2.200000000000000178e+00 3.955215526177882968e+00
2.209999999999999964e+00 3.955386550123691780e+00
2.220000000000000195e+00 3.955416676037311507e+00
2.229999999999999982e+00 3.955578383862972114e+00
2.240000000000000213e+00 3.955633354251384848e+00
2.250000000000000000e+00 3.955709553720951011e+00
2.260000000000000231e+00 3.955730663707256234e+00
2.270000000000000018e+00 3.955768181200027378e+00
2.280000000000000249e+00 3.955792917041778711e+00
2.290000000000000036e+00 3.955762493059635343e+00
2.300000000000000266e+00 3.955639924075603275e+00
2.310000000000000053e+00 3.955620423529147889e+00
2.319999999999999840e+00 3.955611102869510454e+00
2.330000000000000071e+00 3.955614701232910146e+00
2.339999999999999858e+00 3.955625343503951896e+00
2.350000000000000089e+00 3.955536530017852659e+00
2.359999999999999876e+00 3.955493828730582972e+00
2.370000000000000107e+00 3.955486384677886935e+00
2.379999999999999893e+00 3.950059168405532617e+00
2.390000000000000124e+00 3.932141444599628333e+00
2.399999999999999911e+00 3.905564164586067033e+00
2.410000000000000142e+00 3.831283778541088036e+00
2.419999999999999929e+00 3.652836615102291073e+00
2.430000000000000160e+00 3.253946670749187309e+00
2.439999999999999947e+00 2.807519408004283790e+00
2.450000000000000178e+00 2.564298244655132120e+00
2.459999999999999964e+00 2.423225589444637507e+00
2.470000000000000195e+00 2.395447287182808083e+00
2.479999999999999982e+00 2.391623811051845738e+00
2.490000000000000213e+00 2.387518578159808946e+00
2.500000000000000000e+00 2.387297602159976773e+00
2.510000000000000231e+00 2.387297602159976773e+00
2.520000000000000018e+00 2.387297602159976773e+00
2.530000000000000249e+00 2.387393720817565956e+00
2.540000000000000036e+00 2.387580971062183366e+00
2.550000000000000266e+00 2.389495329825878311e+00
2.560000000000000053e+00 2.391806000185012770e+00
2.569999999999999840e+00 2.395737851283550324e+00
2.580000000000000071e+00 2.400301728360652920e+00
2.589999999999999858e+00 2.401097881691455882e+00
2.600000000000000089e+00 2.401320339100360801e+00
2.609999999999999876e+00 2.401800404758453578e+00
2.620000000000000107e+00 2.403782510061263977e+00
2.629999999999999893e+00 2.415091953709125328e+00
2.640000000000000124e+00 2.433347314047813459e+00
2.649999999999999911e+00 2.453829100971221866e+00
2.660000000000000142e+00 2.491457864375114628e+00
2.669999999999999929e+00 2.603423729703426392e+00
2.680000000000000160e+00 2.800495515401363544e+00
2.689999999999999947e+00 3.084319059989452327e+00
2.700000000000000178e+00 3.285077664227485705e+00
2.709999999999999964e+00 3.396782520403862193e+00
2.720000000000000195e+00 3.496490245428085508e+00
2.729999999999999982e+00 3.566752507848739651e+00
2.740000000000000213e+00 3.585382264397144247e+00
2.750000000000000000e+00 3.599434207928180474e+00
2.760000000000000231e+00 3.611820790598392339e+00
2.770000000000000018e+00 3.620784366829395307e+00
2.780000000000000249e+00 3.624692146079540045e+00
2.790000000000000036e+00 3.629032998723983550e+00
2.800000000000000266e+00 3.629044077765941623e+00
2.810000000000000053e+00 3.629111744904518044e+00
2.819999999999999840e+00 3.629904067735671980e+00
2.830000000000000071e+00 3.631333230667114442e+00
2.839999999999999858e+00 3.632216755275726516e+00
2.850000000000000089e+00 3.633118001897335247e+00
2.859999999999999876e+00 3.636647088847160258e+00
2.870000000000000107e+00 3.639799924638271289e+00
2.879999999999999893e+00 3.641399751656055450e+00
2.890000000000000124e+00 3.642167614505290807e+00
2.899999999999999911e+00 3.642737664659023267e+00
2.910000000000000142e+00 3.643471679100990457e+00
2.919999999999999929e+00 3.643231360421180565e+00
2.930000000000000160e+00 3.643029861841201811e+00
2.939999999999999947e+00 3.643060413105487783e+00
2.950000000000000178e+00 3.643199144437313297e+00
2.959999999999999964e+00 3.643318659920692593e+00
2.970000000000000195e+00 3.643399436337948050e+00
2.979999999999999982e+00 3.643419745504856255e+00
2.990000000000000213e+00 3.643442463650703456e+00
3.000000000000000000e+00 3.643784801166057630e+00
