0.000000000000000000e+00 8.530269247526081067e-01 9.266467636996356116e-01
1.000000000000000021e-02 8.530269247526081067e-01 9.266467636996356116e-01
2.000000000000000042e-02 1.420091190967085026e+00 3.380190070682046688e+00
2.999999999999999889e-02 3.042336647852235565e+00 3.054706586629576393e+00
4.000000000000000083e-02 3.042336647852235565e+00 3.054706586629576393e+00
5.000000000000000278e-02 3.042336647852235565e+00 3.054706586629576393e+00
5.999999999999999778e-02 3.042336647852235565e+00 3.054706586629576393e+00
7.000000000000000666e-02 3.042336647852235565e+00 3.054706586629576393e+00
8.000000000000000167e-02 3.042336647852235565e+00 3.054706586629576393e+00
8.999999999999999667e-02 3.042336647852235565e+00 3.054706586629576393e+00
1.000000000000000056e-01 3.042336647852235565e+00 3.054706586629576393e+00
1.100000000000000006e-01 3.042336647852235565e+00 3.054706586629576393e+00
1.199999999999999956e-01 3.042336647852235565e+00 3.054706586629576393e+00
1.300000000000000044e-01 3.042336647852235565e+00 3.054706586629576393e+00
1.400000000000000133e-01 3.042336647852235565e+00 3.054706586629576393e+00
1.499999999999999944e-01 3.042336647852235565e+00 3.054706586629576393e+00
1.600000000000000033e-01 3.042336647852235565e+00 3.054706586629576393e+00
1.700000000000000122e-01 3.042336647852235565e+00 3.054706586629576393e+00
1.799999999999999933e-01 3.042336647852235565e+00 3.054706586629576393e+00
1.900000000000000022e-01 3.042336647852235565e+00 3.054706586629576393e+00
2.000000000000000111e-01 3.042336647852235565e+00 3.054706586629576393e+00
2.099999999999999922e-01 3.042336647852235565e+00 3.054706586629576393e+00
2.200000000000000011e-01 3.042336647852235565e+00 3.054706586629576393e+00
2.300000000000000100e-01 3.042336647852235565e+00 3.054706586629576393e+00
2.399999999999999911e-01 3.042336647852235565e+00 3.054706586629576393e+00
2.500000000000000000e-01 3.042336647852235565e+00 3.054706586629576393e+00
2.600000000000000089e-01 3.042336647852235565e+00 3.054706586629576393e+00
2.700000000000000178e-01 3.042336647852235565e+00 3.054706586629576393e+00
2.800000000000000266e-01 3.042336647852235565e+00 3.054706586629576393e+00
2.899999999999999800e-01 3.042336647852235565e+00 3.054706586629576393e+00
2.999999999999999889e-01 3.042336647852235565e+00 3.054706586629576393e+00
3.099999999999999978e-01 3.042336647852235565e+00 3.054706586629576393e+00
3.200000000000000067e-01 3.042336647852235565e+00 3.054706586629576393e+00
3.300000000000000155e-01 3.042336647852235565e+00 3.054706586629576393e+00
3.400000000000000244e-01 3.042336647852235565e+00 3.054706586629576393e+00
3.500000000000000333e-01 3.042336647852235565e+00 3.054706586629576393e+00
3.599999999999999867e-01 3.042336647852235565e+00 3.054706586629576393e+00
3.699999999999999956e-01 3.042336647852235565e+00 3.054706586629576393e+00
3.800000000000000044e-01 3.042336647852235565e+00 3.054706586629576393e+00
3.900000000000000133e-01 3.042336647852235565e+00 3.054706586629576393e+00
4.000000000000000222e-01 3.042336647852235565e+00 3.054706586629576393e+00
4.100000000000000311e-01 3.042336647852235565e+00 3.054706586629576393e+00
4.199999999999999845e-01 3.042336647852235565e+00 3.054706586629576393e+00
4.299999999999999933e-01 3.042336647852235565e+00 3.054706586629576393e+00
4.400000000000000022e-01 3.042336647852235565e+00 3.054706586629576393e+00
4.500000000000000111e-01 3.042336647852235565e+00 3.054706586629576393e+00
4.600000000000000200e-01 3.042336647852235565e+00 3.054706586629576393e+00
4.700000000000000289e-01 3.042336647852235565e+00 3.054706586629576393e+00
4.799999999999999822e-01 3.042336549156921865e+00 3.054706595870238406e+00
4.899999999999999911e-01 3.042336543818479733e+00 3.054706681283945180e+00
5.000000000000000000e-01 3.042336543818479733e+00 3.054706681283945180e+00
5.100000000000000089e-01 3.042336543818479733e+00 3.054706681283945180e+00
5.200000000000000178e-01 3.042336543818479733e+00 3.054706681283945180e+00
5.300000000000000266e-01 3.042336543818479733e+00 3.054706681283945180e+00
5.400000000000000355e-01 3.042336543818479733e+00 3.054706681283945180e+00
5.500000000000000444e-01 3.042336543818479733e+00 3.054706681283945180e+00
5.600000000000000533e-01 3.042336543818479733e+00 3.054706681283945180e+00
5.700000000000000622e-01 3.042336543818479733e+00 3.054706681283945180e+00
5.799999999999999600e-01 3.042336543818479733e+00 3.054706681283945180e+00
5.899999999999999689e-01 3.042336543818479733e+00 3.054706681283945180e+00
5.999999999999999778e-01 3.042336543818479733e+00 3.054706681283945180e+00
6.099999999999999867e-01 3.042336533082129701e+00 3.054706675645707303e+00
6.199999999999999956e-01 3.042336533082129701e+00 3.054706675645707303e+00
6.300000000000000044e-01 3.042336533082129701e+00 3.054706675645707303e+00
6.400000000000000133e-01 3.042336732728295967e+00 3.054706758620924223e+00
6.500000000000000222e-01 3.042336732728295967e+00 3.054706758620924223e+00
6.600000000000000311e-01 3.042336732728295967e+00 3.054706758620924223e+00
6.700000000000000400e-01 3.042336732728295967e+00 3.054706758620924223e+00
6.800000000000000488e-01 3.042336732728295967e+00 3.054706758620924223e+00
6.900000000000000577e-01 3.042336732728295967e+00 3.054706758620924223e+00
7.000000000000000666e-01 3.042336732728295967e+00 3.054706758620924223e+00
7.099999999999999645e-01 3.042336732728295967e+00 3.054706758620924223e+00
7.199999999999999734e-01 3.042336732728295967e+00 3.054706758620924223e+00
7.299999999999999822e-01 3.042336732728295967e+00 3.054706758620924223e+00
7.399999999999999911e-01 3.042336732728295967e+00 3.054706758620924223e+00
7.500000000000000000e-01 3.042336732728295967e+00 3.054706758620924223e+00
7.600000000000000089e-01 3.042336732728295967e+00 3.054706758620924223e+00
7.700000000000000178e-01 3.042336732728295967e+00 3.054706758620924223e+00
7.800000000000000266e-01 3.042336732728295967e+00 3.054706758620924223e+00
7.900000000000000355e-01 3.042336732728295967e+00 3.054706758620924223e+00
8.000000000000000444e-01 3.042337947430669765e+00 3.054708217043817342e+00
8.100000000000000533e-01 3.042341547625659004e+00 3.054716623422505606e+00
8.200000000000000622e-01 3.042333236780768946e+00 3.054743368267410997e+00
8.300000000000000711e-01 3.042321957170020408e+00 3.054787181070793611e+00
8.399999999999999689e-01 3.042243239820187739e+00 3.054927397458369498e+00
8.499999999999999778e-01 3.041327745919136127e+00 3.056319784250351113e+00
8.599999999999999867e-01 3.040959475788203914e+00 3.056940205741794703e+00
8.699999999999999956e-01 3.040844267250001565e+00 3.057227836588919168e+00
8.800000000000000044e-01 3.038422497850956638e+00 3.060208917220530900e+00
8.900000000000000133e-01 3.026818991877507692e+00 3.075048287280131021e+00
9.000000000000000222e-01 3.008304563775959117e+00 3.106643827456531781e+00
9.100000000000000311e-01 2.994819561672647179e+00 3.145335158185522229e+00
9.200000000000000400e-01 2.990104931144082823e+00 3.220006338587439121e+00
9.300000000000000488e-01 3.022546275383626302e+00 3.311043622716272949e+00
9.400000000000000577e-01 3.116725940984109933e+00 3.389864910318037161e+00
9.500000000000000666e-01 3.222311500023788966e+00 3.405336062241607564e+00
9.599999999999999645e-01 3.273501614867353471e+00 3.392851492232179300e+00
9.699999999999999734e-01 3.321333414811815210e+00 3.367222461200033656e+00
9.799999999999999822e-01 3.336224366501983507e+00 3.355325595494095037e+00
9.899999999999999911e-01 3.336224366501983507e+00 3.355325595494095037e+00
1.000000000000000000e+00 3.336224366501983507e+00 3.355325595494095037e+00
1.010000000000000009e+00 3.336224366501983507e+00 3.355325595494095037e+00
1.020000000000000018e+00 3.336224366501983507e+00 3.355325595494095037e+00
1.030000000000000027e+00 3.336224366501983507e+00 3.355325595494095037e+00
1.040000000000000036e+00 3.336224366501983507e+00 3.355325595494095037e+00
1.050000000000000044e+00 3.336224366501983507e+00 3.355325595494095037e+00
1.060000000000000053e+00 3.336224366501983507e+00 3.355325595494095037e+00
1.070000000000000062e+00 3.336224366501983507e+00 3.355325595494095037e+00
1.080000000000000071e+00 3.336224366501983507e+00 3.355325595494095037e+00
1.090000000000000080e+00 3.336224366501983507e+00 3.355325595494095037e+00
1.100000000000000089e+00 3.336224366501983507e+00 3.355325595494095037e+00
1.110000000000000098e+00 3.336224366501983507e+00 3.355325595494095037e+00
1.120000000000000107e+00 3.336224366501983507e+00 3.355325595494095037e+00
1.130000000000000115e+00 3.336224366501983507e+00 3.355325595494095037e+00
1.140000000000000124e+00 3.336224366501983507e+00 3.355325595494095037e+00
1.150000000000000133e+00 3.336224366501983507e+00 3.355325595494095037e+00
1.159999999999999920e+00 3.336224366501983507e+00 3.355325595494095037e+00
1.169999999999999929e+00 3.336224366501983507e+00 3.355325595494095037e+00
1.179999999999999938e+00 3.336224366501983507e+00 3.355325595494095037e+00
1.189999999999999947e+00 3.336224366501983507e+00 3.355325595494095037e+00
1.199999999999999956e+00 3.336224366501983507e+00 3.355325595494095037e+00
1.209999999999999964e+00 3.336224366501983507e+00 3.355325595494095037e+00
1.219999999999999973e+00 3.336224366501983507e+00 3.355325595494095037e+00
1.229999999999999982e+00 3.336224366501983507e+00 3.355325595494095037e+00
1.239999999999999991e+00 3.336224366501983507e+00 3.355325595494095037e+00
1.250000000000000000e+00 3.336224366501983507e+00 3.355325595494095037e+00
1.260000000000000009e+00 3.336224366501983507e+00 3.355325595494095037e+00
1.270000000000000018e+00 3.336224366501983507e+00 3.355325595494095037e+00
1.280000000000000027e+00 3.336224366501983507e+00 3.355325595494095037e+00
1.290000000000000036e+00 3.336224366501983507e+00 3.355325595494095037e+00
1.300000000000000044e+00 3.336224366501983507e+00 3.355325595494095037e+00
1.310000000000000053e+00 3.336224366501983507e+00 3.355325595494095037e+00
1.320000000000000062e+00 3.336224366501983507e+00 3.355325595494095037e+00
1.330000000000000071e+00 3.336224366501983507e+00 3.355325595494095037e+00
1.340000000000000080e+00 3.336224366501983507e+00 3.355325595494095037e+00
1.350000000000000089e+00 3.336224366501983507e+00 3.355325595494095037e+00
1.360000000000000098e+00 3.336224366501983507e+00 3.355325595494095037e+00
1.370000000000000107e+00 3.336224366501983507e+00 3.355325595494095037e+00
1.380000000000000115e+00 3.336224366501983507e+00 3.355325595494095037e+00
1.390000000000000124e+00 3.336224366501983507e+00 3.355325595494095037e+00
1.400000000000000133e+00 3.336224366501983507e+00 3.355325595494095037e+00
1.409999999999999920e+00 3.336224366501983507e+00 3.355325595494095037e+00
1.419999999999999929e+00 3.336224366501983507e+00 3.355325595494095037e+00
1.429999999999999938e+00 3.336224366501983507e+00 3.355325595494095037e+00
1.439999999999999947e+00 3.336224366501983507e+00 3.355325595494095037e+00
1.449999999999999956e+00 3.336224366501983507e+00 3.355325595494095037e+00
1.459999999999999964e+00 3.336224366501983507e+00 3.355325595494095037e+00
1.469999999999999973e+00 3.336224366501983507e+00 3.355325595494095037e+00
1.479999999999999982e+00 3.336224366501983507e+00 3.355325595494095037e+00
1.489999999999999991e+00 3.336224366501983507e+00 3.355325595494095037e+00
1.500000000000000000e+00 3.336224366501983507e+00 3.355325595494095037e+00
1.510000000000000009e+00 3.336224366501983507e+00 3.355325595494095037e+00
1.520000000000000018e+00 3.336224366501983507e+00 3.355325595494095037e+00
1.530000000000000027e+00 3.336224829638038791e+00 3.355325705625975985e+00
1.540000000000000036e+00 3.336224895250066158e+00 3.355325731623903796e+00
1.550000000000000044e+00 3.336224895250066158e+00 3.355325731623903796e+00
1.560000000000000053e+00 3.336224895250066158e+00 3.355325731623903796e+00
1.570000000000000062e+00 3.336225622211176134e+00 3.355326780118268903e+00
1.580000000000000071e+00 3.336226532487029939e+00 3.355330900379066339e+00
1.590000000000000080e+00 3.336227764409486429e+00 3.355336506225164772e+00
1.600000000000000089e+00 3.336231506466393437e+00 3.355348700161452147e+00
1.610000000000000098e+00 3.336238654038060858e+00 3.355367949503313518e+00
1.620000000000000107e+00 3.336234822573696857e+00 3.355380288515056098e+00
1.630000000000000115e+00 3.336228250324739353e+00 3.355387302186475740e+00
1.640000000000000124e+00 3.336229683103006494e+00 3.355389055343229288e+00
1.650000000000000133e+00 3.336230718189817868e+00 3.355390379622834818e+00
1.660000000000000142e+00 3.336230718189817868e+00 3.355390379622834818e+00
1.669999999999999929e+00 3.336230770683689784e+00 3.355390415868358289e+00
1.679999999999999938e+00 3.336230770683689784e+00 3.355390415868358289e+00
1.689999999999999947e+00 3.336230770683689784e+00 3.355390415868358289e+00
1.699999999999999956e+00 3.336230770683689784e+00 3.355390415868358289e+00
1.709999999999999964e+00 3.336230770683689784e+00 3.355390415868358289e+00
1.719999999999999973e+00 3.336230770683689784e+00 3.355390415868358289e+00
1.729999999999999982e+00 3.336230770683689784e+00 3.355390415868358289e+00
1.739999999999999991e+00 3.336230270349439309e+00 3.355403314407412019e+00
1.750000000000000000e+00 3.336230164642052465e+00 3.355405285435004714e+00
1.760000000000000009e+00 3.336230106012316732e+00 3.355405629976300652e+00
1.770000000000000018e+00 3.336228640867168860e+00 3.355405985364024790e+00
1.780000000000000027e+00 3.336228640867168860e+00 3.355405985364024790e+00
1.790000000000000036e+00 3.336228607110550026e+00 3.355405872574279247e+00
1.800000000000000044e+00 3.336228607110550026e+00 3.355405872574279247e+00
1.810000000000000053e+00 3.336228607897466336e+00 3.355405875912004898e+00
1.820000000000000062e+00 3.336228607897466336e+00 3.355405875912004898e+00
1.830000000000000071e+00 3.336228324847658744e+00 3.355405816735783642e+00
1.840000000000000080e+00 3.336228415155957361e+00 3.355406094774652903e+00
1.850000000000000089e+00 3.336210283970565182e+00 3.355411578378945325e+00
1.860000000000000098e+00 3.336129366911552818e+00 3.355432880669928952e+00
1.870000000000000107e+00 3.336075165957789412e+00 3.355446187778134526e+00
1.880000000000000115e+00 3.336067128747408628e+00 3.355448219191128789e+00
1.890000000000000124e+00 3.336055013232857913e+00 3.355450783175795149e+00
1.900000000000000133e+00 3.336048809882294908e+00 3.355452150968420977e+00
1.910000000000000142e+00 3.336048809882294908e+00 3.355452150968420977e+00
1.919999999999999929e+00 3.336048856304665744e+00 3.355452162581900044e+00
1.929999999999999938e+00 3.336049040491685158e+00 3.355452214734449878e+00
1.939999999999999947e+00 3.336049040491685158e+00 3.355452214734449878e+00
1.949999999999999956e+00 3.336048612561931748e+00 3.355452425212154033e+00
1.959999999999999964e+00 3.336046073770400966e+00 3.355452714767578115e+00
1.969999999999999973e+00 3.336045089592813540e+00 3.355452803177954024e+00
1.979999999999999982e+00 3.336045089592813540e+00 3.355452803177954024e+00
1.989999999999999991e+00 3.336045089592813540e+00 3.355452803177954024e+00
2.000000000000000000e+00 3.336045089592813540e+00 3.355452803177954024e+00
2.010000000000000231e+00 3.336045089592813540e+00 3.355452803177954024e+00
2.020000000000000018e+00 3.336046856724378618e+00 3.355452935355546895e+00
2.030000000000000249e+00 3.336048279528614380e+00 3.355453042645457629e+00
2.040000000000000036e+00 3.336048243587953266e+00 3.355453011991041734e+00
2.049999999999999822e+00 3.336048245793400646e+00 3.355453022655429329e+00
2.060000000000000053e+00 3.336048245793400646e+00 3.355453022655429329e+00
2.069999999999999840e+00 3.335592654877485685e+00 3.355981077617822272e+00
2.080000000000000071e+00 3.330102011325860367e+00 3.362624356514906765e+00
2.089999999999999858e+00 3.326117090191634151e+00 3.367775522179810910e+00
2.100000000000000089e+00 3.314197094238557462e+00 3.385322966577253290e+00
2.109999999999999876e+00 3.303457655810875693e+00 3.406052951055007050e+00
2.120000000000000107e+00 3.294283900633278250e+00 3.430514885129508862e+00
2.129999999999999893e+00 3.286568073746696239e+00 3.461384979083999891e+00
2.140000000000000124e+00 3.283376237319618696e+00 3.497667204872459301e+00
2.149999999999999911e+00 3.285786923113122704e+00 3.529011666030630323e+00
2.160000000000000142e+00 3.295524547469502075e+00 3.569226131069774155e+00
2.169999999999999929e+00 3.316327113733748000e+00 3.612380890850564796e+00
2.180000000000000160e+00 3.350488876318698406e+00 3.654213093924755906e+00
2.189999999999999947e+00 3.394163895247153562e+00 3.686098588654823871e+00
2.200000000000000178e+00 3.446026729160439395e+00 3.706276161164153038e+00
2.209999999999999964e+00 3.486653820207436194e+00 3.712976635591666241e+00
2.220000000000000195e+00 3.521013594700366234e+00 3.712989592193096655e+00
2.229999999999999982e+00 3.544377200334466238e+00 3.709942593500220376e+00
2.240000000000000213e+00 3.565958857384994296e+00 3.704878818591758716e+00
2.250000000000000000e+00 3.583373622407738157e+00 3.699331933689292473e+00
2.260000000000000231e+00 3.596979071103731940e+00 3.694240002578099258e+00
2.270000000000000018e+00 3.618425373895993058e+00 3.683053524266849177e+00
2.280000000000000249e+00 3.635634982122845749e+00 3.671304517398409573e+00
2.290000000000000036e+00 3.640330092799880290e+00 3.667790350644371422e+00
2.300000000000000266e+00 3.640330092799880290e+00 3.667790350644371422e+00
2.310000000000000053e+00 3.640330092799880290e+00 3.667790350644371422e+00
2.319999999999999840e+00 3.640330092799880290e+00 3.667790350644371422e+00
2.330000000000000071e+00 3.640330092799880290e+00 3.667790350644371422e+00
2.339999999999999858e+00 3.640330092799880290e+00 3.667790350644371422e+00
2.350000000000000089e+00 3.640330092799880290e+00 3.667790350644371422e+00
2.359999999999999876e+00 3.640330092799880290e+00 3.667790350644371422e+00
2.370000000000000107e+00 3.640330092799880290e+00 3.667790350644371422e+00
2.379999999999999893e+00 3.640330092799880290e+00 3.667790350644371422e+00
2.390000000000000124e+00 3.640330092799880290e+00 3.667790350644371422e+00
2.399999999999999911e+00 3.640330092799880290e+00 3.667790350644371422e+00
2.410000000000000142e+00 3.640330092799880290e+00 3.667790350644371422e+00
2.419999999999999929e+00 3.640330092799880290e+00 3.667790350644371422e+00
2.430000000000000160e+00 3.640330092799880290e+00 3.667790350644371422e+00
2.439999999999999947e+00 3.640330092799880290e+00 3.667790350644371422e+00
2.450000000000000178e+00 3.640330092799880290e+00 3.667790350644371422e+00
2.459999999999999964e+00 3.640330092799880290e+00 3.667790350644371422e+00
2.470000000000000195e+00 3.640330092799880290e+00 3.667790350644371422e+00
2.479999999999999982e+00 3.640330029386751765e+00 3.667790357256657696e+00
2.490000000000000213e+00 3.640330029386751765e+00 3.667790357256657696e+00
2.500000000000000000e+00 3.640330029386751765e+00 3.667790357256657696e+00
2.510000000000000231e+00 3.640330029386751765e+00 3.667790357256657696e+00
2.520000000000000018e+00 3.640330029386751765e+00 3.667790357256657696e+00
2.530000000000000249e+00 3.640330029386751765e+00 3.667790357256657696e+00
2.540000000000000036e+00 3.640330029386751765e+00 3.667790357256657696e+00
2.550000000000000266e+00 3.640330029386751765e+00 3.667790357256657696e+00
2.560000000000000053e+00 3.640330029386751765e+00 3.667790357256657696e+00
2.569999999999999840e+00 3.640330029386751765e+00 3.667790357256657696e+00
2.580000000000000071e+00 3.640325527821815843e+00 3.667790831154548403e+00
2.589999999999999858e+00 3.640324070936782341e+00 3.667791049674408832e+00
2.600000000000000089e+00 3.640324070936782341e+00 3.667791049674408832e+00
2.609999999999999876e+00 3.640324070936782341e+00 3.667791049674408832e+00
2.620000000000000107e+00 3.640324070936782341e+00 3.667791049674408832e+00
2.629999999999999893e+00 3.640324070936782341e+00 3.667791049674408832e+00
2.640000000000000124e+00 3.640324070936782341e+00 3.667791049674408832e+00
2.649999999999999911e+00 3.640324070936782341e+00 3.667791049674408832e+00
2.660000000000000142e+00 3.640324070936782341e+00 3.667791049674408832e+00
2.669999999999999929e+00 3.640323155636069341e+00 3.667791012550118079e+00
2.680000000000000160e+00 3.640323155636069341e+00 3.667791012550118079e+00
2.689999999999999947e+00 3.640323155636069341e+00 3.667791012550118079e+00
2.700000000000000178e+00 3.640323155636069341e+00 3.667791012550118079e+00
2.709999999999999964e+00 3.640323155636069341e+00 3.667791012550118079e+00
2.720000000000000195e+00 3.640323155636069341e+00 3.667791012550118079e+00
2.729999999999999982e+00 3.640322945082793193e+00 3.667790032617439966e+00
2.740000000000000213e+00 3.640322945082793193e+00 3.667790032617439966e+00
2.750000000000000000e+00 3.640322945082793193e+00 3.667790032617439966e+00
2.760000000000000231e+00 3.640322945082793193e+00 3.667790032617439966e+00
2.770000000000000018e+00 3.640322945082793193e+00 3.667790032617439966e+00
2.780000000000000249e+00 3.640322945082793193e+00 3.667790032617439966e+00
2.790000000000000036e+00 3.640322945082793193e+00 3.667790032617439966e+00
2.800000000000000266e+00 3.640322945082793193e+00 3.667790032617439966e+00
2.810000000000000053e+00 3.640322945082793193e+00 3.667790032617439966e+00
2.819999999999999840e+00 3.640322945082793193e+00 3.667790032617439966e+00
2.830000000000000071e+00 3.640322945082793193e+00 3.667790032617439966e+00
2.839999999999999858e+00 3.640322945082793193e+00 3.667790032617439966e+00
2.850000000000000089e+00 3.640323107574251260e+00 3.667789553057882124e+00
2.859999999999999876e+00 3.640323139582592571e+00 3.667789570712131297e+00
2.870000000000000107e+00 3.640323139582592571e+00 3.667789570712131297e+00
2.879999999999999893e+00 3.640323139582592571e+00 3.667789570712131297e+00
2.890000000000000124e+00 3.640323139582592571e+00 3.667789570712131297e+00
2.899999999999999911e+00 3.640323139582592571e+00 3.667789570712131297e+00
2.910000000000000142e+00 3.640323139582592571e+00 3.667789570712131297e+00
2.919999999999999929e+00 3.640323139582592571e+00 3.667789570712131297e+00
2.930000000000000160e+00 3.640323349829132304e+00 3.667789647063797176e+00
2.939999999999999947e+00 3.640323343061908634e+00 3.667789636388317565e+00
2.950000000000000178e+00 3.640323343061908634e+00 3.667789636388317565e+00
2.959999999999999964e+00 3.640323399239955737e+00 3.667789646633686562e+00
2.970000000000000195e+00 3.640323399239955737e+00 3.667789646633686562e+00
2.979999999999999982e+00 3.640323378951895172e+00 3.667789640352379976e+00
2.990000000000000213e+00 3.640323378951895172e+00 3.667789640352379976e+00
3.000000000000000000e+00 3.640323378951895172e+00 3.667789640352379976e+00
