0.000000000000000000e+00 8.898368442261218592e-01
1.000000000000000021e-02 8.898368442261218592e-01
2.000000000000000042e-02 2.400140630824565857e+00
2.999999999999999889e-02 3.048521617240905979e+00
4.000000000000000083e-02 3.048521617240905979e+00
5.000000000000000278e-02 3.048521617240905979e+00
5.999999999999999778e-02 3.048521617240905979e+00
7.000000000000000666e-02 3.048521617240905979e+00
8.000000000000000167e-02 3.048521617240905979e+00
8.999999999999999667e-02 3.048521617240905979e+00
1.000000000000000056e-01 3.048521617240905979e+00
1.100000000000000006e-01 3.048521617240905979e+00
1.199999999999999956e-01 3.048521617240905979e+00
1.300000000000000044e-01 3.048521617240905979e+00
1.400000000000000133e-01 3.048521617240905979e+00
1.499999999999999944e-01 3.048521617240905979e+00
1.600000000000000033e-01 3.048521617240905979e+00
1.700000000000000122e-01 3.048521617240905979e+00
1.799999999999999933e-01 3.048521617240905979e+00
1.900000000000000022e-01 3.048521617240905979e+00
2.000000000000000111e-01 3.048521617240905979e+00
2.099999999999999922e-01 3.048521617240905979e+00
2.200000000000000011e-01 3.048521617240905979e+00
2.300000000000000100e-01 3.048521617240905979e+00
2.399999999999999911e-01 3.048521617240905979e+00
2.500000000000000000e-01 3.048521617240905979e+00
2.600000000000000089e-01 3.048521617240905979e+00
2.700000000000000178e-01 3.048521617240905979e+00
2.800000000000000266e-01 3.048521617240905979e+00
2.899999999999999800e-01 3.048521617240905979e+00
2.999999999999999889e-01 3.048521617240905979e+00
3.099999999999999978e-01 3.048521617240905979e+00
3.200000000000000067e-01 3.048521617240905979e+00
3.300000000000000155e-01 3.048521617240905979e+00
3.400000000000000244e-01 3.048521617240905979e+00
3.500000000000000333e-01 3.048521617240905979e+00
3.599999999999999867e-01 3.048521617240905979e+00
3.699999999999999956e-01 3.048521617240905979e+00
3.800000000000000044e-01 3.048521617240905979e+00
3.900000000000000133e-01 3.048521617240905979e+00
4.000000000000000222e-01 3.048521617240905979e+00
4.100000000000000311e-01 3.048521617240905979e+00
4.199999999999999845e-01 3.048521617240905979e+00
4.299999999999999933e-01 3.048521617240905979e+00
4.400000000000000022e-01 3.048521617240905979e+00
4.500000000000000111e-01 3.048521617240905979e+00
4.600000000000000200e-01 3.048521617240905979e+00
4.700000000000000289e-01 3.048521617240905979e+00
4.799999999999999822e-01 3.048521572513580136e+00
4.899999999999999911e-01 3.048521612551212456e+00
5.000000000000000000e-01 3.048521612551212456e+00
5.100000000000000089e-01 3.048521612551212456e+00
5.200000000000000178e-01 3.048521612551212456e+00
5.300000000000000266e-01 3.048521612551212456e+00
5.400000000000000355e-01 3.048521612551212456e+00
5.500000000000000444e-01 3.048521612551212456e+00
5.600000000000000533e-01 3.048521612551212456e+00
5.700000000000000622e-01 3.048521612551212456e+00
5.799999999999999600e-01 3.048521612551212456e+00
5.899999999999999689e-01 3.048521612551212456e+00
5.999999999999999778e-01 3.048521612551212456e+00
6.099999999999999867e-01 3.048521604363918502e+00
6.199999999999999956e-01 3.048521604363918502e+00
6.300000000000000044e-01 3.048521604363918502e+00
6.400000000000000133e-01 3.048521745674610095e+00
6.500000000000000222e-01 3.048521745674610095e+00
6.600000000000000311e-01 3.048521745674610095e+00
6.700000000000000400e-01 3.048521745674610095e+00
6.800000000000000488e-01 3.048521745674610095e+00
6.900000000000000577e-01 3.048521745674610095e+00
7.000000000000000666e-01 3.048521745674610095e+00
7.099999999999999645e-01 3.048521745674610095e+00
7.199999999999999734e-01 3.048521745674610095e+00
7.299999999999999822e-01 3.048521745674610095e+00
7.399999999999999911e-01 3.048521745674610095e+00
7.500000000000000000e-01 3.048521745674610095e+00
7.600000000000000089e-01 3.048521745674610095e+00
7.700000000000000178e-01 3.048521745674610095e+00
7.800000000000000266e-01 3.048521745674610095e+00
7.900000000000000355e-01 3.048521745674610095e+00
8.000000000000000444e-01 3.048523082237243553e+00
8.100000000000000533e-01 3.048529085524082305e+00
8.200000000000000622e-01 3.048538302524089971e+00
8.300000000000000711e-01 3.048554569120407010e+00
8.399999999999999689e-01 3.048585318639278618e+00
8.499999999999999778e-01 3.048823765084743620e+00
8.599999999999999867e-01 3.048949840764999308e+00
8.699999999999999956e-01 3.049036051919460366e+00
8.800000000000000044e-01 3.049315707535743769e+00
8.900000000000000133e-01 3.050933639578819356e+00
9.000000000000000222e-01 3.057474195616245449e+00
9.100000000000000311e-01 3.070077359929084704e+00
9.200000000000000400e-01 3.105055634865760972e+00
9.300000000000000488e-01 3.166794949049949626e+00
9.400000000000000577e-01 3.253295425651073547e+00
9.500000000000000666e-01 3.313823781132698265e+00
9.599999999999999645e-01 3.333176553549766385e+00
9.699999999999999734e-01 3.344277938005924433e+00
9.799999999999999822e-01 3.345774980998039272e+00
9.899999999999999911e-01 3.345774980998039272e+00
1.000000000000000000e+00 3.345774980998039272e+00
1.010000000000000009e+00 3.345774980998039272e+00
1.020000000000000018e+00 3.345774980998039272e+00
1.030000000000000027e+00 3.345774980998039272e+00
1.040000000000000036e+00 3.345774980998039272e+00
1.050000000000000044e+00 3.345774980998039272e+00
1.060000000000000053e+00 3.345774980998039272e+00
1.070000000000000062e+00 3.345774980998039272e+00
1.080000000000000071e+00 3.345774980998039272e+00
1.090000000000000080e+00 3.345774980998039272e+00
1.100000000000000089e+00 3.345774980998039272e+00
1.110000000000000098e+00 3.345774980998039272e+00
1.120000000000000107e+00 3.345774980998039272e+00
1.130000000000000115e+00 3.345774980998039272e+00
1.140000000000000124e+00 3.345774980998039272e+00
1.150000000000000133e+00 3.345774980998039272e+00
1.159999999999999920e+00 3.345774980998039272e+00
1.169999999999999929e+00 3.345774980998039272e+00
1.179999999999999938e+00 3.345774980998039272e+00
1.189999999999999947e+00 3.345774980998039272e+00
1.199999999999999956e+00 3.345774980998039272e+00
1.209999999999999964e+00 3.345774980998039272e+00
1.219999999999999973e+00 3.345774980998039272e+00
1.229999999999999982e+00 3.345774980998039272e+00
1.239999999999999991e+00 3.345774980998039272e+00
1.250000000000000000e+00 3.345774980998039272e+00
1.260000000000000009e+00 3.345774980998039272e+00
1.270000000000000018e+00 3.345774980998039272e+00
1.280000000000000027e+00 3.345774980998039272e+00
1.290000000000000036e+00 3.345774980998039272e+00
1.300000000000000044e+00 3.345774980998039272e+00
1.310000000000000053e+00 3.345774980998039272e+00
1.320000000000000062e+00 3.345774980998039272e+00
1.330000000000000071e+00 3.345774980998039272e+00
1.340000000000000080e+00 3.345774980998039272e+00
1.350000000000000089e+00 3.345774980998039272e+00
1.360000000000000098e+00 3.345774980998039272e+00
1.370000000000000107e+00 3.345774980998039272e+00
1.380000000000000115e+00 3.345774980998039272e+00
1.390000000000000124e+00 3.345774980998039272e+00
1.400000000000000133e+00 3.345774980998039272e+00
1.409999999999999920e+00 3.345774980998039272e+00
1.419999999999999929e+00 3.345774980998039272e+00
1.429999999999999938e+00 3.345774980998039272e+00
1.439999999999999947e+00 3.345774980998039272e+00
1.449999999999999956e+00 3.345774980998039272e+00
1.459999999999999964e+00 3.345774980998039272e+00
1.469999999999999973e+00 3.345774980998039272e+00
1.479999999999999982e+00 3.345774980998039272e+00
1.489999999999999991e+00 3.345774980998039272e+00
1.500000000000000000e+00 3.345774980998039272e+00
1.510000000000000009e+00 3.345774980998039272e+00
1.520000000000000018e+00 3.345774980998039272e+00
1.530000000000000027e+00 3.345775267632007388e+00
1.540000000000000036e+00 3.345775313436984977e+00
1.550000000000000044e+00 3.345775313436984977e+00
1.560000000000000053e+00 3.345775313436984977e+00
1.570000000000000062e+00 3.345776201164722519e+00
1.580000000000000071e+00 3.345778716433048139e+00
1.590000000000000080e+00 3.345782135317325601e+00
1.600000000000000089e+00 3.345790103313922792e+00
1.610000000000000098e+00 3.345803301770687188e+00
1.620000000000000107e+00 3.345807555544376477e+00
1.630000000000000115e+00 3.345807776255607546e+00
1.640000000000000124e+00 3.345809369223117891e+00
1.650000000000000133e+00 3.345810548906326343e+00
1.660000000000000142e+00 3.345810548906326343e+00
1.669999999999999929e+00 3.345810593276024036e+00
1.679999999999999938e+00 3.345810593276024036e+00
1.689999999999999947e+00 3.345810593276024036e+00
1.699999999999999956e+00 3.345810593276024036e+00
1.709999999999999964e+00 3.345810593276024036e+00
1.719999999999999973e+00 3.345810593276024036e+00
1.729999999999999982e+00 3.345810593276024036e+00
1.739999999999999991e+00 3.345816792378425664e+00
1.750000000000000000e+00 3.345817725038528589e+00
1.760000000000000009e+00 3.345817867994308692e+00
1.770000000000000018e+00 3.345817313115596825e+00
1.780000000000000027e+00 3.345817313115596825e+00
1.790000000000000036e+00 3.345817239842414637e+00
1.800000000000000044e+00 3.345817239842414637e+00
1.810000000000000053e+00 3.345817241904735617e+00
1.820000000000000062e+00 3.345817241904735617e+00
1.830000000000000071e+00 3.345817070791721193e+00
1.840000000000000080e+00 3.345817254965305132e+00
1.850000000000000089e+00 3.345810931174755254e+00
1.860000000000000098e+00 3.345781123790740885e+00
1.870000000000000107e+00 3.345760676867961969e+00
1.880000000000000115e+00 3.345757673969268708e+00
1.890000000000000124e+00 3.345752898204326531e+00
1.900000000000000133e+00 3.345750480425357942e+00
1.910000000000000142e+00 3.345750480425357942e+00
1.919999999999999929e+00 3.345750509443282894e+00
1.929999999999999938e+00 3.345750627613067518e+00
1.939999999999999947e+00 3.345750627613067518e+00
1.949999999999999956e+00 3.345750518887042890e+00
1.959999999999999964e+00 3.345749394268989541e+00
1.969999999999999973e+00 3.345748946385383782e+00
1.979999999999999982e+00 3.345748946385383782e+00
1.989999999999999991e+00 3.345748946385383782e+00
2.000000000000000000e+00 3.345748946385383782e+00
2.010000000000000231e+00 3.345748946385383782e+00
2.020000000000000018e+00 3.345749896039962756e+00
2.030000000000000249e+00 3.345750661087036004e+00
2.040000000000000036e+00 3.345750627789497500e+00
2.049999999999999822e+00 3.345750634224414988e+00
2.060000000000000053e+00 3.345750634224414988e+00
2.069999999999999840e+00 3.345786866247653979e+00
2.080000000000000071e+00 3.346363183920383566e+00
2.089999999999999858e+00 3.346946306185722531e+00
2.100000000000000089e+00 3.349760030407905376e+00
2.109999999999999876e+00 3.354755303432941371e+00
2.120000000000000107e+00 3.362399392881393556e+00
2.129999999999999893e+00 3.373976526415348065e+00
2.140000000000000124e+00 3.390521721096038998e+00
2.149999999999999911e+00 3.407399294571876514e+00
2.160000000000000142e+00 3.432375339269638115e+00
2.169999999999999929e+00 3.464354002292156398e+00
2.180000000000000160e+00 3.502350985121727156e+00
2.189999999999999947e+00 3.540131241950988716e+00
2.200000000000000178e+00 3.576151445162296216e+00
2.209999999999999964e+00 3.599815227899551218e+00
2.220000000000000195e+00 3.617001593446731444e+00
2.229999999999999982e+00 3.627159896917343307e+00
2.240000000000000213e+00 3.635418837988376506e+00
2.250000000000000000e+00 3.641352778048515315e+00
2.260000000000000231e+00 3.645609536840915599e+00
2.270000000000000018e+00 3.650739449081421117e+00
2.280000000000000249e+00 3.653469749760627661e+00
2.290000000000000036e+00 3.654060221722125856e+00
2.300000000000000266e+00 3.654060221722125856e+00
2.310000000000000053e+00 3.654060221722125856e+00
2.319999999999999840e+00 3.654060221722125856e+00
2.330000000000000071e+00 3.654060221722125856e+00
2.339999999999999858e+00 3.654060221722125856e+00
2.350000000000000089e+00 3.654060221722125856e+00
2.359999999999999876e+00 3.654060221722125856e+00
2.370000000000000107e+00 3.654060221722125856e+00
2.379999999999999893e+00 3.654060221722125856e+00
2.390000000000000124e+00 3.654060221722125856e+00
2.399999999999999911e+00 3.654060221722125856e+00
2.410000000000000142e+00 3.654060221722125856e+00
2.419999999999999929e+00 3.654060221722125856e+00
2.430000000000000160e+00 3.654060221722125856e+00
2.439999999999999947e+00 3.654060221722125856e+00
2.450000000000000178e+00 3.654060221722125856e+00
2.459999999999999964e+00 3.654060221722125856e+00
2.470000000000000195e+00 3.654060221722125856e+00
2.479999999999999982e+00 3.654060193321704730e+00
2.490000000000000213e+00 3.654060193321704730e+00
2.500000000000000000e+00 3.654060193321704730e+00
2.510000000000000231e+00 3.654060193321704730e+00
2.520000000000000018e+00 3.654060193321704730e+00
2.530000000000000249e+00 3.654060193321704730e+00
2.540000000000000036e+00 3.654060193321704730e+00
2.550000000000000266e+00 3.654060193321704730e+00
2.560000000000000053e+00 3.654060193321704730e+00
2.569999999999999840e+00 3.654060193321704730e+00
2.580000000000000071e+00 3.654058179488182123e+00
2.589999999999999858e+00 3.654057560305595587e+00
2.600000000000000089e+00 3.654057560305595587e+00
2.609999999999999876e+00 3.654057560305595587e+00
2.620000000000000107e+00 3.654057560305595587e+00
2.629999999999999893e+00 3.654057560305595587e+00
2.640000000000000124e+00 3.654057560305595587e+00
2.649999999999999911e+00 3.654057560305595587e+00
2.660000000000000142e+00 3.654057560305595587e+00
2.669999999999999929e+00 3.654057084093093710e+00
2.680000000000000160e+00 3.654057084093093710e+00
2.689999999999999947e+00 3.654057084093093710e+00
2.700000000000000178e+00 3.654057084093093710e+00
2.709999999999999964e+00 3.654057084093093710e+00
2.720000000000000195e+00 3.654057084093093710e+00
2.729999999999999982e+00 3.654056488850116580e+00
2.740000000000000213e+00 3.654056488850116580e+00
2.750000000000000000e+00 3.654056488850116580e+00
2.760000000000000231e+00 3.654056488850116580e+00
2.770000000000000018e+00 3.654056488850116580e+00
2.780000000000000249e+00 3.654056488850116580e+00
2.790000000000000036e+00 3.654056488850116580e+00
2.800000000000000266e+00 3.654056488850116580e+00
2.810000000000000053e+00 3.654056488850116580e+00
2.819999999999999840e+00 3.654056488850116580e+00
2.830000000000000071e+00 3.654056488850116580e+00
2.839999999999999858e+00 3.654056488850116580e+00
2.850000000000000089e+00 3.654056330316066692e+00
2.859999999999999876e+00 3.654056355147361934e+00
2.870000000000000107e+00 3.654056355147361934e+00
2.879999999999999893e+00 3.654056355147361934e+00
2.890000000000000124e+00 3.654056355147361934e+00
2.899999999999999911e+00 3.654056355147361934e+00
2.910000000000000142e+00 3.654056355147361934e+00
2.919999999999999929e+00 3.654056355147361934e+00
2.930000000000000160e+00 3.654056498446464740e+00
2.939999999999999947e+00 3.654056489725113099e+00
2.950000000000000178e+00 3.654056489725113099e+00
2.959999999999999964e+00 3.654056522936821150e+00
2.970000000000000195e+00 3.654056522936821150e+00
2.979999999999999982e+00 3.654056509652137574e+00
2.990000000000000213e+00 3.654056509652137574e+00
3.000000000000000000e+00 3.654056509652137574e+00
