0.000000000000000000e+00 3.029674910360666273e-01 3.202551254081634213e-01
1.000000000000000021e-02 3.029674910360666273e-01 3.202551254081634213e-01
2.000000000000000042e-02 3.114388361161144925e+00 3.502008355247584692e+00
2.999999999999999889e-02 1.866467515643708275e+00 3.733663045741446140e+00
4.000000000000000083e-02 8.041081150367476171e-01 1.229460099506118453e+00
5.000000000000000278e-02 9.291333126181292590e-01 1.059077836608298018e+00
5.999999999999999778e-02 9.291472783151620840e-01 1.059089668563271358e+00
7.000000000000000666e-02 6.338262535570873268e-01 2.895345310533164795e+00
8.000000000000000167e-02 3.489330339679785897e+00 3.520925402660302073e+00
8.999999999999999667e-02 3.489330339679785897e+00 3.520925402660302073e+00
1.000000000000000056e-01 3.489330339679785897e+00 3.520925402660302073e+00
1.100000000000000006e-01 3.489330339679785897e+00 3.520925402660302073e+00
1.199999999999999956e-01 3.489330339679785897e+00 3.520925402660302073e+00
1.300000000000000044e-01 3.489330339679785897e+00 3.520925402660302073e+00
1.400000000000000133e-01 3.489330339679785897e+00 3.520925402660302073e+00
1.499999999999999944e-01 3.489330339679785897e+00 3.520925402660302073e+00
1.600000000000000033e-01 3.489330339679785897e+00 3.520925402660302073e+00
1.700000000000000122e-01 3.489330339679785897e+00 3.520925402660302073e+00
1.799999999999999933e-01 3.489330339679785897e+00 3.520925402660302073e+00
1.900000000000000022e-01 3.489328731182643750e+00 3.520911797467640270e+00
2.000000000000000111e-01 3.489323389199715297e+00 3.520863071643371089e+00
2.099999999999999922e-01 3.489300440850133356e+00 3.520769608411913332e+00
2.200000000000000011e-01 3.489296934352493551e+00 3.520663105954551675e+00
2.300000000000000100e-01 3.489292248062088042e+00 3.520519540101097355e+00
2.399999999999999911e-01 3.489281498230705214e+00 3.520206960445632749e+00
2.500000000000000000e-01 3.489293320262325082e+00 3.519961218440640138e+00
2.600000000000000089e-01 3.489282629141772674e+00 3.519692257027660531e+00
2.700000000000000178e-01 3.489269688774397693e+00 3.519639254540154916e+00
2.800000000000000266e-01 3.489271685371570619e+00 3.519610224194354764e+00
2.899999999999999800e-01 3.489281899853879043e+00 3.519560621665781763e+00
2.999999999999999889e-01 3.489309649685027548e+00 3.519340219890473076e+00
3.099999999999999978e-01 3.489361501914982622e+00 3.519127336791033844e+00
3.200000000000000067e-01 3.489387711352305299e+00 3.518985554204983490e+00
3.300000000000000155e-01 3.489462602108468481e+00 3.518590436631689577e+00
3.400000000000000244e-01 3.489491501932584061e+00 3.518421299919642475e+00
3.500000000000000333e-01 3.489486693072052059e+00 3.518164203739433393e+00
3.599999999999999867e-01 3.489526266353002892e+00 3.517773677456506487e+00
3.699999999999999956e-01 3.489543243841863873e+00 3.517657902198098707e+00
3.800000000000000044e-01 3.489547368075587741e+00 3.517399054286739712e+00
3.900000000000000133e-01 3.489564579368710007e+00 3.517138694270968813e+00
4.000000000000000222e-01 3.489597664255000620e+00 3.516915407525204262e+00
4.100000000000000311e-01 3.489597664255000620e+00 3.516915407525204262e+00
4.199999999999999845e-01 3.489597664255000620e+00 3.516915407525204262e+00
4.299999999999999933e-01 3.489597664255000620e+00 3.516915407525204262e+00
4.400000000000000022e-01 3.489597664255000620e+00 3.516915407525204262e+00
4.500000000000000111e-01 3.489597664255000620e+00 3.516915407525204262e+00
4.600000000000000200e-01 3.489597664255000620e+00 3.516915407525204262e+00
4.700000000000000289e-01 3.489597664255000620e+00 3.516915407525204262e+00
4.799999999999999822e-01 3.489597664255000620e+00 3.516915407525204262e+00
4.899999999999999911e-01 3.489597664255000620e+00 3.516915407525204262e+00
5.000000000000000000e-01 3.489597664255000620e+00 3.516915407525204262e+00
5.100000000000000089e-01 3.489597664255000620e+00 3.516915407525204262e+00
5.200000000000000178e-01 3.489597664255000620e+00 3.516915407525204262e+00
5.300000000000000266e-01 3.489597664255000620e+00 3.516915407525204262e+00
5.400000000000000355e-01 3.489597664255000620e+00 3.516915407525204262e+00
5.500000000000000444e-01 3.489597664255000620e+00 3.516915407525204262e+00
5.600000000000000533e-01 3.489597664255000620e+00 3.516915407525204262e+00
5.700000000000000622e-01 3.489597664255000620e+00 3.516915407525204262e+00
5.799999999999999600e-01 3.489597664255000620e+00 3.516915407525204262e+00
5.899999999999999689e-01 3.489597664255000620e+00 3.516915407525204262e+00
5.999999999999999778e-01 3.489597664255000620e+00 3.516915407525204262e+00
6.099999999999999867e-01 3.489597664255000620e+00 3.516915407525204262e+00
6.199999999999999956e-01 3.489597664255000620e+00 3.516915407525204262e+00
6.300000000000000044e-01 3.489597664255000620e+00 3.516915407525204262e+00
6.400000000000000133e-01 3.489597664255000620e+00 3.516915407525204262e+00
6.500000000000000222e-01 3.489597664255000620e+00 3.516915407525204262e+00
6.600000000000000311e-01 3.489597664255000620e+00 3.516915407525204262e+00
6.700000000000000400e-01 3.489597664255000620e+00 3.516915407525204262e+00
6.800000000000000488e-01 3.489597664255000620e+00 3.516915407525204262e+00
6.900000000000000577e-01 3.489597664255000620e+00 3.516915407525204262e+00
7.000000000000000666e-01 3.489597664255000620e+00 3.516915407525204262e+00
7.099999999999999645e-01 3.489597664255000620e+00 3.516915407525204262e+00
7.199999999999999734e-01 3.489597664255000620e+00 3.516915407525204262e+00
7.299999999999999822e-01 3.489597664255000620e+00 3.516915407525204262e+00
7.399999999999999911e-01 3.489597664255000620e+00 3.516915407525204262e+00
7.500000000000000000e-01 3.489597664255000620e+00 3.516915407525204262e+00
7.600000000000000089e-01 3.489597664255000620e+00 3.516915407525204262e+00
7.700000000000000178e-01 3.489597664255000620e+00 3.516915407525204262e+00
7.800000000000000266e-01 3.489597664255000620e+00 3.516915407525204262e+00
7.900000000000000355e-01 3.489597664255000620e+00 3.516915407525204262e+00
8.000000000000000444e-01 3.489597664255000620e+00 3.516915407525204262e+00
8.100000000000000533e-01 3.489597664255000620e+00 3.516915407525204262e+00
8.200000000000000622e-01 3.489597075520563862e+00 3.516912875484417889e+00
8.300000000000000711e-01 3.489596440884985995e+00 3.516908896615586144e+00
8.399999999999999689e-01 3.489596342850394439e+00 3.516908474520973993e+00
8.499999999999999778e-01 3.489594329816595675e+00 3.516900272715790976e+00
8.599999999999999867e-01 3.489592710309383339e+00 3.516893868908527399e+00
8.699999999999999956e-01 3.489573205660655209e+00 3.516841621805355533e+00
8.800000000000000044e-01 3.489556198606141635e+00 3.516795260234228948e+00
8.900000000000000133e-01 3.489488656242838882e+00 3.516682922603138639e+00
9.000000000000000222e-01 3.489384144190929238e+00 3.516536935349323212e+00
9.100000000000000311e-01 3.489286818226512654e+00 3.516415814710919019e+00
9.200000000000000400e-01 3.489182691526647062e+00 3.516306003570322858e+00
9.300000000000000488e-01 3.489096241763383066e+00 3.516157834321707920e+00
9.400000000000000577e-01 3.489056144475490839e+00 3.516091645389049170e+00
9.500000000000000666e-01 3.489040290146665058e+00 3.516045830706758579e+00
9.599999999999999645e-01 3.489030965814388541e+00 3.516013948502742625e+00
9.699999999999999734e-01 3.489028905710382489e+00 3.515970896969633053e+00
9.799999999999999822e-01 3.489011976354176259e+00 3.515925123107379147e+00
9.899999999999999911e-01 3.489004132335547848e+00 3.515909809434052402e+00
1.000000000000000000e+00 3.488966862205518993e+00 3.515870065766320884e+00
1.010000000000000009e+00 3.488939724068920611e+00 3.515815133261401826e+00
1.020000000000000018e+00 3.488832982298796903e+00 3.515738747227722616e+00
1.030000000000000027e+00 3.488665942469017622e+00 3.515622619022948925e+00
1.040000000000000036e+00 3.488611185219477662e+00 3.515581229364681981e+00
1.050000000000000044e+00 3.488430760813937326e+00 3.515475297817006073e+00
1.060000000000000053e+00 3.488368916837892630e+00 3.515376068065443338e+00
1.070000000000000062e+00 3.488344366476674008e+00 3.515357624003749404e+00
1.080000000000000071e+00 3.488168820920800606e+00 3.515299786523963022e+00
1.090000000000000080e+00 3.488172444308180964e+00 3.515302941276650550e+00
1.100000000000000089e+00 3.488173161636079378e+00 3.515303663462912453e+00
1.110000000000000098e+00 3.488173168160713988e+00 3.515303695810042317e+00
1.120000000000000107e+00 3.488173186103663781e+00 3.515303784764446604e+00
1.130000000000000115e+00 3.488173186103663781e+00 3.515303784764446604e+00
1.140000000000000124e+00 3.488172974770121115e+00 3.515303697159238183e+00
1.150000000000000133e+00 3.488172883915409361e+00 3.515303291140094100e+00
1.159999999999999920e+00 3.488173110480560890e+00 3.515303424062476534e+00
1.169999999999999929e+00 3.488173389250643019e+00 3.515303524578206940e+00
1.179999999999999938e+00 3.488173389250643019e+00 3.515303524578206940e+00
1.189999999999999947e+00 3.488173529189792177e+00 3.515303589087757530e+00
1.199999999999999956e+00 3.488173529189792177e+00 3.515303589087757530e+00
1.209999999999999964e+00 3.488173529189792177e+00 3.515303589087757530e+00
1.219999999999999973e+00 3.488173759453818690e+00 3.515304007470085423e+00
1.229999999999999982e+00 3.488173802500242449e+00 3.515304096669679357e+00
1.239999999999999991e+00 3.488173802500242449e+00 3.515304096669679357e+00
1.250000000000000000e+00 3.488173802500242449e+00 3.515304096669679357e+00
1.260000000000000009e+00 3.488173802500242449e+00 3.515304096669679357e+00
1.270000000000000018e+00 3.488170841476532225e+00 3.515304582765487851e+00
1.280000000000000027e+00 3.488163924269430005e+00 3.515305267467745409e+00
1.290000000000000036e+00 3.488164473967248824e+00 3.515305484609907438e+00
1.300000000000000044e+00 3.488164473967248824e+00 3.515305484609907438e+00
1.310000000000000053e+00 3.488164492297742836e+00 3.515305500997926824e+00
1.320000000000000062e+00 3.488164492297742836e+00 3.515305500997926824e+00
1.330000000000000071e+00 3.488164495891726613e+00 3.515305532484852780e+00
1.340000000000000080e+00 3.488164499485747250e+00 3.515305563971741876e+00
1.350000000000000089e+00 3.488164499485747250e+00 3.515305563971741876e+00
1.360000000000000098e+00 3.488164499485747250e+00 3.515305563971741876e+00
1.370000000000000107e+00 3.488164202811050441e+00 3.515305104850006135e+00
1.380000000000000115e+00 3.488167795861812248e+00 3.515303568397907252e+00
1.390000000000000124e+00 3.488212179839711435e+00 3.515299005377192199e+00
1.400000000000000133e+00 3.488278861654534158e+00 3.515348265582785903e+00
1.409999999999999920e+00 3.488488050337426483e+00 3.515427481231100604e+00
1.419999999999999929e+00 3.488778226055190501e+00 3.515506012655213119e+00
1.429999999999999938e+00 3.488921288483395333e+00 3.515542227556453181e+00
1.439999999999999947e+00 3.488931196839710314e+00 3.515545291569332154e+00
1.449999999999999956e+00 3.488945630451668833e+00 3.515762979663382026e+00
1.459999999999999964e+00 3.488918408029856089e+00 3.516059732419667405e+00
1.469999999999999973e+00 3.488940215142615653e+00 3.516200306450478319e+00
1.479999999999999982e+00 3.488908764327686818e+00 3.516280386296588567e+00
1.489999999999999991e+00 3.488586053505549955e+00 3.516505509838451893e+00
1.500000000000000000e+00 3.488436343038642917e+00 3.516644327184593521e+00
1.510000000000000009e+00 3.487953931656222917e+00 3.516891146511692323e+00
1.520000000000000018e+00 3.487302104416314830e+00 3.517202132534559933e+00
1.530000000000000027e+00 3.486678309263639530e+00 3.517497185521669234e+00
1.540000000000000036e+00 3.486419183949459821e+00 3.517701862956057468e+00
1.550000000000000044e+00 3.486102950827050240e+00 3.517876101559233692e+00
1.560000000000000053e+00 3.485871667022062859e+00 3.518005477190659924e+00
1.570000000000000062e+00 3.485120408612638165e+00 3.518320565756410723e+00
1.580000000000000071e+00 3.484608654747917811e+00 3.518556396431014477e+00
1.590000000000000080e+00 3.483571740229760128e+00 3.519051677853430871e+00
1.600000000000000089e+00 3.481620920680585041e+00 3.519998264399943455e+00
1.610000000000000098e+00 3.480688696724308251e+00 3.520439379953014480e+00
1.620000000000000107e+00 3.478980886834809549e+00 3.521302414060881514e+00
1.630000000000000115e+00 3.477236583142967685e+00 3.522122005051879778e+00
1.640000000000000124e+00 3.476051504171087103e+00 3.522610296771333971e+00
1.650000000000000133e+00 3.475516339825135415e+00 3.522804435016173574e+00
1.660000000000000142e+00 3.475500335701568133e+00 3.522809266611473866e+00
1.669999999999999929e+00 3.475500232320034577e+00 3.522810740585124556e+00
1.679999999999999938e+00 3.475500313259811236e+00 3.522810990508347118e+00
1.689999999999999947e+00 3.475500404432589008e+00 3.522811285087293243e+00
1.699999999999999956e+00 3.475470899029472704e+00 3.522855300311347193e+00
1.709999999999999964e+00 3.474063217483875032e+00 3.524815515531185550e+00
1.719999999999999973e+00 3.471318662691964096e+00 3.528986131691084882e+00
1.729999999999999982e+00 3.468833548182606474e+00 3.532714379349589873e+00
1.739999999999999991e+00 3.462290919932563327e+00 3.543576964226525128e+00
1.750000000000000000e+00 3.460980267122416798e+00 3.545656484805912889e+00
1.760000000000000009e+00 3.458353491355620424e+00 3.549708860290803347e+00
1.770000000000000018e+00 3.455323437169590228e+00 3.554255852595767706e+00
1.780000000000000027e+00 3.448829686791605731e+00 3.565378181908421595e+00
1.790000000000000036e+00 3.443935012959271624e+00 3.572971902228563756e+00
1.800000000000000044e+00 3.438428789945370045e+00 3.585772526711696440e+00
1.810000000000000053e+00 3.432845308407229457e+00 3.604350737439709906e+00
1.820000000000000062e+00 3.430251396081617887e+00 3.616212369086572398e+00
1.830000000000000071e+00 3.426537371479412286e+00 3.629426043485263875e+00
1.840000000000000080e+00 3.423659922111477183e+00 3.644814885537181137e+00
1.850000000000000089e+00 3.422600243781101614e+00 3.664511922032344327e+00
1.860000000000000098e+00 3.425163286474917967e+00 3.700262944360996897e+00
1.870000000000000107e+00 3.435628156139118872e+00 3.741372304566637830e+00
1.880000000000000115e+00 3.458388749613228175e+00 3.783143928742942474e+00
1.890000000000000124e+00 3.486118994832734685e+00 3.818230191964407716e+00
1.900000000000000133e+00 3.515921171164857473e+00 3.846280591163290463e+00
1.910000000000000142e+00 3.553858006722213414e+00 3.871497600000618267e+00
1.919999999999999929e+00 3.593119635077618224e+00 3.887797305816508509e+00
1.929999999999999938e+00 3.627062996828699593e+00 3.895533850414609756e+00
1.939999999999999947e+00 3.658496110644219090e+00 3.897697177758338238e+00
1.949999999999999956e+00 3.687061870303335986e+00 3.896272082819757010e+00
1.959999999999999964e+00 3.705979650767189604e+00 3.893669728800910335e+00
1.969999999999999973e+00 3.726063240140015775e+00 3.889561232840483829e+00
1.979999999999999982e+00 3.737940188639091943e+00 3.886331758716178086e+00
1.989999999999999991e+00 3.746972924091395818e+00 3.883763556254329785e+00
2.000000000000000000e+00 3.755535471759011035e+00 3.880957626633475765e+00
2.010000000000000231e+00 3.760123214165783878e+00 3.879566993754290927e+00
2.020000000000000018e+00 3.765029235036755129e+00 3.878143875686740127e+00
2.030000000000000249e+00 3.769859503268143897e+00 3.876711586466886850e+00
2.040000000000000036e+00 3.774101811075862400e+00 3.875481243986431679e+00
2.049999999999999822e+00 3.777828009630785022e+00 3.874588347438230773e+00
2.060000000000000053e+00 3.784410145680106030e+00 3.872642387975060441e+00
2.069999999999999840e+00 3.787403936752694822e+00 3.871635348287207012e+00
2.080000000000000071e+00 3.791484345888688434e+00 3.870325953655645801e+00
2.089999999999999858e+00 3.795453023740500420e+00 3.868865279877931052e+00
2.100000000000000089e+00 3.796366090766163826e+00 3.868524574664859106e+00
2.109999999999999876e+00 3.799588771620632688e+00 3.867110115064738896e+00
2.120000000000000107e+00 3.800855899818695871e+00 3.866428485519133762e+00
2.129999999999999893e+00 3.800910041657546312e+00 3.866035561140915622e+00
2.140000000000000124e+00 3.800978886682226054e+00 3.865702989667223477e+00
2.149999999999999911e+00 3.801032824055614601e+00 3.865511585205135159e+00
2.160000000000000142e+00 3.801159009933712696e+00 3.865052973422763216e+00
2.169999999999999929e+00 3.801211445303699588e+00 3.864940987986781540e+00
2.180000000000000160e+00 3.801291539860506496e+00 3.864681303667287793e+00
2.189999999999999947e+00 3.801316276206524236e+00 3.864596541719882872e+00
2.200000000000000178e+00 3.801375311811856950e+00 3.864409484902925573e+00
2.209999999999999964e+00 3.801451103272059484e+00 3.864191313457867594e+00
2.220000000000000195e+00 3.801555483424196691e+00 3.864069326904286950e+00
2.229999999999999982e+00 3.801679182389676726e+00 3.864098627587854828e+00
2.240000000000000213e+00 3.801879172604434309e+00 3.864121514436848592e+00
2.250000000000000000e+00 3.802081894263226847e+00 3.864131879998247587e+00
2.260000000000000231e+00 3.802230548440804103e+00 3.864155008123526525e+00
2.270000000000000018e+00 3.802530145483130397e+00 3.864197308239823769e+00
2.280000000000000249e+00 3.803113182834693351e+00 3.864234643827370252e+00
2.290000000000000036e+00 3.803706863779969805e+00 3.864236334724477917e+00
2.300000000000000266e+00 3.804024464351903223e+00 3.864285304949511168e+00
2.310000000000000053e+00 3.804097948601820267e+00 3.864286288878342912e+00
2.319999999999999840e+00 3.804097988375544137e+00 3.864286317859769060e+00
2.330000000000000071e+00 3.804098017672289611e+00 3.864286351405393116e+00
2.339999999999999858e+00 3.804098346435957456e+00 3.864284614503449955e+00
2.350000000000000089e+00 3.804080648999573988e+00 3.864142714094755959e+00
2.359999999999999876e+00 3.804097212502135505e+00 3.864081915448532634e+00
2.370000000000000107e+00 3.804074647276999066e+00 3.863967915474771253e+00
2.379999999999999893e+00 3.804041738437837772e+00 3.863852270174795045e+00
2.390000000000000124e+00 3.804024187174452010e+00 3.863759714922296418e+00
2.399999999999999911e+00 3.804081349189882388e+00 3.862860862528676442e+00
2.410000000000000142e+00 3.804028709798198626e+00 3.861756891951221959e+00
2.419999999999999929e+00 3.803960578594200559e+00 3.860999115676886806e+00
2.430000000000000160e+00 3.804051498288604893e+00 3.860046584892776078e+00
2.439999999999999947e+00 3.804218364750671988e+00 3.859458553574752315e+00
2.450000000000000178e+00 3.804335986586172336e+00 3.859160539173524196e+00
2.459999999999999964e+00 3.804445236379619288e+00 3.858931020176891380e+00
2.470000000000000195e+00 3.804688878390659390e+00 3.858402714064251171e+00
2.479999999999999982e+00 3.805193880802496320e+00 3.857340233558313347e+00
2.490000000000000213e+00 3.805364852855766866e+00 3.856990899512206195e+00
2.500000000000000000e+00 3.805809703474221539e+00 3.856110087060751201e+00
2.510000000000000231e+00 3.806043099201888325e+00 3.855621418491630870e+00
2.520000000000000018e+00 3.806380799742344223e+00 3.854948024768230397e+00
2.530000000000000249e+00 3.806487033693556565e+00 3.854730962722535015e+00
2.540000000000000036e+00 3.806494631212625990e+00 3.854715600401487308e+00
2.550000000000000266e+00 3.806572748449312815e+00 3.854539108979237572e+00
2.560000000000000053e+00 3.806625633245466656e+00 3.854432009700776707e+00
2.569999999999999840e+00 3.806909866869812475e+00 3.853861413333053321e+00
2.580000000000000071e+00 3.807012558225117527e+00 3.853664846436061442e+00
2.589999999999999858e+00 3.807311427446375074e+00 3.853102735499371878e+00
2.600000000000000089e+00 3.807665979200774764e+00 3.852443632138794705e+00
2.609999999999999876e+00 3.807975625840029466e+00 3.851885455168881478e+00
2.620000000000000107e+00 3.808344736512118800e+00 3.851216983401363869e+00
2.629999999999999893e+00 3.808640704883114125e+00 3.850680462872013265e+00
2.640000000000000124e+00 3.808686993451043001e+00 3.850600138678625939e+00
2.649999999999999911e+00 3.808760153706047813e+00 3.850466692140128711e+00
2.660000000000000142e+00 3.808875616447465084e+00 3.850245435793860693e+00
2.669999999999999929e+00 3.808875616447465084e+00 3.850245435793860693e+00
2.680000000000000160e+00 3.808934710097874099e+00 3.850137127723133101e+00
2.689999999999999947e+00 3.808934710097874099e+00 3.850137127723133101e+00
2.700000000000000178e+00 3.808955070939195942e+00 3.850099612912999625e+00
2.709999999999999964e+00 3.808955070939195942e+00 3.850099612912999625e+00
2.720000000000000195e+00 3.808955070939195942e+00 3.850099612912999625e+00
2.729999999999999982e+00 3.809060985889293427e+00 3.849905164075039465e+00
2.740000000000000213e+00 3.809263333965885234e+00 3.849525557907474305e+00
2.750000000000000000e+00 3.809263333965885234e+00 3.849525557907474305e+00
2.760000000000000231e+00 3.809302344400259166e+00 3.849449205783036732e+00
2.770000000000000018e+00 3.809304712893670786e+00 3.849444983022504818e+00
2.780000000000000249e+00 3.809304712893670786e+00 3.849444983022504818e+00
2.790000000000000036e+00 3.809327242503414368e+00 3.849400895843257508e+00
2.800000000000000266e+00 3.809349169904706844e+00 3.849354403131486801e+00
2.810000000000000053e+00 3.809349521243371672e+00 3.849354350464544883e+00
2.819999999999999840e+00 3.809404780982319938e+00 3.849240563642199131e+00
2.830000000000000071e+00 3.809457524287494401e+00 3.849128438279834974e+00
2.839999999999999858e+00 3.809457524287494401e+00 3.849128438279834974e+00
2.850000000000000089e+00 3.809467579323559949e+00 3.849106633432597402e+00
2.859999999999999876e+00 3.809490942796200041e+00 3.849039944030315130e+00
2.870000000000000107e+00 3.809528362716254613e+00 3.848955335933151645e+00
2.879999999999999893e+00 3.809637214152063134e+00 3.848690259331022379e+00
2.890000000000000124e+00 3.809662325052600718e+00 3.848628612337726462e+00
2.899999999999999911e+00 3.809685873713946069e+00 3.848565931105161209e+00
2.910000000000000142e+00 3.809711067875727775e+00 3.848512481528416185e+00
2.919999999999999929e+00 3.809773170333698111e+00 3.848365171593830070e+00
2.930000000000000160e+00 3.809844733119988280e+00 3.848189070052123295e+00
2.939999999999999947e+00 3.809969166140125374e+00 3.847858783808185912e+00
2.950000000000000178e+00 3.810003873643311945e+00 3.847771245651808503e+00
2.959999999999999964e+00 3.810028824652071044e+00 3.847692104951505598e+00
2.970000000000000195e+00 3.810328372259557561e+00 3.846918126992761700e+00
2.979999999999999982e+00 3.810451372281208560e+00 3.846602567166194309e+00
2.990000000000000213e+00 3.810570091329712916e+00 3.846291017388205447e+00
3.000000000000000000e+00 3.810784756339370194e+00 3.845776198827446368e+00
