0.000000000000000000e+00 1.625219082297086670e+00
1.000000000000000021e-02 1.625564717910289669e+00
2.000000000000000042e-02 1.625744814220666967e+00
2.999999999999999889e-02 1.625627784678935983e+00
4.000000000000000083e-02 1.625858283182382680e+00
5.000000000000000278e-02 1.629699513907432618e+00
5.999999999999999778e-02 1.655946846560239827e+00
7.000000000000000666e-02 1.654516238549351703e+00
8.000000000000000167e-02 1.622464210229515924e+00
8.999999999999999667e-02 1.615084211126565972e+00
1.000000000000000056e-01 1.692371843729019165e+00
1.100000000000000006e-01 1.763346510273218204e+00
1.199999999999999956e-01 1.937173057262897569e+00
1.300000000000000044e-01 2.978294789535999243e+00
1.400000000000000133e-01 3.828563466522693748e+00
1.499999999999999944e-01 3.854636227324009123e+00
1.600000000000000033e-01 3.860833738856315644e+00
1.700000000000000122e-01 3.863866391258239830e+00
1.799999999999999933e-01 3.865518959345817684e+00
1.900000000000000022e-01 3.865805088489055574e+00
2.000000000000000111e-01 3.865829953179359624e+00
2.099999999999999922e-01 3.865720364525317976e+00
2.200000000000000011e-01 3.864888633036613452e+00
2.300000000000000100e-01 3.864340400593280656e+00
2.399999999999999911e-01 3.863181188752651263e+00
2.500000000000000000e-01 3.861071382234096738e+00
2.600000000000000089e-01 3.855661107037067215e+00
2.700000000000000178e-01 3.847129974932670393e+00
2.800000000000000266e-01 3.826447000153064604e+00
2.899999999999999800e-01 3.776259582343101329e+00
2.999999999999999889e-01 3.679172976806163842e+00
3.099999999999999978e-01 3.557929412424564397e+00
3.200000000000000067e-01 3.438837604520320834e+00
3.300000000000000155e-01 3.342328841218948465e+00
3.400000000000000244e-01 3.279763950748443513e+00
3.500000000000000333e-01 3.234058291804790652e+00
3.599999999999999867e-01 3.207557795617580254e+00
3.699999999999999956e-01 3.197676180098056875e+00
3.800000000000000044e-01 3.191828897094726614e+00
3.900000000000000133e-01 3.187859536063671229e+00
4.000000000000000222e-01 3.184318498725891011e+00
4.100000000000000311e-01 3.182329614503383475e+00
4.199999999999999845e-01 3.180033023762702804e+00
4.299999999999999933e-01 3.175983837871551696e+00
4.400000000000000022e-01 3.168646329121589833e+00
4.500000000000000111e-01 3.162562388520240741e+00
4.600000000000000200e-01 3.163181561138630027e+00
4.700000000000000289e-01 3.162991373383998717e+00
4.799999999999999822e-01 3.161082844722270746e+00
4.899999999999999911e-01 3.162351259431838812e+00
5.000000000000000000e-01 3.163937331304550238e+00
5.100000000000000089e-01 3.165802467887401495e+00
5.200000000000000178e-01 3.166989971001148430e+00
5.300000000000000266e-01 3.167981693050861303e+00
5.400000000000000355e-01 3.168512744505405543e+00
5.500000000000000444e-01 3.168904848217964254e+00
5.600000000000000533e-01 3.170368206171989556e+00
5.700000000000000622e-01 3.172187050075530923e+00
5.799999999999999600e-01 3.173596576344966724e+00
5.899999999999999689e-01 3.175068849318027464e+00
5.999999999999999778e-01 3.176156398236751777e+00
6.099999999999999867e-01 3.177461275010108999e+00
6.199999999999999956e-01 3.178018326759338485e+00
6.300000000000000044e-01 3.178601424400806508e+00
6.400000000000000133e-01 3.179261989872455452e+00
6.500000000000000222e-01 3.180038961706161516e+00
6.600000000000000311e-01 3.180780719480514662e+00
6.700000000000000400e-01 3.181388055117130076e+00
6.800000000000000488e-01 3.181835785167217434e+00
6.900000000000000577e-01 3.182163492312431341e+00
7.000000000000000666e-01 3.182432218320369710e+00
7.099999999999999645e-01 3.182640934016704559e+00
7.199999999999999734e-01 3.182732939476967005e+00
7.299999999999999822e-01 3.182828441541194930e+00
7.399999999999999911e-01 3.182888717398643319e+00
7.500000000000000000e-01 3.182944102463722391e+00
7.600000000000000089e-01 3.182978824174404142e+00
7.700000000000000178e-01 3.183057468283176483e+00
7.800000000000000266e-01 3.183121346073150448e+00
7.900000000000000355e-01 3.183281973235607243e+00
8.000000000000000444e-01 3.183487018258571499e+00
8.100000000000000533e-01 3.183622173616885931e+00
8.200000000000000622e-01 3.183741622645854807e+00
8.300000000000000711e-01 3.183750975039005393e+00
8.399999999999999689e-01 3.183757309510707678e+00
8.499999999999999778e-01 3.183890584428310522e+00
8.599999999999999867e-01 3.184187320716381109e+00
8.699999999999999956e-01 3.184587665421962921e+00
8.800000000000000044e-01 3.184920915772914807e+00
8.900000000000000133e-01 3.185218236780166468e+00
9.000000000000000222e-01 3.185748056197166278e+00
9.100000000000000311e-01 3.186195220448970744e+00
9.200000000000000400e-01 3.186524228768348621e+00
9.300000000000000488e-01 3.186779867603778627e+00
9.400000000000000577e-01 3.187163078899383439e+00
9.500000000000000666e-01 3.187496379392146917e+00
9.599999999999999645e-01 3.187953340883255215e+00
9.699999999999999734e-01 3.188419833095073486e+00
9.799999999999999822e-01 3.188891005349159258e+00
9.899999999999999911e-01 3.189183671405315224e+00
1.000000000000000000e+00 3.189472626605033945e+00
1.010000000000000009e+00 3.189785560843944712e+00
1.020000000000000018e+00 3.190088467280864926e+00
1.030000000000000027e+00 3.190337013092041207e+00
1.040000000000000036e+00 3.190641362645626256e+00
1.050000000000000044e+00 3.190952346673011863e+00
1.060000000000000053e+00 3.191336798012256448e+00
1.070000000000000062e+00 3.191865193359851638e+00
1.080000000000000071e+00 3.192556302871703888e+00
1.090000000000000080e+00 3.193351667757034384e+00
1.100000000000000089e+00 3.195494986617565036e+00
1.110000000000000098e+00 3.196971228632926820e+00
1.120000000000000107e+00 3.198230777950286985e+00
1.130000000000000115e+00 3.200078963148593747e+00
1.140000000000000124e+00 3.201024968674182958e+00
1.150000000000000133e+00 3.201935074784755919e+00
1.159999999999999920e+00 3.203354459111690478e+00
1.169999999999999929e+00 3.204145137741565730e+00
1.179999999999999938e+00 3.204687804059982437e+00
1.189999999999999947e+00 3.205195300438404171e+00
1.199999999999999956e+00 3.205703739693164689e+00
1.209999999999999964e+00 3.205799868242740658e+00
1.219999999999999973e+00 3.206325475130081148e+00
1.229999999999999982e+00 3.205578386287689430e+00
1.239999999999999991e+00 3.203872327537536702e+00
1.250000000000000000e+00 3.202488638045787983e+00
1.260000000000000009e+00 3.203611529855728168e+00
1.270000000000000018e+00 3.202068018591404108e+00
1.280000000000000027e+00 3.201322173597812792e+00
1.290000000000000036e+00 3.201342729701996070e+00
1.300000000000000044e+00 3.201196980919837731e+00
1.310000000000000053e+00 3.200328613946437972e+00
1.320000000000000062e+00 3.200595457763671714e+00
1.330000000000000071e+00 3.201126702489852871e+00
1.340000000000000080e+00 3.201448531005382403e+00
1.350000000000000089e+00 3.201568738176822748e+00
1.360000000000000098e+00 3.201838248369693662e+00
1.370000000000000107e+00 3.202236142270565189e+00
1.380000000000000115e+00 3.203912739551067368e+00
1.390000000000000124e+00 3.206395328018665225e+00
1.400000000000000133e+00 3.211434917426109426e+00
1.409999999999999920e+00 3.214822977066039922e+00
1.419999999999999929e+00 3.216444431819915906e+00
1.429999999999999938e+00 3.217826965405941042e+00
1.439999999999999947e+00 3.218471923165321158e+00
1.449999999999999956e+00 3.218757390418052644e+00
1.459999999999999964e+00 3.220033796582221886e+00
1.469999999999999973e+00 3.221869094617366702e+00
1.479999999999999982e+00 3.227287144868373758e+00
1.489999999999999991e+00 3.229026812386512901e+00
1.500000000000000000e+00 3.229620161926746391e+00
1.510000000000000009e+00 3.229256365725994282e+00
1.520000000000000018e+00 3.230388736858368137e+00
1.530000000000000027e+00 3.232304444446563618e+00
1.540000000000000036e+00 3.235212957077026275e+00
1.550000000000000044e+00 3.241532616620063756e+00
1.560000000000000053e+00 3.249001798923015549e+00
1.570000000000000062e+00 3.254807545120716128e+00
1.580000000000000071e+00 3.259864349668025962e+00
1.590000000000000080e+00 3.263233490447998264e+00
1.600000000000000089e+00 3.266166966137886263e+00
1.610000000000000098e+00 3.268788781509399222e+00
1.620000000000000107e+00 3.271018076624870208e+00
1.630000000000000115e+00 3.273078440251350418e+00
1.640000000000000124e+00 3.273407240688800623e+00
1.650000000000000133e+00 3.273666190290450917e+00
1.660000000000000142e+00 3.273846835658550170e+00
1.669999999999999929e+00 3.273963348598480039e+00
1.679999999999999938e+00 3.273800988640785281e+00
1.689999999999999947e+00 3.274407671680450438e+00
1.699999999999999956e+00 3.274664609439373208e+00
1.709999999999999964e+00 3.275611216077804588e+00
1.719999999999999973e+00 3.276336422059535902e+00
1.729999999999999982e+00 3.277356280887127049e+00
1.739999999999999991e+00 3.278114009222984127e+00
1.750000000000000000e+00 3.278923383853435514e+00
1.760000000000000009e+00 3.279695558764934571e+00
1.770000000000000018e+00 3.283046564643382847e+00
1.780000000000000027e+00 3.284320765256881547e+00
1.790000000000000036e+00 3.284499105176925671e+00
1.800000000000000044e+00 3.284478513140678402e+00
1.810000000000000053e+00 3.283562854692935851e+00
1.820000000000000062e+00 3.283594284431934351e+00
1.830000000000000071e+00 3.282684069910049462e+00
1.840000000000000080e+00 3.284896953570842548e+00
1.850000000000000089e+00 3.291227765212059175e+00
1.860000000000000098e+00 3.295431683986187021e+00
1.870000000000000107e+00 3.296289453999996066e+00
1.880000000000000115e+00 3.256282471780776788e+00
1.890000000000000124e+00 3.210702947474122215e+00
1.900000000000000133e+00 3.210995159519314690e+00
1.910000000000000142e+00 3.304275148837566345e+00
1.919999999999999929e+00 3.307455817024707923e+00
1.929999999999999938e+00 3.309566608765125206e+00
1.939999999999999947e+00 3.316150420136451782e+00
1.949999999999999956e+00 3.320578023636341136e+00
1.959999999999999964e+00 3.329408195002078852e+00
1.969999999999999973e+00 3.341117533831596376e+00
1.979999999999999982e+00 3.351285436196327350e+00
1.989999999999999991e+00 3.357145948643684541e+00
2.000000000000000000e+00 3.360559113957882094e+00
2.010000000000000231e+00 3.366166881926059506e+00
2.020000000000000018e+00 3.372657376449108124e+00
2.030000000000000249e+00 3.386848919684886994e+00
2.040000000000000036e+00 3.399653262431621581e+00
2.049999999999999822e+00 3.409126722712516600e+00
2.060000000000000053e+00 3.420261149141788692e+00
2.069999999999999840e+00 3.429498505187034585e+00
2.080000000000000071e+00 3.439749331936836185e+00
2.089999999999999858e+00 3.451163142814636320e+00
2.100000000000000089e+00 3.472112333376407456e+00
2.109999999999999876e+00 3.480161391055583753e+00
2.120000000000000107e+00 3.481486478426456532e+00
2.129999999999999893e+00 3.485178284411430294e+00
2.140000000000000124e+00 3.489504739906788000e+00
2.149999999999999911e+00 3.488826196892261589e+00
2.160000000000000142e+00 3.488771651995182133e+00
2.169999999999999929e+00 3.487412646737098498e+00
2.180000000000000160e+00 3.492765106732845126e+00
2.189999999999999947e+00 3.497581051292419474e+00
2.200000000000000178e+00 3.502256897604465458e+00
2.209999999999999964e+00 3.503517766485214402e+00
2.220000000000000195e+00 3.505131793913841332e+00
2.229999999999999982e+00 3.505486048016547951e+00
2.240000000000000213e+00 3.506315424814224091e+00
2.250000000000000000e+00 3.506897185895442970e+00
2.260000000000000231e+00 3.506416314663887146e+00
2.270000000000000018e+00 3.505321266348361942e+00
2.280000000000000249e+00 3.504379389600753569e+00
2.290000000000000036e+00 3.501078853754997056e+00
2.300000000000000266e+00 3.496695161125659812e+00
2.310000000000000053e+00 3.491142196559906097e+00
2.319999999999999840e+00 3.484482858879565992e+00
2.330000000000000071e+00 3.473741115062236595e+00
2.339999999999999858e+00 3.463069501208067003e+00
2.350000000000000089e+00 3.444725282446146064e+00
2.359999999999999876e+00 3.467235966564417016e+00
2.370000000000000107e+00 3.463552009370327145e+00
2.379999999999999893e+00 3.452195389404296932e+00
2.390000000000000124e+00 3.449504282994270365e+00
2.399999999999999911e+00 3.454966136753558903e+00
2.410000000000000142e+00 3.446924336773157016e+00
2.419999999999999929e+00 3.415313633733987775e+00
2.430000000000000160e+00 3.392366802229881184e+00
2.439999999999999947e+00 3.368174140594005550e+00
2.450000000000000178e+00 3.355154012932777263e+00
2.459999999999999964e+00 3.334603648664951514e+00
2.470000000000000195e+00 3.319886065872907466e+00
2.479999999999999982e+00 3.269746308917999222e+00
2.490000000000000213e+00 3.223546163160801115e+00
2.500000000000000000e+00 3.234836214985847391e+00
2.510000000000000231e+00 3.247467172956466808e+00
2.520000000000000018e+00 3.257339255577325954e+00
2.530000000000000249e+00 3.263294475728273358e+00
2.540000000000000036e+00 3.257456557883024129e+00
2.550000000000000266e+00 3.265292181131839833e+00
2.560000000000000053e+00 3.274660501210689745e+00
2.569999999999999840e+00 3.316480068948268745e+00
2.580000000000000071e+00 3.305647628643512803e+00
2.589999999999999858e+00 3.315436236816644566e+00
2.600000000000000089e+00 3.301349429618120279e+00
2.609999999999999876e+00 3.329942245105505183e+00
2.620000000000000107e+00 3.336450189436674041e+00
2.629999999999999893e+00 3.336069868901967883e+00
2.640000000000000124e+00 3.328275337370634190e+00
2.649999999999999911e+00 3.314041559525728431e+00
2.660000000000000142e+00 3.303922716152667860e+00
2.669999999999999929e+00 3.270240129482746116e+00
2.680000000000000160e+00 3.247790408192873013e+00
2.689999999999999947e+00 3.244230109289884645e+00
2.700000000000000178e+00 3.251632918004989659e+00
2.709999999999999964e+00 3.273513717256784528e+00
2.720000000000000195e+00 3.275933386622667420e+00
2.729999999999999982e+00 3.290283158673048103e+00
2.740000000000000213e+00 3.299773376854658213e+00
2.750000000000000000e+00 3.296056571689844006e+00
2.760000000000000231e+00 3.295119161540269737e+00
2.770000000000000018e+00 3.300416371386051040e+00
2.780000000000000249e+00 3.316328539457320979e+00
2.790000000000000036e+00 3.313007178094387051e+00
2.800000000000000266e+00 3.312514471197128163e+00
2.810000000000000053e+00 3.297818960541486710e+00
2.819999999999999840e+00 3.299306069368124206e+00
2.830000000000000071e+00 3.297774454531669619e+00
2.839999999999999858e+00 3.304647288502454927e+00
2.850000000000000089e+00 3.310570823186635980e+00
2.859999999999999876e+00 3.313488774243593227e+00
2.870000000000000107e+00 3.320138118910789693e+00
2.879999999999999893e+00 3.339106245213747215e+00
2.890000000000000124e+00 3.374329711965322609e+00
2.899999999999999911e+00 3.387733825733661774e+00
2.910000000000000142e+00 3.403100066946744828e+00
2.919999999999999929e+00 3.414613938943147797e+00
2.930000000000000160e+00 3.446411115537881820e+00
2.939999999999999947e+00 3.470101202450990741e+00
2.950000000000000178e+00 3.494481226481199077e+00
2.959999999999999964e+00 3.526190311872959171e+00
2.970000000000000195e+00 3.553478168823719141e+00
2.979999999999999982e+00 3.581739158489704256e+00
2.990000000000000213e+00 3.609987102760076727e+00
3.000000000000000000e+00 3.640816616272926520e+00
