0.000000000000000000e+00 1.513771566739393393e+00 2.091586553111957514e+00
1.000000000000000021e-02 1.729131621311408074e+00 2.020685833539265452e+00
2.000000000000000042e-02 1.723187126237773148e+00 2.041377218981361708e+00
2.999999999999999889e-02 1.675929365628006096e+00 2.134887338855026240e+00
4.000000000000000083e-02 1.614251922689759811e+00 3.377340505124247549e+00
5.000000000000000278e-02 3.500968088096333197e+00 4.091261093956279460e+00
5.999999999999999778e-02 3.562012877901051144e+00 4.061007356745745867e+00
7.000000000000000666e-02 3.657505002339637379e+00 4.016856285053932218e+00
8.000000000000000167e-02 3.733148501451609480e+00 3.972386697837712699e+00
8.999999999999999667e-02 3.739137336443350890e+00 3.968450105096413161e+00
1.000000000000000056e-01 3.707749343780137874e+00 3.983667454630277494e+00
1.100000000000000006e-01 3.568744657724309377e+00 4.027720160591196752e+00
1.199999999999999956e-01 3.341176913833129536e+00 4.021499005375396507e+00
1.300000000000000044e-01 3.116490238675872604e+00 3.916962916879852763e+00
1.400000000000000133e-01 2.962220696571387535e+00 3.748261356560669277e+00
1.499999999999999944e-01 2.877828969755050981e+00 3.528750631156089224e+00
1.600000000000000033e-01 2.874142080210143391e+00 3.331732435323304209e+00
1.700000000000000122e-01 2.903036473112059923e+00 3.214011570730256118e+00
1.799999999999999933e-01 2.933973623641318529e+00 3.141874110681229570e+00
1.900000000000000022e-01 2.957044132226850142e+00 3.101106244350527508e+00
2.000000000000000111e-01 2.969007376145375687e+00 3.082024346261965420e+00
2.099999999999999922e-01 2.976944754882745681e+00 3.069760456193991072e+00
2.200000000000000011e-01 2.984102797953007258e+00 3.059533720534922896e+00
2.300000000000000100e-01 2.994871965733442387e+00 3.045298482102479554e+00
2.399999999999999911e-01 3.000780168187790586e+00 3.038148977505988668e+00
2.500000000000000000e-01 3.001359535920848032e+00 3.037457194006215389e+00
2.600000000000000089e-01 3.001359974002789421e+00 3.037457731332827926e+00
2.700000000000000178e-01 3.001362249974132812e+00 3.037457280293582418e+00
2.800000000000000266e-01 3.001362424853077915e+00 3.037459022114047169e+00
2.899999999999999800e-01 3.001367356887494342e+00 3.037460438227022497e+00
2.999999999999999889e-01 3.001373492348522465e+00 3.037464035188823797e+00
3.099999999999999978e-01 3.001385187440046121e+00 3.037467740912310088e+00
3.200000000000000067e-01 3.001391598196171628e+00 3.037474237012721012e+00
3.300000000000000155e-01 3.001419735324901694e+00 3.037494427430110555e+00
3.400000000000000244e-01 3.001452178746507382e+00 3.037511774257376285e+00
3.500000000000000333e-01 3.001450754876623606e+00 3.037517938165177789e+00
3.599999999999999867e-01 3.001473866122029044e+00 3.037535864979960643e+00
3.699999999999999956e-01 3.001528038544098553e+00 3.037553047729094846e+00
3.800000000000000044e-01 3.001778918066962287e+00 3.037705620750443369e+00
3.900000000000000133e-01 3.001867461377980995e+00 3.037792251399157095e+00
4.000000000000000222e-01 3.001891697864162545e+00 3.037845520668399857e+00
4.100000000000000311e-01 3.002115427772914735e+00 3.038207696282947623e+00
4.199999999999999845e-01 3.002115390333429445e+00 3.038616702271207615e+00
4.299999999999999933e-01 3.002078723549621575e+00 3.039446766662818877e+00
4.400000000000000022e-01 3.002079341833562509e+00 3.039650401585131334e+00
4.500000000000000111e-01 3.002061449075053012e+00 3.039913045382191648e+00
4.600000000000000200e-01 3.002044498625735525e+00 3.040198973311443620e+00
4.700000000000000289e-01 3.002005088968715540e+00 3.040611143054523957e+00
4.799999999999999822e-01 3.001953003290356747e+00 3.040908553735552466e+00
4.899999999999999911e-01 3.001926811247459970e+00 3.041157168368705310e+00
5.000000000000000000e-01 3.001902660635103803e+00 3.041262236501584670e+00
5.100000000000000089e-01 3.001861277764426017e+00 3.041479136416329165e+00
5.200000000000000178e-01 3.001828938443933836e+00 3.041657384149755394e+00
5.300000000000000266e-01 3.001806536415148052e+00 3.041952590267133161e+00
5.400000000000000355e-01 3.001791087715886874e+00 3.042110761167742261e+00
5.500000000000000444e-01 3.001747743817368086e+00 3.042489337171515817e+00
5.600000000000000533e-01 3.001713392502253441e+00 3.042766704004819189e+00
5.700000000000000622e-01 3.001698814308163765e+00 3.042927227476122543e+00
5.799999999999999600e-01 3.001629745333063148e+00 3.043389359839093977e+00
5.899999999999999689e-01 3.001602191016495169e+00 3.043605874478996220e+00
5.999999999999999778e-01 3.001498007435803750e+00 3.044189284567828224e+00
6.099999999999999867e-01 3.001481771170955604e+00 3.044551235592503069e+00
6.199999999999999956e-01 3.001469237185574901e+00 3.044744647425555062e+00
6.300000000000000044e-01 3.001466837719092950e+00 3.044917876788963973e+00
6.400000000000000133e-01 3.001457810034382057e+00 3.045078239817988752e+00
6.500000000000000222e-01 3.001421962418314493e+00 3.045344193239453823e+00
6.600000000000000311e-01 3.001413476502550637e+00 3.045441356785642206e+00
6.700000000000000400e-01 3.001295468686099088e+00 3.045893950130467598e+00
6.800000000000000488e-01 3.001307667261956968e+00 3.045940393517614364e+00
6.900000000000000577e-01 3.001031530824980198e+00 3.046452191923776365e+00
7.000000000000000666e-01 3.000532729569276302e+00 3.047244479436079789e+00
7.099999999999999645e-01 2.999735057213104295e+00 3.048635336969101051e+00
7.199999999999999734e-01 2.998893657383820077e+00 3.050467172508338543e+00
7.299999999999999822e-01 2.997206941149143766e+00 3.054273221972080066e+00
7.399999999999999911e-01 2.995624069916882348e+00 3.058381796167216393e+00
7.500000000000000000e-01 2.994784176555139510e+00 3.060814222430723319e+00
7.600000000000000089e-01 2.994118606839953678e+00 3.062653952116192180e+00
7.700000000000000178e-01 2.992876086472794572e+00 3.065764984999373777e+00
7.800000000000000266e-01 2.991531217362509931e+00 3.069325112164391189e+00
7.900000000000000355e-01 2.989851354624835977e+00 3.073842411320598877e+00
8.000000000000000444e-01 2.988085649093843887e+00 3.078426788879178755e+00
8.100000000000000533e-01 2.986307536992677036e+00 3.083881560502401697e+00
8.200000000000000622e-01 2.984603964978599144e+00 3.089270097058868458e+00
8.300000000000000711e-01 2.982792427477976904e+00 3.095950517701961946e+00
8.399999999999999689e-01 2.980630468941677602e+00 3.105002596901904166e+00
8.499999999999999778e-01 2.978614893104021277e+00 3.116155892666395033e+00
8.599999999999999867e-01 2.977064988164366710e+00 3.127813674388466580e+00
8.699999999999999956e-01 2.976580453676733740e+00 3.142617637467828295e+00
8.800000000000000044e-01 2.977299158170610305e+00 3.159712526251882814e+00
8.900000000000000133e-01 2.979115506816740311e+00 3.174653806437615966e+00
9.000000000000000222e-01 2.983086248854485145e+00 3.192455893994483151e+00
9.100000000000000311e-01 2.989995183980779458e+00 3.213274225594682676e+00
9.200000000000000400e-01 3.000413772188171180e+00 3.234747535275475094e+00
9.300000000000000488e-01 3.011929755950666365e+00 3.251554695128702210e+00
9.400000000000000577e-01 3.027029168136541770e+00 3.269466159321839704e+00
9.500000000000000666e-01 3.043629036291356726e+00 3.284822829920534204e+00
9.599999999999999645e-01 3.060343845915434624e+00 3.297157231378915032e+00
9.699999999999999734e-01 3.081011824120808207e+00 3.308851438608836126e+00
9.799999999999999822e-01 3.103726614270295947e+00 3.318217067198667714e+00
9.899999999999999911e-01 3.125520006200870782e+00 3.324206970808902817e+00
1.000000000000000000e+00 3.151291977598897898e+00 3.327835080444582427e+00
1.010000000000000009e+00 3.171752995322027147e+00 3.328019746796808676e+00
1.020000000000000018e+00 3.192239533710440114e+00 3.325916389608423174e+00
1.030000000000000027e+00 3.208756891364445973e+00 3.322639819484362267e+00
1.040000000000000036e+00 3.220988303525003538e+00 3.319076629746404272e+00
1.050000000000000044e+00 3.229418200607496292e+00 3.316083474235338446e+00
1.060000000000000053e+00 3.235550158002979515e+00 3.313576233350628009e+00
1.070000000000000062e+00 3.240683799449043612e+00 3.311298511418265811e+00
1.080000000000000071e+00 3.242250820867260241e+00 3.310530814436237090e+00
1.090000000000000080e+00 3.242975611459699259e+00 3.310180804985079384e+00
1.100000000000000089e+00 3.244195463973395643e+00 3.309463088320381718e+00
1.110000000000000098e+00 3.244808124111842496e+00 3.309070800305653037e+00
1.120000000000000107e+00 3.245844497516494620e+00 3.308547096016067890e+00
1.130000000000000115e+00 3.246992378795067857e+00 3.308076284363348663e+00
1.140000000000000124e+00 3.247504821748701254e+00 3.307839327359231696e+00
1.150000000000000133e+00 3.248824312892363508e+00 3.307211877135826761e+00
1.159999999999999920e+00 3.249319689712998560e+00 3.306885134133818127e+00
1.169999999999999929e+00 3.249411831378584026e+00 3.306422019262666545e+00
1.179999999999999938e+00 3.249730492867623166e+00 3.306196604576911557e+00
1.189999999999999947e+00 3.249907414401679517e+00 3.305754004412979619e+00
1.199999999999999956e+00 3.250250699542129418e+00 3.305208488957321222e+00
1.209999999999999964e+00 3.250640976073992050e+00 3.304611381737935893e+00
1.219999999999999973e+00 3.250853191179670976e+00 3.304080891466699033e+00
1.229999999999999982e+00 3.250953463843950342e+00 3.303468782831540995e+00
1.239999999999999991e+00 3.251839114444671885e+00 3.302980534379066135e+00
1.250000000000000000e+00 3.253133977731778259e+00 3.302372445641443832e+00
1.260000000000000009e+00 3.253296038094540155e+00 3.302178076161365272e+00
1.270000000000000018e+00 3.253533731183906319e+00 3.301979191761116539e+00
1.280000000000000027e+00 3.253590920081863569e+00 3.301651567539443999e+00
1.290000000000000036e+00 3.253526928433090326e+00 3.301581226979583228e+00
1.300000000000000044e+00 3.253401392352622601e+00 3.301471763274627769e+00
1.310000000000000053e+00 3.253419877227446300e+00 3.301488970319130800e+00
1.320000000000000062e+00 3.253395719594609492e+00 3.301531933155405607e+00
1.330000000000000071e+00 3.253655953281378910e+00 3.301498283001923273e+00
1.340000000000000080e+00 3.253839347576420238e+00 3.301500186858851826e+00
1.350000000000000089e+00 3.253906450226123681e+00 3.301503161032383282e+00
1.360000000000000098e+00 3.253938428703706975e+00 3.301490901168424585e+00
1.370000000000000107e+00 3.254058175535030628e+00 3.301540223584346734e+00
1.380000000000000115e+00 3.254131690509340924e+00 3.301577769844510346e+00
1.390000000000000124e+00 3.254164742019448830e+00 3.301601104786123564e+00
1.400000000000000133e+00 3.254166374798156181e+00 3.301639290594719167e+00
1.409999999999999920e+00 3.254286643781448163e+00 3.301720913620209252e+00
1.419999999999999929e+00 3.254423708241039215e+00 3.301781754081195785e+00
1.429999999999999938e+00 3.254497232516323280e+00 3.301831786624873644e+00
1.439999999999999947e+00 3.254598272432041028e+00 3.301896996966648068e+00
1.449999999999999956e+00 3.254743973923088785e+00 3.301900164465544574e+00
1.459999999999999964e+00 3.254907521140409710e+00 3.301959631769822767e+00
1.469999999999999973e+00 3.254992947199813358e+00 3.301994366814621884e+00
1.479999999999999982e+00 3.255125246255575533e+00 3.302094742662728954e+00
1.489999999999999991e+00 3.255385052494101483e+00 3.302156473618455212e+00
1.500000000000000000e+00 3.255590045108068598e+00 3.302225614085923855e+00
1.510000000000000009e+00 3.255796222969622900e+00 3.302334890654949451e+00
1.520000000000000018e+00 3.255872394400752601e+00 3.302489386981808384e+00
1.530000000000000027e+00 3.256028457321687331e+00 3.302682684517340039e+00
1.540000000000000036e+00 3.255969144303497487e+00 3.302976280196014081e+00
1.550000000000000044e+00 3.256136298113613048e+00 3.303055097302646903e+00
1.560000000000000053e+00 3.256134876574010129e+00 3.303240609904795733e+00
1.570000000000000062e+00 3.256199052002394900e+00 3.303316800687348120e+00
1.580000000000000071e+00 3.256127806985917861e+00 3.303552126991208926e+00
1.590000000000000080e+00 3.256590669255941428e+00 3.303501879619867410e+00
1.600000000000000089e+00 3.257093770406548572e+00 3.303418494984801335e+00
1.610000000000000098e+00 3.257579445077322333e+00 3.303271030605889891e+00
1.620000000000000107e+00 3.257963892670646899e+00 3.303135761808380089e+00
1.630000000000000115e+00 3.258196745590097088e+00 3.303159543214911231e+00
1.640000000000000124e+00 3.258324768015544493e+00 3.303165934570629680e+00
1.650000000000000133e+00 3.258430874126217347e+00 3.303249572603442985e+00
1.660000000000000142e+00 3.258490955585755966e+00 3.303378552809439039e+00
1.669999999999999929e+00 3.258677176025752242e+00 3.303404909083004437e+00
1.679999999999999938e+00 3.258826289658184105e+00 3.303482237143879008e+00
1.689999999999999947e+00 3.258894160038829479e+00 3.303492872632145083e+00
1.699999999999999956e+00 3.258934811394630149e+00 3.303641144239487293e+00
1.709999999999999964e+00 3.259141857326645297e+00 3.303801762840132827e+00
1.719999999999999973e+00 3.259384223691220495e+00 3.304058742846254670e+00
1.729999999999999982e+00 3.259277680258754639e+00 3.304330785546298888e+00
1.739999999999999991e+00 3.259690035608570291e+00 3.304480823933322320e+00
1.750000000000000000e+00 3.259863316810203582e+00 3.305087303168701585e+00
1.760000000000000009e+00 3.260056082257357435e+00 3.305390263214978308e+00
1.770000000000000018e+00 3.259782932312597303e+00 3.306245625517259867e+00
1.780000000000000027e+00 3.259883705345034688e+00 3.306347318991779805e+00
1.790000000000000036e+00 3.259945725504583169e+00 3.306617472766214316e+00
1.800000000000000044e+00 3.260062455429978190e+00 3.306990631766371980e+00
1.810000000000000053e+00 3.259944234011737940e+00 3.307374540798099005e+00
1.820000000000000062e+00 3.260036545509902961e+00 3.307563769569786150e+00
1.830000000000000071e+00 3.259876641807557984e+00 3.308145713329313065e+00
1.840000000000000080e+00 3.260066990227437511e+00 3.308062031369470635e+00
1.850000000000000089e+00 3.260077282758022665e+00 3.308736016664241664e+00
1.860000000000000098e+00 3.259898042668904150e+00 3.309239239168558999e+00
1.870000000000000107e+00 3.260045145377943321e+00 3.309125263056924560e+00
1.880000000000000115e+00 3.260403037696204542e+00 3.308990603489555760e+00
1.890000000000000124e+00 3.260548655893001690e+00 3.308874137066211585e+00
1.900000000000000133e+00 3.260734334010574997e+00 3.308639862809684473e+00
1.910000000000000142e+00 3.260931794505071313e+00 3.308455292787600310e+00
1.919999999999999929e+00 3.261380887046364307e+00 3.307889751824828473e+00
1.929999999999999938e+00 3.261719495135280589e+00 3.307305137714412702e+00
1.939999999999999947e+00 3.261908058564210400e+00 3.307040951908087223e+00
1.949999999999999956e+00 3.262025745574796076e+00 3.306903662241136743e+00
1.959999999999999964e+00 3.262131774712663468e+00 3.306735559767621790e+00
1.969999999999999973e+00 3.262160289576999439e+00 3.306630316773899736e+00
1.979999999999999982e+00 3.262185811900869759e+00 3.306522429638131477e+00
1.989999999999999991e+00 3.262169592540783647e+00 3.306671023175196567e+00
2.000000000000000000e+00 3.262095441912562510e+00 3.306819522534458766e+00
2.010000000000000231e+00 3.261981860465246186e+00 3.307145217920107072e+00
2.020000000000000018e+00 3.261992780481523191e+00 3.307424867695623938e+00
2.030000000000000249e+00 3.262043706638432461e+00 3.307416804702662638e+00
2.040000000000000036e+00 3.261898914574366426e+00 3.307646458874959006e+00
2.049999999999999822e+00 3.261953401418955512e+00 3.307604393843381008e+00
2.060000000000000053e+00 3.261873420324916228e+00 3.307718122801189597e+00
2.069999999999999840e+00 3.261848763096101056e+00 3.307830086653464452e+00
2.080000000000000071e+00 3.261839525391446060e+00 3.307927598245753664e+00
2.089999999999999858e+00 3.261842782947009134e+00 3.308047695134693988e+00
2.100000000000000089e+00 3.261798518285137671e+00 3.308172955384868441e+00
2.109999999999999876e+00 3.261810268013197067e+00 3.308243334186357743e+00
2.120000000000000107e+00 3.261872326072889461e+00 3.308400023222727082e+00
2.129999999999999893e+00 3.261814568268154968e+00 3.308530008643771669e+00
2.140000000000000124e+00 3.261740699366743712e+00 3.308712111631218811e+00
2.149999999999999911e+00 3.261612680238765716e+00 3.308881127329784011e+00
2.160000000000000142e+00 3.261482703182031262e+00 3.309094122465322751e+00
2.169999999999999929e+00 3.261418594909473168e+00 3.309193460540012399e+00
2.180000000000000160e+00 3.261271681797884625e+00 3.309415468504048441e+00
2.189999999999999947e+00 3.260929163805650788e+00 3.309738045681310581e+00
2.200000000000000178e+00 3.260369629808512304e+00 3.310173340290937016e+00
2.209999999999999964e+00 3.260076330359638508e+00 3.310380876113712123e+00
2.220000000000000195e+00 3.259687886135461454e+00 3.310746917760488905e+00
2.229999999999999982e+00 3.259362744558476965e+00 3.310967009889460133e+00
2.240000000000000213e+00 3.258902328875333154e+00 3.311268980848520727e+00
2.250000000000000000e+00 3.258242358553908868e+00 3.311759640633560320e+00
2.260000000000000231e+00 3.257663299605843221e+00 3.312333708593848236e+00
2.270000000000000018e+00 3.257366838517040897e+00 3.312739069080500975e+00
2.280000000000000249e+00 3.257168200023590643e+00 3.312957739908278576e+00
2.290000000000000036e+00 3.256459096803359099e+00 3.313507181883164510e+00
2.300000000000000266e+00 3.255859065672277008e+00 3.314231825994135239e+00
2.310000000000000053e+00 3.255307224820414014e+00 3.314667390963277782e+00
2.319999999999999840e+00 3.255197799558386063e+00 3.314804738445535026e+00
2.330000000000000071e+00 3.254846034658598786e+00 3.315220272638154331e+00
2.339999999999999858e+00 3.254309288924711829e+00 3.316058626696092304e+00
2.350000000000000089e+00 3.253880495863855415e+00 3.316587961005270202e+00
2.359999999999999876e+00 3.253704871338457316e+00 3.316842775799184295e+00
2.370000000000000107e+00 3.253541670257759311e+00 3.317113502109336753e+00
2.379999999999999893e+00 3.253298237418281946e+00 3.317623311119926033e+00
2.390000000000000124e+00 3.252834206152771745e+00 3.318440700549269540e+00
2.399999999999999911e+00 3.252309122269922970e+00 3.319525047680562668e+00
2.410000000000000142e+00 3.251615597455704609e+00 3.321194555747306154e+00
2.419999999999999929e+00 3.251191228692857926e+00 3.323053590585859141e+00
2.430000000000000160e+00 3.250639170162599623e+00 3.324799317467290738e+00
2.439999999999999947e+00 3.249376800095682860e+00 3.327365371425504037e+00
2.450000000000000178e+00 3.247806801384533593e+00 3.329853938094531784e+00
2.459999999999999964e+00 3.245742145601798079e+00 3.333425888145875149e+00
2.470000000000000195e+00 3.243735809745418308e+00 3.338147119489086379e+00
2.479999999999999982e+00 3.242402529815490375e+00 3.341360946146195054e+00
2.490000000000000213e+00 3.240071643785371602e+00 3.346212319589719986e+00
2.500000000000000000e+00 3.237318054289128888e+00 3.353361331263277734e+00
2.510000000000000231e+00 3.234677624137249907e+00 3.360031110770854035e+00
2.520000000000000018e+00 3.230385483284376136e+00 3.369772172646142927e+00
2.530000000000000249e+00 3.233709333163473865e+00 3.377309491518762030e+00
2.540000000000000036e+00 3.232738139489932383e+00 3.385203298078732548e+00
2.550000000000000266e+00 3.237203063186931740e+00 3.391558698120784587e+00
2.560000000000000053e+00 3.237297216809016831e+00 3.400683813950794665e+00
2.569999999999999840e+00 3.238253535879850986e+00 3.408306457244156817e+00
2.580000000000000071e+00 3.240090793082836651e+00 3.418676671588297911e+00
2.589999999999999858e+00 3.165661556574907998e+00 3.485400461690816520e+00
2.600000000000000089e+00 3.133162222405577957e+00 3.520463059531544481e+00
2.609999999999999876e+00 3.237840493916995133e+00 3.469150280223363136e+00
2.620000000000000107e+00 3.256172382328567316e+00 3.469007014028968605e+00
2.629999999999999893e+00 3.260938271499708385e+00 3.478072380160257104e+00
2.640000000000000124e+00 3.266170953633375618e+00 3.486788613517694202e+00
2.649999999999999911e+00 3.273283912823876651e+00 3.496188515083113568e+00
2.660000000000000142e+00 3.280736433060705615e+00 3.504325568291604576e+00
2.669999999999999929e+00 3.287591004511622117e+00 3.512244596250744699e+00
2.680000000000000160e+00 3.297781432029446957e+00 3.519392306307115970e+00
2.689999999999999947e+00 3.308035008872012739e+00 3.525249115116138476e+00
2.700000000000000178e+00 3.318068982651181553e+00 3.530897876069598151e+00
2.709999999999999964e+00 3.327000513916448909e+00 3.535761440295740243e+00
2.720000000000000195e+00 3.335506275935576692e+00 3.540019976238800492e+00
2.729999999999999982e+00 3.344793101363755294e+00 3.544099143161200782e+00
2.740000000000000213e+00 3.354413784219102634e+00 3.547586129277868761e+00
2.750000000000000000e+00 3.363016690190610003e+00 3.550222492286386977e+00
2.760000000000000231e+00 3.371095178413545224e+00 3.552190290479506185e+00
2.770000000000000018e+00 3.378698985064970017e+00 3.553787367183221413e+00
2.780000000000000249e+00 3.384810261480518001e+00 3.554849317357830607e+00
2.790000000000000036e+00 3.391263072273482226e+00 3.555791426642189723e+00
2.800000000000000266e+00 3.397616008022549927e+00 3.556436038400408783e+00
2.810000000000000053e+00 3.404507563861634001e+00 3.556893199678633710e+00
2.819999999999999840e+00 3.411538953600615987e+00 3.557145291117935759e+00
2.830000000000000071e+00 3.418341427433483126e+00 3.557035646078594127e+00
2.839999999999999858e+00 3.425714375563625680e+00 3.556510475987430198e+00
2.850000000000000089e+00 3.432056339643776877e+00 3.555779347864806095e+00
2.859999999999999876e+00 3.436970690239352422e+00 3.555148753024655051e+00
2.870000000000000107e+00 3.442378349525964332e+00 3.554303863580191347e+00
2.879999999999999893e+00 3.447367692082851320e+00 3.553431918365032693e+00
2.890000000000000124e+00 3.452186927469378386e+00 3.552316392289990521e+00
2.899999999999999911e+00 3.457342438859405842e+00 3.550827131119307811e+00
2.910000000000000142e+00 3.463452367786870045e+00 3.548852999177470213e+00
2.919999999999999929e+00 3.468904844953613953e+00 3.546744661209983107e+00
2.930000000000000160e+00 3.474260261718596254e+00 3.544446118581925376e+00
2.939999999999999947e+00 3.477756766357802398e+00 3.542825541095353081e+00
2.950000000000000178e+00 3.483203144316700861e+00 3.540138716282817288e+00
2.959999999999999964e+00 3.487229039350652204e+00 3.537940582355357133e+00
2.970000000000000195e+00 3.490424041417207857e+00 3.536034593898687017e+00
2.979999999999999982e+00 3.492430678883059247e+00 3.534851878404156711e+00
2.990000000000000213e+00 3.494879981078484299e+00 3.533334862485549621e+00
3.000000000000000000e+00 3.498213545012892833e+00 3.531120754322586652e+00
