0.000000000000000000e+00 1.243761277107000351e+00
1.000000000000000021e-02 1.243761330291032863e+00
2.000000000000000042e-02 2.318135571261644490e+00
2.999999999999999889e-02 3.798422058398723600e+00
4.000000000000000083e-02 3.798558316156864123e+00
5.000000000000000278e-02 3.768442426276207069e+00
5.999999999999999778e-02 3.604471566963195706e+00
7.000000000000000666e-02 3.327624138982296031e+00
8.000000000000000167e-02 3.022275959713458970e+00
8.999999999999999667e-02 2.941571058149337947e+00
1.000000000000000056e-01 2.917500167429447178e+00
1.100000000000000006e-01 2.909449127576351213e+00
1.199999999999999956e-01 2.907168867478370888e+00
1.300000000000000044e-01 2.907168867478370888e+00
1.400000000000000133e-01 2.907731361107826373e+00
1.499999999999999944e-01 2.908224786927700034e+00
1.600000000000000033e-01 2.908814008233547188e+00
1.700000000000000122e-01 2.910168820335865103e+00
1.799999999999999933e-01 2.913595850141048604e+00
1.900000000000000022e-01 2.916884475042819780e+00
2.000000000000000111e-01 2.918885462753772586e+00
2.099999999999999922e-01 2.919631747436523650e+00
2.200000000000000011e-01 2.920592094426154972e+00
2.300000000000000100e-01 2.921569913563728527e+00
2.399999999999999911e-01 2.922199877879619656e+00
2.500000000000000000e-01 2.922361848504543502e+00
2.600000000000000089e-01 2.922803425655364773e+00
2.700000000000000178e-01 2.923033700041770988e+00
2.800000000000000266e-01 2.923097059402465892e+00
2.899999999999999800e-01 2.923097059402465892e+00
2.999999999999999889e-01 2.923097059402465892e+00
3.099999999999999978e-01 2.923097059402465892e+00
3.200000000000000067e-01 2.923097059402465892e+00
3.300000000000000155e-01 2.923097059402465892e+00
3.400000000000000244e-01 2.923097059402465892e+00
3.500000000000000333e-01 2.923097059402465892e+00
3.599999999999999867e-01 2.923097059402465892e+00
3.699999999999999956e-01 2.923097059402465892e+00
3.800000000000000044e-01 2.923097059402465892e+00
3.900000000000000133e-01 2.923097059402465892e+00
4.000000000000000222e-01 2.923097059402465892e+00
4.100000000000000311e-01 2.923097059402465892e+00
4.199999999999999845e-01 2.923097059402465892e+00
4.299999999999999933e-01 2.923097059402465892e+00
4.400000000000000022e-01 2.923096653900146613e+00
4.500000000000000111e-01 2.923096653900146613e+00
4.600000000000000200e-01 2.923087811572551598e+00
4.700000000000000289e-01 2.923077632288932914e+00
4.799999999999999822e-01 2.923059426307678343e+00
4.899999999999999911e-01 2.923001825518607877e+00
5.000000000000000000e-01 2.922939153344631169e+00
5.100000000000000089e-01 2.922919116370677806e+00
5.200000000000000178e-01 2.922909915754794863e+00
5.300000000000000266e-01 2.922899458773136061e+00
5.400000000000000355e-01 2.922891012246608522e+00
5.500000000000000444e-01 2.922890986196994945e+00
5.600000000000000533e-01 2.922890986196994945e+00
5.700000000000000622e-01 2.922894566719532072e+00
5.799999999999999600e-01 2.922906506564617146e+00
5.899999999999999689e-01 2.922926208651065672e+00
5.999999999999999778e-01 2.922930089318752422e+00
6.099999999999999867e-01 2.922935411601066402e+00
6.199999999999999956e-01 2.922935411601066402e+00
6.300000000000000044e-01 2.922935517954826423e+00
6.400000000000000133e-01 2.922963003706931850e+00
6.500000000000000222e-01 2.922984905626774044e+00
6.600000000000000311e-01 2.923057743821144250e+00
6.700000000000000400e-01 2.923036721591949494e+00
6.800000000000000488e-01 2.923112449944019531e+00
6.900000000000000577e-01 2.923134781169891561e+00
7.000000000000000666e-01 2.922961448707580345e+00
7.099999999999999645e-01 2.923530249953270044e+00
7.199999999999999734e-01 2.923601508979797536e+00
7.299999999999999822e-01 2.923839778361320363e+00
7.399999999999999911e-01 2.925270567123889887e+00
7.500000000000000000e-01 2.926370838792323958e+00
7.600000000000000089e-01 2.927743462107181394e+00
7.700000000000000178e-01 2.928569959387779420e+00
7.800000000000000266e-01 2.931751596982479224e+00
7.900000000000000355e-01 2.938738619191646695e+00
8.000000000000000444e-01 2.947596562678814092e+00
8.100000000000000533e-01 2.955712185242175938e+00
8.200000000000000622e-01 2.964281327962875245e+00
8.300000000000000711e-01 2.974284801576137394e+00
8.399999999999999689e-01 2.986263098938465088e+00
8.499999999999999778e-01 3.002926845324039640e+00
8.599999999999999867e-01 3.022351180260181458e+00
8.699999999999999956e-01 3.042082848401069572e+00
8.800000000000000044e-01 3.068457963218688800e+00
8.900000000000000133e-01 3.091680339529514487e+00
9.000000000000000222e-01 3.110650965085029807e+00
9.100000000000000311e-01 3.124807139539718559e+00
9.200000000000000400e-01 3.134541023952960970e+00
9.300000000000000488e-01 3.141112858207225855e+00
9.400000000000000577e-01 3.146349890556335627e+00
9.500000000000000666e-01 3.150496187798976777e+00
9.599999999999999645e-01 3.154091399397850104e+00
9.699999999999999734e-01 3.156553913030624603e+00
9.799999999999999822e-01 3.161378942792415714e+00
9.899999999999999911e-01 3.164512248816490292e+00
1.000000000000000000e+00 3.165875940103530795e+00
1.010000000000000009e+00 3.167311669304370803e+00
1.020000000000000018e+00 3.168210502803325834e+00
1.030000000000000027e+00 3.169085374579429626e+00
1.040000000000000036e+00 3.169519307475090031e+00
1.050000000000000044e+00 3.169972876732349398e+00
1.060000000000000053e+00 3.170387268972396644e+00
1.070000000000000062e+00 3.170477083115577521e+00
1.080000000000000071e+00 3.170494503567218736e+00
1.090000000000000080e+00 3.170393305652141613e+00
1.100000000000000089e+00 3.170360249955654020e+00
1.110000000000000098e+00 3.170391364955901903e+00
1.120000000000000107e+00 3.170448316552639145e+00
1.130000000000000115e+00 3.170419200212955424e+00
1.140000000000000124e+00 3.170367498338222401e+00
1.150000000000000133e+00 3.170329428074359690e+00
1.159999999999999920e+00 3.170323596279621015e+00
1.169999999999999929e+00 3.170319832286834671e+00
1.179999999999999938e+00 3.170319832286834671e+00
1.189999999999999947e+00 3.170339688844680648e+00
1.199999999999999956e+00 3.170350565929412667e+00
1.209999999999999964e+00 3.170402109560966686e+00
1.219999999999999973e+00 3.170490785555839519e+00
1.229999999999999982e+00 3.170649798200130487e+00
1.239999999999999991e+00 3.170799647889137152e+00
1.250000000000000000e+00 3.170865394754409650e+00
1.260000000000000009e+00 3.170926019799709117e+00
1.270000000000000018e+00 3.171005685465335677e+00
1.280000000000000027e+00 3.171091290538310847e+00
1.290000000000000036e+00 3.171093939867019706e+00
1.300000000000000044e+00 3.171127979750633319e+00
1.310000000000000053e+00 3.171156974933147410e+00
1.320000000000000062e+00 3.171118225154876846e+00
1.330000000000000071e+00 3.171124939682483657e+00
1.340000000000000080e+00 3.171124159262180164e+00
1.350000000000000089e+00 3.171134224402904600e+00
1.360000000000000098e+00 3.171145386333465765e+00
1.370000000000000107e+00 3.171151461982727238e+00
1.380000000000000115e+00 3.171151461982727238e+00
1.390000000000000124e+00 3.171151461982727238e+00
1.400000000000000133e+00 3.171151461982727238e+00
1.409999999999999920e+00 3.171151461982727238e+00
1.419999999999999929e+00 3.171151461982727238e+00
1.429999999999999938e+00 3.171151461982727238e+00
1.439999999999999947e+00 3.171151461982727238e+00
1.449999999999999956e+00 3.171151461982727238e+00
1.459999999999999964e+00 3.171151461982727238e+00
1.469999999999999973e+00 3.171150994029045211e+00
1.479999999999999982e+00 3.171150202107429372e+00
1.489999999999999991e+00 3.171150202107429372e+00
1.500000000000000000e+00 3.171150058121681159e+00
1.510000000000000009e+00 3.171143957304954686e+00
1.520000000000000018e+00 3.171145305018424843e+00
1.530000000000000027e+00 3.171152780125141124e+00
1.540000000000000036e+00 3.171157046017646586e+00
1.550000000000000044e+00 3.171169632775783676e+00
1.560000000000000053e+00 3.171177207219600724e+00
1.570000000000000062e+00 3.171180713202953250e+00
1.580000000000000071e+00 3.171180713202953250e+00
1.590000000000000080e+00 3.171180713202953250e+00
1.600000000000000089e+00 3.171180713202953250e+00
1.610000000000000098e+00 3.171180713202953250e+00
1.620000000000000107e+00 3.171180713202953250e+00
1.630000000000000115e+00 3.171180713202953250e+00
1.640000000000000124e+00 3.171180713202953250e+00
1.650000000000000133e+00 3.171180713202953250e+00
1.660000000000000142e+00 3.171180713202953250e+00
1.669999999999999929e+00 3.171180713202953250e+00
1.679999999999999938e+00 3.171180713202953250e+00
1.689999999999999947e+00 3.171182600777149307e+00
1.699999999999999956e+00 3.171182738442420934e+00
1.709999999999999964e+00 3.171185380933284836e+00
1.719999999999999973e+00 3.171188255915641907e+00
1.729999999999999982e+00 3.171113026375770527e+00
1.739999999999999991e+00 3.170927340216636470e+00
1.750000000000000000e+00 3.170868712828159186e+00
1.760000000000000009e+00 3.170868712828159186e+00
1.770000000000000018e+00 3.170862069261074279e+00
1.780000000000000027e+00 3.170858422405719690e+00
1.790000000000000036e+00 3.170858422405719690e+00
1.800000000000000044e+00 3.170858422405719690e+00
1.810000000000000053e+00 3.170858422405719690e+00
1.820000000000000062e+00 3.170858422405719690e+00
1.830000000000000071e+00 3.170858434131145653e+00
1.840000000000000080e+00 3.170858434131145653e+00
1.850000000000000089e+00 3.170858434131145653e+00
1.860000000000000098e+00 3.170858434131145653e+00
1.870000000000000107e+00 3.170858434131145653e+00
1.880000000000000115e+00 3.170858434131145653e+00
1.890000000000000124e+00 3.171189928970337135e+00
1.900000000000000133e+00 3.171624100422859360e+00
1.910000000000000142e+00 3.173103038971424095e+00
1.919999999999999929e+00 3.175665694606303990e+00
1.929999999999999938e+00 3.178961725339889632e+00
1.939999999999999947e+00 3.182795744433402962e+00
1.949999999999999956e+00 3.186888365306854265e+00
1.959999999999999964e+00 3.193542342011928437e+00
1.969999999999999973e+00 3.202248726389408162e+00
1.979999999999999982e+00 3.214176446812152754e+00
1.989999999999999991e+00 3.222501821651458709e+00
2.000000000000000000e+00 3.234123194701671533e+00
2.010000000000000231e+00 3.246238206863403253e+00
2.020000000000000018e+00 3.263204642343521034e+00
2.030000000000000249e+00 3.284962209746837836e+00
2.040000000000000036e+00 3.306043326735496724e+00
2.049999999999999822e+00 3.324276754970550751e+00
2.060000000000000053e+00 3.345337562272548748e+00
2.069999999999999840e+00 3.366576453573703720e+00
2.080000000000000071e+00 3.383385408906936842e+00
2.089999999999999858e+00 3.395144518413543810e+00
2.100000000000000089e+00 3.407524940078258346e+00
2.109999999999999876e+00 3.423056337032317931e+00
2.120000000000000107e+00 3.433957676353454502e+00
2.129999999999999893e+00 3.443990819456577146e+00
2.140000000000000124e+00 3.453610200738906677e+00
2.149999999999999911e+00 3.461695734908580846e+00
2.160000000000000142e+00 3.472177420830726557e+00
2.169999999999999929e+00 3.482158988311290670e+00
2.180000000000000160e+00 3.488802241449356245e+00
2.189999999999999947e+00 3.492190446245670099e+00
2.200000000000000178e+00 3.492196576797962138e+00
2.209999999999999964e+00 3.492196576797962138e+00
2.220000000000000195e+00 3.492196576797962138e+00
2.229999999999999982e+00 3.492196576797962138e+00
2.240000000000000213e+00 3.492196576797962138e+00
2.250000000000000000e+00 3.491502678496837486e+00
2.260000000000000231e+00 3.490925275764465319e+00
2.270000000000000018e+00 3.489332378072738550e+00
2.280000000000000249e+00 3.485204474513530659e+00
2.290000000000000036e+00 3.481495036857128245e+00
2.300000000000000266e+00 3.479521646339893248e+00
2.310000000000000053e+00 3.478810318417548952e+00
2.319999999999999840e+00 3.478848421261310442e+00
2.330000000000000071e+00 3.478855213320255491e+00
2.339999999999999858e+00 3.478940269649028583e+00
2.350000000000000089e+00 3.478978278944492519e+00
2.359999999999999876e+00 3.479044647104740040e+00
2.370000000000000107e+00 3.479074692635536259e+00
2.379999999999999893e+00 3.479084681036472393e+00
2.390000000000000124e+00 3.479084681036472393e+00
2.399999999999999911e+00 3.479085335509777277e+00
2.410000000000000142e+00 3.479085592603683441e+00
2.419999999999999929e+00 3.479086221320629058e+00
2.430000000000000160e+00 3.479086221320629058e+00
2.439999999999999947e+00 3.479086221320629058e+00
2.450000000000000178e+00 3.479086221320629058e+00
2.459999999999999964e+00 3.479086221320629058e+00
2.470000000000000195e+00 3.479086221320629058e+00
2.479999999999999982e+00 3.479086221320629058e+00
2.490000000000000213e+00 3.479086221320629058e+00
2.500000000000000000e+00 3.479086221320629058e+00
2.510000000000000231e+00 3.479086221320629058e+00
2.520000000000000018e+00 3.479086221320629058e+00
2.530000000000000249e+00 3.479086221320629058e+00
2.540000000000000036e+00 3.479086221320629058e+00
2.550000000000000266e+00 3.479086221320629058e+00
2.560000000000000053e+00 3.479086221320629058e+00
2.569999999999999840e+00 3.479086221320629058e+00
2.580000000000000071e+00 3.479086221320629058e+00
2.589999999999999858e+00 3.479086221320629058e+00
2.600000000000000089e+00 3.479086221320629058e+00
2.609999999999999876e+00 3.479086221320629058e+00
2.620000000000000107e+00 3.479086241559982362e+00
2.629999999999999893e+00 3.479086241559982362e+00
2.640000000000000124e+00 3.479086241559982362e+00
2.649999999999999911e+00 3.479086241559982362e+00
2.660000000000000142e+00 3.479086241559982362e+00
2.669999999999999929e+00 3.479086090593337843e+00
2.680000000000000160e+00 3.479086090593337843e+00
2.689999999999999947e+00 3.479087075810432417e+00
2.700000000000000178e+00 3.479087193517684806e+00
2.709999999999999964e+00 3.479087193517684806e+00
2.720000000000000195e+00 3.479087193517684806e+00
2.729999999999999982e+00 3.479087193517684806e+00
2.740000000000000213e+00 3.479108769280910618e+00
2.750000000000000000e+00 3.479141653237342702e+00
2.760000000000000231e+00 3.479192720670700290e+00
2.770000000000000018e+00 3.479201807684898284e+00
2.780000000000000249e+00 3.479232500102519943e+00
2.790000000000000036e+00 3.479300727236271040e+00
2.800000000000000266e+00 3.479321020240783824e+00
2.810000000000000053e+00 3.479368825545310795e+00
2.819999999999999840e+00 3.479439997580051624e+00
2.830000000000000071e+00 3.479488680841922754e+00
2.839999999999999858e+00 3.479535632472038120e+00
2.850000000000000089e+00 3.479598347706794659e+00
2.859999999999999876e+00 3.479607844848632947e+00
2.870000000000000107e+00 3.479668688361644779e+00
2.879999999999999893e+00 3.479668688361644779e+00
2.890000000000000124e+00 3.479668688361644779e+00
2.899999999999999911e+00 3.479668688361644779e+00
2.910000000000000142e+00 3.479668688361644779e+00
2.919999999999999929e+00 3.479668688361644779e+00
2.930000000000000160e+00 3.479668688361644779e+00
2.939999999999999947e+00 3.479668688361644779e+00
2.950000000000000178e+00 3.479668688361644779e+00
2.959999999999999964e+00 3.479668688361644779e+00
2.970000000000000195e+00 3.479668688361644779e+00
2.979999999999999982e+00 3.479668688361644779e+00
2.990000000000000213e+00 3.479668688361644779e+00
3.000000000000000000e+00 3.479668688361644779e+00
