0.000000000000000000e+00 1.894020054235458383e+00
1.000000000000000021e-02 1.894020054235458383e+00
2.000000000000000042e-02 1.894017307789325644e+00
2.999999999999999889e-02 1.958107118023634019e+00
4.000000000000000083e-02 2.112769871865511018e+00
5.000000000000000278e-02 2.908395143070221067e+00
5.999999999999999778e-02 3.613113874020576599e+00
7.000000000000000666e-02 3.658584130926131994e+00
8.000000000000000167e-02 3.624537199795246245e+00
8.999999999999999667e-02 3.591964864451885120e+00
1.000000000000000056e-01 3.527849530241489617e+00
1.100000000000000006e-01 3.457674170744418962e+00
1.199999999999999956e-01 3.339734901545047929e+00
1.300000000000000044e-01 3.239252992737293280e+00
1.400000000000000133e-01 3.146492009084224772e+00
1.499999999999999944e-01 3.086749128580093426e+00
1.600000000000000033e-01 3.060012542362213317e+00
1.700000000000000122e-01 3.046156557719707614e+00
1.799999999999999933e-01 3.043402001533508372e+00
1.900000000000000022e-01 3.042437615623474034e+00
2.000000000000000111e-01 3.042305978384018061e+00
2.099999999999999922e-01 3.042512012460231841e+00
2.200000000000000011e-01 3.042430782892703967e+00
2.300000000000000100e-01 3.042860483565330565e+00
2.399999999999999911e-01 3.043769065909385674e+00
2.500000000000000000e-01 3.043951002306938047e+00
2.600000000000000089e-01 3.044030861194133575e+00
2.700000000000000178e-01 3.044035800914764334e+00
2.800000000000000266e-01 3.044058431155681532e+00
2.899999999999999800e-01 3.044273972222804936e+00
2.999999999999999889e-01 3.044277424838543133e+00
3.099999999999999978e-01 3.044407790386676638e+00
3.200000000000000067e-01 3.044529158871173813e+00
3.300000000000000155e-01 3.044547472946643740e+00
3.400000000000000244e-01 3.044547472946643740e+00
3.500000000000000333e-01 3.044645028767585693e+00
3.599999999999999867e-01 3.044645028767585693e+00
3.699999999999999956e-01 3.044680709493160276e+00
3.800000000000000044e-01 3.044695882277488774e+00
3.900000000000000133e-01 3.044696637856960209e+00
4.000000000000000222e-01 3.044734810204505759e+00
4.100000000000000311e-01 3.044874341716766519e+00
4.199999999999999845e-01 3.044908749539852355e+00
4.299999999999999933e-01 3.045090697779655464e+00
4.400000000000000022e-01 3.045110610222816483e+00
4.500000000000000111e-01 3.045160600907802717e+00
4.600000000000000200e-01 3.045264262530803734e+00
4.700000000000000289e-01 3.045264262530803734e+00
4.799999999999999822e-01 3.045306249856948977e+00
4.899999999999999911e-01 3.045332937517166272e+00
5.000000000000000000e-01 3.045332937517166272e+00
5.100000000000000089e-01 3.045332937517166272e+00
5.200000000000000178e-01 3.045332937517166272e+00
5.300000000000000266e-01 3.045332937517166272e+00
5.400000000000000355e-01 3.045332937517166272e+00
5.500000000000000444e-01 3.045332937517166272e+00
5.600000000000000533e-01 3.045332937517166272e+00
5.700000000000000622e-01 3.045332937517166272e+00
5.799999999999999600e-01 3.045332937517166272e+00
5.899999999999999689e-01 3.045333193163871854e+00
5.999999999999999778e-01 3.045333198227882399e+00
6.099999999999999867e-01 3.045333198227882399e+00
6.199999999999999956e-01 3.045333159363269981e+00
6.300000000000000044e-01 3.045333159363269981e+00
6.400000000000000133e-01 3.045333159363269981e+00
6.500000000000000222e-01 3.045333113772869194e+00
6.600000000000000311e-01 3.045333052985668143e+00
6.700000000000000400e-01 3.045333160717487164e+00
6.800000000000000488e-01 3.045333160717487164e+00
6.900000000000000577e-01 3.045333250494003163e+00
7.000000000000000666e-01 3.045333250494003163e+00
7.099999999999999645e-01 3.045333250494003163e+00
7.199999999999999734e-01 3.045333250494003163e+00
7.299999999999999822e-01 3.045333250494003163e+00
7.399999999999999911e-01 3.045333209705352928e+00
7.500000000000000000e-01 3.045333209705352928e+00
7.600000000000000089e-01 3.045333209705352928e+00
7.700000000000000178e-01 3.045333209705352928e+00
7.800000000000000266e-01 3.045333209705352928e+00
7.900000000000000355e-01 3.045333209705352928e+00
8.000000000000000444e-01 3.045334799265861481e+00
8.100000000000000533e-01 3.045341098661422663e+00
8.200000000000000622e-01 3.045341098661422663e+00
8.300000000000000711e-01 3.045341891491413211e+00
8.399999999999999689e-01 3.045341891491413211e+00
8.499999999999999778e-01 3.045341891491413211e+00
8.599999999999999867e-01 3.045341891491413211e+00
8.699999999999999956e-01 3.045341891491413211e+00
8.800000000000000044e-01 3.045391838707923959e+00
8.900000000000000133e-01 3.046601800127029414e+00
9.000000000000000222e-01 3.047729939706325553e+00
9.100000000000000311e-01 3.049047326033115457e+00
9.200000000000000400e-01 3.052086840395927592e+00
9.300000000000000488e-01 3.055814064033031574e+00
9.400000000000000577e-01 3.060861855399608533e+00
9.500000000000000666e-01 3.069196359813213260e+00
9.599999999999999645e-01 3.081658934037685427e+00
9.699999999999999734e-01 3.098788647277355146e+00
9.799999999999999822e-01 3.116115931925773630e+00
9.899999999999999911e-01 3.138739098806381023e+00
1.000000000000000000e+00 3.164325475723743342e+00
1.010000000000000009e+00 3.187220418791770982e+00
1.020000000000000018e+00 3.203604473342895442e+00
1.030000000000000027e+00 3.220341928546428534e+00
1.040000000000000036e+00 3.231992678279876685e+00
1.050000000000000044e+00 3.239231862399578166e+00
1.060000000000000053e+00 3.242169082431793026e+00
1.070000000000000062e+00 3.244637714107036608e+00
1.080000000000000071e+00 3.246088716523647388e+00
1.090000000000000080e+00 3.247615603573322129e+00
1.100000000000000089e+00 3.248150100162029208e+00
1.110000000000000098e+00 3.248829323275089109e+00
1.120000000000000107e+00 3.250476646754741683e+00
1.130000000000000115e+00 3.252426385154723931e+00
1.140000000000000124e+00 3.256792628922462463e+00
1.150000000000000133e+00 3.259451226267814583e+00
1.159999999999999920e+00 3.261720113747120120e+00
1.169999999999999929e+00 3.263538251290321490e+00
1.179999999999999938e+00 3.264149647188186787e+00
1.189999999999999947e+00 3.264356873736381726e+00
1.199999999999999956e+00 3.264177260339260034e+00
1.209999999999999964e+00 3.264124842994212905e+00
1.219999999999999973e+00 3.264073438413143347e+00
1.229999999999999982e+00 3.264031242072582106e+00
1.239999999999999991e+00 3.264014643676281135e+00
1.250000000000000000e+00 3.264018603851795319e+00
1.260000000000000009e+00 3.264050450692177030e+00
1.270000000000000018e+00 3.264076139941215704e+00
1.280000000000000027e+00 3.264120024137497023e+00
1.290000000000000036e+00 3.263984627265930083e+00
1.300000000000000044e+00 3.263940642130374936e+00
1.310000000000000053e+00 3.263876570641994324e+00
1.320000000000000062e+00 3.263876558604240419e+00
1.330000000000000071e+00 3.263669902212619878e+00
1.340000000000000080e+00 3.263301443378925359e+00
1.350000000000000089e+00 3.263201331384181891e+00
1.360000000000000098e+00 3.262833230624198944e+00
1.370000000000000107e+00 3.262558321638107106e+00
1.380000000000000115e+00 3.262454513640403952e+00
1.390000000000000124e+00 3.262355482532977913e+00
1.400000000000000133e+00 3.262288229348659474e+00
1.409999999999999920e+00 3.261870265204906527e+00
1.419999999999999929e+00 3.261350308382511276e+00
1.429999999999999938e+00 3.261133001894950922e+00
1.439999999999999947e+00 3.260839397008418850e+00
1.449999999999999956e+00 3.260638373188972317e+00
1.459999999999999964e+00 3.260275981616973962e+00
1.469999999999999973e+00 3.260159348618984154e+00
1.479999999999999982e+00 3.260159348618984154e+00
1.489999999999999991e+00 3.260159348618984154e+00
1.500000000000000000e+00 3.260159348618984154e+00
1.510000000000000009e+00 3.260159348618984154e+00
1.520000000000000018e+00 3.260159348618984154e+00
1.530000000000000027e+00 3.260159348618984154e+00
1.540000000000000036e+00 3.260159348618984154e+00
1.550000000000000044e+00 3.260159348618984154e+00
1.560000000000000053e+00 3.260159348618984154e+00
1.570000000000000062e+00 3.260159348618984154e+00
1.580000000000000071e+00 3.260159348618984154e+00
1.590000000000000080e+00 3.260159203798770999e+00
1.600000000000000089e+00 3.260159203798770999e+00
1.610000000000000098e+00 3.260159203550815565e+00
1.620000000000000107e+00 3.260159203550815565e+00
1.630000000000000115e+00 3.260159203550815565e+00
1.640000000000000124e+00 3.260159203550815565e+00
1.650000000000000133e+00 3.260159203550815565e+00
1.660000000000000142e+00 3.260159203550815565e+00
1.669999999999999929e+00 3.260159203550815565e+00
1.679999999999999938e+00 3.260159203550815565e+00
1.689999999999999947e+00 3.260159203550815565e+00
1.699999999999999956e+00 3.260159203550815565e+00
1.709999999999999964e+00 3.260159203550815565e+00
1.719999999999999973e+00 3.260159203550815565e+00
1.729999999999999982e+00 3.260159203550815565e+00
1.739999999999999991e+00 3.260159203550815565e+00
1.750000000000000000e+00 3.260159203550815565e+00
1.760000000000000009e+00 3.260159203550815565e+00
1.770000000000000018e+00 3.260159203550815565e+00
1.780000000000000027e+00 3.260159203550815565e+00
1.790000000000000036e+00 3.260159203550815565e+00
1.800000000000000044e+00 3.260159203550815565e+00
1.810000000000000053e+00 3.260159203550815565e+00
1.820000000000000062e+00 3.260159203550815565e+00
1.830000000000000071e+00 3.260159203550815565e+00
1.840000000000000080e+00 3.260159203550815565e+00
1.850000000000000089e+00 3.260159203550815565e+00
1.860000000000000098e+00 3.260159203550815565e+00
1.870000000000000107e+00 3.260159203550815565e+00
1.880000000000000115e+00 3.260159203550815565e+00
1.890000000000000124e+00 3.260159203550815565e+00
1.900000000000000133e+00 3.260159203550815565e+00
1.910000000000000142e+00 3.260159307749271207e+00
1.919999999999999929e+00 3.260159307749271207e+00
1.929999999999999938e+00 3.260159307749271207e+00
1.939999999999999947e+00 3.260153556478023518e+00
1.949999999999999956e+00 3.260138243935108093e+00
1.959999999999999964e+00 3.259978761372566147e+00
1.969999999999999973e+00 3.259944436802864054e+00
1.979999999999999982e+00 3.259800284419059668e+00
1.989999999999999991e+00 3.259743117425441650e+00
2.000000000000000000e+00 3.259682633943557839e+00
2.010000000000000231e+00 3.259654552779197800e+00
2.020000000000000018e+00 3.259646091439723836e+00
2.030000000000000249e+00 3.259646091439723836e+00
2.040000000000000036e+00 3.259617608458995619e+00
2.049999999999999822e+00 3.259617608458995619e+00
2.060000000000000053e+00 3.259574004042148587e+00
2.069999999999999840e+00 3.259574059872627050e+00
2.080000000000000071e+00 3.259489331111907973e+00
2.089999999999999858e+00 3.259465878696441443e+00
2.100000000000000089e+00 3.259463091180324401e+00
2.109999999999999876e+00 3.259461052923202651e+00
2.120000000000000107e+00 3.259461052923202651e+00
2.129999999999999893e+00 3.259415766248702884e+00
2.140000000000000124e+00 3.259379718928336889e+00
2.149999999999999911e+00 3.259329184894561582e+00
2.160000000000000142e+00 3.259179381148815224e+00
2.169999999999999929e+00 3.259091237215995918e+00
2.180000000000000160e+00 3.258927071471214187e+00
2.189999999999999947e+00 3.258847842190265798e+00
2.200000000000000178e+00 3.258781441445350868e+00
2.209999999999999964e+00 3.258758457989692658e+00
2.220000000000000195e+00 3.258729955222606556e+00
2.229999999999999982e+00 3.258691408360004260e+00
2.240000000000000213e+00 3.258580994789600283e+00
2.250000000000000000e+00 3.258423823218345561e+00
2.260000000000000231e+00 3.258354455823898377e+00
2.270000000000000018e+00 3.258255460019111815e+00
2.280000000000000249e+00 3.258200110375881309e+00
2.290000000000000036e+00 3.258141681182384453e+00
2.300000000000000266e+00 3.258108194339275343e+00
2.310000000000000053e+00 3.257995805809497991e+00
2.319999999999999840e+00 3.257964347307682029e+00
2.330000000000000071e+00 3.257877752981185981e+00
2.339999999999999858e+00 3.257858787453174809e+00
2.350000000000000089e+00 3.257801664440632017e+00
2.359999999999999876e+00 3.257801664440632017e+00
2.370000000000000107e+00 3.257788224604129645e+00
2.379999999999999893e+00 3.257778299078941231e+00
2.390000000000000124e+00 3.257778615880012385e+00
2.399999999999999911e+00 3.257778615880012385e+00
2.410000000000000142e+00 3.257778615880012385e+00
2.419999999999999929e+00 3.257778615880012385e+00
2.430000000000000160e+00 3.257778615880012385e+00
2.439999999999999947e+00 3.257778615880012385e+00
2.450000000000000178e+00 3.257778615880012385e+00
2.459999999999999964e+00 3.257778441159725258e+00
2.470000000000000195e+00 3.257778441159725258e+00
2.479999999999999982e+00 3.257778441159725258e+00
2.490000000000000213e+00 3.257778441159725258e+00
2.500000000000000000e+00 3.257778441159725258e+00
2.510000000000000231e+00 3.257778406827450013e+00
2.520000000000000018e+00 3.257776251018047464e+00
2.530000000000000249e+00 3.257776540827751255e+00
2.540000000000000036e+00 3.257776413598060472e+00
2.550000000000000266e+00 3.257775988616943508e+00
2.560000000000000053e+00 3.257775988485813290e+00
2.569999999999999840e+00 3.257775988485813290e+00
2.580000000000000071e+00 3.257775988485813290e+00
2.589999999999999858e+00 3.257775919685363952e+00
2.600000000000000089e+00 3.257775956468582201e+00
2.609999999999999876e+00 3.257775947513580128e+00
2.620000000000000107e+00 3.257775947513580128e+00
2.629999999999999893e+00 3.257776106603145649e+00
2.640000000000000124e+00 3.257776204414367882e+00
2.649999999999999911e+00 3.257777227356434047e+00
2.660000000000000142e+00 3.257777358610630003e+00
2.669999999999999929e+00 3.257800372393131472e+00
2.680000000000000160e+00 3.257800399022102500e+00
2.689999999999999947e+00 3.257875031831264589e+00
2.700000000000000178e+00 3.258079953632354808e+00
2.709999999999999964e+00 3.258434424321651424e+00
2.720000000000000195e+00 3.259455055322646899e+00
2.729999999999999982e+00 3.257135437917709542e+00
2.740000000000000213e+00 3.255028819644451232e+00
2.750000000000000000e+00 3.247339964914321975e+00
2.760000000000000231e+00 3.262114445013999831e+00
2.770000000000000018e+00 3.279053168368339488e+00
2.780000000000000249e+00 3.287465351021289894e+00
2.790000000000000036e+00 3.296374943916797751e+00
2.800000000000000266e+00 3.303101683797836419e+00
2.810000000000000053e+00 3.311585882723331320e+00
2.819999999999999840e+00 3.321958817765712890e+00
2.830000000000000071e+00 3.337505767385959832e+00
2.839999999999999858e+00 3.353183631792068464e+00
2.850000000000000089e+00 3.371736606028080008e+00
2.859999999999999876e+00 3.394115149991512315e+00
2.870000000000000107e+00 3.413637572026252620e+00
2.879999999999999893e+00 3.434637743723392589e+00
2.890000000000000124e+00 3.453933727748394134e+00
2.899999999999999911e+00 3.470990074212551235e+00
2.910000000000000142e+00 3.484493115727901547e+00
2.919999999999999929e+00 3.494468780219555093e+00
2.930000000000000160e+00 3.504103183646201991e+00
2.939999999999999947e+00 3.512043034763336014e+00
2.950000000000000178e+00 3.516813033041954029e+00
2.959999999999999964e+00 3.521358173727989094e+00
2.970000000000000195e+00 3.526005556180477285e+00
2.979999999999999982e+00 3.532962640674114141e+00
2.990000000000000213e+00 3.539278227066993576e+00
3.000000000000000000e+00 3.547877217242717762e+00
