0.000000000000000000e+00 2.167609968687295829e+00
1.000000000000000021e-02 2.167549607995748584e+00
2.000000000000000042e-02 2.162331761971711952e+00
2.999999999999999889e-02 2.163221013896465372e+00
4.000000000000000083e-02 2.162559939152002286e+00
5.000000000000000278e-02 2.162195542467832521e+00
5.999999999999999778e-02 2.161985484012365344e+00
7.000000000000000666e-02 2.161677456855773727e+00
8.000000000000000167e-02 2.161844634468555348e+00
8.999999999999999667e-02 2.162402825471162693e+00
1.000000000000000056e-01 2.167911479861736268e+00
1.100000000000000006e-01 2.268024526404142538e+00
1.199999999999999956e-01 2.634107768949270234e+00
1.300000000000000044e-01 3.193072500084638499e+00
1.400000000000000133e-01 3.510853976962566403e+00
1.499999999999999944e-01 3.577204794440269620e+00
1.600000000000000033e-01 3.577281210498809649e+00
1.700000000000000122e-01 3.577281210498809649e+00
1.799999999999999933e-01 3.577281210498809649e+00
1.900000000000000022e-01 3.577281210498809649e+00
2.000000000000000111e-01 3.577281210498809649e+00
2.099999999999999922e-01 3.577281210498809649e+00
2.200000000000000011e-01 3.577281210498809649e+00
2.300000000000000100e-01 3.577281210498809649e+00
2.399999999999999911e-01 3.577281210498809649e+00
2.500000000000000000e-01 3.577281210498809649e+00
2.600000000000000089e-01 3.577281210498809649e+00
2.700000000000000178e-01 3.577281210498809649e+00
2.800000000000000266e-01 3.577281210498809649e+00
2.899999999999999800e-01 3.577281210498809649e+00
2.999999999999999889e-01 3.577281210498809649e+00
3.099999999999999978e-01 3.577281210498809649e+00
3.200000000000000067e-01 3.577281210498809649e+00
3.300000000000000155e-01 3.577279355201721245e+00
3.400000000000000244e-01 3.577279355201721245e+00
3.500000000000000333e-01 3.577275872373581134e+00
3.599999999999999867e-01 3.577274187393188587e+00
3.699999999999999956e-01 3.577274187393188587e+00
3.800000000000000044e-01 3.577272681775093055e+00
3.900000000000000133e-01 3.577267915158271805e+00
4.000000000000000222e-01 3.577266747245788636e+00
4.100000000000000311e-01 3.577266007065773135e+00
4.199999999999999845e-01 3.577265883674621616e+00
4.299999999999999933e-01 3.577261725330352693e+00
4.400000000000000022e-01 3.577261725330352693e+00
4.500000000000000111e-01 3.577261133661270076e+00
4.600000000000000200e-01 3.577260415086746193e+00
4.700000000000000289e-01 3.577255808634757894e+00
4.799999999999999822e-01 3.577251852540969779e+00
4.899999999999999911e-01 3.577251852540969779e+00
5.000000000000000000e-01 3.577249280757904160e+00
5.100000000000000089e-01 3.577244387226104827e+00
5.200000000000000178e-01 3.577244387226104827e+00
5.300000000000000266e-01 3.577243121247291491e+00
5.400000000000000355e-01 3.577240244088172982e+00
5.500000000000000444e-01 3.577237561993598991e+00
5.600000000000000533e-01 3.577226168136596662e+00
5.700000000000000622e-01 3.577218304278850347e+00
5.799999999999999600e-01 3.577206567621231237e+00
5.899999999999999689e-01 3.577186788592338740e+00
5.999999999999999778e-01 3.577161196835040968e+00
6.099999999999999867e-01 3.577146398997306687e+00
6.199999999999999956e-01 3.577127186105251155e+00
6.300000000000000044e-01 3.577116299109458719e+00
6.400000000000000133e-01 3.577094803438186865e+00
6.500000000000000222e-01 3.577080690164565979e+00
6.600000000000000311e-01 3.577067954249382176e+00
6.700000000000000400e-01 3.577051593945026475e+00
6.800000000000000488e-01 3.577051791813373516e+00
6.900000000000000577e-01 3.577041166493892810e+00
7.000000000000000666e-01 3.577045311388969306e+00
7.099999999999999645e-01 3.577044678297042868e+00
7.199999999999999734e-01 3.577077115716934319e+00
7.299999999999999822e-01 3.577076351742744631e+00
7.399999999999999911e-01 3.577086635622978239e+00
7.500000000000000000e-01 3.577079603588581236e+00
7.600000000000000089e-01 3.577047129352092902e+00
7.700000000000000178e-01 3.577071068379879204e+00
7.800000000000000266e-01 3.577061479523182097e+00
7.900000000000000355e-01 3.577123544182777337e+00
8.000000000000000444e-01 3.577162241399288067e+00
8.100000000000000533e-01 3.577154551854133668e+00
8.200000000000000622e-01 3.577165654659271166e+00
8.300000000000000711e-01 3.577162116606235287e+00
8.399999999999999689e-01 3.577152147278785499e+00
8.499999999999999778e-01 3.577123996582031396e+00
8.599999999999999867e-01 3.577048832228183706e+00
8.699999999999999956e-01 3.576951577694416073e+00
8.800000000000000044e-01 3.576812925593852999e+00
8.900000000000000133e-01 3.576630534775257164e+00
9.000000000000000222e-01 3.576418927173614648e+00
9.100000000000000311e-01 3.576291448519230087e+00
9.200000000000000400e-01 3.576029122645854930e+00
9.300000000000000488e-01 3.575850238642692691e+00
9.400000000000000577e-01 3.575676236617565174e+00
9.500000000000000666e-01 3.575476512100696613e+00
9.599999999999999645e-01 3.575292250969409835e+00
9.699999999999999734e-01 3.574988416230678645e+00
9.799999999999999822e-01 3.574816424047946750e+00
9.899999999999999911e-01 3.574606595933437436e+00
1.000000000000000000e+00 3.574344999051094263e+00
1.010000000000000009e+00 3.573985635051727172e+00
1.020000000000000018e+00 3.573424682288169674e+00
1.030000000000000027e+00 3.572767184031009791e+00
1.040000000000000036e+00 3.572230939438342912e+00
1.050000000000000044e+00 3.571491895945072326e+00
1.060000000000000053e+00 3.570371414136886745e+00
1.070000000000000062e+00 3.568806928870678075e+00
1.080000000000000071e+00 3.566198171889781943e+00
1.090000000000000080e+00 3.563505479667186560e+00
1.100000000000000089e+00 3.560451625277996079e+00
1.110000000000000098e+00 3.557432872443198946e+00
1.120000000000000107e+00 3.553936150860786292e+00
1.130000000000000115e+00 3.550623517370223858e+00
1.140000000000000124e+00 3.546481143896579535e+00
1.150000000000000133e+00 3.541990479729175689e+00
1.159999999999999920e+00 3.537631148767471423e+00
1.169999999999999929e+00 3.533769982728958148e+00
1.179999999999999938e+00 3.529115162436962105e+00
1.189999999999999947e+00 3.524581075012684028e+00
1.199999999999999956e+00 3.517183070886134910e+00
1.209999999999999964e+00 3.509031326355934066e+00
1.219999999999999973e+00 3.500512405760288104e+00
1.229999999999999982e+00 3.487391774723529903e+00
1.239999999999999991e+00 3.477751458258628858e+00
1.250000000000000000e+00 3.466694756848812009e+00
1.260000000000000009e+00 3.452475024559497729e+00
1.270000000000000018e+00 3.442334422245025838e+00
1.280000000000000027e+00 3.432089008946418662e+00
1.290000000000000036e+00 3.420988507442474180e+00
1.300000000000000044e+00 3.406600271916389477e+00
1.310000000000000053e+00 3.390415284998416823e+00
1.320000000000000062e+00 3.369707234535217477e+00
1.330000000000000071e+00 3.352603612391948484e+00
1.340000000000000080e+00 3.334382273268699848e+00
1.350000000000000089e+00 3.314303134703636022e+00
1.360000000000000098e+00 3.298175515992641582e+00
1.370000000000000107e+00 3.284767889544963904e+00
1.380000000000000115e+00 3.265333752324581340e+00
1.390000000000000124e+00 3.246008950777053759e+00
1.400000000000000133e+00 3.232810793094635038e+00
1.409999999999999920e+00 3.221573722252845773e+00
1.419999999999999929e+00 3.210787604794502315e+00
1.429999999999999938e+00 3.201033382742405120e+00
1.439999999999999947e+00 3.197855693678855804e+00
1.449999999999999956e+00 3.197902834529876781e+00
1.459999999999999964e+00 3.199857074584961047e+00
1.469999999999999973e+00 3.203987621331215063e+00
1.479999999999999982e+00 3.209641396675110059e+00
1.489999999999999991e+00 3.222183511312008086e+00
1.500000000000000000e+00 3.238091269721985022e+00
1.510000000000000009e+00 3.258136546416282808e+00
1.520000000000000018e+00 3.276992921190261754e+00
1.530000000000000027e+00 3.297250551774501659e+00
1.540000000000000036e+00 3.318213522760868006e+00
1.550000000000000044e+00 3.335612643029689739e+00
1.560000000000000053e+00 3.355955703401565682e+00
1.570000000000000062e+00 3.379784219033718173e+00
1.580000000000000071e+00 3.411232453405856901e+00
1.590000000000000080e+00 3.453908964452743646e+00
1.600000000000000089e+00 3.481943344321250855e+00
1.610000000000000098e+00 3.515005240795612274e+00
1.620000000000000107e+00 3.544668919110298244e+00
1.630000000000000115e+00 3.570496176557540924e+00
1.640000000000000124e+00 3.595204374296665062e+00
1.650000000000000133e+00 3.619527244503498054e+00
1.660000000000000142e+00 3.637940620527267299e+00
1.669999999999999929e+00 3.652145284566879369e+00
1.679999999999999938e+00 3.663135817220211088e+00
1.689999999999999947e+00 3.672502431221008390e+00
1.699999999999999956e+00 3.681343125939369187e+00
1.709999999999999964e+00 3.689955314538478692e+00
1.719999999999999973e+00 3.696926363279819494e+00
1.729999999999999982e+00 3.701840412421226301e+00
1.739999999999999991e+00 3.706367826843261604e+00
1.750000000000000000e+00 3.711994260666370504e+00
1.760000000000000009e+00 3.717651590552330187e+00
1.770000000000000018e+00 3.722481590032577614e+00
1.780000000000000027e+00 3.726052817218303836e+00
1.790000000000000036e+00 3.728880881907939759e+00
1.800000000000000044e+00 3.731209166858196369e+00
1.810000000000000053e+00 3.733896335480213047e+00
1.820000000000000062e+00 3.735407506113052278e+00
1.830000000000000071e+00 3.737016501250267186e+00
1.840000000000000080e+00 3.739429863228798112e+00
1.850000000000000089e+00 3.741365901124477311e+00
1.860000000000000098e+00 3.742786607279777744e+00
1.870000000000000107e+00 3.744244515500068538e+00
1.880000000000000115e+00 3.745790371258258755e+00
1.890000000000000124e+00 3.746380220236778413e+00
1.900000000000000133e+00 3.746912783887386134e+00
1.910000000000000142e+00 3.747363561944961674e+00
1.919999999999999929e+00 3.747759631636142785e+00
1.929999999999999938e+00 3.747827397587299547e+00
1.939999999999999947e+00 3.747904174990654091e+00
1.949999999999999956e+00 3.748003667209148571e+00
1.959999999999999964e+00 3.748193285372257044e+00
1.969999999999999973e+00 3.748215449321270043e+00
1.979999999999999982e+00 3.748274868533611137e+00
1.989999999999999991e+00 3.748206987495422471e+00
2.000000000000000000e+00 3.748172835652828105e+00
2.010000000000000231e+00 3.748114410548210262e+00
2.020000000000000018e+00 3.748052099905013979e+00
2.030000000000000249e+00 3.748001892750263409e+00
2.040000000000000036e+00 3.747904192211628072e+00
2.049999999999999822e+00 3.747798366928100755e+00
2.060000000000000053e+00 3.747777888379097089e+00
2.069999999999999840e+00 3.747699429719447917e+00
2.080000000000000071e+00 3.747680712678432613e+00
2.089999999999999858e+00 3.747620602068900908e+00
2.100000000000000089e+00 3.747586139051914067e+00
2.109999999999999876e+00 3.747555153243541604e+00
2.120000000000000107e+00 3.747537068133353966e+00
2.129999999999999893e+00 3.747507854833602714e+00
2.140000000000000124e+00 3.747485116109848136e+00
2.149999999999999911e+00 3.747478405852317618e+00
2.160000000000000142e+00 3.747478405852317618e+00
2.169999999999999929e+00 3.747477091126441895e+00
2.180000000000000160e+00 3.747472826163768644e+00
2.189999999999999947e+00 3.747456851723194315e+00
2.200000000000000178e+00 3.747447291519641954e+00
2.209999999999999964e+00 3.747443405518531723e+00
2.220000000000000195e+00 3.747439247572422083e+00
2.229999999999999982e+00 3.747437952115535875e+00
2.240000000000000213e+00 3.747437952115535875e+00
2.250000000000000000e+00 3.747437952115535875e+00
2.260000000000000231e+00 3.747437998914718627e+00
2.270000000000000018e+00 3.747440248098373505e+00
2.280000000000000249e+00 3.747440248098373505e+00
2.290000000000000036e+00 3.747441062610149309e+00
2.300000000000000266e+00 3.747441115598678429e+00
2.310000000000000053e+00 3.747442403604984484e+00
2.319999999999999840e+00 3.747440691158771653e+00
2.330000000000000071e+00 3.747437090301513507e+00
2.339999999999999858e+00 3.747435915670394913e+00
2.350000000000000089e+00 3.747432834568023896e+00
2.359999999999999876e+00 3.747430946321487433e+00
2.370000000000000107e+00 3.747424453132152777e+00
2.379999999999999893e+00 3.747402426056861913e+00
2.390000000000000124e+00 3.747396593694686917e+00
2.399999999999999911e+00 3.747369690842628387e+00
2.410000000000000142e+00 3.747345984890460890e+00
2.419999999999999929e+00 3.747297343809604442e+00
2.430000000000000160e+00 3.747272939248085244e+00
2.439999999999999947e+00 3.747232608582973690e+00
2.450000000000000178e+00 3.747183029820919220e+00
2.459999999999999964e+00 3.747144123024940487e+00
2.470000000000000195e+00 3.747123220829963852e+00
2.479999999999999982e+00 3.747093382778167836e+00
2.490000000000000213e+00 3.747073763625621723e+00
2.500000000000000000e+00 3.747041751761436501e+00
2.510000000000000231e+00 3.747033720276355950e+00
2.520000000000000018e+00 3.747027927153110394e+00
2.530000000000000249e+00 3.747000885341167375e+00
2.540000000000000036e+00 3.746987920763492408e+00
2.550000000000000266e+00 3.746983685855865609e+00
2.560000000000000053e+00 3.746975467061996579e+00
2.569999999999999840e+00 3.746968005321025696e+00
2.580000000000000071e+00 3.746948646183013931e+00
2.589999999999999858e+00 3.746937185442447582e+00
2.600000000000000089e+00 3.746935167787075027e+00
2.609999999999999876e+00 3.746935167787075027e+00
2.620000000000000107e+00 3.746935167787075027e+00
2.629999999999999893e+00 3.746935167787075027e+00
2.640000000000000124e+00 3.746935167787075027e+00
2.649999999999999911e+00 3.746935167787075027e+00
2.660000000000000142e+00 3.746935252091884827e+00
2.669999999999999929e+00 3.746935252091884827e+00
2.680000000000000160e+00 3.746935420701503539e+00
2.689999999999999947e+00 3.746935437562465498e+00
2.700000000000000178e+00 3.746935437562465498e+00
2.709999999999999964e+00 3.746935437562465498e+00
2.720000000000000195e+00 3.746935437562465498e+00
2.729999999999999982e+00 3.746935437562465498e+00
2.740000000000000213e+00 3.746935403301715706e+00
2.750000000000000000e+00 3.746935403301715706e+00
2.760000000000000231e+00 3.746935403301715706e+00
2.770000000000000018e+00 3.746935333383083488e+00
2.780000000000000249e+00 3.746935333383083488e+00
2.790000000000000036e+00 3.746935333383083488e+00
2.800000000000000266e+00 3.746935298423767158e+00
2.810000000000000053e+00 3.746935298423767158e+00
2.819999999999999840e+00 3.746935298423767158e+00
2.830000000000000071e+00 3.746935298423767158e+00
2.839999999999999858e+00 3.746935298423767158e+00
2.850000000000000089e+00 3.746935298423767158e+00
2.859999999999999876e+00 3.746935298423767158e+00
2.870000000000000107e+00 3.746935298423767158e+00
2.879999999999999893e+00 3.746935210969448260e+00
2.890000000000000124e+00 3.746934526448249869e+00
2.899999999999999911e+00 3.746933409712314589e+00
2.910000000000000142e+00 3.746933409712314589e+00
2.919999999999999929e+00 3.746933139955997305e+00
2.930000000000000160e+00 3.746933139955997305e+00
2.939999999999999947e+00 3.746933139955997305e+00
2.950000000000000178e+00 3.746933359324931878e+00
2.959999999999999964e+00 3.746933359324931878e+00
2.970000000000000195e+00 3.746933359324931878e+00
2.979999999999999982e+00 3.746933359324931878e+00
2.990000000000000213e+00 3.746933375804424315e+00
3.000000000000000000e+00 3.746933375804424315e+00
