0.000000000000000000e+00 1.520265393248952934e-01 1.580662777601919977e-01
1.000000000000000021e-02 9.778094624823289172e-01 9.969638167828364095e-01
2.000000000000000042e-02 9.778083818382307113e-01 9.969629956716016261e-01
2.999999999999999889e-02 9.778111439848681252e-01 9.969681947743157524e-01
4.000000000000000083e-02 3.161267539123893577e+00 3.209443612046836591e+00
5.000000000000000278e-02 3.164753516226495478e+00 3.207663932437216481e+00
5.999999999999999778e-02 3.168402838806275490e+00 3.205724660163756567e+00
7.000000000000000666e-02 3.176932086813504252e+00 3.199756023323481191e+00
8.000000000000000167e-02 3.181448551474545638e+00 3.196437172988916942e+00
8.999999999999999667e-02 3.182061625963735541e+00 3.195978597749185912e+00
1.000000000000000056e-01 3.182454053577953967e+00 3.195692809968417425e+00
1.100000000000000006e-01 3.182454121072551434e+00 3.195692099354008331e+00
1.199999999999999956e-01 3.182454121072551434e+00 3.195692099354008331e+00
1.300000000000000044e-01 3.182454137952213546e+00 3.195691921694393312e+00
1.400000000000000133e-01 3.182454208830803655e+00 3.195690851727515547e+00
1.499999999999999944e-01 3.182454208830803655e+00 3.195690851727515547e+00
1.600000000000000033e-01 3.182454262468779493e+00 3.195690329644715444e+00
1.700000000000000122e-01 3.182454262468779493e+00 3.195690329644715444e+00
1.799999999999999933e-01 3.182454762502385126e+00 3.195690142850207582e+00
1.900000000000000022e-01 3.182454762502385126e+00 3.195690142850207582e+00
2.000000000000000111e-01 3.182454762502385126e+00 3.195690142850207582e+00
2.099999999999999922e-01 3.182454762502385126e+00 3.195690142850207582e+00
2.200000000000000011e-01 3.182454762502385126e+00 3.195690142850207582e+00
2.300000000000000100e-01 3.182455356204855423e+00 3.195691036297929610e+00
2.399999999999999911e-01 3.182455356204855423e+00 3.195691036297929610e+00
2.500000000000000000e-01 3.182455568262520629e+00 3.195691355365332775e+00
2.600000000000000089e-01 3.182455501893775018e+00 3.195690918923599799e+00
2.700000000000000178e-01 3.182455898098890401e+00 3.195691338028963102e+00
2.800000000000000266e-01 3.182455898098890401e+00 3.195691338028963102e+00
2.899999999999999800e-01 3.182455944358735245e+00 3.195691423581213719e+00
2.999999999999999889e-01 3.182455956690150245e+00 3.195691706779164143e+00
3.099999999999999978e-01 3.182460566914780742e+00 3.195698241073386292e+00
3.200000000000000067e-01 3.182462464493833298e+00 3.195699263268389156e+00
3.300000000000000155e-01 3.182464669975960447e+00 3.195701453967368266e+00
3.400000000000000244e-01 3.182464307183458185e+00 3.195700182915495180e+00
3.500000000000000333e-01 3.182463927293693651e+00 3.195697009905899222e+00
3.599999999999999867e-01 3.182462496096037263e+00 3.195694977072335519e+00
3.699999999999999956e-01 3.182461929683677582e+00 3.195693067126281761e+00
3.800000000000000044e-01 3.182462241087858246e+00 3.195691899437005823e+00
3.900000000000000133e-01 3.182446995451170046e+00 3.195681566551011876e+00
4.000000000000000222e-01 3.182413507554869625e+00 3.195664629208702756e+00
4.100000000000000311e-01 3.182381387492605018e+00 3.195645693338922566e+00
4.199999999999999845e-01 3.182329647804693185e+00 3.195632295049234184e+00
4.299999999999999933e-01 3.182297292691662172e+00 3.195616010650203620e+00
4.400000000000000022e-01 3.182260660183524159e+00 3.195589833433533755e+00
4.500000000000000111e-01 3.182225177095451940e+00 3.195567532007178357e+00
4.600000000000000200e-01 3.182213344822147238e+00 3.195561938214085185e+00
4.700000000000000289e-01 3.182176344123135880e+00 3.195530038952578256e+00
4.799999999999999822e-01 3.182127281098302340e+00 3.195491108870569974e+00
4.899999999999999911e-01 3.182092030509711567e+00 3.195460525361298654e+00
5.000000000000000000e-01 3.182028121350387373e+00 3.195446978651901304e+00
5.100000000000000089e-01 3.181989705566913518e+00 3.195432378931492234e+00
5.200000000000000178e-01 3.181884798483083365e+00 3.195434036384393828e+00
5.300000000000000266e-01 3.181789679175202501e+00 3.195426089481528287e+00
5.400000000000000355e-01 3.181709085565892270e+00 3.195415754340800607e+00
5.500000000000000444e-01 3.181495962050903348e+00 3.195414554788123862e+00
5.600000000000000533e-01 3.181373616046405672e+00 3.195404014235042389e+00
5.700000000000000622e-01 3.181162081975464684e+00 3.195419212494368555e+00
5.799999999999999600e-01 3.180965342723976796e+00 3.195443437512267337e+00
5.899999999999999689e-01 3.180707644144848523e+00 3.195488254597827371e+00
5.999999999999999778e-01 3.180549115348204392e+00 3.195500309848443354e+00
6.099999999999999867e-01 3.180345927805614537e+00 3.195558971205043619e+00
6.199999999999999956e-01 3.180039771929386028e+00 3.195663832654354053e+00
6.300000000000000044e-01 3.179813819904634187e+00 3.195710799297979854e+00
6.400000000000000133e-01 3.179741793265121075e+00 3.195714107842666962e+00
6.500000000000000222e-01 3.179683022546696325e+00 3.195719522519183453e+00
6.600000000000000311e-01 3.179633912343962976e+00 3.195733621282593084e+00
6.700000000000000400e-01 3.179418393687745592e+00 3.195808116903761764e+00
6.800000000000000488e-01 3.179254320874874473e+00 3.195897713503176973e+00
6.900000000000000577e-01 3.178981940875301060e+00 3.196053623966923052e+00
7.000000000000000666e-01 3.178393223145265178e+00 3.196405167915564061e+00
7.099999999999999645e-01 3.177927522695680462e+00 3.196632369882444369e+00
7.199999999999999734e-01 3.177703448193831104e+00 3.196768974224763138e+00
7.299999999999999822e-01 3.177476348873264911e+00 3.196918856357448213e+00
7.399999999999999911e-01 3.177154236756111416e+00 3.197079700226043819e+00
7.500000000000000000e-01 3.176984169120764090e+00 3.197146717062020915e+00
7.600000000000000089e-01 3.176844774611530475e+00 3.197214217183055318e+00
7.700000000000000178e-01 3.176672358203067148e+00 3.197412671365604808e+00
7.800000000000000266e-01 3.176281390554091200e+00 3.197655870078424112e+00
7.900000000000000355e-01 3.175724361145011443e+00 3.198100180485733190e+00
8.000000000000000444e-01 3.174840470549772142e+00 3.198668284566690723e+00
8.100000000000000533e-01 3.173188322478035062e+00 3.199732042354843209e+00
8.200000000000000622e-01 3.169075033911923356e+00 3.202553624993106141e+00
8.300000000000000711e-01 3.165997924352191184e+00 3.204851942328907910e+00
8.399999999999999689e-01 3.164276737078427271e+00 3.206351494838000082e+00
8.499999999999999778e-01 3.162741874644778850e+00 3.207767880113102432e+00
8.599999999999999867e-01 3.159080568384073473e+00 3.213788649283506160e+00
8.699999999999999956e-01 3.154303488186202653e+00 3.223741158076919522e+00
8.800000000000000044e-01 3.151062711565430163e+00 3.237816016976897693e+00
8.900000000000000133e-01 3.146085652195431681e+00 3.256641001523516987e+00
9.000000000000000222e-01 3.143687647038635902e+00 3.287961719788374815e+00
9.100000000000000311e-01 3.146539967103603619e+00 3.317853502420779588e+00
9.200000000000000400e-01 3.154774397197763314e+00 3.345265648073156406e+00
9.300000000000000488e-01 3.172082938073306213e+00 3.376385880991787491e+00
9.400000000000000577e-01 3.194648302441061016e+00 3.402897204484521598e+00
9.500000000000000666e-01 3.222006968601526467e+00 3.423684669501004585e+00
9.599999999999999645e-01 3.249979461325436692e+00 3.437185539261073064e+00
9.699999999999999734e-01 3.279131522849505487e+00 3.444663021828229255e+00
9.799999999999999822e-01 3.313890913894440349e+00 3.446363345138763190e+00
9.899999999999999911e-01 3.341359188847484951e+00 3.441821873960551947e+00
1.000000000000000000e+00 3.359308077881288934e+00 3.435951713321256040e+00
1.010000000000000009e+00 3.368975256446125055e+00 3.431868172799823480e+00
1.020000000000000018e+00 3.378326188227930515e+00 3.427066795165738533e+00
1.030000000000000027e+00 3.385567746011450829e+00 3.422955129755303361e+00
1.040000000000000036e+00 3.389323945730248866e+00 3.420639153239211083e+00
1.050000000000000044e+00 3.391101474115842063e+00 3.419612566158777955e+00
1.060000000000000053e+00 3.391387032704870741e+00 3.419486654152352756e+00
1.070000000000000062e+00 3.391864932389768938e+00 3.419249480480638148e+00
1.080000000000000071e+00 3.392032606107275416e+00 3.419163856233079724e+00
1.090000000000000080e+00 3.392076698070464857e+00 3.419099384202064940e+00
1.100000000000000089e+00 3.392143733726747268e+00 3.419064312680952344e+00
1.110000000000000098e+00 3.392157806278573773e+00 3.419042184561384090e+00
1.120000000000000107e+00 3.392176643409913872e+00 3.419022280158811711e+00
1.130000000000000115e+00 3.392242938825988485e+00 3.418900607183075646e+00
1.140000000000000124e+00 3.392418329233234164e+00 3.418571064258510983e+00
1.150000000000000133e+00 3.392574362337731575e+00 3.418258342392302307e+00
1.159999999999999920e+00 3.392966719027594724e+00 3.417619636653824511e+00
1.169999999999999929e+00 3.393126689353000991e+00 3.417321710686671565e+00
1.179999999999999938e+00 3.393210807335319767e+00 3.417121884896812123e+00
1.189999999999999947e+00 3.393251793885994960e+00 3.417015409883688459e+00
1.199999999999999956e+00 3.393277906168276736e+00 3.416889098021214544e+00
1.209999999999999964e+00 3.393285250142523246e+00 3.416872673322251863e+00
1.219999999999999973e+00 3.393295163187222130e+00 3.416871160417361608e+00
1.229999999999999982e+00 3.393289306253015614e+00 3.416872327596128134e+00
1.239999999999999991e+00 3.393286380994639639e+00 3.416873335940518341e+00
1.250000000000000000e+00 3.393287507323488494e+00 3.416874123674169095e+00
1.260000000000000009e+00 3.393289413412206912e+00 3.416873619467622802e+00
1.270000000000000018e+00 3.393294027183098471e+00 3.416872421081023958e+00
1.280000000000000027e+00 3.393299710347645437e+00 3.416868493587977618e+00
1.290000000000000036e+00 3.393317585174401074e+00 3.416863466475645872e+00
1.300000000000000044e+00 3.393329734269723730e+00 3.416856705602064004e+00
1.310000000000000053e+00 3.393335498376799375e+00 3.416853934129762127e+00
1.320000000000000062e+00 3.393350904980016569e+00 3.416849170245813472e+00
1.330000000000000071e+00 3.393359163676256340e+00 3.416839867571836553e+00
1.340000000000000080e+00 3.393361520893577676e+00 3.416836803295608682e+00
1.350000000000000089e+00 3.393363132971960017e+00 3.416825428629679084e+00
1.360000000000000098e+00 3.393367711274355436e+00 3.416823615930348446e+00
1.370000000000000107e+00 3.393368131189103298e+00 3.416819296489004731e+00
1.380000000000000115e+00 3.393379689009749178e+00 3.416806591665185522e+00
1.390000000000000124e+00 3.393380270751813921e+00 3.416803706432481658e+00
1.400000000000000133e+00 3.393382999953323598e+00 3.416792589980071959e+00
1.409999999999999920e+00 3.393384192267991928e+00 3.416786806209944238e+00
1.419999999999999929e+00 3.393387076313065798e+00 3.416783257196379431e+00
1.429999999999999938e+00 3.393387070174611608e+00 3.416776498741708856e+00
1.439999999999999947e+00 3.393385020553268294e+00 3.416769172919594144e+00
1.449999999999999956e+00 3.393382101644009552e+00 3.416766007019549356e+00
1.459999999999999964e+00 3.393380491115307596e+00 3.416763259733462288e+00
1.469999999999999973e+00 3.393379680899142326e+00 3.416762543369771254e+00
1.479999999999999982e+00 3.393374978398649766e+00 3.416758389049203259e+00
1.489999999999999991e+00 3.393364505759346894e+00 3.416751071647535998e+00
1.500000000000000000e+00 3.393349279701296073e+00 3.416747626059468690e+00
1.510000000000000009e+00 3.393342736133740267e+00 3.416736330257251097e+00
1.520000000000000018e+00 3.393337520335579782e+00 3.416730992094611175e+00
1.530000000000000027e+00 3.393335948547220315e+00 3.416728789321088922e+00
1.540000000000000036e+00 3.393332543934338030e+00 3.416726507712847916e+00
1.550000000000000044e+00 3.393332751185316631e+00 3.416725994814019174e+00
1.560000000000000053e+00 3.393332817050712436e+00 3.416726123169167018e+00
1.570000000000000062e+00 3.393330087035012710e+00 3.416723271553205876e+00
1.580000000000000071e+00 3.393325347257777569e+00 3.416717924612835855e+00
1.590000000000000080e+00 3.393324219819319421e+00 3.416716143735635480e+00
1.600000000000000089e+00 3.393317250287354980e+00 3.416707149150549405e+00
1.610000000000000098e+00 3.393313380520675437e+00 3.416701699568893247e+00
1.620000000000000107e+00 3.393309767894675311e+00 3.416696451330254902e+00
1.630000000000000115e+00 3.393310136809122746e+00 3.416696510272251963e+00
1.640000000000000124e+00 3.393309378626910178e+00 3.416698813058766770e+00
1.650000000000000133e+00 3.393309393177088129e+00 3.416698677487317592e+00
1.660000000000000142e+00 3.393309250378537367e+00 3.416699114303659801e+00
1.669999999999999929e+00 3.393309250378537367e+00 3.416699114303659801e+00
1.679999999999999938e+00 3.393309396701932990e+00 3.416699075135110952e+00
1.689999999999999947e+00 3.393309396701932990e+00 3.416699075135110952e+00
1.699999999999999956e+00 3.393309344972858632e+00 3.416698737903346661e+00
1.709999999999999964e+00 3.393309344972858632e+00 3.416698737903346661e+00
1.719999999999999973e+00 3.393309315544267513e+00 3.416698537544111680e+00
1.729999999999999982e+00 3.393298297990725576e+00 3.416700168891980471e+00
1.739999999999999991e+00 3.393298009312082364e+00 3.416700215885709824e+00
1.750000000000000000e+00 3.393292099630390801e+00 3.416701168601954386e+00
1.760000000000000009e+00 3.393286199923095658e+00 3.416702137078704737e+00
1.770000000000000018e+00 3.393244418491800030e+00 3.416708792844336262e+00
1.780000000000000027e+00 3.393208862724029107e+00 3.416715291490830086e+00
1.790000000000000036e+00 3.393201001913501269e+00 3.416716835243748474e+00
1.800000000000000044e+00 3.393179041608819002e+00 3.416722052284232536e+00
1.810000000000000053e+00 3.393175685251368812e+00 3.416723911239491152e+00
1.820000000000000062e+00 3.393158233910420485e+00 3.416726335291048855e+00
1.830000000000000071e+00 3.392244102539630379e+00 3.417807732849506674e+00
1.840000000000000080e+00 3.390125361429781492e+00 3.420305842541127461e+00
1.850000000000000089e+00 3.388693484634143882e+00 3.422326745730655428e+00
1.860000000000000098e+00 3.386377179866622900e+00 3.425579481066872045e+00
1.870000000000000107e+00 3.382542674447472475e+00 3.430930119017188584e+00
1.880000000000000115e+00 3.380246618937491121e+00 3.434280862604142115e+00
1.890000000000000124e+00 3.377830881943153951e+00 3.437958174429488256e+00
1.900000000000000133e+00 3.375718177871876335e+00 3.441543846278018570e+00
1.910000000000000142e+00 3.372236474870627276e+00 3.447254634672219709e+00
1.919999999999999929e+00 3.370589892271012022e+00 3.449968713976889756e+00
1.929999999999999938e+00 3.367709746711726293e+00 3.454712060157780318e+00
1.939999999999999947e+00 3.362901107889331165e+00 3.463099810570561488e+00
1.949999999999999956e+00 3.358516207196382108e+00 3.471529024384352180e+00
1.959999999999999964e+00 3.354456029879568923e+00 3.480090863526345224e+00
1.969999999999999973e+00 3.348571431804264087e+00 3.494042704834376956e+00
1.979999999999999982e+00 3.343848586313677096e+00 3.505612635724592252e+00
1.989999999999999991e+00 3.339123558204885711e+00 3.518867305471185425e+00
2.000000000000000000e+00 3.334845572818084136e+00 3.532035096108154804e+00
2.010000000000000231e+00 3.330033634888896366e+00 3.550611155326595991e+00
2.020000000000000018e+00 3.323147053736934975e+00 3.580149780832042605e+00
2.030000000000000249e+00 3.318773503838726047e+00 3.609258056033901152e+00
2.040000000000000036e+00 3.316340217706434057e+00 3.645671031468638024e+00
2.049999999999999822e+00 3.317306276221049899e+00 3.687266832604633393e+00
2.060000000000000053e+00 3.325149285776200170e+00 3.736612421653685789e+00
2.069999999999999840e+00 3.338762965212702660e+00 3.781158556198239040e+00
2.080000000000000071e+00 3.351969046892536497e+00 3.813097229128467269e+00
2.089999999999999858e+00 3.374640065981905135e+00 3.854283669074018537e+00
2.100000000000000089e+00 3.400273243972670834e+00 3.890711243126976804e+00
2.109999999999999876e+00 3.431217345955556830e+00 3.924487301289850016e+00
2.120000000000000107e+00 3.467530051210941267e+00 3.955448612114368601e+00
2.129999999999999893e+00 3.505799013172920642e+00 3.980741020324889856e+00
2.140000000000000124e+00 3.544529722012138784e+00 4.000386191636466471e+00
2.149999999999999911e+00 3.590807535911700210e+00 4.013471099761821925e+00
2.160000000000000142e+00 3.623827657392210799e+00 4.020585405890756192e+00
2.169999999999999929e+00 3.660907001684877038e+00 4.025951023880270263e+00
2.180000000000000160e+00 3.686791601945802466e+00 4.027177473252370632e+00
2.189999999999999947e+00 3.709586638623724397e+00 4.026645179184426659e+00
2.200000000000000178e+00 3.736764760785639350e+00 4.024226410116613195e+00
2.209999999999999964e+00 3.772060856120779349e+00 4.018027817227647347e+00
2.220000000000000195e+00 3.798161454602344556e+00 4.010537951001063917e+00
2.229999999999999982e+00 3.810075699594630549e+00 4.006342417928562938e+00
2.240000000000000213e+00 3.815355855016035580e+00 4.004566405983644550e+00
2.250000000000000000e+00 3.819665858683635840e+00 4.003090711450527195e+00
2.260000000000000231e+00 3.824814839604650185e+00 4.001013453408923226e+00
2.270000000000000018e+00 3.829570579792245244e+00 3.998834636615530957e+00
2.280000000000000249e+00 3.832098639491415604e+00 3.997515072714470818e+00
2.290000000000000036e+00 3.837331494109272878e+00 3.994832527444720061e+00
2.300000000000000266e+00 3.848150452389635046e+00 3.989199194340787624e+00
2.310000000000000053e+00 3.850829247473135375e+00 3.987249587880715929e+00
2.319999999999999840e+00 3.851154562347171684e+00 3.986656095974209002e+00
2.330000000000000071e+00 3.849744035121985153e+00 3.986757914350441911e+00
2.339999999999999858e+00 3.848391822521552985e+00 3.986830180609360230e+00
2.350000000000000089e+00 3.847452771027287000e+00 3.986780407864848996e+00
2.359999999999999876e+00 3.846560531301497221e+00 3.986931199092865974e+00
2.370000000000000107e+00 3.845459404924003621e+00 3.987133545782477917e+00
2.379999999999999893e+00 3.844574899576812310e+00 3.987272688886017047e+00
2.390000000000000124e+00 3.843754018064597044e+00 3.987489071205994495e+00
2.399999999999999911e+00 3.843311791319118154e+00 3.987607549200787194e+00
2.410000000000000142e+00 3.842718959999298800e+00 3.987655227308059214e+00
2.419999999999999929e+00 3.842438908338204673e+00 3.987543026013716574e+00
2.430000000000000160e+00 3.841909058646724606e+00 3.987604301243259375e+00
2.439999999999999947e+00 3.841395912122854472e+00 3.987773883051743962e+00
2.450000000000000178e+00 3.840897582175438529e+00 3.988018039052779962e+00
2.459999999999999964e+00 3.840826166710791689e+00 3.988122854089798608e+00
2.470000000000000195e+00 3.840870679792255604e+00 3.988270363927989504e+00
2.479999999999999982e+00 3.840710820554847249e+00 3.988311178050880645e+00
2.490000000000000213e+00 3.840549562813508011e+00 3.988330901520980021e+00
2.500000000000000000e+00 3.840225562837368045e+00 3.988381336543316280e+00
2.510000000000000231e+00 3.840064890754298688e+00 3.988376530373020756e+00
2.520000000000000018e+00 3.839833143754865397e+00 3.988457360214327174e+00
2.530000000000000249e+00 3.839790961647013390e+00 3.988423260431310347e+00
2.540000000000000036e+00 3.839539115998371610e+00 3.988408683517352227e+00
2.550000000000000266e+00 3.839034897334189900e+00 3.988496629140763083e+00
2.560000000000000053e+00 3.838620072436676800e+00 3.988562342414511797e+00
2.569999999999999840e+00 3.838015929673976867e+00 3.988734404383830867e+00
2.580000000000000071e+00 3.837273182807000360e+00 3.989122757840124933e+00
2.589999999999999858e+00 3.834830340330885878e+00 3.990428912551118312e+00
2.600000000000000089e+00 3.828790611685959355e+00 3.994083057599814524e+00
2.609999999999999876e+00 3.825130674018125898e+00 3.996008678546685733e+00
2.620000000000000107e+00 3.816168171059057812e+00 4.000631254380777158e+00
2.629999999999999893e+00 3.808784159382975432e+00 4.004429216657483082e+00
2.640000000000000124e+00 3.805198020144029414e+00 4.006223069571928086e+00
2.649999999999999911e+00 3.800719414367238702e+00 4.008588573022325185e+00
2.660000000000000142e+00 3.799192700111728271e+00 4.009496832912105901e+00
2.669999999999999929e+00 3.798162408165447257e+00 4.009859818687924182e+00
2.680000000000000160e+00 3.796226789897732434e+00 4.010906026631541721e+00
2.689999999999999947e+00 3.795187726232907455e+00 4.011581828944780881e+00
2.700000000000000178e+00 3.794695353401772220e+00 4.011845771504767733e+00
2.709999999999999964e+00 3.793709913732615124e+00 4.012283811500462427e+00
2.720000000000000195e+00 3.791834081201269413e+00 4.012848965897844344e+00
2.729999999999999982e+00 3.784788876278327496e+00 4.016230327680183620e+00
2.740000000000000213e+00 3.780456559268146943e+00 4.018335939058154338e+00
2.750000000000000000e+00 3.776647683600653949e+00 4.019847478166352239e+00
2.760000000000000231e+00 3.771433052727188873e+00 4.022762221215758771e+00
2.770000000000000018e+00 3.760692522894360845e+00 4.029444681628725711e+00
2.780000000000000249e+00 3.756053507697893146e+00 4.032058761703656735e+00
2.790000000000000036e+00 3.735763065585526288e+00 4.043175675559607996e+00
2.800000000000000266e+00 3.712507303082879684e+00 4.055582164156500191e+00
2.810000000000000053e+00 3.670771623912242543e+00 4.076595164770695945e+00
2.819999999999999840e+00 3.555390624227743324e+00 4.129783621396798665e+00
2.830000000000000071e+00 3.439144947293378163e+00 4.162248633014582033e+00
2.839999999999999858e+00 3.322578895789460862e+00 4.185163528085870333e+00
2.850000000000000089e+00 3.144711482137137804e+00 4.186104324089592765e+00
2.859999999999999876e+00 2.893661302520170509e+00 4.144171773482427490e+00
2.870000000000000107e+00 2.733248522772503630e+00 4.082903086753177035e+00
2.879999999999999893e+00 2.604580774198881343e+00 4.012245147076733964e+00
2.890000000000000124e+00 2.411438919700830130e+00 3.851037867866308861e+00
2.899999999999999911e+00 2.270394882396172598e+00 3.654650986608554142e+00
2.910000000000000142e+00 2.149062259670755370e+00 3.419118356080988352e+00
2.919999999999999929e+00 2.096614751051114833e+00 3.201208852311922204e+00
2.930000000000000160e+00 2.092670482583573577e+00 3.168240618597933267e+00
2.939999999999999947e+00 2.102678806667654055e+00 3.266385215859087143e+00
2.950000000000000178e+00 2.122321216137742717e+00 3.362429569461012235e+00
2.959999999999999964e+00 2.164381707207676087e+00 3.486929003108028446e+00
2.970000000000000195e+00 2.265186752344371612e+00 3.660688379005192061e+00
2.979999999999999982e+00 2.455013185470294790e+00 3.863343123380947208e+00
2.990000000000000213e+00 2.830329331656429304e+00 4.047343761128452400e+00
3.000000000000000000e+00 3.752289396521538034e+00 3.798003430336029052e+00
