0.000000000000000000e+00 3.207271159299446284e-01 7.961805878502893341e-01
1.000000000000000021e-02 9.362024303047968843e-01 1.222768933481662046e+00
2.000000000000000042e-02 1.114861650861374454e+00 1.231240939464696371e+00
2.999999999999999889e-02 1.120704069224831789e+00 1.229855352738859819e+00
4.000000000000000083e-02 1.120701456412469099e+00 1.229856183470095399e+00
5.000000000000000278e-02 1.120700915375300699e+00 1.229856352407387554e+00
5.999999999999999778e-02 1.100395312166161599e+00 1.258513979880861999e+00
7.000000000000000666e-02 1.118710916932122990e+00 2.058328929671747520e+00
8.000000000000000167e-02 1.936302537888115793e+00 2.379727762793475421e+00
8.999999999999999667e-02 2.125773421838443866e+00 2.293164658856231775e+00
1.000000000000000056e-01 2.126398693613515078e+00 2.290345144727720772e+00
1.100000000000000006e-01 2.126398967207924873e+00 2.290342926062090445e+00
1.199999999999999956e-01 2.126408705879918593e+00 2.290290917793043945e+00
1.300000000000000044e-01 2.126416019690188897e+00 2.290245432181206020e+00
1.400000000000000133e-01 2.126445273243544598e+00 2.290097044983746777e+00
1.499999999999999944e-01 2.120559161446310181e+00 2.304843523940824479e+00
1.600000000000000033e-01 2.118255409831425684e+00 2.311021479323485561e+00
1.700000000000000122e-01 2.107972175016364247e+00 2.341046132967511184e+00
1.799999999999999933e-01 1.968618494107839068e+00 2.613939210655573220e+00
1.900000000000000022e-01 1.871601320345285036e+00 3.106156991522428523e+00
2.000000000000000111e-01 2.548423728879397387e+00 4.121029866506153994e+00
2.099999999999999922e-01 3.275006224712297964e+00 4.228560499688222230e+00
2.200000000000000011e-01 3.771184537809983084e+00 4.028525114408835428e+00
2.300000000000000100e-01 3.824879372723163584e+00 3.987677334992824285e+00
2.399999999999999911e-01 3.824879372723163584e+00 3.987677334992824285e+00
2.500000000000000000e-01 3.824879372723163584e+00 3.987677334992824285e+00
2.600000000000000089e-01 3.824879372723163584e+00 3.987677334992824285e+00
2.700000000000000178e-01 3.824879372723163584e+00 3.987677334992824285e+00
2.800000000000000266e-01 3.824879372723163584e+00 3.987677334992824285e+00
2.899999999999999800e-01 3.824879372723163584e+00 3.987677334992824285e+00
2.999999999999999889e-01 3.824878364109129958e+00 3.987672637058167435e+00
3.099999999999999978e-01 3.824876797745313528e+00 3.987664094970140294e+00
3.200000000000000067e-01 3.780456293065407092e+00 4.012067061154982461e+00
3.300000000000000155e-01 3.628726378362698402e+00 4.061341438071207399e+00
3.400000000000000244e-01 3.310029047620023590e+00 3.999207665035997117e+00
3.500000000000000333e-01 3.108255358754119513e+00 3.795148579901733932e+00
3.599999999999999867e-01 3.050698925758700941e+00 3.442431218269962567e+00
3.699999999999999956e-01 3.108945109266076035e+00 3.279677670465674044e+00
3.800000000000000044e-01 3.133397713562297238e+00 3.240368007177067522e+00
3.900000000000000133e-01 3.146052897065897191e+00 3.222298544365147954e+00
4.000000000000000222e-01 3.174307846133760602e+00 3.188804973308988711e+00
4.100000000000000311e-01 3.174307846133760602e+00 3.188804973308988711e+00
4.199999999999999845e-01 3.174307846133760602e+00 3.188804973308988711e+00
4.299999999999999933e-01 3.174307846133760602e+00 3.188804973308988711e+00
4.400000000000000022e-01 3.174307846133760602e+00 3.188804973308988711e+00
4.500000000000000111e-01 3.174307846133760602e+00 3.188804973308988711e+00
4.600000000000000200e-01 3.174307846133760602e+00 3.188804973308988711e+00
4.700000000000000289e-01 3.174307846133760602e+00 3.188804973308988711e+00
4.799999999999999822e-01 3.174307846133760602e+00 3.188804973308988711e+00
4.899999999999999911e-01 3.174307846133760602e+00 3.188804973308988711e+00
5.000000000000000000e-01 3.174307846133760602e+00 3.188804973308988711e+00
5.100000000000000089e-01 3.174307846133760602e+00 3.188804973308988711e+00
5.200000000000000178e-01 3.174307846133760602e+00 3.188804973308988711e+00
5.300000000000000266e-01 3.174307846133760602e+00 3.188804973308988711e+00
5.400000000000000355e-01 3.174307846133760602e+00 3.188804973308988711e+00
5.500000000000000444e-01 3.174307846133760602e+00 3.188804973308988711e+00
5.600000000000000533e-01 3.174307846133760602e+00 3.188804973308988711e+00
5.700000000000000622e-01 3.174307846133760602e+00 3.188804973308988711e+00
5.799999999999999600e-01 3.174307846133760602e+00 3.188804973308988711e+00
5.899999999999999689e-01 3.174307846133760602e+00 3.188804973308988711e+00
5.999999999999999778e-01 3.174307846133760602e+00 3.188804973308988711e+00
6.099999999999999867e-01 3.174307846133760602e+00 3.188804973308988711e+00
6.199999999999999956e-01 3.174307846133760602e+00 3.188804973308988711e+00
6.300000000000000044e-01 3.174307846133760602e+00 3.188804973308988711e+00
6.400000000000000133e-01 3.174307846133760602e+00 3.188804973308988711e+00
6.500000000000000222e-01 3.174307846133760602e+00 3.188804973308988711e+00
6.600000000000000311e-01 3.174307846133760602e+00 3.188804973308988711e+00
6.700000000000000400e-01 3.174307846133760602e+00 3.188804973308988711e+00
6.800000000000000488e-01 3.174307846133760602e+00 3.188804973308988711e+00
6.900000000000000577e-01 3.174307846133760602e+00 3.188804973308988711e+00
7.000000000000000666e-01 3.174307846133760602e+00 3.188804973308988711e+00
7.099999999999999645e-01 3.174307846133760602e+00 3.188804973308988711e+00
7.199999999999999734e-01 3.174307846133760602e+00 3.188804973308988711e+00
7.299999999999999822e-01 3.174307846133760602e+00 3.188804973308988711e+00
7.399999999999999911e-01 3.174307846133760602e+00 3.188804973308988711e+00
7.500000000000000000e-01 3.174307846133760602e+00 3.188804973308988711e+00
7.600000000000000089e-01 3.174307846133760602e+00 3.188804973308988711e+00
7.700000000000000178e-01 3.174307846133760602e+00 3.188804973308988711e+00
7.800000000000000266e-01 3.174307846133760602e+00 3.188804973308988711e+00
7.900000000000000355e-01 3.174307846133760602e+00 3.188804973308988711e+00
8.000000000000000444e-01 3.174307846133760602e+00 3.188804973308988711e+00
8.100000000000000533e-01 3.174307846133760602e+00 3.188804973308988711e+00
8.200000000000000622e-01 3.174307846133760602e+00 3.188804973308988711e+00
8.300000000000000711e-01 3.174307846133760602e+00 3.188804973308988711e+00
8.399999999999999689e-01 3.174307846133760602e+00 3.188804973308988711e+00
8.499999999999999778e-01 3.174307846133760602e+00 3.188804973308988711e+00
8.599999999999999867e-01 3.174307846133760602e+00 3.188804973308988711e+00
8.699999999999999956e-01 3.174307846133760602e+00 3.188804973308988711e+00
8.800000000000000044e-01 3.174307846133760602e+00 3.188804973308988711e+00
8.900000000000000133e-01 3.174307846133760602e+00 3.188804973308988711e+00
9.000000000000000222e-01 3.174307846133760602e+00 3.188804973308988711e+00
9.100000000000000311e-01 3.174307846133760602e+00 3.188804973308988711e+00
9.200000000000000400e-01 3.174307846133760602e+00 3.188804973308988711e+00
9.300000000000000488e-01 3.174307846133760602e+00 3.188804973308988711e+00
9.400000000000000577e-01 3.174307846133760602e+00 3.188804973308988711e+00
9.500000000000000666e-01 3.174307846133760602e+00 3.188804973308988711e+00
9.599999999999999645e-01 3.174307846133760602e+00 3.188804973308988711e+00
9.699999999999999734e-01 3.174307846133760602e+00 3.188804973308988711e+00
9.799999999999999822e-01 3.174307846133760602e+00 3.188804973308988711e+00
9.899999999999999911e-01 3.174307846133760602e+00 3.188804973308988711e+00
1.000000000000000000e+00 3.174307846133760602e+00 3.188804973308988711e+00
1.010000000000000009e+00 3.174307846133760602e+00 3.188804973308988711e+00
1.020000000000000018e+00 3.174307846133760602e+00 3.188804973308988711e+00
1.030000000000000027e+00 3.174307846133760602e+00 3.188804973308988711e+00
1.040000000000000036e+00 3.174307846133760602e+00 3.188804973308988711e+00
1.050000000000000044e+00 3.174307846133760602e+00 3.188804973308988711e+00
1.060000000000000053e+00 3.174307846133760602e+00 3.188804973308988711e+00
1.070000000000000062e+00 3.174307846133760602e+00 3.188804973308988711e+00
1.080000000000000071e+00 3.174307846133760602e+00 3.188804973308988711e+00
1.090000000000000080e+00 3.174307846133760602e+00 3.188804973308988711e+00
1.100000000000000089e+00 3.174307846133760602e+00 3.188804973308988711e+00
1.110000000000000098e+00 3.174307846133760602e+00 3.188804973308988711e+00
1.120000000000000107e+00 3.174308020204303471e+00 3.188805280262233754e+00
1.130000000000000115e+00 3.174308410652649570e+00 3.188805680977332635e+00
1.140000000000000124e+00 3.174308123641084389e+00 3.188805602149893392e+00
1.150000000000000133e+00 3.174308123641084389e+00 3.188805602149893392e+00
1.159999999999999920e+00 3.174308123641084389e+00 3.188805602149893392e+00
1.169999999999999929e+00 3.174308123641084389e+00 3.188805602149893392e+00
1.179999999999999938e+00 3.174308123641084389e+00 3.188805602149893392e+00
1.189999999999999947e+00 3.174308123641084389e+00 3.188805602149893392e+00
1.199999999999999956e+00 3.174308058493517937e+00 3.188805613810635098e+00
1.209999999999999964e+00 3.174308058493517937e+00 3.188805613810635098e+00
1.219999999999999973e+00 3.174308058493517937e+00 3.188805613810635098e+00
1.229999999999999982e+00 3.174308058493517937e+00 3.188805613810635098e+00
1.239999999999999991e+00 3.174308058493517937e+00 3.188805613810635098e+00
1.250000000000000000e+00 3.174308058493517937e+00 3.188805613810635098e+00
1.260000000000000009e+00 3.174308058493517937e+00 3.188805613810635098e+00
1.270000000000000018e+00 3.174308047402008448e+00 3.188805588858024009e+00
1.280000000000000027e+00 3.174307869944862137e+00 3.188805189609237534e+00
1.290000000000000036e+00 3.174307869944862137e+00 3.188805189609237534e+00
1.300000000000000044e+00 3.174307319734969823e+00 3.188805455481133144e+00
1.310000000000000053e+00 3.174314720495899689e+00 3.188802999087611223e+00
1.320000000000000062e+00 3.174314527233041083e+00 3.188803767721259064e+00
1.330000000000000071e+00 3.174314305548315840e+00 3.188803769593591131e+00
1.340000000000000080e+00 3.174314305548315840e+00 3.188803769593591131e+00
1.350000000000000089e+00 3.174314305548315840e+00 3.188803769593591131e+00
1.360000000000000098e+00 3.174314305548315840e+00 3.188803769593591131e+00
1.370000000000000107e+00 3.174312809787105394e+00 3.188803353442836830e+00
1.380000000000000115e+00 3.174314178988356883e+00 3.188804170272927063e+00
1.390000000000000124e+00 3.174315856994120111e+00 3.188805361687215623e+00
1.400000000000000133e+00 3.174316346117702192e+00 3.188805653289112474e+00
1.409999999999999920e+00 3.174313869217151307e+00 3.188806324526554548e+00
1.419999999999999929e+00 3.174313869217151307e+00 3.188806324526554548e+00
1.429999999999999938e+00 3.174313869217151307e+00 3.188806324526554548e+00
1.439999999999999947e+00 3.174313869217151307e+00 3.188806324526554548e+00
1.449999999999999956e+00 3.174313869217151307e+00 3.188806324526554548e+00
1.459999999999999964e+00 3.174313869217151307e+00 3.188806324526554548e+00
1.469999999999999973e+00 3.174313869217151307e+00 3.188806324526554548e+00
1.479999999999999982e+00 3.174313869217151307e+00 3.188806324526554548e+00
1.489999999999999991e+00 3.174313869217151307e+00 3.188806324526554548e+00
1.500000000000000000e+00 3.174313869217151307e+00 3.188806324526554548e+00
1.510000000000000009e+00 3.174313869217151307e+00 3.188806324526554548e+00
1.520000000000000018e+00 3.174313882545087395e+00 3.188806267820742057e+00
1.530000000000000027e+00 3.174313882545087395e+00 3.188806267820742057e+00
1.540000000000000036e+00 3.174313882545087395e+00 3.188806267820742057e+00
1.550000000000000044e+00 3.174313874199151453e+00 3.188806312015295408e+00
1.560000000000000053e+00 3.174313846256195504e+00 3.188806215613425366e+00
1.570000000000000062e+00 3.174313846256195504e+00 3.188806215613425366e+00
1.580000000000000071e+00 3.174313846256195504e+00 3.188806215613425366e+00
1.590000000000000080e+00 3.174313846256195504e+00 3.188806215613425366e+00
1.600000000000000089e+00 3.174313915473533143e+00 3.188807188456940445e+00
1.610000000000000098e+00 3.174316801997683068e+00 3.188832188642957366e+00
1.620000000000000107e+00 3.174312596737310255e+00 3.188870964058474033e+00
1.630000000000000115e+00 3.174290794568981333e+00 3.189021524242435568e+00
1.640000000000000124e+00 3.174277686948739685e+00 3.189089927377737332e+00
1.650000000000000133e+00 3.174267155735787771e+00 3.189159312860670337e+00
1.660000000000000142e+00 3.174257322052749686e+00 3.189196619998184268e+00
1.669999999999999929e+00 3.174235398429251731e+00 3.189320139719628244e+00
1.679999999999999938e+00 3.174217380228762320e+00 3.189400647014851931e+00
1.689999999999999947e+00 3.174217380228762320e+00 3.189400647014851931e+00
1.699999999999999956e+00 3.173783637197392871e+00 3.189971125509363681e+00
1.709999999999999964e+00 3.173736786597132209e+00 3.190032909295201335e+00
1.719999999999999973e+00 3.173212428831937437e+00 3.190720923090097472e+00
1.729999999999999982e+00 3.172449075859315126e+00 3.191750475179426783e+00
1.739999999999999991e+00 3.172132470286235240e+00 3.192176366731778181e+00
1.750000000000000000e+00 3.171752350303755463e+00 3.192692426073922896e+00
1.760000000000000009e+00 3.171225113983026311e+00 3.193419862308630286e+00
1.770000000000000018e+00 3.161683197123810629e+00 3.205921110246375605e+00
1.780000000000000027e+00 3.154943166009136934e+00 3.215859798497012090e+00
1.790000000000000036e+00 3.147624844288847257e+00 3.228314650187471102e+00
1.800000000000000044e+00 3.140276366425086341e+00 3.241452979721497041e+00
1.810000000000000053e+00 3.136465998201225958e+00 3.249644485211516276e+00
1.820000000000000062e+00 3.132598991487916429e+00 3.259274980532232746e+00
1.830000000000000071e+00 3.130147442740034425e+00 3.267440364290643107e+00
1.840000000000000080e+00 3.126849019598654689e+00 3.282676170001336491e+00
1.850000000000000089e+00 3.124282930028545735e+00 3.306285001099002585e+00
1.860000000000000098e+00 3.126711704521037305e+00 3.354172770261906855e+00
1.870000000000000107e+00 3.140740447679807978e+00 3.396142141307542772e+00
1.880000000000000115e+00 3.167098289372742403e+00 3.439583783080756074e+00
1.890000000000000124e+00 3.216377505257275171e+00 3.483733967916819996e+00
1.900000000000000133e+00 3.278799675976387107e+00 3.508566557086356674e+00
1.910000000000000142e+00 3.327485407578423704e+00 3.512275811346098564e+00
1.919999999999999929e+00 3.358818172763728960e+00 3.508178275858020889e+00
1.929999999999999938e+00 3.371085077555457055e+00 3.505225464327057949e+00
1.939999999999999947e+00 3.375292754965362629e+00 3.505127159308852658e+00
1.949999999999999956e+00 3.385981708848588401e+00 3.508066326982862915e+00
1.959999999999999964e+00 3.392771811480272959e+00 3.509669714265118756e+00
1.969999999999999973e+00 3.404198486266654555e+00 3.509304589333015478e+00
1.979999999999999982e+00 3.410108070982588391e+00 3.507989500752793699e+00
1.989999999999999991e+00 3.413224830029263135e+00 3.507108183634028986e+00
2.000000000000000000e+00 3.416710143639048347e+00 3.506085271442929141e+00
2.010000000000000231e+00 3.418801663101023181e+00 3.505632598445111547e+00
2.020000000000000018e+00 3.419864936460846661e+00 3.505239999633437353e+00
2.030000000000000249e+00 3.421151457780379435e+00 3.504272998687249174e+00
2.040000000000000036e+00 3.423638488402027669e+00 3.499781942849498506e+00
2.049999999999999822e+00 3.427122039532673359e+00 3.494333802103984699e+00
2.060000000000000053e+00 3.430762955292521177e+00 3.487610923420133346e+00
2.069999999999999840e+00 3.432535697851355483e+00 3.485337459873978805e+00
2.080000000000000071e+00 3.435083235458700202e+00 3.481638289032609634e+00
2.089999999999999858e+00 3.437427952080947868e+00 3.478461477841156224e+00
2.100000000000000089e+00 3.437795616621940997e+00 3.477922030901938744e+00
2.109999999999999876e+00 3.439014820049358434e+00 3.476155265933917882e+00
2.120000000000000107e+00 3.439845250940575916e+00 3.474904984478697223e+00
2.129999999999999893e+00 3.439955312424741951e+00 3.474737375816263185e+00
2.140000000000000124e+00 3.439955312424741951e+00 3.474737375816263185e+00
2.149999999999999911e+00 3.439955312424741951e+00 3.474737375816263185e+00
2.160000000000000142e+00 3.439955312424741951e+00 3.474737375816263185e+00
2.169999999999999929e+00 3.439955312424741951e+00 3.474737375816263185e+00
2.180000000000000160e+00 3.439955312424741951e+00 3.474737375816263185e+00
2.189999999999999947e+00 3.439955312424741951e+00 3.474737375816263185e+00
2.200000000000000178e+00 3.439955312424741951e+00 3.474737375816263185e+00
2.209999999999999964e+00 3.439955312424741951e+00 3.474737375816263185e+00
2.220000000000000195e+00 3.439955312424741951e+00 3.474737375816263185e+00
2.229999999999999982e+00 3.439689929269431623e+00 3.474939374419571791e+00
2.240000000000000213e+00 3.437392619548438777e+00 3.476652012662292623e+00
2.250000000000000000e+00 3.433843105862299350e+00 3.479238811909993512e+00
2.260000000000000231e+00 3.432869840254744620e+00 3.479931318178216326e+00
2.270000000000000018e+00 3.432231198497771807e+00 3.480376932496071163e+00
2.280000000000000249e+00 3.431218528503399590e+00 3.481082283741015360e+00
2.290000000000000036e+00 3.430654793647613499e+00 3.481472623025093416e+00
2.300000000000000266e+00 3.430620685686464277e+00 3.481496564741735078e+00
2.310000000000000053e+00 3.430204559430030109e+00 3.481764072657677289e+00
2.319999999999999840e+00 3.426275005760647918e+00 3.484651353239558436e+00
2.330000000000000071e+00 3.426955587217412447e+00 3.485543678424753988e+00
2.339999999999999858e+00 3.434647808454414974e+00 3.480737011954406324e+00
2.350000000000000089e+00 3.445650599931838531e+00 3.473158888131020472e+00
2.359999999999999876e+00 3.449877489715516443e+00 3.469871390089095176e+00
2.370000000000000107e+00 3.449877489715516443e+00 3.469871390089095176e+00
2.379999999999999893e+00 3.449877489715516443e+00 3.469871390089095176e+00
2.390000000000000124e+00 3.449877489715516443e+00 3.469871390089095176e+00
2.399999999999999911e+00 3.449877489715516443e+00 3.469871390089095176e+00
2.410000000000000142e+00 3.449877489715516443e+00 3.469871390089095176e+00
2.419999999999999929e+00 3.449877489715516443e+00 3.469871390089095176e+00
2.430000000000000160e+00 3.449877489715516443e+00 3.469871390089095176e+00
2.439999999999999947e+00 3.449877489715516443e+00 3.469871390089095176e+00
2.450000000000000178e+00 3.449877489715516443e+00 3.469871390089095176e+00
2.459999999999999964e+00 3.449877489715516443e+00 3.469871390089095176e+00
2.470000000000000195e+00 3.449877489715516443e+00 3.469871390089095176e+00
2.479999999999999982e+00 3.449860617928325102e+00 3.469860388231456927e+00
2.490000000000000213e+00 3.449788756464596151e+00 3.469825102297190877e+00
2.500000000000000000e+00 3.449676191210170995e+00 3.469769779372791074e+00
2.510000000000000231e+00 3.449542716003155984e+00 3.469705577134394314e+00
2.520000000000000018e+00 3.449489341507574913e+00 3.469659522761681991e+00
2.530000000000000249e+00 3.449473295788812344e+00 3.469637928695631146e+00
2.540000000000000036e+00 3.449459351581860123e+00 3.469569192591380524e+00
2.550000000000000266e+00 3.449452513199454007e+00 3.469533808822030441e+00
2.560000000000000053e+00 3.449449196686031005e+00 3.469511240549801645e+00
2.569999999999999840e+00 3.449449439688332841e+00 3.469511179394118461e+00
2.580000000000000071e+00 3.449449528211049554e+00 3.469511169430322894e+00
2.589999999999999858e+00 3.449449528211049554e+00 3.469511169430322894e+00
2.600000000000000089e+00 3.449449528211049554e+00 3.469511169430322894e+00
2.609999999999999876e+00 3.449449528211049554e+00 3.469511169430322894e+00
2.620000000000000107e+00 3.449449528211049554e+00 3.469511169430322894e+00
2.629999999999999893e+00 3.449449528211049554e+00 3.469511169430322894e+00
2.640000000000000124e+00 3.449449528211049554e+00 3.469511169430322894e+00
2.649999999999999911e+00 3.449449528211049554e+00 3.469511169430322894e+00
2.660000000000000142e+00 3.449449528211049554e+00 3.469511169430322894e+00
2.669999999999999929e+00 3.449449528211049554e+00 3.469511169430322894e+00
2.680000000000000160e+00 3.449449528211049554e+00 3.469511169430322894e+00
2.689999999999999947e+00 3.449449528211049554e+00 3.469511169430322894e+00
2.700000000000000178e+00 3.449449528211049554e+00 3.469511169430322894e+00
2.709999999999999964e+00 3.449449528211049554e+00 3.469511169430322894e+00
2.720000000000000195e+00 3.449449528211049554e+00 3.469511169430322894e+00
2.729999999999999982e+00 3.449449528211049554e+00 3.469511169430322894e+00
2.740000000000000213e+00 3.449448339515296169e+00 3.469511384729774939e+00
2.750000000000000000e+00 3.449448339515296169e+00 3.469511384729774939e+00
2.760000000000000231e+00 3.449448489022906905e+00 3.469511451920810785e+00
2.770000000000000018e+00 3.449448489022906905e+00 3.469511451920810785e+00
2.780000000000000249e+00 3.449448489022906905e+00 3.469511451920810785e+00
2.790000000000000036e+00 3.449448489022906905e+00 3.469511451920810785e+00
2.800000000000000266e+00 3.449449473509745623e+00 3.469487364735646118e+00
2.810000000000000053e+00 3.449459570311125933e+00 3.469442765509072490e+00
2.819999999999999840e+00 3.449465907229043005e+00 3.469410630904578241e+00
2.830000000000000071e+00 3.449494755396055545e+00 3.469217099471880061e+00
2.839999999999999858e+00 3.449515502015884749e+00 3.469074913376037017e+00
2.850000000000000089e+00 3.449521911109270977e+00 3.469030254136738822e+00
2.859999999999999876e+00 3.449533189357583129e+00 3.468929336115058160e+00
2.870000000000000107e+00 3.449568391103251308e+00 3.468778523273961412e+00
2.879999999999999893e+00 3.449645324420730574e+00 3.468523349733550809e+00
2.890000000000000124e+00 3.449697969658477525e+00 3.468329062144653641e+00
2.899999999999999911e+00 3.449709431591917674e+00 3.468288008598397365e+00
2.910000000000000142e+00 3.449761175977028582e+00 3.468118552406989519e+00
2.919999999999999929e+00 3.449767409314008937e+00 3.468068829780725615e+00
2.930000000000000160e+00 3.449768516482159875e+00 3.468063164597704251e+00
2.939999999999999947e+00 3.449768410952144482e+00 3.468063108746952228e+00
2.950000000000000178e+00 3.449768410952144482e+00 3.468063108746952228e+00
2.959999999999999964e+00 3.449768410952144482e+00 3.468063108746952228e+00
2.970000000000000195e+00 3.449768410952144482e+00 3.468063108746952228e+00
2.979999999999999982e+00 3.449768410952144482e+00 3.468063108746952228e+00
2.990000000000000213e+00 3.449768410952144482e+00 3.468063108746952228e+00
3.000000000000000000e+00 3.449768410952144482e+00 3.468063108746952228e+00
