0.000000000000000000e+00 1.044714591686129568e+00
1.000000000000000021e-02 1.046181564825773291e+00
2.000000000000000042e-02 1.046937611902356124e+00
2.999999999999999889e-02 1.047429845607876775e+00
4.000000000000000083e-02 1.048262911441922185e+00
5.000000000000000278e-02 1.119682640728950407e+00
5.999999999999999778e-02 1.547016770478486958e+00
7.000000000000000666e-02 1.718966072185039495e+00
8.000000000000000167e-02 1.727017601990699758e+00
8.999999999999999667e-02 1.727269420166015701e+00
1.000000000000000056e-01 1.727283762120008559e+00
1.100000000000000006e-01 1.727483570424318327e+00
1.199999999999999956e-01 1.727896449621915798e+00
1.300000000000000044e-01 1.728377780246734607e+00
1.400000000000000133e-01 1.728539717975854817e+00
1.499999999999999944e-01 1.728535749927759158e+00
1.600000000000000033e-01 1.728592804070711031e+00
1.700000000000000122e-01 1.730411645938157994e+00
1.799999999999999933e-01 1.778099091736078163e+00
1.900000000000000022e-01 3.243634598695039895e+00
2.000000000000000111e-01 3.904694390550851768e+00
2.099999999999999922e-01 3.912921676840781959e+00
2.200000000000000011e-01 3.914154553277492621e+00
2.300000000000000100e-01 3.915468777034282866e+00
2.399999999999999911e-01 3.915870138907432629e+00
2.500000000000000000e-01 3.916179072453975785e+00
2.600000000000000089e-01 3.916471229202747484e+00
2.700000000000000178e-01 3.916714604558944490e+00
2.800000000000000266e-01 3.916917897088527667e+00
2.899999999999999800e-01 3.917304129974842120e+00
2.999999999999999889e-01 3.917237070991992809e+00
3.099999999999999978e-01 3.917155179629325801e+00
3.200000000000000067e-01 3.916896364347934867e+00
3.300000000000000155e-01 3.916821661493778084e+00
3.400000000000000244e-01 3.916752963142394961e+00
3.500000000000000333e-01 3.916290274970531282e+00
3.599999999999999867e-01 3.905384685232639264e+00
3.699999999999999956e-01 3.868088208210468171e+00
3.800000000000000044e-01 3.757062731595039562e+00
3.900000000000000133e-01 3.602084011542797004e+00
4.000000000000000222e-01 3.472630347697734710e+00
4.100000000000000311e-01 3.374023552033901030e+00
4.199999999999999845e-01 3.309589269044399096e+00
4.299999999999999933e-01 3.268983597352504766e+00
4.400000000000000022e-01 3.242119374773502205e+00
4.500000000000000111e-01 3.232795351727008715e+00
4.600000000000000200e-01 3.231376994123458690e+00
4.700000000000000289e-01 3.231376994123458690e+00
4.799999999999999822e-01 3.231376994123458690e+00
4.899999999999999911e-01 3.231376994123458690e+00
5.000000000000000000e-01 3.231376994123458690e+00
5.100000000000000089e-01 3.231376994123458690e+00
5.200000000000000178e-01 3.231376994123458690e+00
5.300000000000000266e-01 3.231376994123458690e+00
5.400000000000000355e-01 3.231376994123458690e+00
5.500000000000000444e-01 3.231376994123458690e+00
5.600000000000000533e-01 3.231376994123458690e+00
5.700000000000000622e-01 3.231376994123458690e+00
5.799999999999999600e-01 3.231376994123458690e+00
5.899999999999999689e-01 3.231376994123458690e+00
5.999999999999999778e-01 3.231376994123458690e+00
6.099999999999999867e-01 3.231376994123458690e+00
6.199999999999999956e-01 3.231376994123458690e+00
6.300000000000000044e-01 3.231376994123458690e+00
6.400000000000000133e-01 3.231376994123458690e+00
6.500000000000000222e-01 3.231376994123458690e+00
6.600000000000000311e-01 3.231376994123458690e+00
6.700000000000000400e-01 3.231376994123458690e+00
6.800000000000000488e-01 3.231376994123458690e+00
6.900000000000000577e-01 3.231376994123458690e+00
7.000000000000000666e-01 3.231376994123458690e+00
7.099999999999999645e-01 3.231376994123458690e+00
7.199999999999999734e-01 3.231376994123458690e+00
7.299999999999999822e-01 3.231376994123458690e+00
7.399999999999999911e-01 3.231376994123458690e+00
7.500000000000000000e-01 3.231376994123458690e+00
7.600000000000000089e-01 3.231376994123458690e+00
7.700000000000000178e-01 3.231376994123458690e+00
7.800000000000000266e-01 3.231376994123458690e+00
7.900000000000000355e-01 3.231376994123458690e+00
8.000000000000000444e-01 3.231376994123458690e+00
8.100000000000000533e-01 3.231376994123458690e+00
8.200000000000000622e-01 3.231376994123458690e+00
8.300000000000000711e-01 3.231376994123458690e+00
8.399999999999999689e-01 3.231376994123458690e+00
8.499999999999999778e-01 3.231376994123458690e+00
8.599999999999999867e-01 3.231376994123458690e+00
8.699999999999999956e-01 3.231376994123458690e+00
8.800000000000000044e-01 3.231376994123458690e+00
8.900000000000000133e-01 3.231376994123458690e+00
9.000000000000000222e-01 3.231376994123458690e+00
9.100000000000000311e-01 3.231376994123458690e+00
9.200000000000000400e-01 3.231377007346153185e+00
9.300000000000000488e-01 3.231377007346153185e+00
9.400000000000000577e-01 3.231377007346153185e+00
9.500000000000000666e-01 3.231376949706077362e+00
9.599999999999999645e-01 3.231376962928771857e+00
9.699999999999999734e-01 3.231376962928771857e+00
9.799999999999999822e-01 3.231376954407692015e+00
9.899999999999999911e-01 3.231376665809154503e+00
1.000000000000000000e+00 3.231376665809154503e+00
1.010000000000000009e+00 3.231376665809154503e+00
1.020000000000000018e+00 3.231376491501331216e+00
1.030000000000000027e+00 3.231376158585548275e+00
1.040000000000000036e+00 3.231375929501056454e+00
1.050000000000000044e+00 3.231375929501056454e+00
1.060000000000000053e+00 3.231375736935138576e+00
1.070000000000000062e+00 3.231375605187416067e+00
1.080000000000000071e+00 3.231375508904457128e+00
1.090000000000000080e+00 3.231375188274383525e+00
1.100000000000000089e+00 3.231374696557521631e+00
1.110000000000000098e+00 3.231366278970241535e+00
1.120000000000000107e+00 3.231353079075813373e+00
1.130000000000000115e+00 3.231349630601406009e+00
1.140000000000000124e+00 3.231351155934333974e+00
1.150000000000000133e+00 3.231353446567058363e+00
1.159999999999999920e+00 3.231343708748817267e+00
1.169999999999999929e+00 3.231323979809284097e+00
1.179999999999999938e+00 3.231317164866924330e+00
1.189999999999999947e+00 3.231299601914882746e+00
1.199999999999999956e+00 3.231267167611122204e+00
1.209999999999999964e+00 3.231208402409553315e+00
1.219999999999999973e+00 3.231076594111919498e+00
1.229999999999999982e+00 3.230939503450393602e+00
1.239999999999999991e+00 3.230581358373165290e+00
1.250000000000000000e+00 3.230258963210582923e+00
1.260000000000000009e+00 3.229969367675781466e+00
1.270000000000000018e+00 3.229753929917812183e+00
1.280000000000000027e+00 3.229474474027156816e+00
1.290000000000000036e+00 3.229316999080181105e+00
1.300000000000000044e+00 3.229131542956829026e+00
1.310000000000000053e+00 3.228995664129257204e+00
1.320000000000000062e+00 3.228703066213130857e+00
1.330000000000000071e+00 3.228454950809478863e+00
1.340000000000000080e+00 3.228147167537212425e+00
1.350000000000000089e+00 3.227862173831463011e+00
1.360000000000000098e+00 3.227586535530090117e+00
1.370000000000000107e+00 3.227242192821502709e+00
1.380000000000000115e+00 3.227040539317131085e+00
1.390000000000000124e+00 3.226686244380474022e+00
1.400000000000000133e+00 3.226149221565723479e+00
1.409999999999999920e+00 3.225627338578700876e+00
1.419999999999999929e+00 3.224534746930599383e+00
1.429999999999999938e+00 3.223908471140861653e+00
1.439999999999999947e+00 3.223411146049499632e+00
1.449999999999999956e+00 3.222603591411113744e+00
1.459999999999999964e+00 3.221669161679744597e+00
1.469999999999999973e+00 3.220672551312446785e+00
1.479999999999999982e+00 3.219585862929820852e+00
1.489999999999999991e+00 3.218429706463813655e+00
1.500000000000000000e+00 3.216188665096759713e+00
1.510000000000000009e+00 3.214044330384731474e+00
1.520000000000000018e+00 3.211084577996730971e+00
1.530000000000000027e+00 3.207587805461883601e+00
1.540000000000000036e+00 3.203575891084671223e+00
1.550000000000000044e+00 3.198564924883842586e+00
1.560000000000000053e+00 3.193109028909206337e+00
1.570000000000000062e+00 3.188137286286353955e+00
1.580000000000000071e+00 3.183399826598167337e+00
1.590000000000000080e+00 3.178077225739956102e+00
1.600000000000000089e+00 3.173708564817905309e+00
1.610000000000000098e+00 3.169189435951709655e+00
1.620000000000000107e+00 3.164799747097492233e+00
1.630000000000000115e+00 3.159151544780731236e+00
1.640000000000000124e+00 3.154841971929073452e+00
1.650000000000000133e+00 3.149762832093238707e+00
1.660000000000000142e+00 3.145139112942218595e+00
1.669999999999999929e+00 3.139672460198402515e+00
1.679999999999999938e+00 3.133851624944210101e+00
1.689999999999999947e+00 3.127271766812801168e+00
1.699999999999999956e+00 3.121058835844993773e+00
1.709999999999999964e+00 3.115372420310974277e+00
1.719999999999999973e+00 3.110243203940391332e+00
1.729999999999999982e+00 3.106582135524749599e+00
1.739999999999999991e+00 3.102992398762702830e+00
1.750000000000000000e+00 3.098796132273673898e+00
1.760000000000000009e+00 3.094843479180335866e+00
1.770000000000000018e+00 3.090990729825496608e+00
1.780000000000000027e+00 3.087463991031646593e+00
1.790000000000000036e+00 3.084397526283264135e+00
1.800000000000000044e+00 3.081699570796489596e+00
1.810000000000000053e+00 3.077855416331291227e+00
1.820000000000000062e+00 3.074570945885181317e+00
1.830000000000000071e+00 3.069715618433952464e+00
1.840000000000000080e+00 3.067297737262248969e+00
1.850000000000000089e+00 3.063084156396389091e+00
1.860000000000000098e+00 3.060659688916206544e+00
1.870000000000000107e+00 3.058810658442974173e+00
1.880000000000000115e+00 3.056784564445018670e+00
1.890000000000000124e+00 3.055668026676177984e+00
1.900000000000000133e+00 3.055091966929435632e+00
1.910000000000000142e+00 3.054081372303962816e+00
1.919999999999999929e+00 3.054087519323825717e+00
1.929999999999999938e+00 3.053060051567554556e+00
1.939999999999999947e+00 3.052694849469661520e+00
1.949999999999999956e+00 3.052438236999511556e+00
1.959999999999999964e+00 3.053311084454059632e+00
1.969999999999999973e+00 3.053040803196430009e+00
1.979999999999999982e+00 3.052827622756958181e+00
1.989999999999999991e+00 3.052849866721630168e+00
2.000000000000000000e+00 3.052891347966194324e+00
2.010000000000000231e+00 3.052980498037338286e+00
2.020000000000000018e+00 3.053820882167816109e+00
2.030000000000000249e+00 3.055013435692787382e+00
2.040000000000000036e+00 3.057273310029506863e+00
2.049999999999999822e+00 3.063238171942233912e+00
2.060000000000000053e+00 3.066421624724864792e+00
2.069999999999999840e+00 3.070208343107700522e+00
2.080000000000000071e+00 3.071797941794395470e+00
2.089999999999999858e+00 3.072630402095317681e+00
2.100000000000000089e+00 3.075175912554263924e+00
2.109999999999999876e+00 3.077420030853748489e+00
2.120000000000000107e+00 3.087968329644203092e+00
2.129999999999999893e+00 3.107529164962768764e+00
2.140000000000000124e+00 3.121981926712989797e+00
2.149999999999999911e+00 3.142484505865573929e+00
2.160000000000000142e+00 3.175742510998249113e+00
2.169999999999999929e+00 3.218507314431667155e+00
2.180000000000000160e+00 3.271352857444286499e+00
2.189999999999999947e+00 3.336493509049415440e+00
2.200000000000000178e+00 3.393021783888340082e+00
2.209999999999999964e+00 3.449996483139991632e+00
2.220000000000000195e+00 3.497115574495792245e+00
2.229999999999999982e+00 3.550346134889125871e+00
2.240000000000000213e+00 3.600029100947379934e+00
2.250000000000000000e+00 3.656610336630344182e+00
2.260000000000000231e+00 3.697279246041774936e+00
2.270000000000000018e+00 3.726482365143299003e+00
2.280000000000000249e+00 3.762611364920139145e+00
2.290000000000000036e+00 3.799342099049091370e+00
2.300000000000000266e+00 3.831814835205078040e+00
2.310000000000000053e+00 3.852064234406948007e+00
2.319999999999999840e+00 3.865540072259903148e+00
2.330000000000000071e+00 3.873505809743404527e+00
2.339999999999999858e+00 3.880111954526901386e+00
2.350000000000000089e+00 3.885781293189525698e+00
2.359999999999999876e+00 3.890339044475555230e+00
2.370000000000000107e+00 3.895872219541072656e+00
2.379999999999999893e+00 3.901010777151584730e+00
2.390000000000000124e+00 3.904084170074463067e+00
2.399999999999999911e+00 3.907980328781604840e+00
2.410000000000000142e+00 3.910010243313312372e+00
2.419999999999999929e+00 3.910736077756881812e+00
2.430000000000000160e+00 3.910948042860030949e+00
2.439999999999999947e+00 3.911131700506210507e+00
2.450000000000000178e+00 3.911134251396656047e+00
2.459999999999999964e+00 3.911252613475322715e+00
2.470000000000000195e+00 3.911417453203201333e+00
2.479999999999999982e+00 3.911545297133922627e+00
2.490000000000000213e+00 3.911841380419731173e+00
2.500000000000000000e+00 3.912025443787574552e+00
2.510000000000000231e+00 3.912196704719066442e+00
2.520000000000000018e+00 3.912226833121776437e+00
2.530000000000000249e+00 3.912383595123290814e+00
2.540000000000000036e+00 3.912524474611282166e+00
2.550000000000000266e+00 3.912644161386489738e+00
2.560000000000000053e+00 3.912847801012993010e+00
2.569999999999999840e+00 3.912958273181915470e+00
2.580000000000000071e+00 3.912982525992393601e+00
2.589999999999999858e+00 3.913132250888347485e+00
2.600000000000000089e+00 3.913424958148002730e+00
2.609999999999999876e+00 3.913560834469795413e+00
2.620000000000000107e+00 3.913597959051132058e+00
2.629999999999999893e+00 3.913457081928253256e+00
2.640000000000000124e+00 3.913516269855499274e+00
2.649999999999999911e+00 3.913248367011547213e+00
2.660000000000000142e+00 3.912954069402217794e+00
2.669999999999999929e+00 3.912599183905124622e+00
2.680000000000000160e+00 3.912311257023811439e+00
2.689999999999999947e+00 3.911888597428798686e+00
2.700000000000000178e+00 3.911205575819015401e+00
2.709999999999999964e+00 3.910925319290161184e+00
2.720000000000000195e+00 3.910442239027023259e+00
2.729999999999999982e+00 3.910155262351036054e+00
2.740000000000000213e+00 3.910000903184414067e+00
2.750000000000000000e+00 3.909426888608932504e+00
2.760000000000000231e+00 3.909010737574100336e+00
2.770000000000000018e+00 3.908863596332073254e+00
2.780000000000000249e+00 3.908255171697139652e+00
2.790000000000000036e+00 3.907884359683990283e+00
2.800000000000000266e+00 3.907276454284191125e+00
2.810000000000000053e+00 3.906961258935928161e+00
2.819999999999999840e+00 3.906617670717239310e+00
2.830000000000000071e+00 3.906458843274116521e+00
2.839999999999999858e+00 3.906404159770012097e+00
2.850000000000000089e+00 3.906033402490615813e+00
2.859999999999999876e+00 3.905697595462799043e+00
2.870000000000000107e+00 3.905305969691276413e+00
2.879999999999999893e+00 3.904247589838504950e+00
2.890000000000000124e+00 3.902986686882972567e+00
2.899999999999999911e+00 3.900887840857505839e+00
2.910000000000000142e+00 3.897086643233299341e+00
2.919999999999999929e+00 3.874325811857580959e+00
2.930000000000000160e+00 3.750063780896663701e+00
2.939999999999999947e+00 3.841463523566722937e+00
2.950000000000000178e+00 3.789807813872695164e+00
2.959999999999999964e+00 1.157746168003678244e+00
2.970000000000000195e+00 3.539329443529844355e+00
2.979999999999999982e+00 3.440232579934597190e+00
2.990000000000000213e+00 3.581574038641452962e+00
3.000000000000000000e+00 3.624187178158760236e+00
