0.000000000000000000e+00 3.128469967225194215e-01
1.000000000000000021e-02 9.911217763370275824e-01
2.000000000000000042e-02 1.015683576089739804e+00
2.999999999999999889e-02 1.014829526157379203e+00
4.000000000000000083e-02 1.014780154343247309e+00
5.000000000000000278e-02 1.014563741865158075e+00
5.999999999999999778e-02 1.127470424323677944e+00
7.000000000000000666e-02 3.966273681652546124e+00
8.000000000000000167e-02 3.970130139348507115e+00
8.999999999999999667e-02 3.970119729490280136e+00
1.000000000000000056e-01 3.970115885560512758e+00
1.100000000000000006e-01 3.970187481756210168e+00
1.199999999999999956e-01 3.970261727344989833e+00
1.300000000000000044e-01 3.970277079432010581e+00
1.400000000000000133e-01 3.970311469676494731e+00
1.499999999999999944e-01 3.970363500669002566e+00
1.600000000000000033e-01 3.970427562305927083e+00
1.700000000000000122e-01 3.970497276334762571e+00
1.799999999999999933e-01 3.970551177120208663e+00
1.900000000000000022e-01 3.970569463465213556e+00
2.000000000000000111e-01 3.970578174502849667e+00
2.099999999999999922e-01 3.970615622687339918e+00
2.200000000000000011e-01 3.970621286542415529e+00
2.300000000000000100e-01 3.970607711513042481e+00
2.399999999999999911e-01 3.970570369532108401e+00
2.500000000000000000e-01 3.970539659063816007e+00
2.600000000000000089e-01 3.970522670733928727e+00
2.700000000000000178e-01 3.970513945555687041e+00
2.800000000000000266e-01 3.970477565314769919e+00
2.899999999999999800e-01 3.970462960555553256e+00
2.999999999999999889e-01 3.970438588674068292e+00
3.099999999999999978e-01 3.970421425154209150e+00
3.200000000000000067e-01 3.970078636519908777e+00
3.300000000000000155e-01 3.969680891828537117e+00
3.400000000000000244e-01 3.969047461547851707e+00
3.500000000000000333e-01 3.965980557100772685e+00
3.599999999999999867e-01 3.950575747668743087e+00
3.699999999999999956e-01 3.897124870073795488e+00
3.800000000000000044e-01 3.590135904653072529e+00
3.900000000000000133e-01 3.154012120256423746e+00
4.000000000000000222e-01 2.882317163217067879e+00
4.100000000000000311e-01 2.777438000142574470e+00
4.199999999999999845e-01 2.732091466555595538e+00
4.299999999999999933e-01 2.729906819672584639e+00
4.400000000000000022e-01 2.731893849868774371e+00
4.500000000000000111e-01 2.732453734297752401e+00
4.600000000000000200e-01 2.734481750671863498e+00
4.700000000000000289e-01 2.735426299917697701e+00
4.799999999999999822e-01 2.735432166419029087e+00
4.899999999999999911e-01 2.735687229428291456e+00
5.000000000000000000e-01 2.735912169556617535e+00
5.100000000000000089e-01 2.736236105034351329e+00
5.200000000000000178e-01 2.736840355029106053e+00
5.300000000000000266e-01 2.737176187350749856e+00
5.400000000000000355e-01 2.738525621430873969e+00
5.500000000000000444e-01 2.740319259831905274e+00
5.600000000000000533e-01 2.755989012262821003e+00
5.700000000000000622e-01 2.810245567994117621e+00
5.799999999999999600e-01 2.904442819793224384e+00
5.899999999999999689e-01 3.002343004710674279e+00
5.999999999999999778e-01 3.078463179008960715e+00
6.099999999999999867e-01 3.152038550348281731e+00
6.199999999999999956e-01 3.216489388992786580e+00
6.300000000000000044e-01 3.267516071796417343e+00
6.400000000000000133e-01 3.298518868134021620e+00
6.500000000000000222e-01 3.316776000792980295e+00
6.600000000000000311e-01 3.325470454974174483e+00
6.700000000000000400e-01 3.328965856018066383e+00
6.800000000000000488e-01 3.329764918076992153e+00
6.900000000000000577e-01 3.330204394867420259e+00
7.000000000000000666e-01 3.330611907222270851e+00
7.099999999999999645e-01 3.330953994777202443e+00
7.199999999999999734e-01 3.331966470527648827e+00
7.299999999999999822e-01 3.332289944114684932e+00
7.399999999999999911e-01 3.332293839669227431e+00
7.500000000000000000e-01 3.332293839669227431e+00
7.600000000000000089e-01 3.332293839669227431e+00
7.700000000000000178e-01 3.332293839669227431e+00
7.800000000000000266e-01 3.332293839669227431e+00
7.900000000000000355e-01 3.332293839669227431e+00
8.000000000000000444e-01 3.332293839669227431e+00
8.100000000000000533e-01 3.332293839669227431e+00
8.200000000000000622e-01 3.332293839669227431e+00
8.300000000000000711e-01 3.332293839669227431e+00
8.399999999999999689e-01 3.332293839669227431e+00
8.499999999999999778e-01 3.332293839669227431e+00
8.599999999999999867e-01 3.332293839669227431e+00
8.699999999999999956e-01 3.332293839669227431e+00
8.800000000000000044e-01 3.332293839669227431e+00
8.900000000000000133e-01 3.332293839669227431e+00
9.000000000000000222e-01 3.332293839669227431e+00
9.100000000000000311e-01 3.332293839669227431e+00
9.200000000000000400e-01 3.332293839669227431e+00
9.300000000000000488e-01 3.332293839669227431e+00
9.400000000000000577e-01 3.332293839669227431e+00
9.500000000000000666e-01 3.332293839669227431e+00
9.599999999999999645e-01 3.332293839669227431e+00
9.699999999999999734e-01 3.332293839669227431e+00
9.799999999999999822e-01 3.332293839669227431e+00
9.899999999999999911e-01 3.332293839669227431e+00
1.000000000000000000e+00 3.332293839669227431e+00
1.010000000000000009e+00 3.332293839669227431e+00
1.020000000000000018e+00 3.332293839669227431e+00
1.030000000000000027e+00 3.332293839669227431e+00
1.040000000000000036e+00 3.332293839669227431e+00
1.050000000000000044e+00 3.332293839669227431e+00
1.060000000000000053e+00 3.332293839669227431e+00
1.070000000000000062e+00 3.332293839669227431e+00
1.080000000000000071e+00 3.332293839669227431e+00
1.090000000000000080e+00 3.332293839669227431e+00
1.100000000000000089e+00 3.332293839669227431e+00
1.110000000000000098e+00 3.332293839669227431e+00
1.120000000000000107e+00 3.332293839669227431e+00
1.130000000000000115e+00 3.332293839669227431e+00
1.140000000000000124e+00 3.332293839669227431e+00
1.150000000000000133e+00 3.332293839669227431e+00
1.159999999999999920e+00 3.332293839669227431e+00
1.169999999999999929e+00 3.332293839669227431e+00
1.179999999999999938e+00 3.332293839669227431e+00
1.189999999999999947e+00 3.332293839669227431e+00
1.199999999999999956e+00 3.332293839669227431e+00
1.209999999999999964e+00 3.332293839669227431e+00
1.219999999999999973e+00 3.332293839669227431e+00
1.229999999999999982e+00 3.332293839669227431e+00
1.239999999999999991e+00 3.332293839669227431e+00
1.250000000000000000e+00 3.332293839669227431e+00
1.260000000000000009e+00 3.332293839669227431e+00
1.270000000000000018e+00 3.332293839669227431e+00
1.280000000000000027e+00 3.332293839669227431e+00
1.290000000000000036e+00 3.332293839669227431e+00
1.300000000000000044e+00 3.332293839669227431e+00
1.310000000000000053e+00 3.332293839669227431e+00
1.320000000000000062e+00 3.332293839669227431e+00
1.330000000000000071e+00 3.332293839669227431e+00
1.340000000000000080e+00 3.332293839669227431e+00
1.350000000000000089e+00 3.332293839669227431e+00
1.360000000000000098e+00 3.332293839669227431e+00
1.370000000000000107e+00 3.332293839669227431e+00
1.380000000000000115e+00 3.332293839669227431e+00
1.390000000000000124e+00 3.332293839669227431e+00
1.400000000000000133e+00 3.332293952279091087e+00
1.409999999999999920e+00 3.332293952279091087e+00
1.419999999999999929e+00 3.332293952279091087e+00
1.429999999999999938e+00 3.332293952279091087e+00
1.439999999999999947e+00 3.332293952279091087e+00
1.449999999999999956e+00 3.332293952279091087e+00
1.459999999999999964e+00 3.332293952279091087e+00
1.469999999999999973e+00 3.332293952279091087e+00
1.479999999999999982e+00 3.332293952279091087e+00
1.489999999999999991e+00 3.332293952279091087e+00
1.500000000000000000e+00 3.332293952279091087e+00
1.510000000000000009e+00 3.332293952279091087e+00
1.520000000000000018e+00 3.332293952279091087e+00
1.530000000000000027e+00 3.332297936692238061e+00
1.540000000000000036e+00 3.332300246198177440e+00
1.550000000000000044e+00 3.332303234813213333e+00
1.560000000000000053e+00 3.332304169483184975e+00
1.570000000000000062e+00 3.332305047821998656e+00
1.580000000000000071e+00 3.332305047821998656e+00
1.590000000000000080e+00 3.332305367982387523e+00
1.600000000000000089e+00 3.332305367982387523e+00
1.610000000000000098e+00 3.332305442330837142e+00
1.620000000000000107e+00 3.332305496752262286e+00
1.630000000000000115e+00 3.332288886210918566e+00
1.640000000000000124e+00 3.332267250242233469e+00
1.650000000000000133e+00 3.332230411846637708e+00
1.660000000000000142e+00 3.332175079605579349e+00
1.669999999999999929e+00 3.332166745207309599e+00
1.679999999999999938e+00 3.332124858968257719e+00
1.689999999999999947e+00 3.332072252371311105e+00
1.699999999999999956e+00 3.331987267611026926e+00
1.709999999999999964e+00 3.331935465173721411e+00
1.719999999999999973e+00 3.331918236854076287e+00
1.729999999999999982e+00 3.331909511156082360e+00
1.739999999999999991e+00 3.331899410998821143e+00
1.750000000000000000e+00 3.331890850410461624e+00
1.760000000000000009e+00 3.331857842068671971e+00
1.770000000000000018e+00 3.331840357093811100e+00
1.780000000000000027e+00 3.331836424705982402e+00
1.790000000000000036e+00 3.331833013904094809e+00
1.800000000000000044e+00 3.331827952744960797e+00
1.810000000000000053e+00 3.331826598742008372e+00
1.820000000000000062e+00 3.331834448537826621e+00
1.830000000000000071e+00 3.331837660334110218e+00
1.840000000000000080e+00 3.331843379833698382e+00
1.850000000000000089e+00 3.331845800242423827e+00
1.860000000000000098e+00 3.331845111870765486e+00
1.870000000000000107e+00 3.331859749741554300e+00
1.880000000000000115e+00 3.331860591566562668e+00
1.890000000000000124e+00 3.331866492180824313e+00
1.900000000000000133e+00 3.331872372872829224e+00
1.910000000000000142e+00 3.331870731766223948e+00
1.919999999999999929e+00 3.331891058714389953e+00
1.929999999999999938e+00 3.331872197799682578e+00
1.939999999999999947e+00 3.331852904789447845e+00
1.949999999999999956e+00 3.331846727905273475e+00
1.959999999999999964e+00 3.331855410215854629e+00
1.969999999999999973e+00 3.331842007825374541e+00
1.979999999999999982e+00 3.331854680542945868e+00
1.989999999999999991e+00 3.331855532627105543e+00
2.000000000000000000e+00 3.331829355628490585e+00
2.010000000000000231e+00 3.331836431522369413e+00
2.020000000000000018e+00 3.331856693508624900e+00
2.030000000000000249e+00 3.331877710208893006e+00
2.040000000000000036e+00 3.331894025077819954e+00
2.049999999999999822e+00 3.331940381312370469e+00
2.060000000000000053e+00 3.332038732845783446e+00
2.069999999999999840e+00 3.332130722937583833e+00
2.080000000000000071e+00 3.332245138931274386e+00
2.089999999999999858e+00 3.332295681457519532e+00
2.100000000000000089e+00 3.332325796115398475e+00
2.109999999999999876e+00 3.332371481723785500e+00
2.120000000000000107e+00 3.332422853322029255e+00
2.129999999999999893e+00 3.332505832176208660e+00
2.140000000000000124e+00 3.332572546954155168e+00
2.149999999999999911e+00 3.332563818807602107e+00
2.160000000000000142e+00 3.332597999877929595e+00
2.169999999999999929e+00 3.332576360647678371e+00
2.180000000000000160e+00 3.332516895692348324e+00
2.189999999999999947e+00 3.332656347239017602e+00
2.200000000000000178e+00 3.332643702623844018e+00
2.209999999999999964e+00 3.332544070396423308e+00
2.220000000000000195e+00 3.332445555374622170e+00
2.229999999999999982e+00 3.332359488317966356e+00
2.240000000000000213e+00 3.332228450403213582e+00
2.250000000000000000e+00 3.332116708364486701e+00
2.260000000000000231e+00 3.332081363747120051e+00
2.270000000000000018e+00 3.331988414680957966e+00
2.280000000000000249e+00 3.331599628088474319e+00
2.290000000000000036e+00 3.331224423367977305e+00
2.300000000000000266e+00 3.330843888583183254e+00
2.310000000000000053e+00 3.330342256877422358e+00
2.319999999999999840e+00 3.330229003493785811e+00
2.330000000000000071e+00 3.329705922896862180e+00
2.339999999999999858e+00 3.329298274223804643e+00
2.350000000000000089e+00 3.328972860498428332e+00
2.359999999999999876e+00 3.328787167522907264e+00
2.370000000000000107e+00 3.328506002409458375e+00
2.379999999999999893e+00 3.328589618163108721e+00
2.390000000000000124e+00 3.329113762135505805e+00
2.399999999999999911e+00 3.329608716254234491e+00
2.410000000000000142e+00 3.329104318964481557e+00
2.419999999999999929e+00 3.329058686687946356e+00
2.430000000000000160e+00 3.329092909562587632e+00
2.439999999999999947e+00 3.328457254014015376e+00
2.450000000000000178e+00 3.328030802817344647e+00
2.459999999999999964e+00 3.327289977076053784e+00
2.470000000000000195e+00 3.326557206380367226e+00
2.479999999999999982e+00 3.315989222124815061e+00
2.490000000000000213e+00 3.311985355527400809e+00
2.500000000000000000e+00 3.332966157233715254e+00
2.510000000000000231e+00 3.336526339256763674e+00
2.520000000000000018e+00 3.338913026411533203e+00
2.530000000000000249e+00 3.343499354560375281e+00
2.540000000000000036e+00 3.348894881436824900e+00
2.550000000000000266e+00 3.358487780091762520e+00
2.560000000000000053e+00 3.367509165942669025e+00
2.569999999999999840e+00 3.374454658066034174e+00
2.580000000000000071e+00 3.401706985330581468e+00
2.589999999999999858e+00 3.440181161201000037e+00
2.600000000000000089e+00 3.471388755378723268e+00
2.609999999999999876e+00 3.504495345194339695e+00
2.620000000000000107e+00 3.536789434540271948e+00
2.629999999999999893e+00 3.570919248540401547e+00
2.640000000000000124e+00 3.602168842334747101e+00
2.649999999999999911e+00 3.636558252146243841e+00
2.660000000000000142e+00 3.668732615888118609e+00
2.669999999999999929e+00 3.697218496787547881e+00
2.680000000000000160e+00 3.719865562551021743e+00
2.689999999999999947e+00 3.737061138329505816e+00
2.700000000000000178e+00 3.752613783354759036e+00
2.709999999999999964e+00 3.764677198596000807e+00
2.720000000000000195e+00 3.772053703157901783e+00
2.729999999999999982e+00 3.777048016335964320e+00
2.740000000000000213e+00 3.780322812018394263e+00
2.750000000000000000e+00 3.782506750376224414e+00
2.760000000000000231e+00 3.784102190589904602e+00
2.770000000000000018e+00 3.785122002794742535e+00
2.780000000000000249e+00 3.785880856766700830e+00
2.790000000000000036e+00 3.786330476851463178e+00
2.800000000000000266e+00 3.786356543784141326e+00
2.810000000000000053e+00 3.786443990163803175e+00
2.819999999999999840e+00 3.786523523304462291e+00
2.830000000000000071e+00 3.786553955461978926e+00
2.839999999999999858e+00 3.786547154974937435e+00
2.850000000000000089e+00 3.786576023817062264e+00
2.859999999999999876e+00 3.786514004714489179e+00
2.870000000000000107e+00 3.786479051835537124e+00
2.879999999999999893e+00 3.786472560584545288e+00
2.890000000000000124e+00 3.786472560584545288e+00
2.899999999999999911e+00 3.786472560584545288e+00
2.910000000000000142e+00 3.786472560584545288e+00
2.919999999999999929e+00 3.786472560584545288e+00
2.930000000000000160e+00 3.786472542753219539e+00
2.939999999999999947e+00 3.786472542753219539e+00
2.950000000000000178e+00 3.786472542753219539e+00
2.959999999999999964e+00 3.786472542753219539e+00
2.970000000000000195e+00 3.786472542753219539e+00
2.979999999999999982e+00 3.786472481908798038e+00
2.990000000000000213e+00 3.786472481908798038e+00
3.000000000000000000e+00 3.786472481908798038e+00
