0.000000000000000000e+00 2.833991643935159233e-01 3.422948290515229197e-01
1.000000000000000021e-02 8.703290699158046095e-01 1.111914482758250555e+00
2.000000000000000042e-02 9.642590603980081276e-01 1.067108091781471479e+00
2.999999999999999889e-02 9.659703515694070264e-01 1.063688700745351268e+00
4.000000000000000083e-02 9.664491496272210602e-01 1.063111159059273669e+00
5.000000000000000278e-02 9.666660363024972558e-01 1.062461447427818895e+00
5.999999999999999778e-02 5.510119535452839834e-01 1.703928895102071905e+00
7.000000000000000666e-02 3.852868310404665930e+00 4.079679052900426761e+00
8.000000000000000167e-02 3.944163803357114695e+00 3.996096475339899534e+00
8.999999999999999667e-02 3.944161005098607564e+00 3.996078453881952708e+00
1.000000000000000056e-01 3.944220817944493085e+00 3.996010953176532432e+00
1.100000000000000006e-01 3.944470967933590089e+00 3.995903995578830248e+00
1.199999999999999956e-01 3.944739525499258548e+00 3.995783929190721118e+00
1.300000000000000044e-01 3.944801089786007076e+00 3.995753069078014086e+00
1.400000000000000133e-01 3.944908150321637219e+00 3.995714789031352243e+00
1.499999999999999944e-01 3.945082323328836349e+00 3.995644678009168782e+00
1.600000000000000033e-01 3.945275717596847365e+00 3.995579407015006801e+00
1.700000000000000122e-01 3.945440658912168441e+00 3.995553893757356700e+00
1.799999999999999933e-01 3.945573936582702057e+00 3.995528417657715270e+00
1.900000000000000022e-01 3.945626666675904559e+00 3.995512260254522552e+00
2.000000000000000111e-01 3.945647311664141732e+00 3.995509037341557601e+00
2.099999999999999922e-01 3.945750479272631672e+00 3.995480766102048165e+00
2.200000000000000011e-01 3.945771975851563695e+00 3.995470597233267362e+00
2.300000000000000100e-01 3.945743619738316443e+00 3.995471803287768520e+00
2.399999999999999911e-01 3.945662123996054316e+00 3.995478615068162487e+00
2.500000000000000000e-01 3.945596172979988658e+00 3.995483145147643356e+00
2.600000000000000089e-01 3.945555510784310105e+00 3.995489830683547350e+00
2.700000000000000178e-01 3.945513623465243036e+00 3.995514267646131046e+00
2.800000000000000266e-01 3.945425356146276652e+00 3.995529774483263186e+00
2.899999999999999800e-01 3.945392871203155405e+00 3.995533049907951106e+00
2.999999999999999889e-01 3.945293445025048307e+00 3.995583732323088277e+00
3.099999999999999978e-01 3.945223886547040149e+00 3.995618963761378151e+00
3.200000000000000067e-01 3.943777629738411061e+00 3.996379643301406492e+00
3.300000000000000155e-01 3.942155141666987994e+00 3.997206641990086240e+00
3.400000000000000244e-01 3.938943246384509767e+00 3.999151676711193648e+00
3.500000000000000333e-01 3.914822793838255155e+00 4.017138320363289772e+00
3.599999999999999867e-01 3.818326295226781131e+00 4.082825200110705488e+00
3.699999999999999956e-01 3.625829312002147198e+00 4.168420428145443779e+00
3.800000000000000044e-01 3.034660751011686308e+00 4.145611058294458751e+00
3.900000000000000133e-01 2.588983749812606483e+00 3.719040490700241008e+00
4.000000000000000222e-01 2.490319364893820442e+00 3.274314961540315316e+00
4.100000000000000311e-01 2.544914846009950882e+00 3.009961154275198059e+00
4.199999999999999845e-01 2.645232148236235314e+00 2.818950784874955762e+00
4.299999999999999933e-01 2.652877952360860547e+00 2.806935686984308731e+00
4.400000000000000022e-01 2.662228249633726396e+00 2.801559450103822346e+00
4.500000000000000111e-01 2.664407842319045372e+00 2.800499626276459431e+00
4.600000000000000200e-01 2.670211325926599599e+00 2.798752175417127397e+00
4.700000000000000289e-01 2.672969400059951539e+00 2.797883199775443863e+00
4.799999999999999822e-01 2.672970092363574413e+00 2.797894240474483762e+00
4.899999999999999911e-01 2.672994949501143136e+00 2.798379509355439776e+00
5.000000000000000000e-01 2.673029787471405516e+00 2.798794551641829553e+00
5.100000000000000089e-01 2.673116270578665965e+00 2.799355939490036693e+00
5.200000000000000178e-01 2.673221958836808909e+00 2.800458751221403197e+00
5.300000000000000266e-01 2.672765946909759549e+00 2.801586427791740164e+00
5.400000000000000355e-01 2.669759438753019687e+00 2.807291804108728250e+00
5.500000000000000444e-01 2.665504988181124357e+00 2.815133531482686191e+00
5.600000000000000533e-01 2.641338346355950772e+00 2.870639678169691233e+00
5.700000000000000622e-01 2.621105442821989318e+00 2.999385693166245925e+00
5.799999999999999600e-01 2.651411796441518920e+00 3.157473843144929848e+00
5.899999999999999689e-01 2.725793322512922501e+00 3.278892686908426057e+00
5.999999999999999778e-01 2.806146149071786944e+00 3.350780208946134486e+00
6.099999999999999867e-01 2.900085009270872760e+00 3.403992091425690703e+00
6.199999999999999956e-01 3.001274660237434944e+00 3.431704117748138216e+00
6.300000000000000044e-01 3.098412844968112978e+00 3.436619298624721708e+00
6.400000000000000133e-01 3.173524877245458065e+00 3.423512859022585175e+00
6.500000000000000222e-01 3.231377454023431461e+00 3.402174547562529128e+00
6.600000000000000311e-01 3.269113800563572259e+00 3.381827109384776708e+00
6.700000000000000400e-01 3.289179113238849261e+00 3.368752598797283504e+00
6.800000000000000488e-01 3.294601595498634072e+00 3.364928240655350233e+00
6.900000000000000577e-01 3.297549513655007480e+00 3.362859276079833037e+00
7.000000000000000666e-01 3.300597874599346948e+00 3.360625939845194754e+00
7.099999999999999645e-01 3.303250454980585005e+00 3.358657534573819881e+00
7.199999999999999734e-01 3.312546951638697834e+00 3.351385989416599820e+00
7.299999999999999822e-01 3.316335381192408338e+00 3.348244507036961526e+00
7.399999999999999911e-01 3.316383527254797681e+00 3.348204152083657181e+00
7.500000000000000000e-01 3.316383527254797681e+00 3.348204152083657181e+00
7.600000000000000089e-01 3.316383527254797681e+00 3.348204152083657181e+00
7.700000000000000178e-01 3.316383527254797681e+00 3.348204152083657181e+00
7.800000000000000266e-01 3.316383527254797681e+00 3.348204152083657181e+00
7.900000000000000355e-01 3.316383527254797681e+00 3.348204152083657181e+00
8.000000000000000444e-01 3.316383527254797681e+00 3.348204152083657181e+00
8.100000000000000533e-01 3.316383527254797681e+00 3.348204152083657181e+00
8.200000000000000622e-01 3.316383527254797681e+00 3.348204152083657181e+00
8.300000000000000711e-01 3.316383527254797681e+00 3.348204152083657181e+00
8.399999999999999689e-01 3.316383527254797681e+00 3.348204152083657181e+00
8.499999999999999778e-01 3.316383527254797681e+00 3.348204152083657181e+00
8.599999999999999867e-01 3.316383527254797681e+00 3.348204152083657181e+00
8.699999999999999956e-01 3.316383527254797681e+00 3.348204152083657181e+00
8.800000000000000044e-01 3.316383527254797681e+00 3.348204152083657181e+00
8.900000000000000133e-01 3.316383527254797681e+00 3.348204152083657181e+00
9.000000000000000222e-01 3.316383527254797681e+00 3.348204152083657181e+00
9.100000000000000311e-01 3.316383527254797681e+00 3.348204152083657181e+00
9.200000000000000400e-01 3.316383527254797681e+00 3.348204152083657181e+00
9.300000000000000488e-01 3.316383527254797681e+00 3.348204152083657181e+00
9.400000000000000577e-01 3.316383527254797681e+00 3.348204152083657181e+00
9.500000000000000666e-01 3.316383527254797681e+00 3.348204152083657181e+00
9.599999999999999645e-01 3.316383527254797681e+00 3.348204152083657181e+00
9.699999999999999734e-01 3.316383527254797681e+00 3.348204152083657181e+00
9.799999999999999822e-01 3.316383527254797681e+00 3.348204152083657181e+00
9.899999999999999911e-01 3.316383527254797681e+00 3.348204152083657181e+00
1.000000000000000000e+00 3.316383527254797681e+00 3.348204152083657181e+00
1.010000000000000009e+00 3.316383527254797681e+00 3.348204152083657181e+00
1.020000000000000018e+00 3.316383527254797681e+00 3.348204152083657181e+00
1.030000000000000027e+00 3.316383527254797681e+00 3.348204152083657181e+00
1.040000000000000036e+00 3.316383527254797681e+00 3.348204152083657181e+00
1.050000000000000044e+00 3.316383527254797681e+00 3.348204152083657181e+00
1.060000000000000053e+00 3.316383527254797681e+00 3.348204152083657181e+00
1.070000000000000062e+00 3.316383527254797681e+00 3.348204152083657181e+00
1.080000000000000071e+00 3.316383527254797681e+00 3.348204152083657181e+00
1.090000000000000080e+00 3.316383527254797681e+00 3.348204152083657181e+00
1.100000000000000089e+00 3.316383527254797681e+00 3.348204152083657181e+00
1.110000000000000098e+00 3.316383527254797681e+00 3.348204152083657181e+00
1.120000000000000107e+00 3.316383527254797681e+00 3.348204152083657181e+00
1.130000000000000115e+00 3.316383527254797681e+00 3.348204152083657181e+00
1.140000000000000124e+00 3.316383527254797681e+00 3.348204152083657181e+00
1.150000000000000133e+00 3.316383527254797681e+00 3.348204152083657181e+00
1.159999999999999920e+00 3.316383527254797681e+00 3.348204152083657181e+00
1.169999999999999929e+00 3.316383527254797681e+00 3.348204152083657181e+00
1.179999999999999938e+00 3.316383527254797681e+00 3.348204152083657181e+00
1.189999999999999947e+00 3.316383527254797681e+00 3.348204152083657181e+00
1.199999999999999956e+00 3.316383527254797681e+00 3.348204152083657181e+00
1.209999999999999964e+00 3.316383527254797681e+00 3.348204152083657181e+00
1.219999999999999973e+00 3.316383527254797681e+00 3.348204152083657181e+00
1.229999999999999982e+00 3.316383527254797681e+00 3.348204152083657181e+00
1.239999999999999991e+00 3.316383527254797681e+00 3.348204152083657181e+00
1.250000000000000000e+00 3.316383527254797681e+00 3.348204152083657181e+00
1.260000000000000009e+00 3.316383527254797681e+00 3.348204152083657181e+00
1.270000000000000018e+00 3.316383527254797681e+00 3.348204152083657181e+00
1.280000000000000027e+00 3.316383527254797681e+00 3.348204152083657181e+00
1.290000000000000036e+00 3.316383527254797681e+00 3.348204152083657181e+00
1.300000000000000044e+00 3.316383527254797681e+00 3.348204152083657181e+00
1.310000000000000053e+00 3.316383527254797681e+00 3.348204152083657181e+00
1.320000000000000062e+00 3.316383527254797681e+00 3.348204152083657181e+00
1.330000000000000071e+00 3.316383527254797681e+00 3.348204152083657181e+00
1.340000000000000080e+00 3.316383527254797681e+00 3.348204152083657181e+00
1.350000000000000089e+00 3.316383527254797681e+00 3.348204152083657181e+00
1.360000000000000098e+00 3.316383527254797681e+00 3.348204152083657181e+00
1.370000000000000107e+00 3.316383527254797681e+00 3.348204152083657181e+00
1.380000000000000115e+00 3.316383527254797681e+00 3.348204152083657181e+00
1.390000000000000124e+00 3.316383527254797681e+00 3.348204152083657181e+00
1.400000000000000133e+00 3.316383497752100062e+00 3.348204406806082112e+00
1.409999999999999920e+00 3.316383497752100062e+00 3.348204406806082112e+00
1.419999999999999929e+00 3.316383497752100062e+00 3.348204406806082112e+00
1.429999999999999938e+00 3.316383497752100062e+00 3.348204406806082112e+00
1.439999999999999947e+00 3.316383497752100062e+00 3.348204406806082112e+00
1.449999999999999956e+00 3.316383497752100062e+00 3.348204406806082112e+00
1.459999999999999964e+00 3.316383497752100062e+00 3.348204406806082112e+00
1.469999999999999973e+00 3.316383497752100062e+00 3.348204406806082112e+00
1.479999999999999982e+00 3.316383497752100062e+00 3.348204406806082112e+00
1.489999999999999991e+00 3.316383497752100062e+00 3.348204406806082112e+00
1.500000000000000000e+00 3.316383497752100062e+00 3.348204406806082112e+00
1.510000000000000009e+00 3.316383497752100062e+00 3.348204406806082112e+00
1.520000000000000018e+00 3.316383497752100062e+00 3.348204406806082112e+00
1.530000000000000027e+00 3.316389903603548017e+00 3.348205969780928104e+00
1.540000000000000036e+00 3.316393928516452760e+00 3.348206563879902120e+00
1.550000000000000044e+00 3.316399033977153632e+00 3.348207435649273034e+00
1.560000000000000053e+00 3.316400628991664323e+00 3.348207709974705626e+00
1.570000000000000062e+00 3.316402056772120410e+00 3.348208038871876902e+00
1.580000000000000071e+00 3.316402056772120410e+00 3.348208038871876902e+00
1.590000000000000080e+00 3.316402533012340115e+00 3.348208202952434931e+00
1.600000000000000089e+00 3.316402533012340115e+00 3.348208202952434931e+00
1.610000000000000098e+00 3.316402735208995534e+00 3.348208149452678750e+00
1.620000000000000107e+00 3.316402929802213961e+00 3.348208063702310611e+00
1.630000000000000115e+00 3.316396209980627674e+00 3.348181562441209458e+00
1.640000000000000124e+00 3.316386367858512152e+00 3.348148132625954787e+00
1.650000000000000133e+00 3.316369687782053877e+00 3.348091135911221539e+00
1.660000000000000142e+00 3.316338723954473711e+00 3.348011435256684987e+00
1.669999999999999929e+00 3.316324495135142936e+00 3.348008995279476263e+00
1.679999999999999938e+00 3.316254923414628131e+00 3.347994794521887307e+00
1.689999999999999947e+00 3.316178985532750367e+00 3.347965519209871843e+00
1.699999999999999956e+00 3.316042046352072781e+00 3.347932488869981071e+00
1.709999999999999964e+00 3.315967929956210813e+00 3.347903000391232009e+00
1.719999999999999973e+00 3.315937674486308939e+00 3.347898799221843635e+00
1.729999999999999982e+00 3.315920197450371809e+00 3.347898824861792910e+00
1.739999999999999991e+00 3.315904818435902346e+00 3.347894003561739940e+00
1.750000000000000000e+00 3.315884670990903782e+00 3.347897029830019466e+00
1.760000000000000009e+00 3.315826418758478056e+00 3.347889265378865886e+00
1.770000000000000018e+00 3.315791539872208205e+00 3.347889174315413996e+00
1.780000000000000027e+00 3.315778481810611744e+00 3.347894367601353061e+00
1.790000000000000036e+00 3.315768588612669099e+00 3.347897439195520519e+00
1.800000000000000044e+00 3.315761530228097609e+00 3.347894375261823985e+00
1.810000000000000053e+00 3.315759279889861855e+00 3.347893917594154889e+00
1.820000000000000062e+00 3.315751897842684759e+00 3.347916999232968482e+00
1.830000000000000071e+00 3.315748398299453115e+00 3.347926922368767322e+00
1.840000000000000080e+00 3.315750637072893969e+00 3.347936122594502795e+00
1.850000000000000089e+00 3.315742140793038306e+00 3.347949459691809349e+00
1.860000000000000098e+00 3.315735141062129632e+00 3.347955082679401340e+00
1.870000000000000107e+00 3.315737810100274796e+00 3.347981689382833803e+00
1.880000000000000115e+00 3.315725260566597221e+00 3.347995922566528115e+00
1.890000000000000124e+00 3.315718399997377386e+00 3.348014584364271240e+00
1.900000000000000133e+00 3.315726721288508205e+00 3.348018024457150243e+00
1.910000000000000142e+00 3.315690913939899787e+00 3.348050549592548109e+00
1.919999999999999929e+00 3.315676733412213917e+00 3.348105384016565989e+00
1.929999999999999938e+00 3.315598413074069217e+00 3.348145982525295938e+00
1.939999999999999947e+00 3.315523913755379581e+00 3.348181895823516108e+00
1.949999999999999956e+00 3.315436507726686077e+00 3.348256948083860873e+00
1.959999999999999964e+00 3.315348632136045470e+00 3.348362188295663788e+00
1.969999999999999973e+00 3.315249028176480373e+00 3.348434987474268709e+00
1.979999999999999982e+00 3.315140980063467691e+00 3.348568381022424045e+00
1.989999999999999991e+00 3.315112280437316983e+00 3.348598784816894103e+00
2.000000000000000000e+00 3.315047182957459260e+00 3.348611528299521911e+00
2.010000000000000231e+00 3.315000227258431575e+00 3.348672635786307250e+00
2.020000000000000018e+00 3.314959638338121906e+00 3.348753748679127895e+00
2.030000000000000249e+00 3.314960414569057878e+00 3.348795005848728135e+00
2.040000000000000036e+00 3.314972646261113542e+00 3.348815403894526366e+00
2.049999999999999822e+00 3.314914297191306147e+00 3.348966465433434792e+00
2.060000000000000053e+00 3.314869742425031074e+00 3.349207723266535819e+00
2.069999999999999840e+00 3.314810845220600655e+00 3.349450600654567012e+00
2.080000000000000071e+00 3.314626459319661489e+00 3.349863818542887284e+00
2.089999999999999858e+00 3.314568962358213522e+00 3.350022400556825541e+00
2.100000000000000089e+00 3.314546071801983462e+00 3.350105520428813488e+00
2.109999999999999876e+00 3.314422728008575625e+00 3.350320235438995375e+00
2.120000000000000107e+00 3.314290020945100057e+00 3.350555685698958452e+00
2.129999999999999893e+00 3.314221043471859307e+00 3.350790620880558013e+00
2.140000000000000124e+00 3.313785900759180336e+00 3.351359193149130000e+00
2.149999999999999911e+00 3.313745608756012206e+00 3.351382028859192008e+00
2.160000000000000142e+00 3.313239758415884584e+00 3.351956241339974607e+00
2.169999999999999929e+00 3.313150297526070709e+00 3.352002423769286032e+00
2.180000000000000160e+00 3.312990887161423537e+00 3.352042904223273112e+00
2.189999999999999947e+00 3.311659995111021271e+00 3.353652699367013934e+00
2.200000000000000178e+00 3.310499521972557257e+00 3.354787883275130778e+00
2.209999999999999964e+00 3.310150591372786444e+00 3.354937549420060172e+00
2.220000000000000195e+00 3.309770194792800435e+00 3.355120915956443906e+00
2.229999999999999982e+00 3.308440097635517496e+00 3.356278879000415216e+00
2.240000000000000213e+00 3.306511431309478333e+00 3.357945469496948832e+00
2.250000000000000000e+00 3.303894998105371794e+00 3.360338418623601608e+00
2.260000000000000231e+00 3.303515188606505948e+00 3.360647538887734154e+00
2.270000000000000018e+00 3.301472120374022268e+00 3.362504708987893665e+00
2.280000000000000249e+00 3.302006309949248930e+00 3.361192946227699707e+00
2.290000000000000036e+00 3.301414641633433344e+00 3.361034205102521266e+00
2.300000000000000266e+00 3.301319292180483256e+00 3.360368484985883253e+00
2.310000000000000053e+00 3.302112211717581403e+00 3.358572302037263313e+00
2.319999999999999840e+00 3.301619053861771125e+00 3.358838953125800497e+00
2.330000000000000071e+00 3.301318009464875747e+00 3.358093836328848614e+00
2.339999999999999858e+00 3.299991152915429993e+00 3.358605395532179294e+00
2.350000000000000089e+00 3.298486640056983887e+00 3.359459080939872777e+00
2.359999999999999876e+00 3.297488127255515877e+00 3.360086207790298651e+00
2.370000000000000107e+00 3.296310405129518450e+00 3.360701599689398300e+00
2.379999999999999893e+00 3.292946917958738506e+00 3.364232318367478936e+00
2.390000000000000124e+00 3.290920676516592369e+00 3.367306847754419241e+00
2.399999999999999911e+00 3.287340569453684136e+00 3.371876863054784845e+00
2.410000000000000142e+00 3.284454117482655811e+00 3.373754520446307303e+00
2.419999999999999929e+00 3.282996939249379409e+00 3.375120434126513302e+00
2.430000000000000160e+00 3.281039133235031269e+00 3.377146685890143996e+00
2.439999999999999947e+00 3.277003675562307539e+00 3.379910832465723214e+00
2.450000000000000178e+00 3.274851579186827788e+00 3.381210026447861505e+00
2.459999999999999964e+00 3.271252378785674875e+00 3.383327575366432693e+00
2.470000000000000195e+00 3.255127007213246770e+00 3.397987405547487683e+00
2.479999999999999982e+00 3.168963787247958575e+00 3.463014657001671548e+00
2.490000000000000213e+00 3.132981871685898145e+00 3.490988839368903474e+00
2.500000000000000000e+00 3.226187176057934813e+00 3.439745138409495695e+00
2.510000000000000231e+00 3.233411207782567853e+00 3.439641470730959494e+00
2.520000000000000018e+00 3.232258829561576174e+00 3.445567223261490231e+00
2.530000000000000249e+00 3.231364375686327506e+00 3.455634333434423056e+00
2.540000000000000036e+00 3.229291188872235985e+00 3.468498574001413814e+00
2.550000000000000266e+00 3.223967853895247426e+00 3.493007706288277614e+00
2.560000000000000053e+00 3.208091744799847600e+00 3.526926587085490450e+00
2.569999999999999840e+00 3.174798498855902817e+00 3.574110817276165530e+00
2.580000000000000071e+00 3.188453903791735655e+00 3.614960066869427280e+00
2.589999999999999858e+00 3.228246696709398567e+00 3.652115625692601508e+00
2.600000000000000089e+00 3.248248171720629074e+00 3.694529339036817461e+00
2.609999999999999876e+00 3.281724872116468905e+00 3.727265818272210485e+00
2.620000000000000107e+00 3.309881565616411780e+00 3.763697303464132116e+00
2.629999999999999893e+00 3.346711824170182314e+00 3.795126672910620780e+00
2.640000000000000124e+00 3.380327323664497730e+00 3.824010361004996472e+00
2.649999999999999911e+00 3.423526631509324680e+00 3.849589872783163003e+00
2.660000000000000142e+00 3.470871779080993758e+00 3.866593452695243460e+00
2.669999999999999929e+00 3.516321528338106628e+00 3.878115465236989134e+00
2.680000000000000160e+00 3.561072012085160665e+00 3.878659113016882820e+00
2.689999999999999947e+00 3.595862654706451167e+00 3.878259621952560465e+00
2.700000000000000178e+00 3.631548938292596063e+00 3.873678628416922010e+00
2.709999999999999964e+00 3.664425730264031067e+00 3.864928666927970546e+00
2.720000000000000195e+00 3.687516969289844848e+00 3.856590437025958717e+00
2.729999999999999982e+00 3.705494371278412302e+00 3.848601661393516338e+00
2.740000000000000213e+00 3.717614967840116691e+00 3.843030656196671835e+00
2.750000000000000000e+00 3.728308596253854912e+00 3.836704904498593915e+00
2.760000000000000231e+00 3.736475569861102297e+00 3.831728811318706907e+00
2.770000000000000018e+00 3.741326814223767450e+00 3.828917191365717620e+00
2.780000000000000249e+00 3.745970408509796901e+00 3.825791305023604760e+00
2.790000000000000036e+00 3.749091063559398140e+00 3.823569890143528216e+00
2.800000000000000266e+00 3.749396034098581243e+00 3.823317053469701410e+00
2.810000000000000053e+00 3.750076421080025924e+00 3.822811559247580426e+00
2.819999999999999840e+00 3.750506718618442648e+00 3.822540327990481934e+00
2.830000000000000071e+00 3.751168694382020607e+00 3.821939216541937245e+00
2.839999999999999858e+00 3.751443424567757479e+00 3.821650885382117391e+00
2.850000000000000089e+00 3.751709075684663386e+00 3.821442971949461143e+00
2.859999999999999876e+00 3.751695293820667576e+00 3.821332715608310782e+00
2.870000000000000107e+00 3.751697281858993094e+00 3.821260821812081154e+00
2.879999999999999893e+00 3.751695220063193670e+00 3.821249901105896907e+00
2.890000000000000124e+00 3.751695220063193670e+00 3.821249901105896907e+00
2.899999999999999911e+00 3.751695220063193670e+00 3.821249901105896907e+00
2.910000000000000142e+00 3.751695220063193670e+00 3.821249901105896907e+00
2.919999999999999929e+00 3.751695220063193670e+00 3.821249901105896907e+00
2.930000000000000160e+00 3.751695208200249709e+00 3.821249877306189369e+00
2.939999999999999947e+00 3.751695208200249709e+00 3.821249877306189369e+00
2.950000000000000178e+00 3.751695208200249709e+00 3.821249877306189369e+00
2.959999999999999964e+00 3.751695208200249709e+00 3.821249877306189369e+00
2.970000000000000195e+00 3.751695208200249709e+00 3.821249877306189369e+00
2.979999999999999982e+00 3.751695028829241885e+00 3.821249934988354191e+00
2.990000000000000213e+00 3.751695028829241885e+00 3.821249934988354191e+00
3.000000000000000000e+00 3.751695028829241885e+00 3.821249934988354191e+00
