0.000000000000000000e+00 4.049408534950018068e-01
1.000000000000000021e-02 4.049408534950018068e-01
2.000000000000000042e-02 2.011696599949598152e+00
2.999999999999999889e-02 2.011700489703416750e+00
4.000000000000000083e-02 2.011721636116504452e+00
5.000000000000000278e-02 2.011720745851993453e+00
5.999999999999999778e-02 2.011779866669177963e+00
7.000000000000000666e-02 2.011798806282282026e+00
8.000000000000000167e-02 2.011807389326095485e+00
8.999999999999999667e-02 2.011845766597986085e+00
1.000000000000000056e-01 2.011871245518922713e+00
1.100000000000000006e-01 2.011913535263538222e+00
1.199999999999999956e-01 2.169496928375959310e+00
1.300000000000000044e-01 3.328570791659354988e+00
1.400000000000000133e-01 3.897542510758638556e+00
1.499999999999999944e-01 3.921441106486320383e+00
1.600000000000000033e-01 3.921441106486320383e+00
1.700000000000000122e-01 3.921441106486320383e+00
1.799999999999999933e-01 3.921441106486320383e+00
1.900000000000000022e-01 3.921441106486320383e+00
2.000000000000000111e-01 3.921441106486320383e+00
2.099999999999999922e-01 3.921441106486320383e+00
2.200000000000000011e-01 3.921026715044975131e+00
2.300000000000000100e-01 3.921003529772758345e+00
2.399999999999999911e-01 3.920647403171062528e+00
2.500000000000000000e-01 3.920049905724525274e+00
2.600000000000000089e-01 3.916624242880344386e+00
2.700000000000000178e-01 3.911101496565342117e+00
2.800000000000000266e-01 3.900057769892215642e+00
2.899999999999999800e-01 3.886886298613548174e+00
2.999999999999999889e-01 3.853087027633190331e+00
3.099999999999999978e-01 3.801633697736263251e+00
3.200000000000000067e-01 3.723629807760715504e+00
3.300000000000000155e-01 3.640207019121646681e+00
3.400000000000000244e-01 3.585629766116142481e+00
3.500000000000000333e-01 3.530311542856693130e+00
3.599999999999999867e-01 3.465374361224174304e+00
3.699999999999999956e-01 3.406472946975231064e+00
3.800000000000000044e-01 3.354572444365024442e+00
3.900000000000000133e-01 3.316163721203804204e+00
4.000000000000000222e-01 3.272137134096622546e+00
4.100000000000000311e-01 3.261176439390182313e+00
4.199999999999999845e-01 3.257266783373355956e+00
4.299999999999999933e-01 3.257090100736617977e+00
4.400000000000000022e-01 3.255811546702385151e+00
4.500000000000000111e-01 3.254212769906520641e+00
4.600000000000000200e-01 3.249874810502529243e+00
4.700000000000000289e-01 3.246278152625560853e+00
4.799999999999999822e-01 3.243406610789298927e+00
4.899999999999999911e-01 3.241952915811538549e+00
5.000000000000000000e-01 3.241866884934902160e+00
5.100000000000000089e-01 3.241841575908660733e+00
5.200000000000000178e-01 3.241775908730029965e+00
5.300000000000000266e-01 3.241759259951114469e+00
5.400000000000000355e-01 3.241733583719730305e+00
5.500000000000000444e-01 3.241741851732730773e+00
5.600000000000000533e-01 3.241757378852367477e+00
5.700000000000000622e-01 3.241749201998710639e+00
5.799999999999999600e-01 3.241752197184562867e+00
5.899999999999999689e-01 3.241752197184562867e+00
5.999999999999999778e-01 3.241751771035194185e+00
6.099999999999999867e-01 3.241751771035194185e+00
6.199999999999999956e-01 3.241752396812438874e+00
6.300000000000000044e-01 3.241753384609222355e+00
6.400000000000000133e-01 3.241753384609222355e+00
6.500000000000000222e-01 3.241753384609222355e+00
6.600000000000000311e-01 3.241753892226219236e+00
6.700000000000000400e-01 3.241753892226219236e+00
6.800000000000000488e-01 3.241757468879222781e+00
6.900000000000000577e-01 3.241822301321029443e+00
7.000000000000000666e-01 3.241881342327594950e+00
7.099999999999999645e-01 3.242918776094913635e+00
7.199999999999999734e-01 3.242641289525031834e+00
7.299999999999999822e-01 3.243253383107185250e+00
7.399999999999999911e-01 3.244272572729587356e+00
7.500000000000000000e-01 3.245035099899769016e+00
7.600000000000000089e-01 3.244043086702823597e+00
7.700000000000000178e-01 3.244669369232654699e+00
7.800000000000000266e-01 3.244938626840114804e+00
7.900000000000000355e-01 3.245131107387542624e+00
8.000000000000000444e-01 3.246081088807582837e+00
8.100000000000000533e-01 3.246924420518875198e+00
8.200000000000000622e-01 3.247832472491264166e+00
8.300000000000000711e-01 3.249265321040153420e+00
8.399999999999999689e-01 3.250258279612064261e+00
8.499999999999999778e-01 3.252406195619106377e+00
8.599999999999999867e-01 3.255024348762035391e+00
8.699999999999999956e-01 3.256980801613330812e+00
8.800000000000000044e-01 3.258516104850769146e+00
8.900000000000000133e-01 3.259500538761615829e+00
9.000000000000000222e-01 3.260835748567580961e+00
9.100000000000000311e-01 3.262678926837444315e+00
9.200000000000000400e-01 3.266009292140007236e+00
9.300000000000000488e-01 3.267666222825050149e+00
9.400000000000000577e-01 3.268385798802375675e+00
9.500000000000000666e-01 3.269785859889984270e+00
9.599999999999999645e-01 3.271492910177707714e+00
9.699999999999999734e-01 3.274758450443744806e+00
9.799999999999999822e-01 3.279853651993274610e+00
9.899999999999999911e-01 3.282148519408703002e+00
1.000000000000000000e+00 3.285792776372432833e+00
1.010000000000000009e+00 3.288520700933933227e+00
1.020000000000000018e+00 3.293846349680423558e+00
1.030000000000000027e+00 3.296623824837207728e+00
1.040000000000000036e+00 3.302898086857795512e+00
1.050000000000000044e+00 3.309266443018913151e+00
1.060000000000000053e+00 3.317511609234809811e+00
1.070000000000000062e+00 3.320958955397605994e+00
1.080000000000000071e+00 3.299610163085460623e+00
1.090000000000000080e+00 3.294037957582473641e+00
1.100000000000000089e+00 3.297196879234313815e+00
1.110000000000000098e+00 3.311570777757167683e+00
1.120000000000000107e+00 3.329561077525615698e+00
1.130000000000000115e+00 3.345366793646812553e+00
1.140000000000000124e+00 3.349331914865970816e+00
1.150000000000000133e+00 3.353773456037044465e+00
1.159999999999999920e+00 3.358822894489765343e+00
1.169999999999999929e+00 3.362850720808506111e+00
1.179999999999999938e+00 3.366060450108051327e+00
1.189999999999999947e+00 3.369099019589424149e+00
1.199999999999999956e+00 3.372576196584701425e+00
1.209999999999999964e+00 3.375929241170883000e+00
1.219999999999999973e+00 3.378553908677101258e+00
1.229999999999999982e+00 3.380698394186496536e+00
1.239999999999999991e+00 3.381327260451316707e+00
1.250000000000000000e+00 3.383563028666972894e+00
1.260000000000000009e+00 3.385155262162685474e+00
1.270000000000000018e+00 3.386891146733761015e+00
1.280000000000000027e+00 3.389195539314747041e+00
1.290000000000000036e+00 3.391335153880119524e+00
1.300000000000000044e+00 3.395163995022773662e+00
1.310000000000000053e+00 3.398486315102577038e+00
1.320000000000000062e+00 3.400999888935089199e+00
1.330000000000000071e+00 3.404875280978679530e+00
1.340000000000000080e+00 3.408608514435291337e+00
1.350000000000000089e+00 3.411566747267246402e+00
1.360000000000000098e+00 3.415888996882438633e+00
1.370000000000000107e+00 3.418151093845367416e+00
1.380000000000000115e+00 3.419694279849529117e+00
1.390000000000000124e+00 3.419458298926353557e+00
1.400000000000000133e+00 3.420290701475143358e+00
1.409999999999999920e+00 3.420144969489574471e+00
1.419999999999999929e+00 3.420413534691333801e+00
1.429999999999999938e+00 3.420677642364502002e+00
1.439999999999999947e+00 3.420573219618797456e+00
1.449999999999999956e+00 3.419885670702457414e+00
1.459999999999999964e+00 3.420467191162109177e+00
1.469999999999999973e+00 3.421146038615703766e+00
1.479999999999999982e+00 3.421903488678932348e+00
1.489999999999999991e+00 3.421161010196208885e+00
1.500000000000000000e+00 3.420708274040222374e+00
1.510000000000000009e+00 3.420567231791019402e+00
1.520000000000000018e+00 3.419882812452316401e+00
1.530000000000000027e+00 3.419585179631710048e+00
1.540000000000000036e+00 3.419370165278911688e+00
1.550000000000000044e+00 3.419074477121829769e+00
1.560000000000000053e+00 3.418272195320129381e+00
1.570000000000000062e+00 3.417988859772682186e+00
1.580000000000000071e+00 3.417956551673412502e+00
1.590000000000000080e+00 3.417937844741344655e+00
1.600000000000000089e+00 3.417881230285167771e+00
1.610000000000000098e+00 3.417904704461097509e+00
1.620000000000000107e+00 3.417984246916770719e+00
1.630000000000000115e+00 3.417897966530322851e+00
1.640000000000000124e+00 3.417780707380771776e+00
1.650000000000000133e+00 3.417766428687572411e+00
1.660000000000000142e+00 3.417683116598129178e+00
1.669999999999999929e+00 3.417688888001441772e+00
1.679999999999999938e+00 3.417701672904491339e+00
1.689999999999999947e+00 3.417628208250999666e+00
1.699999999999999956e+00 3.417634058885574255e+00
1.709999999999999964e+00 3.417608243801593559e+00
1.719999999999999973e+00 3.417735876843929432e+00
1.729999999999999982e+00 3.417804753537177831e+00
1.739999999999999991e+00 3.417812236814498750e+00
1.750000000000000000e+00 3.417815024366378740e+00
1.760000000000000009e+00 3.417810548636913470e+00
1.770000000000000018e+00 3.417825426659584220e+00
1.780000000000000027e+00 3.417947205538749866e+00
1.790000000000000036e+00 3.417923821389674988e+00
1.800000000000000044e+00 3.417909367833137591e+00
1.810000000000000053e+00 3.417908395338058458e+00
1.820000000000000062e+00 3.417941194069385347e+00
1.830000000000000071e+00 3.417954277870654867e+00
1.840000000000000080e+00 3.417936302030086360e+00
1.850000000000000089e+00 3.417867828330993785e+00
1.860000000000000098e+00 3.417863825595378824e+00
1.870000000000000107e+00 3.417841463732719465e+00
1.880000000000000115e+00 3.417811269338130842e+00
1.890000000000000124e+00 3.417872446353435567e+00
1.900000000000000133e+00 3.417879718501567687e+00
1.910000000000000142e+00 3.417893775136470857e+00
1.919999999999999929e+00 3.417837154531478738e+00
1.929999999999999938e+00 3.417851089878082060e+00
1.939999999999999947e+00 3.417853638353347989e+00
1.949999999999999956e+00 3.417831705541610532e+00
1.959999999999999964e+00 3.417835474219322212e+00
1.969999999999999973e+00 3.417886004490852336e+00
1.979999999999999982e+00 3.417909661095142493e+00
1.989999999999999991e+00 3.417910403034686961e+00
2.000000000000000000e+00 3.417910391695499595e+00
2.010000000000000231e+00 3.417922090427875315e+00
2.020000000000000018e+00 3.417853878033161319e+00
2.030000000000000249e+00 3.417808337433338117e+00
2.040000000000000036e+00 3.417783441808223799e+00
2.049999999999999822e+00 3.417769573292732233e+00
2.060000000000000053e+00 3.417523781037330455e+00
2.069999999999999840e+00 3.417317904200553702e+00
2.080000000000000071e+00 3.417058799512386447e+00
2.089999999999999858e+00 3.416865467941760937e+00
2.100000000000000089e+00 3.416679579191207683e+00
2.109999999999999876e+00 3.416483981518745328e+00
2.120000000000000107e+00 3.416367171995639662e+00
2.129999999999999893e+00 3.416264639205932596e+00
2.140000000000000124e+00 3.416261837830543602e+00
2.149999999999999911e+00 3.415825645170211811e+00
2.160000000000000142e+00 3.415675882947444730e+00
2.169999999999999929e+00 3.415438902814388111e+00
2.180000000000000160e+00 3.415167643008232279e+00
2.189999999999999947e+00 3.413742224054336472e+00
2.200000000000000178e+00 3.408817694821357769e+00
2.209999999999999964e+00 3.403478941404819658e+00
2.220000000000000195e+00 3.401832655475139688e+00
2.229999999999999982e+00 3.399965882041454446e+00
2.240000000000000213e+00 3.399651934862137015e+00
2.250000000000000000e+00 3.399353550896644371e+00
2.260000000000000231e+00 3.397941878356933731e+00
2.270000000000000018e+00 3.394694639959335181e+00
2.280000000000000249e+00 3.394318423771858217e+00
2.290000000000000036e+00 3.392103618869781290e+00
2.300000000000000266e+00 3.389182733874320785e+00
2.310000000000000053e+00 3.388611814815998269e+00
2.319999999999999840e+00 3.387973361320495425e+00
2.330000000000000071e+00 3.386945136585235439e+00
2.339999999999999858e+00 3.386924960796833250e+00
2.350000000000000089e+00 3.389977992341518309e+00
2.359999999999999876e+00 3.394979340145587887e+00
2.370000000000000107e+00 3.396180492150783437e+00
2.379999999999999893e+00 3.397778744521140926e+00
2.390000000000000124e+00 3.399837661416530654e+00
2.399999999999999911e+00 3.402777665882110725e+00
2.410000000000000142e+00 3.404136817569732631e+00
2.419999999999999929e+00 3.404726935150623301e+00
2.430000000000000160e+00 3.406149811589717746e+00
2.439999999999999947e+00 3.409552204983234525e+00
2.450000000000000178e+00 3.415235531878471509e+00
2.459999999999999964e+00 3.418562411656379751e+00
2.470000000000000195e+00 3.420681641628742220e+00
2.479999999999999982e+00 3.422187799472808933e+00
2.490000000000000213e+00 3.422268957600593353e+00
2.500000000000000000e+00 3.423902909481525203e+00
2.510000000000000231e+00 3.423909086806774305e+00
2.520000000000000018e+00 3.425283661360740695e+00
2.530000000000000249e+00 3.427809751460552334e+00
2.540000000000000036e+00 3.429154589250087870e+00
2.550000000000000266e+00 3.431120069253444704e+00
2.560000000000000053e+00 3.433038541121482989e+00
2.569999999999999840e+00 3.436004875760078292e+00
2.580000000000000071e+00 3.439267775580883146e+00
2.589999999999999858e+00 3.443226354248523524e+00
2.600000000000000089e+00 3.449471465566158468e+00
2.609999999999999876e+00 3.453705735008716804e+00
2.620000000000000107e+00 3.458398483405113133e+00
2.629999999999999893e+00 3.461881874387264357e+00
2.640000000000000124e+00 3.467379754621982446e+00
2.649999999999999911e+00 3.472547204201221316e+00
2.660000000000000142e+00 3.477624381139278409e+00
2.669999999999999929e+00 3.484998025321960569e+00
2.680000000000000160e+00 3.489219699997901714e+00
2.689999999999999947e+00 3.493523410298824405e+00
2.700000000000000178e+00 3.500188289089202875e+00
2.709999999999999964e+00 3.505326625869274348e+00
2.720000000000000195e+00 3.509989933459758848e+00
2.729999999999999982e+00 3.513699485132694367e+00
2.740000000000000213e+00 3.519110547487735552e+00
2.750000000000000000e+00 3.525988794357776790e+00
2.760000000000000231e+00 3.532399221901893593e+00
2.770000000000000018e+00 3.539847566900253373e+00
2.780000000000000249e+00 3.546449962420463731e+00
2.790000000000000036e+00 3.553243831217288928e+00
2.800000000000000266e+00 3.560225950305461851e+00
2.810000000000000053e+00 3.568814744126796779e+00
2.819999999999999840e+00 3.576320034708976525e+00
2.830000000000000071e+00 3.583878451938629084e+00
2.839999999999999858e+00 3.591957679033279227e+00
2.850000000000000089e+00 3.600182855181694119e+00
2.859999999999999876e+00 3.605867106719017112e+00
2.870000000000000107e+00 3.613009719221591975e+00
2.879999999999999893e+00 3.618838488457202907e+00
2.890000000000000124e+00 3.624901377789974344e+00
2.899999999999999911e+00 3.631197637913226917e+00
2.910000000000000142e+00 3.637516216437816752e+00
2.919999999999999929e+00 3.644133397383690021e+00
2.930000000000000160e+00 3.648892233276367136e+00
2.939999999999999947e+00 3.654219416418075461e+00
2.950000000000000178e+00 3.660217304728031085e+00
2.959999999999999964e+00 3.667088607695102809e+00
2.970000000000000195e+00 3.673182666304111610e+00
2.979999999999999982e+00 3.679708556840419753e+00
2.990000000000000213e+00 3.684963784005641951e+00
3.000000000000000000e+00 3.690159177567958970e+00
