0.000000000000000000e+00 4.947661037272669260e-01 5.347934832149289219e-01
1.000000000000000021e-02 4.947663324882962677e-01 5.347934513268493006e-01
2.000000000000000042e-02 1.079357751225264561e+00 1.225284185612170340e+00
2.999999999999999889e-02 1.116042833335672890e+00 1.201765590066636635e+00
4.000000000000000083e-02 1.116042833335672890e+00 1.201765590066636635e+00
5.000000000000000278e-02 1.107503106740370447e+00 1.216354269279584122e+00
5.999999999999999778e-02 1.069690420408572651e+00 1.551963669950638502e+00
7.000000000000000666e-02 1.507664749979142460e+00 1.888524707730646846e+00
8.000000000000000167e-02 1.672424750598440868e+00 1.871894706937302866e+00
8.999999999999999667e-02 1.672424750598440868e+00 1.871894706937302866e+00
1.000000000000000056e-01 1.671721921659605314e+00 1.873546036180360641e+00
1.100000000000000006e-01 1.664551956618778750e+00 1.894927113491542414e+00
1.199999999999999956e-01 1.644434821263165869e+00 2.045326175588755291e+00
1.300000000000000044e-01 1.653805834057971769e+00 2.200354079198196811e+00
1.400000000000000133e-01 1.759557685239955926e+00 2.472098518406703693e+00
1.499999999999999944e-01 2.038692743900521354e+00 2.760720177199141201e+00
1.600000000000000033e-01 2.280753493897642148e+00 2.835807996316229040e+00
1.700000000000000122e-01 2.340570020023259090e+00 2.835984401272861000e+00
1.799999999999999933e-01 2.377516318287078878e+00 2.835598712323482484e+00
1.900000000000000022e-01 2.369908540626515681e+00 2.892442223028193204e+00
2.000000000000000111e-01 2.337600644069291356e+00 3.030423922604940756e+00
2.099999999999999922e-01 2.343939211893729446e+00 3.330394148382492592e+00
2.200000000000000011e-01 2.605518143187810942e+00 3.809228218973825797e+00
2.300000000000000100e-01 3.037542576607777267e+00 4.054948375926898052e+00
2.399999999999999911e-01 3.370167511951805750e+00 4.080541942384360965e+00
2.500000000000000000e-01 3.524017674521496168e+00 4.058630250802943706e+00
2.600000000000000089e-01 3.635810651269874683e+00 4.027257922290839787e+00
2.700000000000000178e-01 3.719135831577530027e+00 3.990499654004821650e+00
2.800000000000000266e-01 3.747085131593606899e+00 3.975217527159788045e+00
2.899999999999999800e-01 3.767530362394883703e+00 3.963127990609572215e+00
2.999999999999999889e-01 3.769238377531431539e+00 3.962269239970781065e+00
3.099999999999999978e-01 3.769376323223528669e+00 3.962261425799908476e+00
3.200000000000000067e-01 3.768723377008949882e+00 3.962407497658217537e+00
3.300000000000000155e-01 3.768473414510605579e+00 3.962448375068786000e+00
3.400000000000000244e-01 3.766449018207979726e+00 3.962836993511723804e+00
3.500000000000000333e-01 3.764361393282212198e+00 3.963326217658720729e+00
3.599999999999999867e-01 3.761456501435693767e+00 3.964186792035642171e+00
3.699999999999999956e-01 3.755686637955303997e+00 3.966064443077449209e+00
3.800000000000000044e-01 3.732329122824405321e+00 3.974138721170688893e+00
3.900000000000000133e-01 3.672528712737513246e+00 3.992131366817997851e+00
4.000000000000000222e-01 3.557546899863223366e+00 4.010942242092152554e+00
4.100000000000000311e-01 3.376140536655843682e+00 3.989177210722505862e+00
4.199999999999999845e-01 3.206406036915218305e+00 3.904471311297977199e+00
4.299999999999999933e-01 3.076606808463583143e+00 3.774716903422822512e+00
4.400000000000000022e-01 2.990364364776457062e+00 3.622780023317491160e+00
4.500000000000000111e-01 2.936810062083804684e+00 3.442808352489864721e+00
4.600000000000000200e-01 2.955380581208929325e+00 3.310547673013940706e+00
4.700000000000000289e-01 2.971308314044877275e+00 3.262090777756765814e+00
4.799999999999999822e-01 2.985116722418859059e+00 3.224068457301065838e+00
4.899999999999999911e-01 2.996595947423871920e+00 3.210030409883562363e+00
5.000000000000000000e-01 3.017842677787782257e+00 3.195635322524069011e+00
5.100000000000000089e-01 3.028917162714769074e+00 3.175013079914281722e+00
5.200000000000000178e-01 3.041471282704463430e+00 3.158705162526973975e+00
5.300000000000000266e-01 3.050989283598854129e+00 3.152868287211464171e+00
5.400000000000000355e-01 3.058189022468518203e+00 3.148953948179293860e+00
5.500000000000000444e-01 3.061178955068454055e+00 3.147315144119396724e+00
5.600000000000000533e-01 3.061939519449043967e+00 3.147073422359656814e+00
5.700000000000000622e-01 3.064132555076105380e+00 3.146931086395757138e+00
5.799999999999999600e-01 3.065541764257736279e+00 3.147158687550239531e+00
5.899999999999999689e-01 3.068696941279120072e+00 3.147429730950646931e+00
5.999999999999999778e-01 3.071791294003743733e+00 3.147190015133600749e+00
6.099999999999999867e-01 3.072987900621184654e+00 3.147715918067208296e+00
6.199999999999999956e-01 3.074116446649930889e+00 3.148203938138582014e+00
6.300000000000000044e-01 3.074474267067297539e+00 3.148564519892350866e+00
6.400000000000000133e-01 3.075120253951279636e+00 3.149093391692908028e+00
6.500000000000000222e-01 3.075589493963702292e+00 3.149761126968876557e+00
6.600000000000000311e-01 3.076289403750011253e+00 3.150421284984043169e+00
6.700000000000000400e-01 3.076679978645656455e+00 3.151084605743076139e+00
6.800000000000000488e-01 3.077163697326782632e+00 3.151926332580443635e+00
6.900000000000000577e-01 3.077888960533341489e+00 3.152766306276122421e+00
7.000000000000000666e-01 3.078864386363058259e+00 3.153841651639909927e+00
7.099999999999999645e-01 3.080472412603918908e+00 3.155391898266251882e+00
7.199999999999999734e-01 3.081513959335213659e+00 3.157249087172621760e+00
7.299999999999999822e-01 3.078549137658545209e+00 3.161758594780496257e+00
7.399999999999999911e-01 3.059565206092031975e+00 3.175743437992898155e+00
7.500000000000000000e-01 3.047723124057568178e+00 3.184112541816912945e+00
7.600000000000000089e-01 3.046835481460410389e+00 3.186921507980507773e+00
7.700000000000000178e-01 3.048046414190116682e+00 3.189428317231354004e+00
7.800000000000000266e-01 3.049726838781528393e+00 3.191033829129047206e+00
7.900000000000000355e-01 3.065410115375923894e+00 3.187063111300063589e+00
8.000000000000000444e-01 3.080273855010368322e+00 3.182652178519867370e+00
8.100000000000000533e-01 3.091887774342452655e+00 3.178293639131629877e+00
8.200000000000000622e-01 3.097103846975762131e+00 3.177279412969153505e+00
8.300000000000000711e-01 3.098351734765938836e+00 3.178998159943648538e+00
8.399999999999999689e-01 3.099527591505036650e+00 3.180690215373053409e+00
8.499999999999999778e-01 3.098759347498173167e+00 3.183311926281696014e+00
8.599999999999999867e-01 3.091874432071870071e+00 3.190162117086226434e+00
8.699999999999999956e-01 3.068714956696039664e+00 3.205505378906720715e+00
8.800000000000000044e-01 3.046563853995451598e+00 3.221222708495011577e+00
8.900000000000000133e-01 3.038876146771876119e+00 3.228432176129849562e+00
9.000000000000000222e-01 3.047361631691139383e+00 3.228626955178100832e+00
9.100000000000000311e-01 3.041853143257710723e+00 3.237828152332690390e+00
9.200000000000000400e-01 2.952879137169742041e+00 3.289642332289791415e+00
9.300000000000000488e-01 3.043551637411246791e+00 3.250362052373757304e+00
9.400000000000000577e-01 3.101645347365557193e+00 3.217165437303365572e+00
9.500000000000000666e-01 3.115533208252603714e+00 3.210384763043706791e+00
9.599999999999999645e-01 3.118615201360793066e+00 3.211281150987534971e+00
9.699999999999999734e-01 3.122233221835993167e+00 3.213282049870587631e+00
9.799999999999999822e-01 3.125016851715630928e+00 3.214952843861990317e+00
9.899999999999999911e-01 3.128426955145609867e+00 3.216798284240948824e+00
1.000000000000000000e+00 3.131578807971077794e+00 3.218346376221579597e+00
1.010000000000000009e+00 3.133708489818865850e+00 3.219702464561169819e+00
1.020000000000000018e+00 3.135996166892033976e+00 3.221008592257517122e+00
1.030000000000000027e+00 3.138702171098431748e+00 3.222360853994646668e+00
1.040000000000000036e+00 3.141595243481151378e+00 3.223406678105838807e+00
1.050000000000000044e+00 3.144047104596296993e+00 3.224313556018670202e+00
1.060000000000000053e+00 3.146019524243615084e+00 3.225038832623221108e+00
1.070000000000000062e+00 3.148121066293381620e+00 3.225747061739303145e+00
1.080000000000000071e+00 3.149688754782526523e+00 3.226185329971463567e+00
1.090000000000000080e+00 3.151005450480779846e+00 3.226591464163461875e+00
1.100000000000000089e+00 3.152449021413149310e+00 3.227009126546559692e+00
1.110000000000000098e+00 3.153755138274565439e+00 3.227411033300026766e+00
1.120000000000000107e+00 3.154949763582004962e+00 3.227787809998736712e+00
1.130000000000000115e+00 3.155884670020826288e+00 3.228132150119058519e+00
1.140000000000000124e+00 3.156756566639645101e+00 3.228382603964107034e+00
1.150000000000000133e+00 3.157562822893290377e+00 3.228616182562680681e+00
1.159999999999999920e+00 3.158345023891010239e+00 3.228887534521541536e+00
1.169999999999999929e+00 3.159589287011628667e+00 3.229280782110686143e+00
1.179999999999999938e+00 3.160488837358025105e+00 3.229735885432692744e+00
1.189999999999999947e+00 3.161199284968789769e+00 3.230006692676130164e+00
1.199999999999999956e+00 3.161797591161527254e+00 3.230184168715677817e+00
1.209999999999999964e+00 3.162371714089001973e+00 3.230300230095301206e+00
1.219999999999999973e+00 3.162866684775115900e+00 3.230294976125000161e+00
1.229999999999999982e+00 3.163711693347531995e+00 3.230261766911905585e+00
1.239999999999999991e+00 3.164255759164309900e+00 3.229961016739391511e+00
1.250000000000000000e+00 3.165199505141831349e+00 3.229357896019362517e+00
1.260000000000000009e+00 3.166200279462736855e+00 3.228693262736398228e+00
1.270000000000000018e+00 3.167521039924266368e+00 3.228316700039265186e+00
1.280000000000000027e+00 3.168368919377232640e+00 3.227662040124033904e+00
1.290000000000000036e+00 3.169228431047215189e+00 3.227169216581568634e+00
1.300000000000000044e+00 3.169943140911131163e+00 3.226945236021012686e+00
1.310000000000000053e+00 3.170427278079102518e+00 3.226900104490210364e+00
1.320000000000000062e+00 3.170943685172912030e+00 3.226817932425621205e+00
1.330000000000000071e+00 3.171367914890395046e+00 3.226574192911042527e+00
1.340000000000000080e+00 3.171644154891728906e+00 3.226505912418604627e+00
1.350000000000000089e+00 3.172027887720102690e+00 3.226535553852087013e+00
1.360000000000000098e+00 3.172529744595167678e+00 3.226481416207673369e+00
1.370000000000000107e+00 3.173267429688467534e+00 3.226657643887505866e+00
1.380000000000000115e+00 3.173782559412845483e+00 3.226821892219654320e+00
1.390000000000000124e+00 3.174223665276997064e+00 3.226913369472987458e+00
1.400000000000000133e+00 3.174497694310689067e+00 3.226869044247126173e+00
1.409999999999999920e+00 3.174729582209205869e+00 3.226966559934997480e+00
1.419999999999999929e+00 3.174990838978937191e+00 3.227172275654623057e+00
1.429999999999999938e+00 3.175260770345781136e+00 3.227308234280493071e+00
1.439999999999999947e+00 3.175641747871566611e+00 3.227426044658492810e+00
1.449999999999999956e+00 3.176046649383168052e+00 3.227596642190356135e+00
1.459999999999999964e+00 3.176314170950777171e+00 3.227702161036603901e+00
1.469999999999999973e+00 3.176599212498501412e+00 3.227861505284473242e+00
1.479999999999999982e+00 3.176911740052394073e+00 3.228006901433773557e+00
1.489999999999999991e+00 3.177080883040524828e+00 3.228072471275232669e+00
1.500000000000000000e+00 3.177242557484108332e+00 3.228129116653007280e+00
1.510000000000000009e+00 3.177258499597615859e+00 3.228313437105112094e+00
1.520000000000000018e+00 3.177240031180793345e+00 3.228575301665848052e+00
1.530000000000000027e+00 3.177028084297129684e+00 3.229027351303150883e+00
1.540000000000000036e+00 3.177016405450599379e+00 3.229079197386009348e+00
1.550000000000000044e+00 3.176999081445603057e+00 3.229218712071509234e+00
1.560000000000000053e+00 3.176987162366099238e+00 3.229252106213384099e+00
1.570000000000000062e+00 3.176841390737064064e+00 3.229580209647648470e+00
1.580000000000000071e+00 3.176845442167258060e+00 3.229644710854554734e+00
1.590000000000000080e+00 3.176846318391384649e+00 3.229678660251079414e+00
1.600000000000000089e+00 3.176857457917970695e+00 3.229672524410444279e+00
1.610000000000000098e+00 3.176866042803463408e+00 3.229678884431185892e+00
1.620000000000000107e+00 3.176881571832208984e+00 3.229675430597753305e+00
1.630000000000000115e+00 3.176837565154696730e+00 3.229660701241825915e+00
1.640000000000000124e+00 3.176831863152281166e+00 3.229643968871339865e+00
1.650000000000000133e+00 3.177091038656428612e+00 3.228667179660603015e+00
1.660000000000000142e+00 3.177008849795493362e+00 3.228501640569534814e+00
1.669999999999999929e+00 3.176733763711878211e+00 3.228622124239972635e+00
1.679999999999999938e+00 3.176321522823879473e+00 3.229370086677958884e+00
1.689999999999999947e+00 3.175754840303096849e+00 3.230083684796657195e+00
1.699999999999999956e+00 3.175143161930079838e+00 3.230686116944317288e+00
1.709999999999999964e+00 3.174742242621713562e+00 3.231584283676809388e+00
1.719999999999999973e+00 3.174248260758365081e+00 3.232372890197788617e+00
1.729999999999999982e+00 3.173991459157162964e+00 3.232805490763491107e+00
1.739999999999999991e+00 3.172885012305838970e+00 3.233635833388702530e+00
1.750000000000000000e+00 3.172072019860790792e+00 3.234374527795268239e+00
1.760000000000000009e+00 3.170316343026920336e+00 3.236167915710643328e+00
1.770000000000000018e+00 3.167991621379959266e+00 3.238220259790313360e+00
1.780000000000000027e+00 3.164397382502791345e+00 3.241597802939179651e+00
1.790000000000000036e+00 3.161449116743269450e+00 3.244699887182053821e+00
1.800000000000000044e+00 3.156804883332836376e+00 3.249554441589725506e+00
1.810000000000000053e+00 3.153691687337862870e+00 3.254396122658742119e+00
1.820000000000000062e+00 3.151676019159523001e+00 3.260675889662536520e+00
1.830000000000000071e+00 3.150647377177586250e+00 3.267262959908137532e+00
1.840000000000000080e+00 3.149700734865230167e+00 3.273780613334614564e+00
1.850000000000000089e+00 3.148709331654348631e+00 3.280978375073632769e+00
1.860000000000000098e+00 3.147988719047611017e+00 3.288018951822216263e+00
1.870000000000000107e+00 3.146461242108882228e+00 3.294415925201832795e+00
1.880000000000000115e+00 3.145356037985731934e+00 3.302285553601334467e+00
1.890000000000000124e+00 3.147413478659597530e+00 3.310153456731828925e+00
1.900000000000000133e+00 3.149344674507367436e+00 3.318033003658068303e+00
1.910000000000000142e+00 3.153476577611946219e+00 3.327387093905425530e+00
1.919999999999999929e+00 3.158392506382430742e+00 3.336856226627860966e+00
1.929999999999999938e+00 3.166147442136100221e+00 3.347285445933052994e+00
1.939999999999999947e+00 3.171968356878983375e+00 3.357751509978545545e+00
1.949999999999999956e+00 3.178106713060560473e+00 3.367421134506043856e+00
1.959999999999999964e+00 3.182920045994803715e+00 3.376246152840569614e+00
1.969999999999999973e+00 3.189106065924648625e+00 3.385677308909412098e+00
1.979999999999999982e+00 3.195595529354365194e+00 3.394446585156171370e+00
1.989999999999999991e+00 3.201827993876053657e+00 3.403458267777846213e+00
2.000000000000000000e+00 3.208489092763874506e+00 3.411001081529643653e+00
2.010000000000000231e+00 3.217285215219803263e+00 3.418352494612387993e+00
2.020000000000000018e+00 3.225149424148658905e+00 3.424546066187759141e+00
2.030000000000000249e+00 3.232301959959091420e+00 3.430350760592399517e+00
2.040000000000000036e+00 3.239851697034334954e+00 3.435996067915463748e+00
2.049999999999999822e+00 3.247716910054122330e+00 3.441027640517319242e+00
2.060000000000000053e+00 3.256405377088012365e+00 3.446232355160294247e+00
2.069999999999999840e+00 3.263340214644618431e+00 3.456395444029622066e+00
2.080000000000000071e+00 3.269858748227092882e+00 3.473044687131908503e+00
2.089999999999999858e+00 3.276199574407182347e+00 3.486861847740568621e+00
2.100000000000000089e+00 3.283462148974778394e+00 3.497758110872863035e+00
2.109999999999999876e+00 3.289980169471659277e+00 3.506054735108456999e+00
2.120000000000000107e+00 3.295501364200836836e+00 3.523827749726050396e+00
2.129999999999999893e+00 3.301341951265874375e+00 3.534836195659098568e+00
2.140000000000000124e+00 3.306669221570532446e+00 3.542275761406381118e+00
2.149999999999999911e+00 3.311238553786931771e+00 3.548450699748338710e+00
2.160000000000000142e+00 3.317342957415343019e+00 3.547184100580453414e+00
2.169999999999999929e+00 3.322877743429075270e+00 3.546964170104135672e+00
2.180000000000000160e+00 3.327500340063423323e+00 3.546645043552070220e+00
2.189999999999999947e+00 3.330501974349365124e+00 3.545555618471756265e+00
2.200000000000000178e+00 3.333927272962188049e+00 3.541822082196618204e+00
2.209999999999999964e+00 3.337498233209765797e+00 3.538200144785724977e+00
2.220000000000000195e+00 3.341009550527165306e+00 3.532113058139254580e+00
2.229999999999999982e+00 3.345738874081892078e+00 3.523151526704507930e+00
2.240000000000000213e+00 3.348524627857434766e+00 3.516494179048311963e+00
2.250000000000000000e+00 3.352307569434818557e+00 3.504427709114375400e+00
2.260000000000000231e+00 3.355293791606986709e+00 3.499538302051460548e+00
2.270000000000000018e+00 3.359523319188480350e+00 3.491510224941844598e+00
2.280000000000000249e+00 3.361556721693790717e+00 3.483492757566654330e+00
2.290000000000000036e+00 3.362255214602983600e+00 3.477966227047406989e+00
2.300000000000000266e+00 3.361440885570940562e+00 3.474391823398175649e+00
2.310000000000000053e+00 3.363451462108211665e+00 3.472584038308544230e+00
2.319999999999999840e+00 3.366073695972559232e+00 3.471343381850126253e+00
2.330000000000000071e+00 3.368078321306632095e+00 3.470598901627136801e+00
2.339999999999999858e+00 3.370681218019487613e+00 3.469810278986928953e+00
2.350000000000000089e+00 3.373539488971681877e+00 3.468456761071233352e+00
2.359999999999999876e+00 3.377588283538453418e+00 3.466091951971418617e+00
2.370000000000000107e+00 3.384270562416020756e+00 3.462081939562853261e+00
2.379999999999999893e+00 3.387204129944613396e+00 3.460421993388364204e+00
2.390000000000000124e+00 3.390789978658909298e+00 3.458284911530261851e+00
2.399999999999999911e+00 3.391324715486366159e+00 3.457912455887001357e+00
2.410000000000000142e+00 3.391814639288697197e+00 3.457353188641753672e+00
2.419999999999999929e+00 3.392374383627218659e+00 3.456688635705666979e+00
2.430000000000000160e+00 3.393542784194489847e+00 3.455410878181914391e+00
2.439999999999999947e+00 3.394932630643655358e+00 3.454287194304655806e+00
2.450000000000000178e+00 3.395267734014181471e+00 3.453845613840432982e+00
2.459999999999999964e+00 3.395609268796415225e+00 3.453240184438257199e+00
2.470000000000000195e+00 3.396244559715392075e+00 3.452783026100991304e+00
2.479999999999999982e+00 3.397140962378621953e+00 3.452019720328210806e+00
2.490000000000000213e+00 3.397649452869514697e+00 3.451460760958572571e+00
2.500000000000000000e+00 3.398582475527102797e+00 3.450621429216091496e+00
2.510000000000000231e+00 3.399682377775574693e+00 3.449195222045515763e+00
2.520000000000000018e+00 3.400592840625932034e+00 3.448201255586455183e+00
2.530000000000000249e+00 3.401282456019039557e+00 3.447349806368236180e+00
2.540000000000000036e+00 3.401839984784418291e+00 3.446876743077940120e+00
2.550000000000000266e+00 3.402489021576600159e+00 3.446127212649626514e+00
2.560000000000000053e+00 3.402897586531068885e+00 3.445634226155851021e+00
2.569999999999999840e+00 3.403188162230711633e+00 3.445204756298799076e+00
2.580000000000000071e+00 3.403578209635017338e+00 3.444648010805846816e+00
2.589999999999999858e+00 3.403806180482748189e+00 3.444272757701035914e+00
2.600000000000000089e+00 3.403898945478762705e+00 3.444136267367039927e+00
2.609999999999999876e+00 3.404149131276736906e+00 3.443859742462505924e+00
2.620000000000000107e+00 3.404413960164247133e+00 3.443541224633993370e+00
2.629999999999999893e+00 3.404497888907471737e+00 3.443357271152457155e+00
2.640000000000000124e+00 3.404640635534748938e+00 3.443283152974619732e+00
2.649999999999999911e+00 3.405304890230937520e+00 3.442141845952229051e+00
2.660000000000000142e+00 3.405605198103934583e+00 3.441625138628929825e+00
2.669999999999999929e+00 3.405748551400279656e+00 3.441342285048389460e+00
2.680000000000000160e+00 3.405796614019433122e+00 3.441235786011656472e+00
2.689999999999999947e+00 3.406037797686622071e+00 3.440960351407959195e+00
2.700000000000000178e+00 3.406066450962790704e+00 3.440941769089928215e+00
2.709999999999999964e+00 3.406157341593090138e+00 3.440905281964954376e+00
2.720000000000000195e+00 3.406182921538166486e+00 3.440871000724025297e+00
2.729999999999999982e+00 3.406196806618137618e+00 3.440862626341419261e+00
2.740000000000000213e+00 3.406205479809627512e+00 3.440869532945766807e+00
2.750000000000000000e+00 3.406208297759447223e+00 3.440863247698393135e+00
2.760000000000000231e+00 3.406208068812865086e+00 3.440864114548188191e+00
2.770000000000000018e+00 3.406220859179239557e+00 3.440835775246877670e+00
2.780000000000000249e+00 3.406260721304793293e+00 3.440781228167634431e+00
2.790000000000000036e+00 3.406380283016387622e+00 3.440513443580444530e+00
2.800000000000000266e+00 3.406655050814439978e+00 3.439949034769246961e+00
2.810000000000000053e+00 3.406723942269433092e+00 3.439808406830680010e+00
2.819999999999999840e+00 3.406860328660577864e+00 3.439522414378552995e+00
2.830000000000000071e+00 3.406925303440026198e+00 3.439399646253654019e+00
2.839999999999999858e+00 3.406953377214325229e+00 3.439361256107436482e+00
2.850000000000000089e+00 3.406963477939842999e+00 3.439369955950499769e+00
2.859999999999999876e+00 3.406963477939842999e+00 3.439369955950499769e+00
2.870000000000000107e+00 3.406967066000394340e+00 3.439372061044283058e+00
2.879999999999999893e+00 3.406971167294984504e+00 3.439374466211789994e+00
2.890000000000000124e+00 3.406971167294984504e+00 3.439374466211789994e+00
2.899999999999999911e+00 3.406971130076035692e+00 3.439374441933050974e+00
2.910000000000000142e+00 3.406980028923806803e+00 3.439387473303022968e+00
2.919999999999999929e+00 3.406981054878157611e+00 3.439388073964196213e+00
2.930000000000000160e+00 3.406982593891459299e+00 3.439388974874181049e+00
2.939999999999999947e+00 3.406993895404025974e+00 3.439399711339786503e+00
2.950000000000000178e+00 3.406993895404025974e+00 3.439399711339786503e+00
2.959999999999999964e+00 3.406994888940463984e+00 3.439400708445896182e+00
2.970000000000000195e+00 3.406994888940463984e+00 3.439400708445896182e+00
2.979999999999999982e+00 3.407000456917046893e+00 3.439404015805960224e+00
2.990000000000000213e+00 3.407000382752014556e+00 3.439404014726088921e+00
3.000000000000000000e+00 3.407018914857864456e+00 3.439416524337768788e+00
