0.000000000000000000e+00 5.584538518901169812e-01
1.000000000000000021e-02 1.079485681893229465e+00
2.000000000000000042e-02 1.173051295163035412e+00
2.999999999999999889e-02 1.175279710981845804e+00
4.000000000000000083e-02 1.175278819941282249e+00
5.000000000000000278e-02 1.175278633891344127e+00
5.999999999999999778e-02 1.179454646023511799e+00
7.000000000000000666e-02 1.588519923301935144e+00
8.000000000000000167e-02 2.158015150340795607e+00
8.999999999999999667e-02 2.209469040347337820e+00
1.000000000000000056e-01 2.208371919170617925e+00
1.100000000000000006e-01 2.208370946635007659e+00
1.199999999999999956e-01 2.208349811836481269e+00
1.300000000000000044e-01 2.208330725935697458e+00
1.400000000000000133e-01 2.208271159113645687e+00
1.499999999999999944e-01 2.212701342693567330e+00
1.600000000000000033e-01 2.214638444577455623e+00
1.700000000000000122e-01 2.224509153991937715e+00
1.799999999999999933e-01 2.291278852381706255e+00
1.900000000000000022e-01 2.488879155933856779e+00
2.000000000000000111e-01 3.334726797692775691e+00
2.099999999999999922e-01 3.751783362200260097e+00
2.200000000000000011e-01 3.899854826109409256e+00
2.300000000000000100e-01 3.906278353857993935e+00
2.399999999999999911e-01 3.906278353857993935e+00
2.500000000000000000e-01 3.906278353857993935e+00
2.600000000000000089e-01 3.906278353857993935e+00
2.700000000000000178e-01 3.906278353857993935e+00
2.800000000000000266e-01 3.906278353857993935e+00
2.899999999999999800e-01 3.906278353857993935e+00
2.999999999999999889e-01 3.906275500583648697e+00
3.099999999999999978e-01 3.906270446357726911e+00
3.200000000000000067e-01 3.896261677110194999e+00
3.300000000000000155e-01 3.845033908216953122e+00
3.400000000000000244e-01 3.654618356328010353e+00
3.500000000000000333e-01 3.451701969327926722e+00
3.599999999999999867e-01 3.246565072014331754e+00
3.699999999999999956e-01 3.194311389865875039e+00
3.800000000000000044e-01 3.186882860369682380e+00
3.900000000000000133e-01 3.184175720715522573e+00
4.000000000000000222e-01 3.181556409721374656e+00
4.100000000000000311e-01 3.181556409721374656e+00
4.199999999999999845e-01 3.181556409721374656e+00
4.299999999999999933e-01 3.181556409721374656e+00
4.400000000000000022e-01 3.181556409721374656e+00
4.500000000000000111e-01 3.181556409721374656e+00
4.600000000000000200e-01 3.181556409721374656e+00
4.700000000000000289e-01 3.181556409721374656e+00
4.799999999999999822e-01 3.181556409721374656e+00
4.899999999999999911e-01 3.181556409721374656e+00
5.000000000000000000e-01 3.181556409721374656e+00
5.100000000000000089e-01 3.181556409721374656e+00
5.200000000000000178e-01 3.181556409721374656e+00
5.300000000000000266e-01 3.181556409721374656e+00
5.400000000000000355e-01 3.181556409721374656e+00
5.500000000000000444e-01 3.181556409721374656e+00
5.600000000000000533e-01 3.181556409721374656e+00
5.700000000000000622e-01 3.181556409721374656e+00
5.799999999999999600e-01 3.181556409721374656e+00
5.899999999999999689e-01 3.181556409721374656e+00
5.999999999999999778e-01 3.181556409721374656e+00
6.099999999999999867e-01 3.181556409721374656e+00
6.199999999999999956e-01 3.181556409721374656e+00
6.300000000000000044e-01 3.181556409721374656e+00
6.400000000000000133e-01 3.181556409721374656e+00
6.500000000000000222e-01 3.181556409721374656e+00
6.600000000000000311e-01 3.181556409721374656e+00
6.700000000000000400e-01 3.181556409721374656e+00
6.800000000000000488e-01 3.181556409721374656e+00
6.900000000000000577e-01 3.181556409721374656e+00
7.000000000000000666e-01 3.181556409721374656e+00
7.099999999999999645e-01 3.181556409721374656e+00
7.199999999999999734e-01 3.181556409721374656e+00
7.299999999999999822e-01 3.181556409721374656e+00
7.399999999999999911e-01 3.181556409721374656e+00
7.500000000000000000e-01 3.181556409721374656e+00
7.600000000000000089e-01 3.181556409721374656e+00
7.700000000000000178e-01 3.181556409721374656e+00
7.800000000000000266e-01 3.181556409721374656e+00
7.900000000000000355e-01 3.181556409721374656e+00
8.000000000000000444e-01 3.181556409721374656e+00
8.100000000000000533e-01 3.181556409721374656e+00
8.200000000000000622e-01 3.181556409721374656e+00
8.300000000000000711e-01 3.181556409721374656e+00
8.399999999999999689e-01 3.181556409721374656e+00
8.499999999999999778e-01 3.181556409721374656e+00
8.599999999999999867e-01 3.181556409721374656e+00
8.699999999999999956e-01 3.181556409721374656e+00
8.800000000000000044e-01 3.181556409721374656e+00
8.900000000000000133e-01 3.181556409721374656e+00
9.000000000000000222e-01 3.181556409721374656e+00
9.100000000000000311e-01 3.181556409721374656e+00
9.200000000000000400e-01 3.181556409721374656e+00
9.300000000000000488e-01 3.181556409721374656e+00
9.400000000000000577e-01 3.181556409721374656e+00
9.500000000000000666e-01 3.181556409721374656e+00
9.599999999999999645e-01 3.181556409721374656e+00
9.699999999999999734e-01 3.181556409721374656e+00
9.799999999999999822e-01 3.181556409721374656e+00
9.899999999999999911e-01 3.181556409721374656e+00
1.000000000000000000e+00 3.181556409721374656e+00
1.010000000000000009e+00 3.181556409721374656e+00
1.020000000000000018e+00 3.181556409721374656e+00
1.030000000000000027e+00 3.181556409721374656e+00
1.040000000000000036e+00 3.181556409721374656e+00
1.050000000000000044e+00 3.181556409721374656e+00
1.060000000000000053e+00 3.181556409721374656e+00
1.070000000000000062e+00 3.181556409721374656e+00
1.080000000000000071e+00 3.181556409721374656e+00
1.090000000000000080e+00 3.181556409721374656e+00
1.100000000000000089e+00 3.181556409721374656e+00
1.110000000000000098e+00 3.181556409721374656e+00
1.120000000000000107e+00 3.181556650233268613e+00
1.130000000000000115e+00 3.181557045814991103e+00
1.140000000000000124e+00 3.181556862895488891e+00
1.150000000000000133e+00 3.181556862895488891e+00
1.159999999999999920e+00 3.181556862895488891e+00
1.169999999999999929e+00 3.181556862895488891e+00
1.179999999999999938e+00 3.181556862895488891e+00
1.189999999999999947e+00 3.181556862895488891e+00
1.199999999999999956e+00 3.181556836152076517e+00
1.209999999999999964e+00 3.181556836152076517e+00
1.219999999999999973e+00 3.181556836152076517e+00
1.229999999999999982e+00 3.181556836152076517e+00
1.239999999999999991e+00 3.181556836152076517e+00
1.250000000000000000e+00 3.181556836152076517e+00
1.260000000000000009e+00 3.181556836152076517e+00
1.270000000000000018e+00 3.181556818130016229e+00
1.280000000000000027e+00 3.181556529777049835e+00
1.290000000000000036e+00 3.181556529777049835e+00
1.300000000000000044e+00 3.181556387608051484e+00
1.310000000000000053e+00 3.181558859791755456e+00
1.320000000000000062e+00 3.181559147477150074e+00
1.330000000000000071e+00 3.181559037570953485e+00
1.340000000000000080e+00 3.181559037570953485e+00
1.350000000000000089e+00 3.181559037570953485e+00
1.360000000000000098e+00 3.181559037570953485e+00
1.370000000000000107e+00 3.181558081614971112e+00
1.380000000000000115e+00 3.181559174630641973e+00
1.390000000000000124e+00 3.181560609340667867e+00
1.400000000000000133e+00 3.181560999703407333e+00
1.409999999999999920e+00 3.181560096871852927e+00
1.419999999999999929e+00 3.181560096871852927e+00
1.429999999999999938e+00 3.181560096871852927e+00
1.439999999999999947e+00 3.181560096871852927e+00
1.449999999999999956e+00 3.181560096871852927e+00
1.459999999999999964e+00 3.181560096871852927e+00
1.469999999999999973e+00 3.181560096871852927e+00
1.479999999999999982e+00 3.181560096871852927e+00
1.489999999999999991e+00 3.181560096871852927e+00
1.500000000000000000e+00 3.181560096871852927e+00
1.510000000000000009e+00 3.181560096871852927e+00
1.520000000000000018e+00 3.181560075182914726e+00
1.530000000000000027e+00 3.181560075182914726e+00
1.540000000000000036e+00 3.181560075182914726e+00
1.550000000000000044e+00 3.181560093107223430e+00
1.560000000000000053e+00 3.181560030934810435e+00
1.570000000000000062e+00 3.181560030934810435e+00
1.580000000000000071e+00 3.181560030934810435e+00
1.590000000000000080e+00 3.181560030934810435e+00
1.600000000000000089e+00 3.181560551965236794e+00
1.610000000000000098e+00 3.181574495320320217e+00
1.620000000000000107e+00 3.181591780397892144e+00
1.630000000000000115e+00 3.181656159405708451e+00
1.640000000000000124e+00 3.181683807163238509e+00
1.650000000000000133e+00 3.181713234298229054e+00
1.660000000000000142e+00 3.181726971025466977e+00
1.669999999999999929e+00 3.181777769074439988e+00
1.679999999999999938e+00 3.181809013621807125e+00
1.689999999999999947e+00 3.181809013621807125e+00
1.699999999999999956e+00 3.181877381353378276e+00
1.709999999999999964e+00 3.181884847946166772e+00
1.719999999999999973e+00 3.181966675961017454e+00
1.729999999999999982e+00 3.182099775519370954e+00
1.739999999999999991e+00 3.182154418509006710e+00
1.750000000000000000e+00 3.182222388188839179e+00
1.760000000000000009e+00 3.182322488145828299e+00
1.770000000000000018e+00 3.183802153685093117e+00
1.780000000000000027e+00 3.185401482253074512e+00
1.790000000000000036e+00 3.187969747238159179e+00
1.800000000000000044e+00 3.190864673073291691e+00
1.810000000000000053e+00 3.193055241706371117e+00
1.820000000000000062e+00 3.195936986010074587e+00
1.830000000000000071e+00 3.198793903515338766e+00
1.840000000000000080e+00 3.204762594799995590e+00
1.850000000000000089e+00 3.215283965563774160e+00
1.860000000000000098e+00 3.240442237391472080e+00
1.870000000000000107e+00 3.268441294493675375e+00
1.880000000000000115e+00 3.303341036226749239e+00
1.890000000000000124e+00 3.350055736587047583e+00
1.900000000000000133e+00 3.393683116531371891e+00
1.910000000000000142e+00 3.419880609462261134e+00
1.919999999999999929e+00 3.433498224310874924e+00
1.929999999999999938e+00 3.438155270941257502e+00
1.939999999999999947e+00 3.440209957137107644e+00
1.949999999999999956e+00 3.447024017915725658e+00
1.959999999999999964e+00 3.451220762872695857e+00
1.969999999999999973e+00 3.456751537799835017e+00
1.979999999999999982e+00 3.459048785867691045e+00
1.989999999999999991e+00 3.460166506831646061e+00
2.000000000000000000e+00 3.461397707540988744e+00
2.010000000000000231e+00 3.462217130773067364e+00
2.020000000000000018e+00 3.462552468047142007e+00
2.030000000000000249e+00 3.462712228233814304e+00
2.040000000000000036e+00 3.461710215625763087e+00
2.049999999999999822e+00 3.460727920818329029e+00
2.060000000000000053e+00 3.459186939356327262e+00
2.069999999999999840e+00 3.458936578862667144e+00
2.080000000000000071e+00 3.458360762245654918e+00
2.089999999999999858e+00 3.457944714961052046e+00
2.100000000000000089e+00 3.457858823761939870e+00
2.109999999999999876e+00 3.457585042991638158e+00
2.120000000000000107e+00 3.457375117709636569e+00
2.129999999999999893e+00 3.457346344120502568e+00
2.140000000000000124e+00 3.457346344120502568e+00
2.149999999999999911e+00 3.457346344120502568e+00
2.160000000000000142e+00 3.457346344120502568e+00
2.169999999999999929e+00 3.457346344120502568e+00
2.180000000000000160e+00 3.457346344120502568e+00
2.189999999999999947e+00 3.457346344120502568e+00
2.200000000000000178e+00 3.457346344120502568e+00
2.209999999999999964e+00 3.457346344120502568e+00
2.220000000000000195e+00 3.457346344120502568e+00
2.229999999999999982e+00 3.457314651844501707e+00
2.240000000000000213e+00 3.457022316105365700e+00
2.250000000000000000e+00 3.456540958886146431e+00
2.260000000000000231e+00 3.456400579216480473e+00
2.270000000000000018e+00 3.456304065496921485e+00
2.280000000000000249e+00 3.456150406122207475e+00
2.290000000000000036e+00 3.456063708336353457e+00
2.300000000000000266e+00 3.456058625214099678e+00
2.310000000000000053e+00 3.455984316043853699e+00
2.319999999999999840e+00 3.455463179500103177e+00
2.330000000000000071e+00 3.456249632821083217e+00
2.339999999999999858e+00 3.457692410204410649e+00
2.350000000000000089e+00 3.459404744031429502e+00
2.359999999999999876e+00 3.459874439902305809e+00
2.370000000000000107e+00 3.459874439902305809e+00
2.379999999999999893e+00 3.459874439902305809e+00
2.390000000000000124e+00 3.459874439902305809e+00
2.399999999999999911e+00 3.459874439902305809e+00
2.410000000000000142e+00 3.459874439902305809e+00
2.419999999999999929e+00 3.459874439902305809e+00
2.430000000000000160e+00 3.459874439902305809e+00
2.439999999999999947e+00 3.459874439902305809e+00
2.450000000000000178e+00 3.459874439902305809e+00
2.459999999999999964e+00 3.459874439902305809e+00
2.470000000000000195e+00 3.459874439902305809e+00
2.479999999999999982e+00 3.459860503079891014e+00
2.490000000000000213e+00 3.459806929380893514e+00
2.500000000000000000e+00 3.459722985291481034e+00
2.510000000000000231e+00 3.459624146568775149e+00
2.520000000000000018e+00 3.459574432134628452e+00
2.530000000000000249e+00 3.459555612242221745e+00
2.540000000000000036e+00 3.459514272086620323e+00
2.550000000000000266e+00 3.459493161010742224e+00
2.560000000000000053e+00 3.459480218617916325e+00
2.569999999999999840e+00 3.459480309541225651e+00
2.580000000000000071e+00 3.459480348820686224e+00
2.589999999999999858e+00 3.459480348820686224e+00
2.600000000000000089e+00 3.459480348820686224e+00
2.609999999999999876e+00 3.459480348820686224e+00
2.620000000000000107e+00 3.459480348820686224e+00
2.629999999999999893e+00 3.459480348820686224e+00
2.640000000000000124e+00 3.459480348820686224e+00
2.649999999999999911e+00 3.459480348820686224e+00
2.660000000000000142e+00 3.459480348820686224e+00
2.669999999999999929e+00 3.459480348820686224e+00
2.680000000000000160e+00 3.459480348820686224e+00
2.689999999999999947e+00 3.459480348820686224e+00
2.700000000000000178e+00 3.459480348820686224e+00
2.709999999999999964e+00 3.459480348820686224e+00
2.720000000000000195e+00 3.459480348820686224e+00
2.729999999999999982e+00 3.459480348820686224e+00
2.740000000000000213e+00 3.459479862122535554e+00
2.750000000000000000e+00 3.459479862122535554e+00
2.760000000000000231e+00 3.459479970471858845e+00
2.770000000000000018e+00 3.459479970471858845e+00
2.780000000000000249e+00 3.459479970471858845e+00
2.790000000000000036e+00 3.459479970471858845e+00
2.800000000000000266e+00 3.459468419122695870e+00
2.810000000000000053e+00 3.459451167910099212e+00
2.819999999999999840e+00 3.459438269066810623e+00
2.830000000000000071e+00 3.459355927433967803e+00
2.839999999999999858e+00 3.459295207695960883e+00
2.850000000000000089e+00 3.459276082623004900e+00
2.859999999999999876e+00 3.459231262736320645e+00
2.870000000000000107e+00 3.459173457188606360e+00
2.879999999999999893e+00 3.459084337077140692e+00
2.890000000000000124e+00 3.459013515901565583e+00
2.899999999999999911e+00 3.458998720095157520e+00
2.910000000000000142e+00 3.458939864192009050e+00
2.919999999999999929e+00 3.458918119547367276e+00
2.930000000000000160e+00 3.458915840539932063e+00
2.939999999999999947e+00 3.458915759849548355e+00
2.950000000000000178e+00 3.458915759849548355e+00
2.959999999999999964e+00 3.458915759849548355e+00
2.970000000000000195e+00 3.458915759849548355e+00
2.979999999999999982e+00 3.458915759849548355e+00
2.990000000000000213e+00 3.458915759849548355e+00
3.000000000000000000e+00 3.458915759849548355e+00
