0.000000000000000000e+00 2.408796784459110440e-01 2.874297849325779808e-01
1.000000000000000021e-02 1.114238847479624983e-01 8.443331488605932966e-01
2.000000000000000042e-02 1.116135225941917719e+00 1.281124905730703256e+00
2.999999999999999889e-02 1.123122197504247355e+00 1.268125690861736432e+00
4.000000000000000083e-02 1.124041788742105918e+00 1.264655507425506364e+00
5.000000000000000278e-02 1.112295997620906585e+00 1.269545844443950910e+00
5.999999999999999778e-02 1.037140713694339134e+00 1.314858736338968104e+00
7.000000000000000666e-02 6.877000954631318219e-01 2.110371116426850158e+00
8.000000000000000167e-02 1.977474704691631446e+00 4.363139343400733949e+00
8.999999999999999667e-02 3.606527646377537089e+00 4.165467732932117251e+00
1.000000000000000056e-01 3.835889894748896189e+00 3.994095412677556745e+00
1.100000000000000006e-01 3.835901477755743638e+00 3.994164646426003440e+00
1.199999999999999956e-01 3.835957137322378419e+00 3.994254515361833402e+00
1.300000000000000044e-01 3.835956926093619046e+00 3.994271113838632203e+00
1.400000000000000133e-01 3.835896328600967742e+00 3.994227786827956983e+00
1.499999999999999944e-01 3.835890599855512395e+00 3.994219419284731121e+00
1.600000000000000033e-01 3.835868781515778814e+00 3.994229620083151744e+00
1.700000000000000122e-01 3.835866848652261130e+00 3.994222371661764637e+00
1.799999999999999933e-01 3.835847865236800214e+00 3.994198077599007579e+00
1.900000000000000022e-01 3.835773868430286893e+00 3.994171877815097194e+00
2.000000000000000111e-01 3.835724717907067927e+00 3.994122483845594651e+00
2.099999999999999922e-01 3.835647006638916334e+00 3.994094335085479397e+00
2.200000000000000011e-01 3.835644977992664018e+00 3.994107264534344282e+00
2.300000000000000100e-01 3.835135372091985850e+00 3.994140636556886115e+00
2.399999999999999911e-01 3.834734756937685951e+00 3.994199074029263663e+00
2.500000000000000000e-01 3.834167934183801307e+00 3.994146934976851249e+00
2.600000000000000089e-01 3.832964143543675650e+00 3.994247461738154481e+00
2.700000000000000178e-01 3.831665525220121715e+00 3.994284580694947628e+00
2.800000000000000266e-01 3.830658545275784643e+00 3.994348805288218340e+00
2.899999999999999800e-01 3.829689546083891560e+00 3.994446202321565220e+00
2.999999999999999889e-01 3.828131868897065360e+00 3.994637359737769344e+00
3.099999999999999978e-01 3.825658664050252344e+00 3.995513317537157771e+00
3.200000000000000067e-01 3.821384339624723570e+00 3.997245772188821267e+00
3.300000000000000155e-01 3.817080578640279498e+00 3.999090241305055748e+00
3.400000000000000244e-01 3.795938791717574201e+00 4.010599805336906520e+00
3.500000000000000333e-01 3.768528973821183126e+00 4.024047711478689671e+00
3.599999999999999867e-01 3.713338395610420672e+00 4.047864605645568936e+00
3.699999999999999956e-01 3.662244450578471699e+00 4.065096892872074541e+00
3.800000000000000044e-01 3.615430410999801669e+00 4.076835284429047412e+00
3.900000000000000133e-01 3.525106100923277364e+00 4.090793786905550178e+00
4.000000000000000222e-01 3.413042445983887951e+00 4.089954116492270586e+00
4.100000000000000311e-01 3.294164232765584899e+00 4.068446052158922299e+00
4.199999999999999845e-01 3.168987551785515944e+00 4.023371204222632613e+00
4.299999999999999933e-01 3.050995591889403613e+00 3.954940920509316449e+00
4.400000000000000022e-01 2.938151125205825220e+00 3.848957261997391743e+00
4.500000000000000111e-01 2.839607725569352148e+00 3.693715079439535920e+00
4.600000000000000200e-01 2.787131822287819638e+00 3.536907896144606767e+00
4.700000000000000289e-01 2.767694776782510857e+00 3.387848913698674913e+00
4.799999999999999822e-01 2.769762178847492429e+00 3.288538808305561112e+00
4.899999999999999911e-01 2.781345824217504425e+00 3.188508654151255062e+00
5.000000000000000000e-01 2.793287708323312746e+00 3.139465372168706470e+00
5.100000000000000089e-01 2.802045129715553973e+00 3.120329389336951476e+00
5.200000000000000178e-01 2.806115126617001909e+00 3.117443223593187707e+00
5.300000000000000266e-01 2.816549237498450431e+00 3.104734873071503642e+00
5.400000000000000355e-01 2.821602228941467505e+00 3.097591689181777408e+00
5.500000000000000444e-01 2.823359735074852495e+00 3.096107403849746476e+00
5.600000000000000533e-01 2.825002176179920443e+00 3.093984748773540350e+00
5.700000000000000622e-01 2.827250726581961970e+00 3.090235985015480580e+00
5.799999999999999600e-01 2.829155760058484681e+00 3.086520285988726187e+00
5.899999999999999689e-01 2.831362008831909804e+00 3.083856770937034142e+00
5.999999999999999778e-01 2.834871869265159994e+00 3.079683487728515523e+00
6.099999999999999867e-01 2.844883132177990603e+00 3.062691691778498537e+00
6.199999999999999956e-01 2.851748917540150252e+00 3.052985953666133234e+00
6.300000000000000044e-01 2.858848788553860487e+00 3.041523663161608937e+00
6.400000000000000133e-01 2.869133544942767067e+00 3.024778529527752724e+00
6.500000000000000222e-01 2.874097585346622630e+00 3.020617593128757328e+00
6.600000000000000311e-01 2.876843285839156383e+00 3.018693322813911895e+00
6.700000000000000400e-01 2.883342821370943998e+00 3.017139251030103164e+00
6.800000000000000488e-01 2.885029046066996727e+00 3.016888377801183019e+00
6.900000000000000577e-01 2.886148301410767392e+00 3.016699699449447269e+00
7.000000000000000666e-01 2.888531315801440069e+00 3.016553227722348129e+00
7.099999999999999645e-01 2.890907586697883502e+00 3.016440285349540673e+00
7.199999999999999734e-01 2.893656026344501253e+00 3.016315664839542610e+00
7.299999999999999822e-01 2.896151723492756958e+00 3.016478326193674953e+00
7.399999999999999911e-01 2.897635357372045029e+00 3.016598271821260724e+00
7.500000000000000000e-01 2.898181868390758531e+00 3.016641399412433699e+00
7.600000000000000089e-01 2.898299037548772716e+00 3.016649150365122267e+00
7.700000000000000178e-01 2.898185581970297076e+00 3.016690468063272679e+00
7.800000000000000266e-01 2.897832626451066318e+00 3.016711740800329444e+00
7.900000000000000355e-01 2.897426592017622760e+00 3.016772954724816103e+00
8.000000000000000444e-01 2.897226791303916471e+00 3.016765574952797735e+00
8.100000000000000533e-01 2.896869259062025304e+00 3.016733937711503888e+00
8.200000000000000622e-01 2.896812478573876248e+00 3.016722108480376363e+00
8.300000000000000711e-01 2.896750300881594686e+00 3.016711689236431848e+00
8.399999999999999689e-01 2.896700342726444610e+00 3.016721320867801204e+00
8.499999999999999778e-01 2.896586572648390590e+00 3.016703998874322057e+00
8.599999999999999867e-01 2.896529320879472902e+00 3.016676317734228174e+00
8.699999999999999956e-01 2.896399783957225971e+00 3.016614598004596637e+00
8.800000000000000044e-01 2.896364067216676386e+00 3.016642880987364439e+00
8.900000000000000133e-01 2.896323966692059493e+00 3.016666189877421189e+00
9.000000000000000222e-01 2.896187301531835345e+00 3.016657333229974647e+00
9.100000000000000311e-01 2.896034208585382519e+00 3.016604106386540973e+00
9.200000000000000400e-01 2.895624960926006963e+00 3.016574170496036267e+00
9.300000000000000488e-01 2.894801221121716228e+00 3.016632664266657660e+00
9.400000000000000577e-01 2.892984311710355527e+00 3.016795310257913698e+00
9.500000000000000666e-01 2.891062163709543942e+00 3.016738206459141924e+00
9.599999999999999645e-01 2.888424169895677629e+00 3.016852962653608472e+00
9.699999999999999734e-01 2.885635626145437005e+00 3.017453666023179881e+00
9.799999999999999822e-01 2.883690236565815024e+00 3.017561791146052830e+00
9.899999999999999911e-01 2.882597065865907027e+00 3.017617451212492696e+00
1.000000000000000000e+00 2.881522784776682666e+00 3.017875254335408375e+00
1.010000000000000009e+00 2.877391500594467466e+00 3.023420338709502886e+00
1.020000000000000018e+00 2.873049534862598176e+00 3.028710382840076765e+00
1.030000000000000027e+00 2.863994498907675545e+00 3.041978718899140954e+00
1.040000000000000036e+00 2.829343507098752930e+00 3.082574091277520800e+00
1.050000000000000044e+00 2.799238429628257308e+00 3.114404809817428621e+00
1.060000000000000053e+00 2.774031791878382780e+00 3.136712556385357953e+00
1.070000000000000062e+00 2.754471733081979234e+00 3.154484259139853197e+00
1.080000000000000071e+00 2.744297651013021255e+00 3.177784864608164117e+00
1.090000000000000080e+00 2.740664548514848864e+00 3.201815380612844653e+00
1.100000000000000089e+00 2.740894815502021409e+00 3.216405129952575770e+00
1.110000000000000098e+00 2.736522344919391170e+00 3.239122914370350603e+00
1.120000000000000107e+00 2.721530100380797013e+00 3.261488216283898733e+00
1.130000000000000115e+00 2.700945279211192762e+00 3.297305221243710172e+00
1.140000000000000124e+00 2.737756416565294781e+00 3.380275482519750074e+00
1.150000000000000133e+00 2.754784498252362379e+00 3.444403887963801036e+00
1.159999999999999920e+00 2.766350671423942309e+00 3.488896147008865967e+00
1.169999999999999929e+00 2.795661557010351572e+00 3.542583837934793145e+00
1.179999999999999938e+00 2.857680798557338253e+00 3.602064466535511489e+00
1.189999999999999947e+00 2.870038614945363165e+00 3.620206637659121540e+00
1.199999999999999956e+00 2.891796863569721765e+00 3.649176295032992456e+00
1.209999999999999964e+00 2.921388319408611434e+00 3.684286847484393501e+00
1.219999999999999973e+00 2.949352273541885783e+00 3.719136830838721597e+00
1.229999999999999982e+00 2.975293414726956076e+00 3.749935370497004872e+00
1.239999999999999991e+00 3.007090183137188344e+00 3.786310906693210132e+00
1.250000000000000000e+00 3.045771640844351147e+00 3.822462202649110630e+00
1.260000000000000009e+00 3.072825565924631519e+00 3.843863387727750158e+00
1.270000000000000018e+00 3.105585985603792398e+00 3.866414202198522165e+00
1.280000000000000027e+00 3.128844745508311487e+00 3.881472578953625518e+00
1.290000000000000036e+00 3.153955489327540107e+00 3.897442671478161813e+00
1.300000000000000044e+00 3.184207050733417699e+00 3.913447908616214388e+00
1.310000000000000053e+00 3.235336663402473611e+00 3.934424075070465321e+00
1.320000000000000062e+00 3.295423181315840555e+00 3.953123203686295550e+00
1.330000000000000071e+00 3.346002939831335787e+00 3.964245826271454831e+00
1.340000000000000080e+00 3.381127231086263674e+00 3.969399454537858585e+00
1.350000000000000089e+00 3.415790395270630331e+00 3.973171555026725255e+00
1.360000000000000098e+00 3.458030366248544762e+00 3.974750478439870616e+00
1.370000000000000107e+00 3.503390979624069868e+00 3.973493382053100209e+00
1.380000000000000115e+00 3.550669140854031625e+00 3.967635935396998548e+00
1.390000000000000124e+00 3.580132585711303328e+00 3.961723931570229063e+00
1.400000000000000133e+00 3.608352476694582478e+00 3.954960320718289957e+00
1.409999999999999920e+00 3.625648885416727030e+00 3.949980458436269881e+00
1.419999999999999929e+00 3.637397653131656305e+00 3.946730048250980616e+00
1.429999999999999938e+00 3.645392123028076803e+00 3.944669939173422790e+00
1.439999999999999947e+00 3.648391043036133929e+00 3.943578996956198957e+00
1.449999999999999956e+00 3.652224348993136083e+00 3.942568884968922660e+00
1.459999999999999964e+00 3.663764994168538625e+00 3.939196664271098047e+00
1.469999999999999973e+00 3.671818004993195217e+00 3.936570877391105228e+00
1.479999999999999982e+00 3.678911843344290666e+00 3.934922812407891435e+00
1.489999999999999991e+00 3.690715746294962241e+00 3.931480594409002105e+00
1.500000000000000000e+00 3.694813938435122846e+00 3.930548009163334466e+00
1.510000000000000009e+00 3.696303127304814140e+00 3.930463611705996563e+00
1.520000000000000018e+00 3.698419661986399376e+00 3.930438341176937911e+00
1.530000000000000027e+00 3.699116658570721139e+00 3.930696536972568378e+00
1.540000000000000036e+00 3.699658031761840160e+00 3.930763452212616915e+00
1.550000000000000044e+00 3.700211219862742595e+00 3.930883059555249304e+00
1.560000000000000053e+00 3.700469039391997672e+00 3.931004933839318038e+00
1.570000000000000062e+00 3.700517780053217631e+00 3.931122760441701391e+00
1.580000000000000071e+00 3.700856206630649403e+00 3.931286989084300743e+00
1.590000000000000080e+00 3.701087570455522169e+00 3.931357340719252136e+00
1.600000000000000089e+00 3.701421262515482091e+00 3.931313698207441476e+00
1.610000000000000098e+00 3.701497500877481084e+00 3.931207444987196542e+00
1.620000000000000107e+00 3.701499163003987736e+00 3.931152980269365660e+00
1.630000000000000115e+00 3.701549734908861300e+00 3.931223694689947035e+00
1.640000000000000124e+00 3.701623343542823186e+00 3.931241967703095419e+00
1.650000000000000133e+00 3.701716315789544964e+00 3.931234862160360777e+00
1.660000000000000142e+00 3.701987519567873974e+00 3.931185244356724340e+00
1.669999999999999929e+00 3.702295809358691514e+00 3.931138608327771067e+00
1.679999999999999938e+00 3.702475881115044221e+00 3.931024159115706684e+00
1.689999999999999947e+00 3.702856473901618539e+00 3.931115435273300651e+00
1.699999999999999956e+00 3.703273523712339532e+00 3.931236834096726973e+00
1.709999999999999964e+00 3.703390350624560678e+00 3.931236453169346223e+00
1.719999999999999973e+00 3.703745647544316455e+00 3.931317312508173956e+00
1.729999999999999982e+00 3.704274979921997613e+00 3.931281744311629467e+00
1.739999999999999991e+00 3.704856071709490273e+00 3.931322621990346100e+00
1.750000000000000000e+00 3.705439398869451839e+00 3.931321413489404559e+00
1.760000000000000009e+00 3.705735612035750304e+00 3.931411677416802863e+00
1.770000000000000018e+00 3.706071166649508974e+00 3.931485912608455813e+00
1.780000000000000027e+00 3.706375932206903645e+00 3.931522094779218879e+00
1.790000000000000036e+00 3.706565878059049357e+00 3.931563692186693881e+00
1.800000000000000044e+00 3.707649165952746628e+00 3.931492119752819647e+00
1.810000000000000053e+00 3.708674497115671542e+00 3.931519675118863688e+00
1.820000000000000062e+00 3.709838918826452669e+00 3.931443501813538965e+00
1.830000000000000071e+00 3.710724670407623105e+00 3.931331006429344743e+00
1.840000000000000080e+00 3.711640836297058765e+00 3.930927514261222111e+00
1.850000000000000089e+00 3.712537557617114015e+00 3.930621496824338035e+00
1.860000000000000098e+00 3.714160716286071029e+00 3.930180006250969527e+00
1.870000000000000107e+00 3.715522801136072140e+00 3.929985778261129603e+00
1.880000000000000115e+00 3.715942577972518368e+00 3.929839323015106967e+00
1.890000000000000124e+00 3.714742372120158009e+00 3.929891819297536060e+00
1.900000000000000133e+00 3.714151471381295089e+00 3.929973259115111084e+00
1.910000000000000142e+00 3.712557495357939885e+00 3.930459011528542490e+00
1.919999999999999929e+00 3.710907165755901183e+00 3.930879658952084021e+00
1.929999999999999938e+00 3.708922339136420554e+00 3.931130857784927990e+00
1.939999999999999947e+00 3.707111093840095073e+00 3.931477970319297910e+00
1.949999999999999956e+00 3.705944899910199375e+00 3.931669861633074525e+00
1.959999999999999964e+00 3.705308826462980765e+00 3.931740334537270787e+00
1.969999999999999973e+00 3.704738244352848930e+00 3.931808021592585689e+00
1.979999999999999982e+00 3.702303242352578572e+00 3.932462476989653233e+00
1.989999999999999991e+00 3.696853560112630888e+00 3.933662356492364509e+00
2.000000000000000000e+00 3.690424916031086244e+00 3.934768787277019175e+00
2.010000000000000231e+00 3.688228491594204961e+00 3.935081950476756241e+00
2.020000000000000018e+00 3.687739211699009534e+00 3.935051208108424792e+00
2.030000000000000249e+00 3.687193557205996619e+00 3.934985619930424505e+00
2.040000000000000036e+00 3.687020453695049937e+00 3.935115476943263246e+00
2.049999999999999822e+00 3.686995539256936461e+00 3.935132508733862444e+00
2.060000000000000053e+00 3.686133344829954250e+00 3.935332200571619143e+00
2.069999999999999840e+00 3.685725149525138189e+00 3.935748935529259196e+00
2.080000000000000071e+00 3.681792415648041494e+00 3.938244448532523645e+00
2.089999999999999858e+00 3.670389959011603587e+00 3.943896963099907893e+00
2.100000000000000089e+00 3.665262481462845390e+00 3.945575898974051920e+00
2.109999999999999876e+00 3.661538565896073294e+00 3.946725252935370243e+00
2.120000000000000107e+00 3.663945195170537961e+00 3.944568024553163799e+00
2.129999999999999893e+00 3.665404106708518128e+00 3.942525339006432539e+00
2.140000000000000124e+00 3.667641977264042730e+00 3.940373179372195445e+00
2.149999999999999911e+00 3.666400832403522436e+00 3.939382007567066246e+00
2.160000000000000142e+00 3.663258217409508966e+00 3.938995089027029550e+00
2.169999999999999929e+00 3.658616243944936564e+00 3.939724491619295499e+00
2.180000000000000160e+00 3.655385716972903154e+00 3.940216468367024660e+00
2.189999999999999947e+00 3.652349048903598128e+00 3.940698263255940414e+00
2.200000000000000178e+00 3.647295819321294985e+00 3.941366507772783301e+00
2.209999999999999964e+00 3.640280460113574978e+00 3.942071071453998155e+00
2.220000000000000195e+00 3.635878948832234503e+00 3.942578483499804332e+00
2.229999999999999982e+00 3.630659770014898147e+00 3.942851861841066619e+00
2.240000000000000213e+00 3.626713852373010916e+00 3.943070369958036281e+00
2.250000000000000000e+00 3.619593973872626158e+00 3.943578470451867268e+00
2.260000000000000231e+00 3.608321195796241554e+00 3.944400955397377118e+00
2.270000000000000018e+00 3.597467077551630421e+00 3.944893282145711222e+00
2.280000000000000249e+00 3.585021763671226491e+00 3.945492447950057713e+00
2.290000000000000036e+00 3.574785572971298286e+00 3.945776672416732467e+00
2.300000000000000266e+00 3.566787448193927013e+00 3.946141853311162073e+00
2.310000000000000053e+00 3.561150952282062576e+00 3.946210853257068329e+00
2.319999999999999840e+00 3.555517330763180883e+00 3.946298712432543265e+00
2.330000000000000071e+00 3.548335165576582018e+00 3.946449516902322596e+00
2.339999999999999858e+00 3.542663186623236538e+00 3.946380693505623594e+00
2.350000000000000089e+00 3.537205845210571464e+00 3.946239611151198812e+00
2.359999999999999876e+00 3.532138530321470515e+00 3.946095959987290680e+00
2.370000000000000107e+00 3.528114229192757190e+00 3.945870998616194836e+00
2.379999999999999893e+00 3.525650441185292472e+00 3.945540754874888201e+00
2.390000000000000124e+00 3.522916268552722219e+00 3.944798827162800503e+00
2.399999999999999911e+00 3.517992965731754129e+00 3.944467501158581246e+00
2.410000000000000142e+00 3.514880436051598167e+00 3.943613470789680164e+00
2.419999999999999929e+00 3.511733986011314368e+00 3.942883851875496060e+00
2.430000000000000160e+00 3.509621846354098906e+00 3.942193538620380799e+00
2.439999999999999947e+00 3.507678100102649577e+00 3.941268927656902843e+00
2.450000000000000178e+00 3.498122181357880223e+00 3.943378963957290040e+00
2.459999999999999964e+00 3.489614045717254864e+00 3.944412025278075884e+00
2.470000000000000195e+00 3.481731609185547249e+00 3.944170832611709088e+00
2.479999999999999982e+00 3.465156130198840057e+00 3.945677982588406518e+00
2.490000000000000213e+00 3.452696088420533105e+00 3.945391917575217011e+00
2.500000000000000000e+00 3.441287076609409024e+00 3.945785021211826393e+00
2.510000000000000231e+00 3.428075911584850033e+00 3.947098729695324160e+00
2.520000000000000018e+00 3.409235858237396499e+00 3.949628458555091370e+00
2.530000000000000249e+00 3.367377850901834613e+00 3.956950689609296745e+00
2.540000000000000036e+00 3.295244519056899968e+00 3.967246374369041817e+00
2.550000000000000266e+00 3.249709107629546789e+00 3.969101577275505388e+00
2.560000000000000053e+00 3.215818024270966635e+00 3.966846347496077119e+00
2.569999999999999840e+00 3.194041376733269821e+00 3.965147753806624209e+00
2.580000000000000071e+00 3.139019641261187044e+00 3.965444427657041526e+00
2.589999999999999858e+00 3.065140482306887293e+00 3.960808950757573221e+00
2.600000000000000089e+00 3.014637278450436941e+00 3.953816679679446278e+00
2.609999999999999876e+00 2.953187764300082119e+00 3.941272984176900085e+00
2.620000000000000107e+00 2.910380096235137604e+00 3.931810658795971580e+00
2.629999999999999893e+00 2.869464573186613521e+00 3.922151790934823801e+00
2.640000000000000124e+00 2.851134699065567268e+00 3.914406654620288251e+00
2.649999999999999911e+00 2.829691020576700744e+00 3.902913133082642538e+00
2.660000000000000142e+00 2.789510124203595787e+00 3.884172565694417933e+00
2.669999999999999929e+00 2.777385374336518886e+00 3.869991317922792717e+00
2.680000000000000160e+00 2.763880691877564910e+00 3.862459507066050346e+00
2.689999999999999947e+00 2.755101229487167735e+00 3.855456966678393549e+00
2.700000000000000178e+00 2.740275481798366108e+00 3.855462354853435691e+00
2.709999999999999964e+00 2.721212430450861142e+00 3.857216857035215440e+00
2.720000000000000195e+00 2.702428458692769819e+00 3.856951920798082245e+00
2.729999999999999982e+00 2.681933071488959541e+00 3.859333888934033396e+00
2.740000000000000213e+00 2.634341991814486583e+00 3.850276072889454504e+00
2.750000000000000000e+00 2.587450154561097726e+00 3.836778296659891119e+00
2.760000000000000231e+00 2.514365646233270635e+00 3.825770597169686926e+00
2.770000000000000018e+00 2.452301852370953661e+00 3.808721735795283614e+00
2.780000000000000249e+00 2.328538962041919902e+00 3.792386408121998009e+00
2.790000000000000036e+00 2.299069948345415781e+00 3.813047006253010629e+00
2.800000000000000266e+00 2.313634438346630073e+00 3.833870570269817701e+00
2.810000000000000053e+00 2.406687644128299830e+00 3.856076917636894308e+00
2.819999999999999840e+00 2.399816516380659515e+00 3.859361007496961093e+00
2.830000000000000071e+00 2.354822275780246166e+00 3.839830586861565642e+00
2.839999999999999858e+00 2.386550717192683635e+00 3.854125133472885878e+00
2.850000000000000089e+00 2.409483125288705008e+00 3.874110049953241930e+00
2.859999999999999876e+00 2.462708198381562852e+00 3.908401848687033109e+00
2.870000000000000107e+00 2.520896245818053938e+00 3.946527048425758633e+00
2.879999999999999893e+00 2.591710604527987183e+00 3.982467997521363490e+00
2.890000000000000124e+00 2.661585509071790590e+00 4.016597007503069250e+00
2.899999999999999911e+00 2.662545122373043860e+00 4.046381091775954175e+00
2.910000000000000142e+00 2.653710384148030954e+00 4.073508663016886189e+00
2.919999999999999929e+00 2.694280557165072310e+00 4.097905583951546582e+00
2.930000000000000160e+00 2.743167062967289294e+00 4.119629093582164003e+00
2.939999999999999947e+00 2.818129917588938049e+00 4.145238031868230699e+00
2.950000000000000178e+00 2.986254331520648453e+00 4.153919824117568993e+00
2.959999999999999964e+00 3.143245105249208748e+00 4.148622827413754877e+00
2.970000000000000195e+00 3.229737208704461349e+00 4.149894085264693722e+00
2.979999999999999982e+00 3.321627194317132936e+00 4.143280736633985661e+00
2.990000000000000213e+00 3.487121910053477603e+00 4.101355619226707994e+00
3.000000000000000000e+00 3.803635246357054633e+00 3.917124041515259947e+00
