0.000000000000000000e+00 1.486537933497840358e+00 1.743140114988273259e+00
1.000000000000000021e-02 1.533579466025272176e+00 1.727448641431888809e+00
2.000000000000000042e-02 1.530083324663659816e+00 1.736550372545698551e+00
2.999999999999999889e-02 1.417746791869095357e+00 1.935748119229384834e+00
4.000000000000000083e-02 1.329461075509268841e+00 2.921498062581342037e+00
5.000000000000000278e-02 3.092852114903678729e+00 3.997532682960281303e+00
5.999999999999999778e-02 3.470873994459640066e+00 3.855711332474220931e+00
7.000000000000000666e-02 3.476309282098554831e+00 3.853424688662744124e+00
8.000000000000000167e-02 3.475246558591726043e+00 3.852122751749154972e+00
8.999999999999999667e-02 3.463594824412633333e+00 3.851375097381304347e+00
1.000000000000000056e-01 3.425494586559198140e+00 3.851881567095854386e+00
1.100000000000000006e-01 3.381889390557510033e+00 3.845701032091873195e+00
1.199999999999999956e-01 3.311504649904042363e+00 3.835168453066080563e+00
1.300000000000000044e-01 3.241711909228926825e+00 3.819292723005646817e+00
1.400000000000000133e-01 3.137629980964062426e+00 3.779834438038470523e+00
1.499999999999999944e-01 3.008490469835720216e+00 3.695398064042606290e+00
1.600000000000000033e-01 2.898436810938696873e+00 3.548913638570923901e+00
1.700000000000000122e-01 2.841247031355585317e+00 3.365451398424421203e+00
1.799999999999999933e-01 2.840350674985671287e+00 3.210914573417877893e+00
1.900000000000000022e-01 2.860774245376062730e+00 3.123818591537999900e+00
2.000000000000000111e-01 2.876890987260540378e+00 3.079082152254382976e+00
2.099999999999999922e-01 2.888262160226137798e+00 3.048558256772725183e+00
2.200000000000000011e-01 2.851100715757051596e+00 3.049364609526952208e+00
2.300000000000000100e-01 2.904898626424334385e+00 3.004402609289624326e+00
2.399999999999999911e-01 2.913837709502023365e+00 2.991704280606466426e+00
2.500000000000000000e-01 2.917462526362015307e+00 2.986598963744567126e+00
2.600000000000000089e-01 2.921746155700146730e+00 2.981283305492937963e+00
2.700000000000000178e-01 2.924074356150910159e+00 2.977722787265494997e+00
2.800000000000000266e-01 2.925427154795757545e+00 2.975464852688678441e+00
2.899999999999999800e-01 2.926642305273028821e+00 2.973453920560863661e+00
2.999999999999999889e-01 2.928155960689181381e+00 2.971984090637570741e+00
3.099999999999999978e-01 2.929989936421001584e+00 2.970334892036830876e+00
3.200000000000000067e-01 2.930809523719857701e+00 2.969522036720205982e+00
3.300000000000000155e-01 2.932733791138756541e+00 2.967964175398719373e+00
3.400000000000000244e-01 2.932598862166839737e+00 2.967985844516318750e+00
3.500000000000000333e-01 2.932430414498947258e+00 2.968063575273849786e+00
3.599999999999999867e-01 2.932352539867926655e+00 2.968074140243958770e+00
3.699999999999999956e-01 2.931997496770620160e+00 2.968461449891329096e+00
3.800000000000000044e-01 2.931611440963529880e+00 2.968906886072374185e+00
3.900000000000000133e-01 2.931408954822031454e+00 2.969036481288465090e+00
4.000000000000000222e-01 2.931229215309612002e+00 2.968990797574527996e+00
4.100000000000000311e-01 2.931580023747149877e+00 2.968068249019916838e+00
4.199999999999999845e-01 2.931710375158852244e+00 2.967585482819014686e+00
4.299999999999999933e-01 2.932570206601849083e+00 2.965831956102618516e+00
4.400000000000000022e-01 2.932896220989851255e+00 2.965283836593003652e+00
4.500000000000000111e-01 2.932880119872284475e+00 2.965221919822501384e+00
4.600000000000000200e-01 2.932834136344566023e+00 2.965173739493713878e+00
4.700000000000000289e-01 2.932766264342987039e+00 2.965149950442588445e+00
4.799999999999999822e-01 2.932692407463354467e+00 2.965132538353639102e+00
4.899999999999999911e-01 2.932523770558853826e+00 2.965089316470603364e+00
5.000000000000000000e-01 2.931819134234927127e+00 2.964988210010983671e+00
5.100000000000000089e-01 2.931431485115368663e+00 2.964767226971309011e+00
5.200000000000000178e-01 2.930918776461710173e+00 2.964811834881673214e+00
5.300000000000000266e-01 2.930479244147993878e+00 2.964833227194092924e+00
5.400000000000000355e-01 2.930237267178741334e+00 2.964820421210083268e+00
5.500000000000000444e-01 2.930025594357162699e+00 2.964807438203185708e+00
5.600000000000000533e-01 2.929795850764294496e+00 2.964816481460551767e+00
5.700000000000000622e-01 2.929594479138336371e+00 2.964818113325156990e+00
5.799999999999999600e-01 2.928830740133228083e+00 2.964980578412113488e+00
5.899999999999999689e-01 2.927563104905666513e+00 2.965356620555339440e+00
5.999999999999999778e-01 2.925991289214993962e+00 2.965883371629808529e+00
6.099999999999999867e-01 2.924630703724066638e+00 2.966328615643341937e+00
6.199999999999999956e-01 2.923459975201171623e+00 2.966763166769462501e+00
6.300000000000000044e-01 2.922167343431397057e+00 2.967248263057784108e+00
6.400000000000000133e-01 2.920976909580750736e+00 2.967740447053389019e+00
6.500000000000000222e-01 2.920001170045075867e+00 2.968096145619215420e+00
6.600000000000000311e-01 2.919681015496776499e+00 2.968229516233875653e+00
6.700000000000000400e-01 2.919527037060263286e+00 2.968292889392373457e+00
6.800000000000000488e-01 2.919268732242529474e+00 2.968392245125825113e+00
6.900000000000000577e-01 2.918951709996486343e+00 2.968498664797520448e+00
7.000000000000000666e-01 2.918620472990791193e+00 2.968635557306487982e+00
7.099999999999999645e-01 2.918197391461138324e+00 2.968807370029683312e+00
7.199999999999999734e-01 2.917870401122821367e+00 2.968932795674549485e+00
7.299999999999999822e-01 2.917496960575144627e+00 2.969075633814770576e+00
7.399999999999999911e-01 2.917418314771462295e+00 2.969049970374296965e+00
7.500000000000000000e-01 2.917341187726497420e+00 2.969034843333721252e+00
7.600000000000000089e-01 2.917259849295790630e+00 2.969025353703324654e+00
7.700000000000000178e-01 2.917188912834039805e+00 2.969004390884527389e+00
7.800000000000000266e-01 2.917164271640094508e+00 2.969005419812885460e+00
7.900000000000000355e-01 2.917144129337212899e+00 2.968999647046187018e+00
8.000000000000000444e-01 2.917104939900239557e+00 2.969003495148817784e+00
8.100000000000000533e-01 2.917034524500707438e+00 2.969008876087328108e+00
8.200000000000000622e-01 2.916977992586803126e+00 2.969006090870189851e+00
8.300000000000000711e-01 2.916864186855999463e+00 2.969115452674182087e+00
8.399999999999999689e-01 2.915978964180049093e+00 2.970661752267780731e+00
8.499999999999999778e-01 2.915159566824969239e+00 2.972387261721554985e+00
8.599999999999999867e-01 2.913911611244268229e+00 2.974577911866121305e+00
8.699999999999999956e-01 2.910867939870763976e+00 2.979071733033250347e+00
8.800000000000000044e-01 2.909380404745232962e+00 2.984421573613989853e+00
8.900000000000000133e-01 2.906982136327103561e+00 2.990584308289213844e+00
9.000000000000000222e-01 2.895810941296989682e+00 3.005906306518142834e+00
9.100000000000000311e-01 2.874059328072402497e+00 3.029109181191590228e+00
9.200000000000000400e-01 2.833633655237346893e+00 3.061181883366912437e+00
9.300000000000000488e-01 2.789456243863702500e+00 3.085439255780576762e+00
9.400000000000000577e-01 2.788875197221096780e+00 3.089501116608325493e+00
9.500000000000000666e-01 2.787589563371294155e+00 3.094038559797651189e+00
9.599999999999999645e-01 2.786788964553607251e+00 3.102538722056614517e+00
9.699999999999999734e-01 2.767796597803465097e+00 3.127557652193673654e+00
9.799999999999999822e-01 2.785352811365691128e+00 3.136493806623848801e+00
9.899999999999999911e-01 2.861899216101337906e+00 3.128983540966342680e+00
1.000000000000000000e+00 2.890014304795464728e+00 3.125726065583029456e+00
1.010000000000000009e+00 2.891561523245412157e+00 3.133382213612955436e+00
1.020000000000000018e+00 2.889172404718879150e+00 3.151629022778984712e+00
1.030000000000000027e+00 2.887717852350259129e+00 3.176144497379278953e+00
1.040000000000000036e+00 2.893506047253679547e+00 3.194655255780149083e+00
1.050000000000000044e+00 2.902431119350457944e+00 3.213744377642606675e+00
1.060000000000000053e+00 2.913678527584016020e+00 3.234754934802114956e+00
1.070000000000000062e+00 2.923868742037715851e+00 3.262369638427791596e+00
1.080000000000000071e+00 2.939889752660254540e+00 3.281080964903374753e+00
1.090000000000000080e+00 2.958079449821606755e+00 3.296373962086543319e+00
1.100000000000000089e+00 2.976646034789490969e+00 3.310141351608824500e+00
1.110000000000000098e+00 2.991315979005326309e+00 3.324870472014914480e+00
1.120000000000000107e+00 3.009014546081651531e+00 3.331738284790883853e+00
1.130000000000000115e+00 3.040608662956779895e+00 3.326981437460357682e+00
1.140000000000000124e+00 3.054917594473295139e+00 3.327982988760537886e+00
1.150000000000000133e+00 3.067573077236702694e+00 3.325673436582992082e+00
1.159999999999999920e+00 3.080156927866034788e+00 3.319834586821503120e+00
1.169999999999999929e+00 3.090013174940494434e+00 3.317917017153355186e+00
1.179999999999999938e+00 3.101885804104870026e+00 3.317901688818866823e+00
1.189999999999999947e+00 3.108909764593322134e+00 3.317659437886993690e+00
1.199999999999999956e+00 3.111081772018637448e+00 3.326008340858254808e+00
1.209999999999999964e+00 3.112625818616977735e+00 3.329799253766902556e+00
1.219999999999999973e+00 3.114349494686563968e+00 3.334250788721601300e+00
1.229999999999999982e+00 3.116558051994269718e+00 3.336384568535859074e+00
1.239999999999999991e+00 3.117482320554424202e+00 3.343970904362034258e+00
1.250000000000000000e+00 3.119668964923965504e+00 3.346869770995033022e+00
1.260000000000000009e+00 3.123733753101412880e+00 3.351049109180386232e+00
1.270000000000000018e+00 3.128017111525831062e+00 3.352504145126046886e+00
1.280000000000000027e+00 3.131661950452618637e+00 3.352738925354189714e+00
1.290000000000000036e+00 3.134849275334977925e+00 3.353971120864248867e+00
1.300000000000000044e+00 3.138156898188112720e+00 3.356343823004246829e+00
1.310000000000000053e+00 3.143811524484199094e+00 3.362235897543388585e+00
1.320000000000000062e+00 3.146660493402441805e+00 3.367985324354210608e+00
1.330000000000000071e+00 3.146848723277071880e+00 3.368597437230130165e+00
1.340000000000000080e+00 3.146959217989278024e+00 3.368161367147135543e+00
1.350000000000000089e+00 3.147185590413785761e+00 3.366077038575434166e+00
1.360000000000000098e+00 3.147854120388847488e+00 3.363434335550445464e+00
1.370000000000000107e+00 3.150684116899066467e+00 3.354507244947857458e+00
1.380000000000000115e+00 3.155578022320093989e+00 3.341306945812878570e+00
1.390000000000000124e+00 3.159792168727387551e+00 3.332355118178854436e+00
1.400000000000000133e+00 3.161198746059671993e+00 3.329367714263661515e+00
1.409999999999999920e+00 3.161144446162782895e+00 3.330046040997900025e+00
1.419999999999999929e+00 3.161685906635181453e+00 3.329439703616245083e+00
1.429999999999999938e+00 3.162299025624749849e+00 3.327966904498579570e+00
1.439999999999999947e+00 3.162743284434551772e+00 3.327354866429095726e+00
1.449999999999999956e+00 3.162855803844279112e+00 3.325889910891705714e+00
1.459999999999999964e+00 3.163159732613477715e+00 3.324238566289033692e+00
1.469999999999999973e+00 3.163315687452224356e+00 3.323366263178917368e+00
1.479999999999999982e+00 3.162913452586905816e+00 3.323018572559578221e+00
1.489999999999999991e+00 3.162525003445893823e+00 3.322866962253302248e+00
1.500000000000000000e+00 3.161744744882550862e+00 3.323581080894502549e+00
1.510000000000000009e+00 3.161518379233950515e+00 3.322190457245236761e+00
1.520000000000000018e+00 3.161077534477336748e+00 3.321300206187145498e+00
1.530000000000000027e+00 3.160852167374807120e+00 3.320195129573626058e+00
1.540000000000000036e+00 3.160499046723958205e+00 3.318840327098253606e+00
1.550000000000000044e+00 3.159794540441248412e+00 3.317478018586422994e+00
1.560000000000000053e+00 3.158781692130915975e+00 3.316461436149723330e+00
1.570000000000000062e+00 3.158117222634016397e+00 3.315890502957643537e+00
1.580000000000000071e+00 3.157426430429659092e+00 3.314706326456823504e+00
1.590000000000000080e+00 3.156682126274124034e+00 3.311737776579841697e+00
1.600000000000000089e+00 3.156394370343304612e+00 3.306680110237979253e+00
1.610000000000000098e+00 3.156590395528177773e+00 3.299398334497113616e+00
1.620000000000000107e+00 3.156955395885043814e+00 3.293578069233364047e+00
1.630000000000000115e+00 3.155352247268365051e+00 3.292011169455839603e+00
1.640000000000000124e+00 3.154122398050084097e+00 3.290297529837832524e+00
1.650000000000000133e+00 3.152668779189097048e+00 3.289564975007069680e+00
1.660000000000000142e+00 3.151085597355009593e+00 3.288449533598778896e+00
1.669999999999999929e+00 3.149511509569082435e+00 3.286787003018464937e+00
1.679999999999999938e+00 3.148680646404346195e+00 3.284949516802707858e+00
1.689999999999999947e+00 3.147783795256704042e+00 3.281579993481547053e+00
1.699999999999999956e+00 3.147464099276380267e+00 3.278291998784228056e+00
1.709999999999999964e+00 3.147363007751602382e+00 3.275277521494728283e+00
1.719999999999999973e+00 3.147550671299961689e+00 3.272805976706477882e+00
1.729999999999999982e+00 3.147537205426316209e+00 3.270803626287360100e+00
1.739999999999999991e+00 3.147747357678279290e+00 3.269514192481175474e+00
1.750000000000000000e+00 3.147823082789904969e+00 3.268156060080997793e+00
1.760000000000000009e+00 3.148301888315646835e+00 3.265424922463925128e+00
1.770000000000000018e+00 3.148433980680079625e+00 3.264186334142117563e+00
1.780000000000000027e+00 3.148628208461400124e+00 3.263047849439982162e+00
1.790000000000000036e+00 3.148392238397698772e+00 3.262126744933028011e+00
1.800000000000000044e+00 3.148311585745701358e+00 3.261824519419779911e+00
1.810000000000000053e+00 3.148230414872543736e+00 3.261608188318831925e+00
1.820000000000000062e+00 3.148047676736803080e+00 3.261394356120138394e+00
1.830000000000000071e+00 3.146980060449384720e+00 3.261196637915826368e+00
1.840000000000000080e+00 3.143915156250851162e+00 3.262450872468097174e+00
1.850000000000000089e+00 3.132616343280073323e+00 3.269552559226754695e+00
1.860000000000000098e+00 3.125407071614213717e+00 3.274072994756750621e+00
1.870000000000000107e+00 3.116995288895155092e+00 3.279553495642160144e+00
1.880000000000000115e+00 3.099295147405108697e+00 3.291069020957508418e+00
1.890000000000000124e+00 3.085593524754950856e+00 3.299281155072739224e+00
1.900000000000000133e+00 3.080835575898318801e+00 3.302265460292668209e+00
1.910000000000000142e+00 3.074748451069781119e+00 3.307500068594029230e+00
1.919999999999999929e+00 3.071783466254732531e+00 3.310989906133153582e+00
1.929999999999999938e+00 3.067204818881688944e+00 3.316066310650171545e+00
1.939999999999999947e+00 3.063658345583804898e+00 3.319988531933895093e+00
1.949999999999999956e+00 3.061460542090072678e+00 3.322451177584991200e+00
1.959999999999999964e+00 3.071281439468568131e+00 3.319428940041357912e+00
1.969999999999999973e+00 3.087186504820619515e+00 3.315131005040373058e+00
1.979999999999999982e+00 3.085579541268729908e+00 3.316863378853416311e+00
1.989999999999999991e+00 3.073318944804062980e+00 3.324758273065695491e+00
2.000000000000000000e+00 3.055600620293288827e+00 3.333376809597344170e+00
2.010000000000000231e+00 3.054984060936832169e+00 3.333842686328030158e+00
2.020000000000000018e+00 3.046807433421729439e+00 3.332835717165352651e+00
2.030000000000000249e+00 3.036756484419527613e+00 3.334161745827969536e+00
2.040000000000000036e+00 3.027575357750382778e+00 3.338363578974280266e+00
2.049999999999999822e+00 3.025828415362143531e+00 3.340107836659646168e+00
2.060000000000000053e+00 3.024472220502796738e+00 3.342259245056209416e+00
2.069999999999999840e+00 3.028311815129809403e+00 3.343768274024434106e+00
2.080000000000000071e+00 3.035909289073283279e+00 3.343016363397305124e+00
2.089999999999999858e+00 3.046180403665601499e+00 3.340290953145922170e+00
2.100000000000000089e+00 3.069241896807927805e+00 3.332643672631006471e+00
2.109999999999999876e+00 3.080921621022558732e+00 3.328863477530145332e+00
2.120000000000000107e+00 3.087888611121928584e+00 3.326808012184345742e+00
2.129999999999999893e+00 3.092405185881780039e+00 3.325713162063433703e+00
2.140000000000000124e+00 3.099737032592653208e+00 3.323272433697820993e+00
2.149999999999999911e+00 3.105228782579532609e+00 3.321018410852321967e+00
2.160000000000000142e+00 3.111715256732364043e+00 3.318148453590015645e+00
2.169999999999999929e+00 3.122161596888329615e+00 3.312876378651831377e+00
2.180000000000000160e+00 3.130623608638599453e+00 3.308631551912471824e+00
2.189999999999999947e+00 3.138390993429699183e+00 3.304672704122981752e+00
2.200000000000000178e+00 3.141935185023065902e+00 3.303426879066709621e+00
2.209999999999999964e+00 3.142191219635466215e+00 3.304646194662591352e+00
2.220000000000000195e+00 3.142417471388029959e+00 3.306095028812241488e+00
2.229999999999999982e+00 3.142715431383128699e+00 3.307908452522281717e+00
2.240000000000000213e+00 3.143119551230035835e+00 3.309760069026388418e+00
2.250000000000000000e+00 3.143293426231410059e+00 3.311841305371258315e+00
2.260000000000000231e+00 3.143804828380559524e+00 3.315850088740373902e+00
2.270000000000000018e+00 3.144109480246895849e+00 3.319171971970206414e+00
2.280000000000000249e+00 3.144559266978697920e+00 3.322835724304718852e+00
2.290000000000000036e+00 3.144910977078462011e+00 3.326093751272177101e+00
2.300000000000000266e+00 3.145300021455885275e+00 3.329874749647973697e+00
2.310000000000000053e+00 3.145867100486268164e+00 3.333315269251357016e+00
2.319999999999999840e+00 3.146511350831696419e+00 3.337180012111953253e+00
2.330000000000000071e+00 3.147334108714654466e+00 3.341410417948172284e+00
2.339999999999999858e+00 3.148201241160819119e+00 3.346403988255074236e+00
2.350000000000000089e+00 3.148811918721889036e+00 3.351654126571919079e+00
2.359999999999999876e+00 3.149867024333479648e+00 3.357564001681802246e+00
2.370000000000000107e+00 3.150396348439441052e+00 3.364513987935795480e+00
2.379999999999999893e+00 3.151812196769183227e+00 3.371974858036572709e+00
2.390000000000000124e+00 3.153580214125683678e+00 3.377134295409152553e+00
2.399999999999999911e+00 3.155513322926537079e+00 3.384699040998443209e+00
2.410000000000000142e+00 3.158206401987901923e+00 3.390671697568067078e+00
2.419999999999999929e+00 3.160999523139295331e+00 3.396553680410089537e+00
2.430000000000000160e+00 3.163938656739811783e+00 3.400917975645442404e+00
2.439999999999999947e+00 3.166461780916758340e+00 3.406405128487042244e+00
2.450000000000000178e+00 3.169467743194881226e+00 3.412119884301838102e+00
2.459999999999999964e+00 3.172984093437375641e+00 3.418376871866999345e+00
2.470000000000000195e+00 3.176408669437909449e+00 3.424443675318217029e+00
2.479999999999999982e+00 3.180366961395238778e+00 3.430815952919031186e+00
2.490000000000000213e+00 3.184956793762264482e+00 3.437524920147838614e+00
2.500000000000000000e+00 3.190735040598700500e+00 3.444962879504372744e+00
2.510000000000000231e+00 3.197548268164145835e+00 3.452400826393616118e+00
2.520000000000000018e+00 3.205038516329571152e+00 3.459373252197459614e+00
2.530000000000000249e+00 3.212776543431306919e+00 3.465782190504048899e+00
2.540000000000000036e+00 3.220084685532881963e+00 3.472176079538033200e+00
2.550000000000000266e+00 3.227657979435738955e+00 3.478343887915792632e+00
2.560000000000000053e+00 3.236099406141200063e+00 3.484380527249417270e+00
2.569999999999999840e+00 3.244740377970509293e+00 3.489928855213351611e+00
2.580000000000000071e+00 3.253985514556923864e+00 3.495342273309668624e+00
2.589999999999999858e+00 3.263302867003616825e+00 3.500066821407141759e+00
2.600000000000000089e+00 3.272404662867946179e+00 3.504091001652317239e+00
2.609999999999999876e+00 3.281614555356469509e+00 3.507796870467696060e+00
2.620000000000000107e+00 3.291042018290016635e+00 3.510995699629333444e+00
2.629999999999999893e+00 3.301588684979022581e+00 3.513817716431080207e+00
2.640000000000000124e+00 3.312168255571726672e+00 3.516088225904103748e+00
2.649999999999999911e+00 3.322365955944134530e+00 3.517626312656329635e+00
2.660000000000000142e+00 3.332690442675945164e+00 3.519006709151867085e+00
2.669999999999999929e+00 3.341627534036609060e+00 3.520198995461491176e+00
2.680000000000000160e+00 3.351589353108225033e+00 3.520228443823041786e+00
2.689999999999999947e+00 3.361245549285940104e+00 3.519893753258653835e+00
2.700000000000000178e+00 3.370844015465090049e+00 3.518952118663480899e+00
2.709999999999999964e+00 3.379545568957620372e+00 3.518662972006505907e+00
2.720000000000000195e+00 3.386804152648104083e+00 3.517323413980351976e+00
2.729999999999999982e+00 3.392990087307147462e+00 3.516830648366757295e+00
2.740000000000000213e+00 3.398318449258113993e+00 3.515506178527568970e+00
2.750000000000000000e+00 3.402131905594012018e+00 3.514905768060544666e+00
2.760000000000000231e+00 3.406410655367988927e+00 3.513676398217063568e+00
2.770000000000000018e+00 3.409647369577865295e+00 3.513713968842048896e+00
2.780000000000000249e+00 3.412254603926201835e+00 3.514235398629645513e+00
2.790000000000000036e+00 3.414370060420937492e+00 3.514396459678702733e+00
2.800000000000000266e+00 3.415075301458617485e+00 3.516250162794807732e+00
2.810000000000000053e+00 3.416309312055942460e+00 3.517046432301166536e+00
2.819999999999999840e+00 3.416553702613811083e+00 3.518813064463635065e+00
2.830000000000000071e+00 3.417306153108182531e+00 3.519463633216318943e+00
2.839999999999999858e+00 3.419116779627871416e+00 3.517821139373707773e+00
2.850000000000000089e+00 3.420597053240058472e+00 3.516760212594749468e+00
2.859999999999999876e+00 3.421354825399335553e+00 3.516444798228326896e+00
2.870000000000000107e+00 3.421961751423801434e+00 3.515802725347553004e+00
2.879999999999999893e+00 3.423264431151466169e+00 3.514150036707802016e+00
2.890000000000000124e+00 3.424283481312369926e+00 3.513208704604530386e+00
2.899999999999999911e+00 3.424584547064418505e+00 3.512852403466587337e+00
2.910000000000000142e+00 3.424920570456735369e+00 3.512423013975866759e+00
2.919999999999999929e+00 3.426003217775643428e+00 3.510788590443312707e+00
2.930000000000000160e+00 3.427178656311115290e+00 3.509047400598445776e+00
2.939999999999999947e+00 3.428245153163420600e+00 3.507528700520051057e+00
2.950000000000000178e+00 3.429218265642401953e+00 3.506105589180710247e+00
2.959999999999999964e+00 3.430347856685118657e+00 3.504482134460014997e+00
2.970000000000000195e+00 3.431279839169927293e+00 3.503183019826463962e+00
2.979999999999999982e+00 3.434003119481885857e+00 3.499432081071054856e+00
2.990000000000000213e+00 3.436056029122646294e+00 3.496666624871913598e+00
3.000000000000000000e+00 3.439328113195257330e+00 3.492420619390649961e+00
