0.000000000000000000e+00 2.641547316892445263e-01
1.000000000000000021e-02 4.778785168042778975e-01
2.000000000000000042e-02 1.198630065836310488e+00
2.999999999999999889e-02 1.195623944182991893e+00
4.000000000000000083e-02 1.194348648083806141e+00
5.000000000000000278e-02 1.190920921032428748e+00
5.999999999999999778e-02 1.175999725016653619e+00
7.000000000000000666e-02 1.399035605944991101e+00
8.000000000000000167e-02 3.170307024046182587e+00
8.999999999999999667e-02 3.885997689654827170e+00
1.000000000000000056e-01 3.914992653713226467e+00
1.100000000000000006e-01 3.915033062090873539e+00
1.199999999999999956e-01 3.915105826342105910e+00
1.300000000000000044e-01 3.915114019966125625e+00
1.400000000000000133e-01 3.915062057714462362e+00
1.499999999999999944e-01 3.915055009570121758e+00
1.600000000000000033e-01 3.915049200799465279e+00
1.700000000000000122e-01 3.915044610157012883e+00
1.799999999999999933e-01 3.915022971417903896e+00
1.900000000000000022e-01 3.914972873122692043e+00
2.000000000000000111e-01 3.914923600876331289e+00
2.099999999999999922e-01 3.914870670862197866e+00
2.200000000000000011e-01 3.914876121263504150e+00
2.300000000000000100e-01 3.914638004324435983e+00
2.399999999999999911e-01 3.914466915483474807e+00
2.500000000000000000e-01 3.914157434580326278e+00
2.600000000000000089e-01 3.913605802640915066e+00
2.700000000000000178e-01 3.912975052957534672e+00
2.800000000000000266e-01 3.912503675282001492e+00
2.899999999999999800e-01 3.912067874202728390e+00
2.999999999999999889e-01 3.911384614317417352e+00
3.099999999999999978e-01 3.910585990793705058e+00
3.200000000000000067e-01 3.909315055906772418e+00
3.300000000000000155e-01 3.908085409972667623e+00
3.400000000000000244e-01 3.903269298527240583e+00
3.500000000000000333e-01 3.896288342649936620e+00
3.599999999999999867e-01 3.880601500627994582e+00
3.699999999999999956e-01 3.863670671725273120e+00
3.800000000000000044e-01 3.846132847714424319e+00
3.900000000000000133e-01 3.807949943914413549e+00
4.000000000000000222e-01 3.751498281238079269e+00
4.100000000000000311e-01 3.681305142462253599e+00
4.199999999999999845e-01 3.596179378004074056e+00
4.299999999999999933e-01 3.502968256199360031e+00
4.400000000000000022e-01 3.393554193601608482e+00
4.500000000000000111e-01 3.266661402504444034e+00
4.600000000000000200e-01 3.162019859216213202e+00
4.700000000000000289e-01 3.077771845240592885e+00
4.799999999999999822e-01 3.029150493576526770e+00
4.899999999999999911e-01 2.984927239184379744e+00
5.000000000000000000e-01 2.966376540246009608e+00
5.100000000000000089e-01 2.961187259526252724e+00
5.200000000000000178e-01 2.961779175105094808e+00
5.300000000000000266e-01 2.960642055284977037e+00
5.400000000000000355e-01 2.959596959061622456e+00
5.500000000000000444e-01 2.959733569462299485e+00
5.600000000000000533e-01 2.959493462476730397e+00
5.700000000000000622e-01 2.958743355798721275e+00
5.799999999999999600e-01 2.957838023023605434e+00
5.899999999999999689e-01 2.957609389884471973e+00
5.999999999999999778e-01 2.957277678496837758e+00
6.099999999999999867e-01 2.953787411978244570e+00
6.199999999999999956e-01 2.952367435603141743e+00
6.300000000000000044e-01 2.950186225857734712e+00
6.400000000000000133e-01 2.946956037235259895e+00
6.500000000000000222e-01 2.947357589237689979e+00
6.600000000000000311e-01 2.947768304326534139e+00
6.700000000000000400e-01 2.950241036200523581e+00
6.800000000000000488e-01 2.950958711934089873e+00
6.900000000000000577e-01 2.951424000430107331e+00
7.000000000000000666e-01 2.952542271761894099e+00
7.099999999999999645e-01 2.953673936023712088e+00
7.199999999999999734e-01 2.954985845592021931e+00
7.299999999999999822e-01 2.956315024843215955e+00
7.399999999999999911e-01 2.957116814596652876e+00
7.500000000000000000e-01 2.957411633901596115e+00
7.600000000000000089e-01 2.957474093956947492e+00
7.700000000000000178e-01 2.957438025016784877e+00
7.800000000000000266e-01 2.957272183625697881e+00
7.900000000000000355e-01 2.957099773371219431e+00
8.000000000000000444e-01 2.956996183128357103e+00
8.100000000000000533e-01 2.956801598386764596e+00
8.200000000000000622e-01 2.956767293527126306e+00
8.300000000000000711e-01 2.956730995059013267e+00
8.399999999999999689e-01 2.956710831797122907e+00
8.499999999999999778e-01 2.956645285761356323e+00
8.599999999999999867e-01 2.956602819306850538e+00
8.699999999999999956e-01 2.956507190980911304e+00
8.800000000000000044e-01 2.956503474102020412e+00
8.900000000000000133e-01 2.956495078284740341e+00
9.000000000000000222e-01 2.956422317380904996e+00
9.100000000000000311e-01 2.956319157485961746e+00
9.200000000000000400e-01 2.956099565711021615e+00
9.300000000000000488e-01 2.955716942694186944e+00
9.400000000000000577e-01 2.954889810984134613e+00
9.500000000000000666e-01 2.953900185084342933e+00
9.599999999999999645e-01 2.952638566274643050e+00
9.699999999999999734e-01 2.951544646084308443e+00
9.799999999999999822e-01 2.950626013855933927e+00
9.899999999999999911e-01 2.950107258539199862e+00
1.000000000000000000e+00 2.949699019556045521e+00
1.010000000000000009e+00 2.950405919651985176e+00
1.020000000000000018e+00 2.950879958851337470e+00
1.030000000000000027e+00 2.952986608903408250e+00
1.040000000000000036e+00 2.955958799188136865e+00
1.050000000000000044e+00 2.956821619722842964e+00
1.060000000000000053e+00 2.955372174131870366e+00
1.070000000000000062e+00 2.954477996110916216e+00
1.080000000000000071e+00 2.961041257810592686e+00
1.090000000000000080e+00 2.971239964563846758e+00
1.100000000000000089e+00 2.978649972727298589e+00
1.110000000000000098e+00 2.987822629644870887e+00
1.120000000000000107e+00 2.991509158332347873e+00
1.130000000000000115e+00 2.999125250227451467e+00
1.140000000000000124e+00 3.059015949542522428e+00
1.150000000000000133e+00 3.099594193108081708e+00
1.159999999999999920e+00 3.127623409216404138e+00
1.169999999999999929e+00 3.169122697472572359e+00
1.179999999999999938e+00 3.229872632546424871e+00
1.189999999999999947e+00 3.245122626302242352e+00
1.199999999999999956e+00 3.270486579301357111e+00
1.209999999999999964e+00 3.302837583446502467e+00
1.219999999999999973e+00 3.334244552190303690e+00
1.229999999999999982e+00 3.362614392611980474e+00
1.239999999999999991e+00 3.396700544915199238e+00
1.250000000000000000e+00 3.434116921746730888e+00
1.260000000000000009e+00 3.458344476826190839e+00
1.270000000000000018e+00 3.486000093901157282e+00
1.280000000000000027e+00 3.505158662230968503e+00
1.290000000000000036e+00 3.525699080402850960e+00
1.300000000000000044e+00 3.548827479674816043e+00
1.310000000000000053e+00 3.584880369236469466e+00
1.320000000000000062e+00 3.624273192501068053e+00
1.330000000000000071e+00 3.655124383051395309e+00
1.340000000000000080e+00 3.675263342812061129e+00
1.350000000000000089e+00 3.694480975148677793e+00
1.360000000000000098e+00 3.716390422344207689e+00
1.370000000000000107e+00 3.738442180838585038e+00
1.380000000000000115e+00 3.759152538125515086e+00
1.390000000000000124e+00 3.770928258640766195e+00
1.400000000000000133e+00 3.781656398706436217e+00
1.409999999999999920e+00 3.787814671926498455e+00
1.419999999999999929e+00 3.792063850691318461e+00
1.429999999999999938e+00 3.795031031100749797e+00
1.439999999999999947e+00 3.795985019996166443e+00
1.449999999999999956e+00 3.797396616981029371e+00
1.459999999999999964e+00 3.801480829219818336e+00
1.469999999999999973e+00 3.804194441192150222e+00
1.479999999999999982e+00 3.806917327876091051e+00
1.489999999999999991e+00 3.811098170351982173e+00
1.500000000000000000e+00 3.812680973799228656e+00
1.510000000000000009e+00 3.813383369505405351e+00
1.520000000000000018e+00 3.814429001581668643e+00
1.530000000000000027e+00 3.814906597771644758e+00
1.540000000000000036e+00 3.815210741987228538e+00
1.550000000000000044e+00 3.815547139708995950e+00
1.560000000000000053e+00 3.815736986615657855e+00
1.570000000000000062e+00 3.815820270247459511e+00
1.580000000000000071e+00 3.816071597857475073e+00
1.590000000000000080e+00 3.816222455587387152e+00
1.600000000000000089e+00 3.816367480361461784e+00
1.610000000000000098e+00 3.816352472932338813e+00
1.620000000000000107e+00 3.816326071636676698e+00
1.630000000000000115e+00 3.816386714799404167e+00
1.640000000000000124e+00 3.816432655622959302e+00
1.650000000000000133e+00 3.816475588974952871e+00
1.660000000000000142e+00 3.816586381962299157e+00
1.669999999999999929e+00 3.816717208843231290e+00
1.679999999999999938e+00 3.816750020115375452e+00
1.689999999999999947e+00 3.816985954587459595e+00
1.699999999999999956e+00 3.817255178904533253e+00
1.709999999999999964e+00 3.817313401896953451e+00
1.719999999999999973e+00 3.817531480026245205e+00
1.729999999999999982e+00 3.817778362116813540e+00
1.739999999999999991e+00 3.818089346849918186e+00
1.750000000000000000e+00 3.818380406179428199e+00
1.760000000000000009e+00 3.818573644726276584e+00
1.770000000000000018e+00 3.818778539628982394e+00
1.780000000000000027e+00 3.818949013493061262e+00
1.790000000000000036e+00 3.819064785122871619e+00
1.800000000000000044e+00 3.819570642852783138e+00
1.810000000000000053e+00 3.820097086117267615e+00
1.820000000000000062e+00 3.820641210319995817e+00
1.830000000000000071e+00 3.821027838418483924e+00
1.840000000000000080e+00 3.821284175279140438e+00
1.850000000000000089e+00 3.821579527220726025e+00
1.860000000000000098e+00 3.822170361268520278e+00
1.870000000000000107e+00 3.822754289698600871e+00
1.880000000000000115e+00 3.822890950493812667e+00
1.890000000000000124e+00 3.822317095708847035e+00
1.900000000000000133e+00 3.822062365248203086e+00
1.910000000000000142e+00 3.821508253443241188e+00
1.919999999999999929e+00 3.820893412353992602e+00
1.929999999999999938e+00 3.820026598460674272e+00
1.939999999999999947e+00 3.819294532079696491e+00
1.949999999999999956e+00 3.818807380771636950e+00
1.959999999999999964e+00 3.818524580500125776e+00
1.969999999999999973e+00 3.818273132972717310e+00
1.979999999999999982e+00 3.817382859671115902e+00
1.989999999999999991e+00 3.815257958302497698e+00
2.000000000000000000e+00 3.812596851654052710e+00
2.010000000000000231e+00 3.811655221035480601e+00
2.020000000000000018e+00 3.811395209903717163e+00
2.030000000000000249e+00 3.811089588568210562e+00
2.040000000000000036e+00 3.811067965319156592e+00
2.049999999999999822e+00 3.811064023995399452e+00
2.060000000000000053e+00 3.810732772700786697e+00
2.069999999999999840e+00 3.810737042527198692e+00
2.080000000000000071e+00 3.810018432090282570e+00
2.089999999999999858e+00 3.807143461055755740e+00
2.100000000000000089e+00 3.805419190218448655e+00
2.109999999999999876e+00 3.804131909415721768e+00
2.120000000000000107e+00 3.804256609861850880e+00
2.129999999999999893e+00 3.803964722857475333e+00
2.140000000000000124e+00 3.804007578318119087e+00
2.149999999999999911e+00 3.802891419985294341e+00
2.160000000000000142e+00 3.801126653218269258e+00
2.169999999999999929e+00 3.799170367782116031e+00
2.180000000000000160e+00 3.797801092669963907e+00
2.189999999999999947e+00 3.796523656079769271e+00
2.200000000000000178e+00 3.794331163547039143e+00
2.209999999999999964e+00 3.791175765783786566e+00
2.220000000000000195e+00 3.789228716166019417e+00
2.229999999999999982e+00 3.786755815927982383e+00
2.240000000000000213e+00 3.784892111165523598e+00
2.250000000000000000e+00 3.781586222162246713e+00
2.260000000000000231e+00 3.776361075596809336e+00
2.270000000000000018e+00 3.771180179848670821e+00
2.280000000000000249e+00 3.765257105810642102e+00
2.290000000000000036e+00 3.760281122694015377e+00
2.300000000000000266e+00 3.756464650752544543e+00
2.310000000000000053e+00 3.753680902769565453e+00
2.319999999999999840e+00 3.750908021597862074e+00
2.330000000000000071e+00 3.747392341239452307e+00
2.339999999999999858e+00 3.744521940064430066e+00
2.350000000000000089e+00 3.741722728180885138e+00
2.359999999999999876e+00 3.739117245154380598e+00
2.370000000000000107e+00 3.736992613904476013e+00
2.379999999999999893e+00 3.735595598030090336e+00
2.390000000000000124e+00 3.733857547857761361e+00
2.399999999999999911e+00 3.731230233445167688e+00
2.410000000000000142e+00 3.729246953420639166e+00
2.419999999999999929e+00 3.727308918943405214e+00
2.430000000000000160e+00 3.725907692487239853e+00
2.439999999999999947e+00 3.724473513879776210e+00
2.450000000000000178e+00 3.720750572657585131e+00
2.459999999999999964e+00 3.717013035497665374e+00
2.470000000000000195e+00 3.712951220898628168e+00
2.479999999999999982e+00 3.705417056393623287e+00
2.490000000000000213e+00 3.699044002997875058e+00
2.500000000000000000e+00 3.693536048910617708e+00
2.510000000000000231e+00 3.687587320640087096e+00
2.520000000000000018e+00 3.679432158396243935e+00
2.530000000000000249e+00 3.662164270255565679e+00
2.540000000000000036e+00 3.631245446712970892e+00
2.550000000000000266e+00 3.609405342452526089e+00
2.560000000000000053e+00 3.591332185883521877e+00
2.569999999999999840e+00 3.579594565269947015e+00
2.580000000000000071e+00 3.552232034459114285e+00
2.589999999999999858e+00 3.512974716532230257e+00
2.600000000000000089e+00 3.484226979064941609e+00
2.609999999999999876e+00 3.447230374238491102e+00
2.620000000000000107e+00 3.421095377515554592e+00
2.629999999999999893e+00 3.395808182060718661e+00
2.640000000000000124e+00 3.382770676842927760e+00
2.649999999999999911e+00 3.366302076829671641e+00
2.660000000000000142e+00 3.336841344949006860e+00
2.669999999999999929e+00 3.323688346129655802e+00
2.680000000000000160e+00 3.313170099471807628e+00
2.689999999999999947e+00 3.305279098082780642e+00
2.700000000000000178e+00 3.297868918325900900e+00
2.709999999999999964e+00 3.289214643743038291e+00
2.720000000000000195e+00 3.279690189745426032e+00
2.729999999999999982e+00 3.270633480211496469e+00
2.740000000000000213e+00 3.242309032351970544e+00
2.750000000000000000e+00 3.212114225610494422e+00
2.760000000000000231e+00 3.170068121701478780e+00
2.770000000000000018e+00 3.130511794083118637e+00
2.780000000000000249e+00 3.060462685081958956e+00
2.790000000000000036e+00 3.056058477299213205e+00
2.800000000000000266e+00 3.073752504308223887e+00
2.810000000000000053e+00 3.131382280882597069e+00
2.819999999999999840e+00 3.129588761938810304e+00
2.830000000000000071e+00 3.097326431320905904e+00
2.839999999999999858e+00 3.120337925332784756e+00
2.850000000000000089e+00 3.141796587620973469e+00
2.859999999999999876e+00 3.185555023534297980e+00
2.870000000000000107e+00 3.233711647121906285e+00
2.879999999999999893e+00 3.287089301024675336e+00
2.890000000000000124e+00 3.339091258287429920e+00
2.899999999999999911e+00 3.354463107074499018e+00
2.910000000000000142e+00 3.363609523582458571e+00
2.919999999999999929e+00 3.396093070558309446e+00
2.930000000000000160e+00 3.431398078274726871e+00
2.939999999999999947e+00 3.481683974728584374e+00
2.950000000000000178e+00 3.570087077819108945e+00
2.959999999999999964e+00 3.645933966331481813e+00
2.970000000000000195e+00 3.689815646984577313e+00
2.979999999999999982e+00 3.732453965475559077e+00
2.990000000000000213e+00 3.794238764640093020e+00
3.000000000000000000e+00 3.860379643936157290e+00
