0.000000000000000000e+00 1.262807196621648087e-01 1.384892063069292356e-01
1.000000000000000021e-02 5.077718744025290221e-01 5.883368227394758510e-01
2.000000000000000042e-02 1.358515929420874846e+00 1.593402981229140147e+00
2.999999999999999889e-02 1.398539285846506885e+00 1.549190874933445983e+00
4.000000000000000083e-02 1.398539285846506885e+00 1.549190874933445983e+00
5.000000000000000278e-02 1.398539285846506885e+00 1.549190874933445983e+00
5.999999999999999778e-02 1.398539285846506885e+00 1.549190874933445983e+00
7.000000000000000666e-02 1.398539285846506885e+00 1.549190874933445983e+00
8.000000000000000167e-02 1.398539285846506885e+00 1.549190874933445983e+00
8.999999999999999667e-02 1.120112291287024942e+00 2.560521894487301164e+00
1.000000000000000056e-01 2.635877842978677332e+00 3.703109556377687905e+00
1.100000000000000006e-01 3.274552151818983958e+00 3.400725326098687162e+00
1.199999999999999956e-01 3.274552151818983958e+00 3.400725326098687162e+00
1.300000000000000044e-01 3.274552151818983958e+00 3.400725326098687162e+00
1.400000000000000133e-01 3.274552151818983958e+00 3.400725326098687162e+00
1.499999999999999944e-01 3.275068533592050191e+00 3.399506378112012950e+00
1.600000000000000033e-01 3.277898448872893056e+00 3.392937823943764641e+00
1.700000000000000122e-01 3.282602548555000777e+00 3.382912793990508593e+00
1.799999999999999933e-01 3.287965240014804724e+00 3.373262586642490124e+00
1.900000000000000022e-01 3.291485475579997377e+00 3.368288154171207971e+00
2.000000000000000111e-01 3.293809047532737289e+00 3.365147136115371751e+00
2.099999999999999922e-01 3.297597963144946576e+00 3.359678332049679028e+00
2.200000000000000011e-01 3.300667332385122776e+00 3.355619895893990901e+00
2.300000000000000100e-01 3.303810526725063479e+00 3.353976520050754306e+00
2.399999999999999911e-01 3.307076576601724938e+00 3.352358118632573714e+00
2.500000000000000000e-01 3.309259416442279278e+00 3.352285176071758688e+00
2.600000000000000089e-01 3.311616461177981474e+00 3.352007115801655335e+00
2.700000000000000178e-01 3.313760577553878317e+00 3.351770121136536051e+00
2.800000000000000266e-01 3.313850995121247145e+00 3.351791565646879967e+00
2.899999999999999800e-01 3.313850995121247145e+00 3.351791565646879967e+00
2.999999999999999889e-01 3.313850995121247145e+00 3.351791565646879967e+00
3.099999999999999978e-01 3.313850995121247145e+00 3.351791565646879967e+00
3.200000000000000067e-01 3.313850995121247145e+00 3.351791565646879967e+00
3.300000000000000155e-01 3.313850995121247145e+00 3.351791565646879967e+00
3.400000000000000244e-01 3.313850995121247145e+00 3.351791565646879967e+00
3.500000000000000333e-01 3.313850995121247145e+00 3.351791565646879967e+00
3.599999999999999867e-01 3.313850995121247145e+00 3.351791565646879967e+00
3.699999999999999956e-01 3.311250180133906706e+00 3.353781088677318944e+00
3.800000000000000044e-01 3.305816061559484709e+00 3.357594782766534891e+00
3.900000000000000133e-01 3.293410583103042466e+00 3.365294586903709639e+00
4.000000000000000222e-01 3.292896402428622249e+00 3.365150925685887362e+00
4.100000000000000311e-01 3.291922471710491127e+00 3.365599379724216522e+00
4.199999999999999845e-01 3.295144231207079333e+00 3.363897103240781394e+00
4.299999999999999933e-01 3.301785694487193279e+00 3.359991086742779576e+00
4.400000000000000022e-01 3.307705695033736237e+00 3.356345786842636958e+00
4.500000000000000111e-01 3.311820521840344700e+00 3.353457068415392595e+00
4.600000000000000200e-01 3.314322623162433423e+00 3.351622694840266981e+00
4.700000000000000289e-01 3.314322623162433423e+00 3.351622694840266981e+00
4.799999999999999822e-01 3.314322623162433423e+00 3.351622694840266981e+00
4.899999999999999911e-01 3.314322623162433423e+00 3.351622694840266981e+00
5.000000000000000000e-01 3.314322623162433423e+00 3.351622694840266981e+00
5.100000000000000089e-01 3.314322623162433423e+00 3.351622694840266981e+00
5.200000000000000178e-01 3.314322623162433423e+00 3.351622694840266981e+00
5.300000000000000266e-01 3.314322623162433423e+00 3.351622694840266981e+00
5.400000000000000355e-01 3.314322623162433423e+00 3.351622694840266981e+00
5.500000000000000444e-01 3.314322623162433423e+00 3.351622694840266981e+00
5.600000000000000533e-01 3.314322623162433423e+00 3.351622694840266981e+00
5.700000000000000622e-01 3.314322623162433423e+00 3.351622694840266981e+00
5.799999999999999600e-01 3.314322623162433423e+00 3.351622694840266981e+00
5.899999999999999689e-01 3.314322623162433423e+00 3.351622694840266981e+00
5.999999999999999778e-01 3.314322623162433423e+00 3.351622694840266981e+00
6.099999999999999867e-01 3.314322623162433423e+00 3.351622694840266981e+00
6.199999999999999956e-01 3.314322623162433423e+00 3.351622694840266981e+00
6.300000000000000044e-01 3.314322623162433423e+00 3.351622694840266981e+00
6.400000000000000133e-01 3.314322623162433423e+00 3.351622694840266981e+00
6.500000000000000222e-01 3.314322623162433423e+00 3.351622694840266981e+00
6.600000000000000311e-01 3.314322623162433423e+00 3.351622694840266981e+00
6.700000000000000400e-01 3.314322623162433423e+00 3.351622694840266981e+00
6.800000000000000488e-01 3.314322623162433423e+00 3.351622694840266981e+00
6.900000000000000577e-01 3.314322623162433423e+00 3.351622694840266981e+00
7.000000000000000666e-01 3.314322623162433423e+00 3.351622694840266981e+00
7.099999999999999645e-01 3.314322623162433423e+00 3.351622694840266981e+00
7.199999999999999734e-01 3.314322623162433423e+00 3.351622694840266981e+00
7.299999999999999822e-01 3.314322623162433423e+00 3.351622694840266981e+00
7.399999999999999911e-01 3.314322623162433423e+00 3.351622694840266981e+00
7.500000000000000000e-01 3.314322448037616997e+00 3.351622638312824254e+00
7.600000000000000089e-01 3.314322340268948341e+00 3.351622603526255961e+00
7.700000000000000178e-01 3.314322290400212090e+00 3.351622568899447430e+00
7.800000000000000266e-01 3.314311094734671670e+00 3.351619105708596003e+00
7.900000000000000355e-01 3.314275206584966327e+00 3.351588366231882610e+00
8.000000000000000444e-01 3.314241989951782319e+00 3.351561288914032044e+00
8.100000000000000533e-01 3.313954424785290342e+00 3.351590465589847412e+00
8.200000000000000622e-01 3.313383380551782054e+00 3.351664154386076788e+00
8.300000000000000711e-01 3.312685235268893802e+00 3.351672217662510445e+00
8.399999999999999689e-01 3.311666727569873458e+00 3.351831118141834764e+00
8.499999999999999778e-01 3.310951646118624581e+00 3.351968858327404988e+00
8.599999999999999867e-01 3.310422213250539869e+00 3.351879619387246656e+00
8.699999999999999956e-01 3.310361831086258810e+00 3.351860623061080346e+00
8.800000000000000044e-01 3.309552410920252985e+00 3.351598097669491683e+00
8.900000000000000133e-01 3.308427179625383019e+00 3.351576861521849082e+00
9.000000000000000222e-01 3.307876467550678878e+00 3.351524973174647481e+00
9.100000000000000311e-01 3.307262695308229361e+00 3.351506933636168029e+00
9.200000000000000400e-01 3.306361994556893613e+00 3.351469209037314378e+00
9.300000000000000488e-01 3.305378705053060973e+00 3.351450869727403248e+00
9.400000000000000577e-01 3.304498342869857996e+00 3.351168509013076946e+00
9.500000000000000666e-01 3.303993414676765106e+00 3.350887634622474742e+00
9.599999999999999645e-01 3.303564582244252090e+00 3.350625820473338567e+00
9.699999999999999734e-01 3.302589801168398065e+00 3.350191165633245038e+00
9.799999999999999822e-01 3.301475572348090193e+00 3.349681229319123599e+00
9.899999999999999911e-01 3.301410949335557010e+00 3.349658605727690475e+00
1.000000000000000000e+00 3.301326910938100490e+00 3.349597718893213560e+00
1.010000000000000009e+00 3.301285795311788895e+00 3.349586183314462673e+00
1.020000000000000018e+00 3.301074680979953158e+00 3.349574828864827047e+00
1.030000000000000027e+00 3.300653201777068890e+00 3.349578382075698801e+00
1.040000000000000036e+00 3.300329178756346682e+00 3.349550792108903163e+00
1.050000000000000044e+00 3.300329550688262170e+00 3.349555051219467838e+00
1.060000000000000053e+00 3.300330343674912736e+00 3.349558919511542054e+00
1.070000000000000062e+00 3.300330343674912736e+00 3.349558919511542054e+00
1.080000000000000071e+00 3.300330343674912736e+00 3.349558919511542054e+00
1.090000000000000080e+00 3.300330343674912736e+00 3.349558919511542054e+00
1.100000000000000089e+00 3.300330343674912736e+00 3.349558919511542054e+00
1.110000000000000098e+00 3.300330343674912736e+00 3.349558919511542054e+00
1.120000000000000107e+00 3.300330343674912736e+00 3.349558919511542054e+00
1.130000000000000115e+00 3.300332742060335889e+00 3.349562020489064373e+00
1.140000000000000124e+00 3.300332742060335889e+00 3.349562020489064373e+00
1.150000000000000133e+00 3.300334782846034543e+00 3.349565277740894409e+00
1.159999999999999920e+00 3.300344951468919152e+00 3.349582195843245014e+00
1.169999999999999929e+00 3.300051637858172349e+00 3.350039871631841137e+00
1.179999999999999938e+00 3.295810855612587797e+00 3.357128541560340462e+00
1.189999999999999947e+00 3.293374129130106631e+00 3.361751628044385320e+00
1.199999999999999956e+00 3.292238610122207199e+00 3.364185975878235091e+00
1.209999999999999964e+00 3.290696945563910791e+00 3.367646830175759387e+00
1.219999999999999973e+00 3.274383676773810592e+00 3.377229050291275847e+00
1.229999999999999982e+00 3.258052214868336183e+00 3.385214757268161012e+00
1.239999999999999991e+00 3.243771729705187568e+00 3.391136427581456836e+00
1.250000000000000000e+00 3.240011463932346736e+00 3.393189958682704344e+00
1.260000000000000009e+00 3.234762139959380889e+00 3.395947786779357713e+00
1.270000000000000018e+00 3.219416128255200960e+00 3.402350992001222707e+00
1.280000000000000027e+00 3.194514979805714194e+00 3.410629928450816362e+00
1.290000000000000036e+00 3.174473565879235348e+00 3.416108274206747897e+00
1.300000000000000044e+00 3.140281179912689513e+00 3.419672647239563101e+00
1.310000000000000053e+00 3.112497602644047845e+00 3.419618690090098667e+00
1.320000000000000062e+00 3.078474590197174177e+00 3.421288133387001107e+00
1.330000000000000071e+00 3.035111991051138158e+00 3.426661696244775346e+00
1.340000000000000080e+00 2.978420756058159036e+00 3.403239527202186032e+00
1.350000000000000089e+00 2.891798064453229955e+00 3.385454479005709061e+00
1.360000000000000098e+00 2.831992923962354247e+00 3.366890318954706807e+00
1.370000000000000107e+00 2.805902200993557916e+00 3.343704903717974464e+00
1.380000000000000115e+00 2.785679596587446571e+00 3.314468474758835992e+00
1.390000000000000124e+00 2.766021547765532773e+00 3.269779324336250959e+00
1.400000000000000133e+00 2.756912785513371489e+00 3.223128038537532269e+00
1.409999999999999920e+00 2.749500168873328931e+00 3.192304439400177607e+00
1.419999999999999929e+00 2.741615126985723627e+00 3.161582627092188069e+00
1.429999999999999938e+00 2.731206831998496565e+00 3.129175339336723649e+00
1.439999999999999947e+00 2.720828203874972484e+00 3.092222931717488077e+00
1.449999999999999956e+00 2.714598436656401326e+00 3.055722337007119371e+00
1.459999999999999964e+00 2.709943311183399040e+00 3.026020687315517321e+00
1.469999999999999973e+00 2.701968308183608336e+00 2.987971581838669621e+00
1.479999999999999982e+00 2.700632144295459280e+00 2.974694187649006505e+00
1.489999999999999991e+00 2.703534087267140062e+00 2.976822939190646888e+00
1.500000000000000000e+00 2.705033701788215783e+00 2.974694470242233546e+00
1.510000000000000009e+00 2.706260487984698315e+00 2.971787764335591220e+00
1.520000000000000018e+00 2.707651723673561772e+00 2.966940385925551649e+00
1.530000000000000027e+00 2.709121241266376323e+00 2.961783285887592321e+00
1.540000000000000036e+00 2.709728014982840438e+00 2.959424790135720240e+00
1.550000000000000044e+00 2.710270896162798149e+00 2.958666416773984675e+00
1.560000000000000053e+00 2.710496085904837926e+00 2.960575010854004319e+00
1.570000000000000062e+00 2.711529130801780596e+00 2.961552202992812965e+00
1.580000000000000071e+00 2.711503286121603296e+00 2.978412300812486535e+00
1.590000000000000080e+00 2.712103751859031853e+00 2.995070717411674188e+00
1.600000000000000089e+00 2.712889658991799458e+00 3.006371537430777785e+00
1.610000000000000098e+00 2.713496816267881417e+00 3.011514292764749801e+00
1.620000000000000107e+00 2.712664379543479054e+00 3.013362698493783132e+00
1.630000000000000115e+00 2.687161070059475243e+00 3.072118673859897342e+00
1.640000000000000124e+00 2.667918027795855629e+00 3.138944540043766551e+00
1.650000000000000133e+00 2.650530411868638581e+00 3.222363488101415818e+00
1.660000000000000142e+00 2.646792275448789589e+00 3.268481042570123840e+00
1.669999999999999929e+00 2.648302374189068331e+00 3.386448961512874334e+00
1.679999999999999938e+00 2.678746286932629950e+00 3.541965255454378791e+00
1.689999999999999947e+00 2.716893738089040333e+00 3.646135116009279642e+00
1.699999999999999956e+00 2.780225036271109840e+00 3.750450588218674053e+00
1.709999999999999964e+00 2.846563177128723865e+00 3.834655139030524573e+00
1.719999999999999973e+00 2.942312314850549004e+00 3.925694582789679199e+00
1.729999999999999982e+00 3.023938081903984276e+00 3.983503852328727390e+00
1.739999999999999991e+00 3.071943246091953128e+00 4.012502391897091236e+00
1.750000000000000000e+00 3.179411784104555050e+00 4.060593835225851045e+00
1.760000000000000009e+00 3.286119316737420526e+00 4.085143182828657515e+00
1.770000000000000018e+00 3.404943049347358475e+00 4.097583869602722473e+00
1.780000000000000027e+00 3.527258807485372571e+00 4.093534831974237065e+00
1.790000000000000036e+00 3.630119504389999641e+00 4.073728296851874653e+00
1.800000000000000044e+00 3.696994228058467780e+00 4.052674579295505453e+00
1.810000000000000053e+00 3.745011473201101726e+00 4.034254694458657475e+00
1.820000000000000062e+00 3.763335073330852598e+00 4.028605615584399224e+00
1.830000000000000071e+00 3.774971123319811994e+00 4.027146510523610168e+00
1.840000000000000080e+00 3.786816786247750422e+00 4.024205067828635407e+00
1.850000000000000089e+00 3.815321645945166207e+00 4.013133405538941822e+00
1.860000000000000098e+00 3.837465905525347942e+00 4.003545506031849222e+00
1.870000000000000107e+00 3.839862710401242829e+00 4.001967960260683022e+00
1.880000000000000115e+00 3.841469596971676115e+00 4.000671450854136779e+00
1.890000000000000124e+00 3.845474459249052845e+00 3.999240996306862694e+00
1.900000000000000133e+00 3.854990283925654904e+00 3.996422312910434815e+00
1.910000000000000142e+00 3.863717064808382506e+00 3.993241933990941295e+00
1.919999999999999929e+00 3.874365745005825534e+00 3.989183696341296770e+00
1.929999999999999938e+00 3.875775478777280902e+00 3.989029193206437895e+00
1.939999999999999947e+00 3.878523767577832349e+00 3.987789215124422970e+00
1.949999999999999956e+00 3.880294257303090966e+00 3.987354618410257068e+00
1.959999999999999964e+00 3.882841380197660452e+00 3.986248956311090108e+00
1.969999999999999973e+00 3.884058570405213295e+00 3.986022939895423001e+00
1.979999999999999982e+00 3.884763370527254178e+00 3.986060053630841704e+00
1.989999999999999991e+00 3.885135918261799937e+00 3.986049807360377173e+00
2.000000000000000000e+00 3.885292083793010498e+00 3.985970464005146319e+00
2.010000000000000231e+00 3.886001489425919164e+00 3.986055893038489284e+00
2.020000000000000018e+00 3.886433338045494956e+00 3.986283361702544603e+00
2.030000000000000249e+00 3.885137461188973962e+00 3.986658422275838998e+00
2.040000000000000036e+00 3.883838101350446159e+00 3.987095391643862285e+00
2.049999999999999822e+00 3.883124547653971081e+00 3.987236231817426368e+00
2.060000000000000053e+00 3.882308328369695971e+00 3.987475246297281117e+00
2.069999999999999840e+00 3.882255847206332433e+00 3.987493083605549771e+00
2.080000000000000071e+00 3.882255847206332433e+00 3.987493083605549771e+00
2.089999999999999858e+00 3.882255847206332433e+00 3.987493083605549771e+00
2.100000000000000089e+00 3.882255847206332433e+00 3.987493083605549771e+00
2.109999999999999876e+00 3.882255847206332433e+00 3.987493083605549771e+00
2.120000000000000107e+00 3.882255847206332433e+00 3.987493083605549771e+00
2.129999999999999893e+00 3.882255847206332433e+00 3.987493083605549771e+00
2.140000000000000124e+00 3.882255847206332433e+00 3.987493083605549771e+00
2.149999999999999911e+00 3.882255847206332433e+00 3.987493083605549771e+00
2.160000000000000142e+00 3.882255847206332433e+00 3.987493083605549771e+00
2.169999999999999929e+00 3.882948244407456340e+00 3.987407885958868636e+00
2.180000000000000160e+00 3.883319464738836935e+00 3.987414883334168714e+00
2.189999999999999947e+00 3.884933373922002886e+00 3.987342657705652549e+00
2.200000000000000178e+00 3.885413092437405069e+00 3.987389188570361398e+00
2.209999999999999964e+00 3.886223784712459661e+00 3.987284398590420054e+00
2.220000000000000195e+00 3.886286543020985640e+00 3.987277112016894165e+00
2.229999999999999982e+00 3.886291655838271186e+00 3.987278753464440495e+00
2.240000000000000213e+00 3.886453068281229051e+00 3.987336211890164961e+00
2.250000000000000000e+00 3.886697896567847366e+00 3.987431039322350657e+00
2.260000000000000231e+00 3.886921285121274661e+00 3.987483459766077321e+00
2.270000000000000018e+00 3.887359607892348468e+00 3.987573110809014221e+00
2.280000000000000249e+00 3.887722268094981448e+00 3.987659934225117109e+00
2.290000000000000036e+00 3.888093853570786074e+00 3.987793754561576698e+00
2.300000000000000266e+00 3.888375381813705012e+00 3.987922044524490950e+00
2.310000000000000053e+00 3.888459095858274761e+00 3.987977619701684961e+00
2.319999999999999840e+00 3.888578301520565716e+00 3.988006779641886546e+00
2.330000000000000071e+00 3.888752483644798641e+00 3.988019767536803872e+00
2.339999999999999858e+00 3.888891403658645718e+00 3.988002778970939577e+00
2.350000000000000089e+00 3.889081685027382385e+00 3.987989730530478560e+00
2.359999999999999876e+00 3.889131952233698453e+00 3.987985373472783923e+00
2.370000000000000107e+00 3.889131957354349467e+00 3.987985423093038051e+00
2.379999999999999893e+00 3.889131957354349467e+00 3.987985423093038051e+00
2.390000000000000124e+00 3.889131974764756805e+00 3.987985591801710861e+00
2.399999999999999911e+00 3.889131974764756805e+00 3.987985591801710861e+00
2.410000000000000142e+00 3.889131974764756805e+00 3.987985591801710861e+00
2.419999999999999929e+00 3.889131974764756805e+00 3.987985591801710861e+00
2.430000000000000160e+00 3.889131974764756805e+00 3.987985591801710861e+00
2.439999999999999947e+00 3.889131974764756805e+00 3.987985591801710861e+00
2.450000000000000178e+00 3.889131974764756805e+00 3.987985591801710861e+00
2.459999999999999964e+00 3.889131683594106104e+00 3.987985529159189912e+00
2.470000000000000195e+00 3.889131683594106104e+00 3.987985529159189912e+00
2.479999999999999982e+00 3.889131683594106104e+00 3.987985529159189912e+00
2.490000000000000213e+00 3.889131671618442532e+00 3.987985501004238209e+00
2.500000000000000000e+00 3.889131671618442532e+00 3.987985501004238209e+00
2.510000000000000231e+00 3.889131527911253272e+00 3.987985163144044165e+00
2.520000000000000018e+00 3.889131527911253272e+00 3.987985163144044165e+00
2.530000000000000249e+00 3.889131527911253272e+00 3.987985163144044165e+00
2.540000000000000036e+00 3.889131527911253272e+00 3.987985163144044165e+00
2.550000000000000266e+00 3.889131527911253272e+00 3.987985163144044165e+00
2.560000000000000053e+00 3.889131527911253272e+00 3.987985163144044165e+00
2.569999999999999840e+00 3.889131527911253272e+00 3.987985163144044165e+00
2.580000000000000071e+00 3.889131527911253272e+00 3.987985163144044165e+00
2.589999999999999858e+00 3.884224037685261255e+00 3.991082062254085461e+00
2.600000000000000089e+00 3.876982820793709372e+00 3.995385797437110753e+00
2.609999999999999876e+00 3.874339534542556862e+00 3.996895885832313589e+00
2.620000000000000107e+00 3.871892894415181807e+00 3.998259462013917798e+00
2.629999999999999893e+00 3.865778572959826409e+00 4.001560896954609703e+00
2.640000000000000124e+00 3.857625366631721509e+00 4.005531850665833282e+00
2.649999999999999911e+00 3.849505804712979096e+00 4.009164033181460418e+00
2.660000000000000142e+00 3.844698391829630690e+00 4.011141005467274034e+00
2.669999999999999929e+00 3.833538176009227971e+00 4.016648148615788116e+00
2.680000000000000160e+00 3.782952206831201813e+00 4.048854968375936281e+00
2.689999999999999947e+00 3.736039665723157377e+00 4.075053997153925245e+00
2.700000000000000178e+00 3.676533767512026873e+00 4.101827006628330885e+00
2.709999999999999964e+00 3.635096921011293780e+00 4.116065598028813888e+00
2.720000000000000195e+00 3.629691442932860834e+00 4.116782103777152813e+00
2.729999999999999982e+00 3.628291945035359678e+00 4.116141973307230195e+00
2.740000000000000213e+00 3.627510420729081808e+00 4.115692804702360874e+00
2.750000000000000000e+00 3.626171828060528846e+00 4.114855990275957609e+00
2.760000000000000231e+00 3.625669801013685412e+00 4.114521769192002409e+00
2.770000000000000018e+00 3.578820702706364987e+00 4.137354602741213583e+00
2.780000000000000249e+00 3.467338048245767190e+00 4.180600531985898982e+00
2.790000000000000036e+00 3.272731106197717121e+00 4.225089411099073544e+00
2.800000000000000266e+00 3.033184475711471428e+00 4.234612896005027771e+00
2.810000000000000053e+00 2.771046215594836326e+00 4.206848377829961017e+00
2.819999999999999840e+00 2.545390410759118982e+00 4.152604545054765062e+00
2.830000000000000071e+00 2.380006582303503482e+00 4.072794195231935532e+00
2.839999999999999858e+00 2.247929371561894651e+00 3.979866431350817191e+00
2.850000000000000089e+00 2.146567253200049485e+00 3.881712757242683942e+00
2.859999999999999876e+00 2.001580455079547960e+00 3.713617088872917193e+00
2.870000000000000107e+00 1.805977688621317245e+00 3.379177516988481234e+00
2.879999999999999893e+00 1.661703020853903645e+00 2.920717299530598332e+00
2.890000000000000124e+00 1.687046209098208571e+00 2.667165896206986631e+00
2.899999999999999911e+00 1.775424195833283036e+00 2.567765807430667735e+00
2.910000000000000142e+00 1.762246524142346171e+00 2.650326671322264627e+00
2.919999999999999929e+00 1.757681641026705766e+00 2.695764876757889450e+00
2.930000000000000160e+00 1.746491021759393414e+00 2.806146554989931374e+00
2.939999999999999947e+00 1.751351008731382830e+00 3.037044808445913180e+00
2.950000000000000178e+00 1.760779702606341424e+00 3.179468951258519027e+00
2.959999999999999964e+00 1.836010246459837347e+00 3.437060340631608923e+00
2.970000000000000195e+00 2.068916289537116260e+00 3.780670565943554440e+00
2.979999999999999982e+00 2.497943481548208222e+00 4.079145348379236147e+00
2.990000000000000213e+00 2.848570949434710897e+00 4.181874486029671267e+00
3.000000000000000000e+00 3.816818486149552658e+00 3.858583546192404068e+00
