0.000000000000000000e+00 2.581387632565200208e-01
1.000000000000000021e-02 1.735723134913444543e+00
2.000000000000000042e-02 1.735723134913444543e+00
2.999999999999999889e-02 1.735723134913444543e+00
4.000000000000000083e-02 1.735723134913444543e+00
5.000000000000000278e-02 1.735723134913444543e+00
5.999999999999999778e-02 1.735689175256490691e+00
7.000000000000000666e-02 1.735463522416353266e+00
8.000000000000000167e-02 1.735078017956018348e+00
8.999999999999999667e-02 1.735048795281648681e+00
1.000000000000000056e-01 1.734828644003868048e+00
1.100000000000000006e-01 1.734048999876975916e+00
1.199999999999999956e-01 1.733463332606554053e+00
1.300000000000000044e-01 2.998269892131089964e+00
1.400000000000000133e-01 3.861396698160171503e+00
1.499999999999999944e-01 3.862878188884258268e+00
1.600000000000000033e-01 3.864003453834056856e+00
1.700000000000000122e-01 3.865303881492614835e+00
1.799999999999999933e-01 3.866377732639312725e+00
1.900000000000000022e-01 3.867671213169098010e+00
2.000000000000000111e-01 3.867936008753776633e+00
2.099999999999999922e-01 3.868141846988200960e+00
2.200000000000000011e-01 3.868352667920589294e+00
2.300000000000000100e-01 3.868427696628570445e+00
2.399999999999999911e-01 3.866577915363311746e+00
2.500000000000000000e-01 3.791033580582142015e+00
2.600000000000000089e-01 3.490653802249431781e+00
2.700000000000000178e-01 3.233495834872722519e+00
2.800000000000000266e-01 3.125059728608131415e+00
2.899999999999999800e-01 3.088181031394004794e+00
2.999999999999999889e-01 3.084100826578140442e+00
3.099999999999999978e-01 3.081308566265106297e+00
3.200000000000000067e-01 3.081308566265106297e+00
3.300000000000000155e-01 3.081308566265106297e+00
3.400000000000000244e-01 3.081308566265106297e+00
3.500000000000000333e-01 3.081308566265106297e+00
3.599999999999999867e-01 3.081308566265106297e+00
3.699999999999999956e-01 3.081308566265106297e+00
3.800000000000000044e-01 3.081308566265106297e+00
3.900000000000000133e-01 3.081308566265106297e+00
4.000000000000000222e-01 3.081308566265106297e+00
4.100000000000000311e-01 3.081308566265106297e+00
4.199999999999999845e-01 3.081308566265106297e+00
4.299999999999999933e-01 3.081308566265106297e+00
4.400000000000000022e-01 3.081308566265106297e+00
4.500000000000000111e-01 3.081308566265106297e+00
4.600000000000000200e-01 3.081308566265106297e+00
4.700000000000000289e-01 3.081308566265106297e+00
4.799999999999999822e-01 3.081308566265106297e+00
4.899999999999999911e-01 3.081308566265106297e+00
5.000000000000000000e-01 3.081308566265106297e+00
5.100000000000000089e-01 3.081308566265106297e+00
5.200000000000000178e-01 3.081308566265106297e+00
5.300000000000000266e-01 3.081308566265106297e+00
5.400000000000000355e-01 3.081308566265106297e+00
5.500000000000000444e-01 3.081308566265106297e+00
5.600000000000000533e-01 3.081308566265106297e+00
5.700000000000000622e-01 3.081308566265106297e+00
5.799999999999999600e-01 3.081308566265106297e+00
5.899999999999999689e-01 3.081308566265106297e+00
5.999999999999999778e-01 3.081308566265106297e+00
6.099999999999999867e-01 3.081308566265106297e+00
6.199999999999999956e-01 3.081308566265106297e+00
6.300000000000000044e-01 3.081308566265106297e+00
6.400000000000000133e-01 3.081308566265106297e+00
6.500000000000000222e-01 3.081308566265106297e+00
6.600000000000000311e-01 3.081308566265106297e+00
6.700000000000000400e-01 3.081308566265106297e+00
6.800000000000000488e-01 3.081308566265106297e+00
6.900000000000000577e-01 3.081308566265106297e+00
7.000000000000000666e-01 3.081308566265106297e+00
7.099999999999999645e-01 3.081308566265106297e+00
7.199999999999999734e-01 3.081308566265106297e+00
7.299999999999999822e-01 3.081308566265106297e+00
7.399999999999999911e-01 3.081308566265106297e+00
7.500000000000000000e-01 3.081308566265106297e+00
7.600000000000000089e-01 3.081308566265106297e+00
7.700000000000000178e-01 3.081308566265106297e+00
7.800000000000000266e-01 3.081308566265106297e+00
7.900000000000000355e-01 3.081308566265106297e+00
8.000000000000000444e-01 3.081308566265106297e+00
8.100000000000000533e-01 3.081308566265106297e+00
8.200000000000000622e-01 3.081316099815368581e+00
8.300000000000000711e-01 3.081427502818107733e+00
8.399999999999999689e-01 3.081858115262985365e+00
8.499999999999999778e-01 3.082297634551525167e+00
8.599999999999999867e-01 3.082614054825306038e+00
8.699999999999999956e-01 3.082742151625156524e+00
8.800000000000000044e-01 3.082762068309783832e+00
8.900000000000000133e-01 3.082787759521007587e+00
9.000000000000000222e-01 3.082879590561389715e+00
9.100000000000000311e-01 3.082882540318965692e+00
9.200000000000000400e-01 3.082887818388938772e+00
9.300000000000000488e-01 3.082888680429458628e+00
9.400000000000000577e-01 3.082894730529785132e+00
9.500000000000000666e-01 3.082903560047149494e+00
9.599999999999999645e-01 3.082919650871753792e+00
9.699999999999999734e-01 3.083055794093608970e+00
9.799999999999999822e-01 3.083234700074195977e+00
9.899999999999999911e-01 3.083334327156543875e+00
1.000000000000000000e+00 3.083494384236335595e+00
1.010000000000000009e+00 3.083763657429218430e+00
1.020000000000000018e+00 3.084094094791412388e+00
1.030000000000000027e+00 3.084443317282199892e+00
1.040000000000000036e+00 3.084719935731887741e+00
1.050000000000000044e+00 3.085022763280868663e+00
1.060000000000000053e+00 3.085333459584712834e+00
1.070000000000000062e+00 3.085421107943057795e+00
1.080000000000000071e+00 3.085421255295276666e+00
1.090000000000000080e+00 3.085421255295276666e+00
1.100000000000000089e+00 3.085420886588096767e+00
1.110000000000000098e+00 3.085418717722892890e+00
1.120000000000000107e+00 3.085416465868950020e+00
1.130000000000000115e+00 3.085416558115482211e+00
1.140000000000000124e+00 3.085416558115482211e+00
1.150000000000000133e+00 3.085416558115482211e+00
1.159999999999999920e+00 3.085416558115482211e+00
1.169999999999999929e+00 3.085416558115482211e+00
1.179999999999999938e+00 3.085416529114246575e+00
1.189999999999999947e+00 3.085416463346481120e+00
1.199999999999999956e+00 3.085416463346481120e+00
1.209999999999999964e+00 3.085563579695224767e+00
1.219999999999999973e+00 3.086721477191448404e+00
1.229999999999999982e+00 3.088926559522152004e+00
1.239999999999999991e+00 3.091372390325069386e+00
1.250000000000000000e+00 3.100048015754222952e+00
1.260000000000000009e+00 3.109722459394931970e+00
1.270000000000000018e+00 3.120390156979560903e+00
1.280000000000000027e+00 3.129297111766338180e+00
1.290000000000000036e+00 3.135641143610477410e+00
1.300000000000000044e+00 3.143698851335048783e+00
1.310000000000000053e+00 3.160651458628177757e+00
1.320000000000000062e+00 3.180170146241187989e+00
1.330000000000000071e+00 3.196562315487861738e+00
1.340000000000000080e+00 3.207507575514316756e+00
1.350000000000000089e+00 3.220287893958091896e+00
1.360000000000000098e+00 3.240408368263244743e+00
1.370000000000000107e+00 3.255362340204715821e+00
1.380000000000000115e+00 3.265153009746074808e+00
1.390000000000000124e+00 3.271703922836780354e+00
1.400000000000000133e+00 3.273641862301826411e+00
1.409999999999999920e+00 3.276305499992370418e+00
1.419999999999999929e+00 3.280374284038543919e+00
1.429999999999999938e+00 3.281110918326378023e+00
1.439999999999999947e+00 3.281139082121848904e+00
1.449999999999999956e+00 3.281264313881397054e+00
1.459999999999999964e+00 3.281342687041759465e+00
1.469999999999999973e+00 3.281484058542251780e+00
1.479999999999999982e+00 3.281856530866622990e+00
1.489999999999999991e+00 3.282244729633331470e+00
1.500000000000000000e+00 3.284454829478264060e+00
1.510000000000000009e+00 3.286558001322746225e+00
1.520000000000000018e+00 3.288221151628494265e+00
1.530000000000000027e+00 3.289286747546195766e+00
1.540000000000000036e+00 3.290343153171539470e+00
1.550000000000000044e+00 3.290932035682201384e+00
1.560000000000000053e+00 3.291501676881313454e+00
1.570000000000000062e+00 3.292114123551845406e+00
1.580000000000000071e+00 3.292443415424823883e+00
1.590000000000000080e+00 3.293425079262256805e+00
1.600000000000000089e+00 3.293674408595562042e+00
1.610000000000000098e+00 3.294146023366451459e+00
1.620000000000000107e+00 3.294344466421604167e+00
1.630000000000000115e+00 3.294537800738811306e+00
1.640000000000000124e+00 3.294681471619606228e+00
1.650000000000000133e+00 3.294788402507305314e+00
1.660000000000000142e+00 3.294961420540809538e+00
1.669999999999999929e+00 3.295237229533195311e+00
1.679999999999999938e+00 3.295339473764896443e+00
1.689999999999999947e+00 3.295434154701232909e+00
1.699999999999999956e+00 3.295435687186718088e+00
1.709999999999999964e+00 3.295435687186718088e+00
1.719999999999999973e+00 3.295435687186718088e+00
1.729999999999999982e+00 3.295435687186718088e+00
1.739999999999999991e+00 3.295435687186718088e+00
1.750000000000000000e+00 3.295435687186718088e+00
1.760000000000000009e+00 3.295435687186718088e+00
1.770000000000000018e+00 3.295435687186718088e+00
1.780000000000000027e+00 3.295435687186718088e+00
1.790000000000000036e+00 3.295435687186718088e+00
1.800000000000000044e+00 3.295428263952731918e+00
1.810000000000000053e+00 3.295344624788761223e+00
1.820000000000000062e+00 3.295238532364368478e+00
1.830000000000000071e+00 3.295128274962902282e+00
1.840000000000000080e+00 3.295053514513969439e+00
1.850000000000000089e+00 3.294996893606185751e+00
1.860000000000000098e+00 3.294903179831504936e+00
1.870000000000000107e+00 3.294803415470123120e+00
1.880000000000000115e+00 3.294762557995319252e+00
1.890000000000000124e+00 3.294723025026321306e+00
1.900000000000000133e+00 3.294691568343639521e+00
1.910000000000000142e+00 3.294691267633437892e+00
1.919999999999999929e+00 3.294670818283557789e+00
1.929999999999999938e+00 3.294654759392738441e+00
1.939999999999999947e+00 3.294644772655964005e+00
1.949999999999999956e+00 3.294631402330398640e+00
1.959999999999999964e+00 3.294623212149143221e+00
1.969999999999999973e+00 3.294623212149143221e+00
1.979999999999999982e+00 3.294623212149143221e+00
1.989999999999999991e+00 3.294623212149143221e+00
2.000000000000000000e+00 3.294623212149143221e+00
2.010000000000000231e+00 3.294623212149143221e+00
2.020000000000000018e+00 3.294623212149143221e+00
2.030000000000000249e+00 3.294623212149143221e+00
2.040000000000000036e+00 3.294623212149143221e+00
2.049999999999999822e+00 3.294623212149143221e+00
2.060000000000000053e+00 3.294612276620864755e+00
2.069999999999999840e+00 3.294610255165100199e+00
2.080000000000000071e+00 3.294607648324966220e+00
2.089999999999999858e+00 3.294607844083309089e+00
2.100000000000000089e+00 3.294612499608993605e+00
2.109999999999999876e+00 3.294611972584724491e+00
2.120000000000000107e+00 3.294611967732906432e+00
2.129999999999999893e+00 3.294611892175674406e+00
2.140000000000000124e+00 3.294611601803302925e+00
2.149999999999999911e+00 3.294611601803302925e+00
2.160000000000000142e+00 3.294611359055042321e+00
2.169999999999999929e+00 3.294610064027309271e+00
2.180000000000000160e+00 3.294610064027309271e+00
2.189999999999999947e+00 3.294604435005187959e+00
2.200000000000000178e+00 3.294598200166225510e+00
2.209999999999999964e+00 3.294595365741253001e+00
2.220000000000000195e+00 3.294590329713821486e+00
2.229999999999999982e+00 3.294579974820613710e+00
2.240000000000000213e+00 3.294576641116142124e+00
2.250000000000000000e+00 3.294562038199901455e+00
2.260000000000000231e+00 3.294554741160869771e+00
2.270000000000000018e+00 3.294554741160869771e+00
2.280000000000000249e+00 3.294554707806110372e+00
2.290000000000000036e+00 3.294554707806110372e+00
2.300000000000000266e+00 3.294691626179218513e+00
2.310000000000000053e+00 3.295155756871700259e+00
2.319999999999999840e+00 3.295482461748123093e+00
2.330000000000000071e+00 3.295615653262138345e+00
2.339999999999999858e+00 3.295958210794925680e+00
2.350000000000000089e+00 3.296180152730941781e+00
2.359999999999999876e+00 3.296437549257278388e+00
2.370000000000000107e+00 3.297212498168945238e+00
2.379999999999999893e+00 3.300246739530563467e+00
2.390000000000000124e+00 3.301496104340553295e+00
2.399999999999999911e+00 3.302592126562595265e+00
2.410000000000000142e+00 3.302962526559829914e+00
2.419999999999999929e+00 3.303556946678161577e+00
2.430000000000000160e+00 3.304049280529022248e+00
2.439999999999999947e+00 3.304588607223033936e+00
2.450000000000000178e+00 3.305060379481315813e+00
2.459999999999999964e+00 3.305161534156799252e+00
2.470000000000000195e+00 3.305173641641140136e+00
2.479999999999999982e+00 3.305195706980228465e+00
2.490000000000000213e+00 3.305144919381141744e+00
2.500000000000000000e+00 3.304912069194316793e+00
2.510000000000000231e+00 3.304534737675190126e+00
2.520000000000000018e+00 3.304281315326690560e+00
2.530000000000000249e+00 3.304073783037662526e+00
2.540000000000000036e+00 3.303876933903694191e+00
2.550000000000000266e+00 3.303340887291431383e+00
2.560000000000000053e+00 3.303308138942718575e+00
2.569999999999999840e+00 3.303146758680343797e+00
2.580000000000000071e+00 3.303241062479019163e+00
2.589999999999999858e+00 3.303215924859046915e+00
2.600000000000000089e+00 3.303175819318294515e+00
2.609999999999999876e+00 3.302799787929058262e+00
2.620000000000000107e+00 3.302402610213756695e+00
2.629999999999999893e+00 3.302129754004478279e+00
2.640000000000000124e+00 3.301723831677436660e+00
2.649999999999999911e+00 3.301309203901290790e+00
2.660000000000000142e+00 3.298238245098590760e+00
2.669999999999999929e+00 3.294786588568687336e+00
2.680000000000000160e+00 3.292755037653446237e+00
2.689999999999999947e+00 3.289833692834377210e+00
2.700000000000000178e+00 3.287083688108920931e+00
2.709999999999999964e+00 3.279612491872310631e+00
2.720000000000000195e+00 3.265034265060424712e+00
2.729999999999999982e+00 3.229696163339614845e+00
2.740000000000000213e+00 3.229807182691097456e+00
2.750000000000000000e+00 3.211640464062690548e+00
2.760000000000000231e+00 3.190565869400501242e+00
2.770000000000000018e+00 3.199399178515672570e+00
2.780000000000000249e+00 3.188226098875999615e+00
2.790000000000000036e+00 3.050734738532304924e+00
2.800000000000000266e+00 2.806341441880464416e+00
2.810000000000000053e+00 2.787448477491140331e+00
2.819999999999999840e+00 3.000966057031154488e+00
2.830000000000000071e+00 3.118908884611129917e+00
2.839999999999999858e+00 3.232991121954917890e+00
2.850000000000000089e+00 3.291173274047374697e+00
2.859999999999999876e+00 3.336201771001815697e+00
2.870000000000000107e+00 3.357108141300678472e+00
2.879999999999999893e+00 3.368722688882350713e+00
2.890000000000000124e+00 3.394333769221305808e+00
2.899999999999999911e+00 3.407789343154430384e+00
2.910000000000000142e+00 3.413705368528366257e+00
2.919999999999999929e+00 3.417797660417556838e+00
2.930000000000000160e+00 3.419942055823802729e+00
2.939999999999999947e+00 3.424011313633918974e+00
2.950000000000000178e+00 3.425963167505264195e+00
2.959999999999999964e+00 3.427471076936721595e+00
2.970000000000000195e+00 3.429849638514518517e+00
2.979999999999999982e+00 3.431509688124656510e+00
2.990000000000000213e+00 3.433998243191242139e+00
3.000000000000000000e+00 3.436524462804794400e+00
