0.000000000000000000e+00 4.138468512797355836e-01
1.000000000000000021e-02 5.231777497863769888e-01
2.000000000000000042e-02 9.984379169452189950e-01
2.999999999999999889e-02 1.163647651677727657e+00
4.000000000000000083e-02 1.180207537995576761e+00
5.000000000000000278e-02 1.622295598838329411e+00
5.999999999999999778e-02 1.713880594822168257e+00
7.000000000000000666e-02 1.713880594822168257e+00
8.000000000000000167e-02 1.713880594822168257e+00
8.999999999999999667e-02 1.713880594822168257e+00
1.000000000000000056e-01 1.713880594822168257e+00
1.100000000000000006e-01 1.713880594822168257e+00
1.199999999999999956e-01 1.713880594822168257e+00
1.300000000000000044e-01 1.713880594822168257e+00
1.400000000000000133e-01 1.717441473275423069e+00
1.499999999999999944e-01 1.724531327594518659e+00
1.600000000000000033e-01 1.754535645869970351e+00
1.700000000000000122e-01 1.811529096745252643e+00
1.799999999999999933e-01 1.937128400841951370e+00
1.900000000000000022e-01 2.798173232330083859e+00
2.000000000000000111e-01 3.060911382164955175e+00
2.099999999999999922e-01 3.080679010951519192e+00
2.200000000000000011e-01 3.132156455714702581e+00
2.300000000000000100e-01 3.235668003389835512e+00
2.399999999999999911e-01 3.339705156586170176e+00
2.500000000000000000e-01 3.493425233745575120e+00
2.600000000000000089e-01 3.651281661520004107e+00
2.700000000000000178e-01 3.740996776208877606e+00
2.800000000000000266e-01 3.784484956247806675e+00
2.899999999999999800e-01 3.806467171905040914e+00
2.999999999999999889e-01 3.823569610621929016e+00
3.099999999999999978e-01 3.836523884150981889e+00
3.200000000000000067e-01 3.846504755911827278e+00
3.300000000000000155e-01 3.854009717974662852e+00
3.400000000000000244e-01 3.862757658548355177e+00
3.500000000000000333e-01 3.864361309580802928e+00
3.599999999999999867e-01 3.865144695246219619e+00
3.699999999999999956e-01 3.866623198163509301e+00
3.800000000000000044e-01 3.867263742029666940e+00
3.900000000000000133e-01 3.861508882212638660e+00
4.000000000000000222e-01 3.836945124621391479e+00
4.100000000000000311e-01 3.773300668141841729e+00
4.199999999999999845e-01 3.658217293272018278e+00
4.299999999999999933e-01 3.538666118891239165e+00
4.400000000000000022e-01 3.446261678140163376e+00
4.500000000000000111e-01 3.346496073577403862e+00
4.600000000000000200e-01 3.274918301861286185e+00
4.700000000000000289e-01 3.246788010082244824e+00
4.799999999999999822e-01 3.235282525711059787e+00
4.899999999999999911e-01 3.231244666397571574e+00
5.000000000000000000e-01 3.231244666397571574e+00
5.100000000000000089e-01 3.231244666397571574e+00
5.200000000000000178e-01 3.231244666397571574e+00
5.300000000000000266e-01 3.231244666397571574e+00
5.400000000000000355e-01 3.231244666397571574e+00
5.500000000000000444e-01 3.231244666397571574e+00
5.600000000000000533e-01 3.231244666397571574e+00
5.700000000000000622e-01 3.231244666397571574e+00
5.799999999999999600e-01 3.231244666397571574e+00
5.899999999999999689e-01 3.231244666397571574e+00
5.999999999999999778e-01 3.231244666397571574e+00
6.099999999999999867e-01 3.231244666397571574e+00
6.199999999999999956e-01 3.231244666397571574e+00
6.300000000000000044e-01 3.231244666397571574e+00
6.400000000000000133e-01 3.231244666397571574e+00
6.500000000000000222e-01 3.231244666397571574e+00
6.600000000000000311e-01 3.231244666397571574e+00
6.700000000000000400e-01 3.231244666397571574e+00
6.800000000000000488e-01 3.231244666397571574e+00
6.900000000000000577e-01 3.231244666397571574e+00
7.000000000000000666e-01 3.231244666397571574e+00
7.099999999999999645e-01 3.231244666397571574e+00
7.199999999999999734e-01 3.231244666397571574e+00
7.299999999999999822e-01 3.231244666397571574e+00
7.399999999999999911e-01 3.231244666397571574e+00
7.500000000000000000e-01 3.231244666397571574e+00
7.600000000000000089e-01 3.231244666397571574e+00
7.700000000000000178e-01 3.231244666397571574e+00
7.800000000000000266e-01 3.231244666397571574e+00
7.900000000000000355e-01 3.231244666397571574e+00
8.000000000000000444e-01 3.231244666397571574e+00
8.100000000000000533e-01 3.231244666397571574e+00
8.200000000000000622e-01 3.231244666397571574e+00
8.300000000000000711e-01 3.231244666397571574e+00
8.399999999999999689e-01 3.231244666397571574e+00
8.499999999999999778e-01 3.231244666397571574e+00
8.599999999999999867e-01 3.231244666397571574e+00
8.699999999999999956e-01 3.231244666397571574e+00
8.800000000000000044e-01 3.231244666397571574e+00
8.900000000000000133e-01 3.231244666397571574e+00
9.000000000000000222e-01 3.231244666397571574e+00
9.100000000000000311e-01 3.231244666397571574e+00
9.200000000000000400e-01 3.231244666397571574e+00
9.300000000000000488e-01 3.231244666397571574e+00
9.400000000000000577e-01 3.231244666397571574e+00
9.500000000000000666e-01 3.231244666397571574e+00
9.599999999999999645e-01 3.231244666397571574e+00
9.699999999999999734e-01 3.231244666397571574e+00
9.799999999999999822e-01 3.231244666397571574e+00
9.899999999999999911e-01 3.231244666397571574e+00
1.000000000000000000e+00 3.231244666397571574e+00
1.010000000000000009e+00 3.231244666397571574e+00
1.020000000000000018e+00 3.231244666397571574e+00
1.030000000000000027e+00 3.231244666397571574e+00
1.040000000000000036e+00 3.231244666397571574e+00
1.050000000000000044e+00 3.231244666397571574e+00
1.060000000000000053e+00 3.231244666397571574e+00
1.070000000000000062e+00 3.231244666397571574e+00
1.080000000000000071e+00 3.231244666397571574e+00
1.090000000000000080e+00 3.231244666397571574e+00
1.100000000000000089e+00 3.231244666397571574e+00
1.110000000000000098e+00 3.231244666397571574e+00
1.120000000000000107e+00 3.231244666397571574e+00
1.130000000000000115e+00 3.231244666397571574e+00
1.140000000000000124e+00 3.231244666397571574e+00
1.150000000000000133e+00 3.231244666397571574e+00
1.159999999999999920e+00 3.231244666397571574e+00
1.169999999999999929e+00 3.231244666397571574e+00
1.179999999999999938e+00 3.231244666397571574e+00
1.189999999999999947e+00 3.231244666397571574e+00
1.199999999999999956e+00 3.231244666397571574e+00
1.209999999999999964e+00 3.231244666397571574e+00
1.219999999999999973e+00 3.231244666397571574e+00
1.229999999999999982e+00 3.231244666397571574e+00
1.239999999999999991e+00 3.231244666397571574e+00
1.250000000000000000e+00 3.231244666397571574e+00
1.260000000000000009e+00 3.231244666397571574e+00
1.270000000000000018e+00 3.231244666397571574e+00
1.280000000000000027e+00 3.231244666397571574e+00
1.290000000000000036e+00 3.231244666397571574e+00
1.300000000000000044e+00 3.231244666397571574e+00
1.310000000000000053e+00 3.231244666397571574e+00
1.320000000000000062e+00 3.231244666397571574e+00
1.330000000000000071e+00 3.231244666397571574e+00
1.340000000000000080e+00 3.231244666397571574e+00
1.350000000000000089e+00 3.231244666397571574e+00
1.360000000000000098e+00 3.231244666397571574e+00
1.370000000000000107e+00 3.231244666397571574e+00
1.380000000000000115e+00 3.231244666397571574e+00
1.390000000000000124e+00 3.231244666397571574e+00
1.400000000000000133e+00 3.231244666397571574e+00
1.409999999999999920e+00 3.231244666397571574e+00
1.419999999999999929e+00 3.231244666397571574e+00
1.429999999999999938e+00 3.231244666397571574e+00
1.439999999999999947e+00 3.231244666397571574e+00
1.449999999999999956e+00 3.231244891231059846e+00
1.459999999999999964e+00 3.231245041120052175e+00
1.469999999999999973e+00 3.231245041120052175e+00
1.479999999999999982e+00 3.231245041120052175e+00
1.489999999999999991e+00 3.231244807634353844e+00
1.500000000000000000e+00 3.231244907131195276e+00
1.510000000000000009e+00 3.231244914212227037e+00
1.520000000000000018e+00 3.231244914212227037e+00
1.530000000000000027e+00 3.231244914212227037e+00
1.540000000000000036e+00 3.231244914212227037e+00
1.550000000000000044e+00 3.231244914212227037e+00
1.560000000000000053e+00 3.231241386041641128e+00
1.570000000000000062e+00 3.231240944461822640e+00
1.580000000000000071e+00 3.231239616661071956e+00
1.590000000000000080e+00 3.231239395360946620e+00
1.600000000000000089e+00 3.231239395360946620e+00
1.610000000000000098e+00 3.231239395360946620e+00
1.620000000000000107e+00 3.231239175586700263e+00
1.630000000000000115e+00 3.231239175586700263e+00
1.640000000000000124e+00 3.231238702194690671e+00
1.650000000000000133e+00 3.231238691468238944e+00
1.660000000000000142e+00 3.231238708777427693e+00
1.669999999999999929e+00 3.231241538538932812e+00
1.679999999999999938e+00 3.231244029388427919e+00
1.689999999999999947e+00 3.231247643692493288e+00
1.699999999999999956e+00 3.231247643692493288e+00
1.709999999999999964e+00 3.231247680385112897e+00
1.719999999999999973e+00 3.231247680385112897e+00
1.729999999999999982e+00 3.231247680385112897e+00
1.739999999999999991e+00 3.231247680385112897e+00
1.750000000000000000e+00 3.231247680385112897e+00
1.760000000000000009e+00 3.231247680385112897e+00
1.770000000000000018e+00 3.231247753944396894e+00
1.780000000000000027e+00 3.231247753944396894e+00
1.790000000000000036e+00 3.231247753944396894e+00
1.800000000000000044e+00 3.231247753944396894e+00
1.810000000000000053e+00 3.231247753944396894e+00
1.820000000000000062e+00 3.231247753944396894e+00
1.830000000000000071e+00 3.231247753944396894e+00
1.840000000000000080e+00 3.231247753944396894e+00
1.850000000000000089e+00 3.231247753944396894e+00
1.860000000000000098e+00 3.231247753944396894e+00
1.870000000000000107e+00 3.231247753944396894e+00
1.880000000000000115e+00 3.231221363091469012e+00
1.890000000000000124e+00 3.231218486576080462e+00
1.900000000000000133e+00 3.231203451387882453e+00
1.910000000000000142e+00 3.231195160803794764e+00
1.919999999999999929e+00 3.231195160803794764e+00
1.929999999999999938e+00 3.231195160803794764e+00
1.939999999999999947e+00 3.231195160803794764e+00
1.949999999999999956e+00 3.231195160803794764e+00
1.959999999999999964e+00 3.231195160803794764e+00
1.969999999999999973e+00 3.231195160803794764e+00
1.979999999999999982e+00 3.231227889931202135e+00
1.989999999999999991e+00 3.231430605380535059e+00
2.000000000000000000e+00 3.231725154504776043e+00
2.010000000000000231e+00 3.232278333714008411e+00
2.020000000000000018e+00 3.233392073314190096e+00
2.030000000000000249e+00 3.236201784923076641e+00
2.040000000000000036e+00 3.239967279202938144e+00
2.049999999999999822e+00 3.243353461599349785e+00
2.060000000000000053e+00 3.244554508225917733e+00
2.069999999999999840e+00 3.245849341068267613e+00
2.080000000000000071e+00 3.246883548920154627e+00
2.089999999999999858e+00 3.246579919893741728e+00
2.100000000000000089e+00 3.246519370980262664e+00
2.109999999999999876e+00 3.246407736651897302e+00
2.120000000000000107e+00 3.244927607755661025e+00
2.129999999999999893e+00 3.244480866751670689e+00
2.140000000000000124e+00 3.244060567805767015e+00
2.149999999999999911e+00 3.244292921471595648e+00
2.160000000000000142e+00 3.244235794699191988e+00
2.169999999999999929e+00 3.244960891530513702e+00
2.180000000000000160e+00 3.249149347057342485e+00
2.189999999999999947e+00 3.252049422702789183e+00
2.200000000000000178e+00 3.254369494309425459e+00
2.209999999999999964e+00 3.257226318900585227e+00
2.220000000000000195e+00 3.263814723501205606e+00
2.229999999999999982e+00 3.275045209643840938e+00
2.240000000000000213e+00 3.290850952410698138e+00
2.250000000000000000e+00 3.305818762061595972e+00
2.260000000000000231e+00 3.315737331271171762e+00
2.270000000000000018e+00 3.335350534002780698e+00
2.280000000000000249e+00 3.358073734154701118e+00
2.290000000000000036e+00 3.379711057004928687e+00
2.300000000000000266e+00 3.399420688204765284e+00
2.310000000000000053e+00 3.432304058136939950e+00
2.319999999999999840e+00 3.474811368532180644e+00
2.330000000000000071e+00 3.521174872267246236e+00
2.339999999999999858e+00 3.569482832291126062e+00
2.350000000000000089e+00 3.621158851418495139e+00
2.359999999999999876e+00 3.668753497531413998e+00
2.370000000000000107e+00 3.709746036875248176e+00
2.379999999999999893e+00 3.757470262386799043e+00
2.390000000000000124e+00 3.804257540419101691e+00
2.399999999999999911e+00 3.831257030241489225e+00
2.410000000000000142e+00 3.852301796743869744e+00
2.419999999999999929e+00 3.864696787507534204e+00
2.430000000000000160e+00 3.872888576362133239e+00
2.439999999999999947e+00 3.874209871580600595e+00
2.450000000000000178e+00 3.875203941230773719e+00
2.459999999999999964e+00 3.875375946977138497e+00
2.470000000000000195e+00 3.875699998543262303e+00
2.479999999999999982e+00 3.876220528116226305e+00
2.490000000000000213e+00 3.876780222933292386e+00
2.500000000000000000e+00 3.876983831648826762e+00
2.510000000000000231e+00 3.877083915231227973e+00
2.520000000000000018e+00 3.877221167848110106e+00
2.530000000000000249e+00 3.877270333037376560e+00
2.540000000000000036e+00 3.877329519517421552e+00
2.550000000000000266e+00 3.877712904627323098e+00
2.560000000000000053e+00 3.877822299151420626e+00
2.569999999999999840e+00 3.878084120879173202e+00
2.580000000000000071e+00 3.878623736703395775e+00
2.589999999999999858e+00 3.878794155535697730e+00
2.600000000000000089e+00 3.878891928739547801e+00
2.609999999999999876e+00 3.879047493555545678e+00
2.620000000000000107e+00 3.879047493555545678e+00
2.629999999999999893e+00 3.879047493555545678e+00
2.640000000000000124e+00 3.879047493555545678e+00
2.649999999999999911e+00 3.879047493555545678e+00
2.660000000000000142e+00 3.878849208552837435e+00
2.669999999999999929e+00 3.878355393204688806e+00
2.680000000000000160e+00 3.876914269437790050e+00
2.689999999999999947e+00 3.875028748211860830e+00
2.700000000000000178e+00 3.873557361907959073e+00
2.709999999999999964e+00 3.871765206074714527e+00
2.720000000000000195e+00 3.870669985044002726e+00
2.729999999999999982e+00 3.869347364530563382e+00
2.740000000000000213e+00 3.868458648934364419e+00
2.750000000000000000e+00 3.868458648934364419e+00
2.760000000000000231e+00 3.868460191786289304e+00
2.770000000000000018e+00 3.868301253242492521e+00
2.780000000000000249e+00 3.867968364107608803e+00
2.790000000000000036e+00 3.867101859054565605e+00
2.800000000000000266e+00 3.865660253405570845e+00
2.810000000000000053e+00 3.863896346380710778e+00
2.819999999999999840e+00 3.861026365423202655e+00
2.830000000000000071e+00 3.858241613030433559e+00
2.839999999999999858e+00 3.854474064168929903e+00
2.850000000000000089e+00 3.852878843283653154e+00
2.859999999999999876e+00 3.852304679594039882e+00
2.870000000000000107e+00 3.851577048912048440e+00
2.879999999999999893e+00 3.850234076492786262e+00
2.890000000000000124e+00 3.849561191685199724e+00
2.899999999999999911e+00 3.847947789180278910e+00
2.910000000000000142e+00 3.769004502569436976e+00
2.919999999999999929e+00 3.773632053200006276e+00
2.930000000000000160e+00 3.774812376800775748e+00
2.939999999999999947e+00 3.830034160754680617e+00
2.950000000000000178e+00 3.828133288125991740e+00
2.959999999999999964e+00 3.827050475041866129e+00
2.970000000000000195e+00 3.691606941598653879e+00
2.979999999999999982e+00 3.462649866921305719e+00
2.990000000000000213e+00 1.339361025814413964e+00
3.000000000000000000e+00 3.512755688064098436e+00
