0.000000000000000000e+00 3.946137848371671919e-01 4.152679221528364217e-01
1.000000000000000021e-02 3.946137848371671919e-01 4.152679221528364217e-01
2.000000000000000042e-02 1.933006190522000400e+00 2.090387009377196126e+00
2.999999999999999889e-02 1.933023612522690726e+00 2.090377366884142774e+00
4.000000000000000083e-02 1.933042391633908119e+00 2.090400880599101008e+00
5.000000000000000278e-02 1.933042530853944063e+00 2.090398960850043064e+00
5.999999999999999778e-02 1.933104723194175811e+00 2.090455010144180115e+00
7.000000000000000666e-02 1.933126378729971062e+00 2.090471233834592990e+00
8.000000000000000167e-02 1.933137052008900181e+00 2.090477726643290790e+00
8.999999999999999667e-02 1.933191777179394055e+00 2.090499756016578115e+00
1.000000000000000056e-01 1.933215305743417156e+00 2.090527185294428048e+00
1.100000000000000006e-01 1.933257804334713059e+00 2.090569266192363607e+00
1.199999999999999956e-01 1.635884192883030108e+00 2.703109663868888290e+00
1.300000000000000044e-01 2.443738388486103918e+00 4.213403194832606502e+00
1.400000000000000133e-01 3.678355184479185525e+00 4.116729837038091588e+00
1.499999999999999944e-01 3.851552170653917084e+00 3.991330042318723681e+00
1.600000000000000033e-01 3.851552170653917084e+00 3.991330042318723681e+00
1.700000000000000122e-01 3.851552170653917084e+00 3.991330042318723681e+00
1.799999999999999933e-01 3.851552170653917084e+00 3.991330042318723681e+00
1.900000000000000022e-01 3.851552170653917084e+00 3.991330042318723681e+00
2.000000000000000111e-01 3.851552170653917084e+00 3.991330042318723681e+00
2.099999999999999922e-01 3.851552170653917084e+00 3.991330042318723681e+00
2.200000000000000011e-01 3.849843994967353300e+00 3.992209435122596961e+00
2.300000000000000100e-01 3.849748074545802368e+00 3.992258984999714322e+00
2.399999999999999911e-01 3.848343574340587381e+00 3.992951232001537676e+00
2.500000000000000000e-01 3.846190149990198925e+00 3.993909661458851623e+00
2.600000000000000089e-01 3.831510612194503285e+00 4.001737873566185044e+00
2.700000000000000178e-01 3.808271123471131947e+00 4.013931869659552731e+00
2.800000000000000266e-01 3.768671771703506312e+00 4.031443768080924528e+00
2.899999999999999800e-01 3.730122957450524801e+00 4.043649639776571547e+00
2.999999999999999889e-01 3.648472565987940452e+00 4.057701489278440654e+00
3.099999999999999978e-01 3.549828371065222310e+00 4.053439024407304636e+00
3.200000000000000067e-01 3.426894840579684409e+00 4.020364774941747044e+00
3.300000000000000155e-01 3.320962214932714485e+00 3.959451823310578877e+00
3.400000000000000244e-01 3.262634585999151682e+00 3.908624946233133279e+00
3.500000000000000333e-01 3.210469515738306079e+00 3.850153569975080181e+00
3.599999999999999867e-01 3.161761513070869167e+00 3.768987209377479441e+00
3.699999999999999956e-01 3.134726894474664238e+00 3.678218999475797890e+00
3.800000000000000044e-01 3.123173002980939028e+00 3.585971885749109855e+00
3.900000000000000133e-01 3.123537873385416663e+00 3.508789569022191746e+00
4.000000000000000222e-01 3.148653852250619334e+00 3.395620415942625758e+00
4.100000000000000311e-01 3.162022383272060644e+00 3.360330495508303983e+00
4.199999999999999845e-01 3.168781161762396437e+00 3.345752404984315476e+00
4.299999999999999933e-01 3.169011032199723132e+00 3.345169169273512821e+00
4.400000000000000022e-01 3.171468701296633608e+00 3.340154392108136694e+00
4.500000000000000111e-01 3.174403363222793040e+00 3.334022176590248243e+00
4.600000000000000200e-01 3.182626470957490294e+00 3.317123150047568192e+00
4.700000000000000289e-01 3.190599148650538730e+00 3.301957156600582977e+00
4.799999999999999822e-01 3.198460139884539810e+00 3.288353081694058044e+00
4.899999999999999911e-01 3.203428524520251397e+00 3.280477307102825701e+00
5.000000000000000000e-01 3.203723062596139037e+00 3.280010707273665282e+00
5.100000000000000089e-01 3.203663723192729407e+00 3.280019428624592059e+00
5.200000000000000178e-01 3.203520466549789170e+00 3.280031350910270760e+00
5.300000000000000266e-01 3.203480967873213459e+00 3.280037552029015480e+00
5.400000000000000355e-01 3.203415077183971338e+00 3.280052090255489272e+00
5.500000000000000444e-01 3.203424983641998125e+00 3.280058719823463420e+00
5.600000000000000533e-01 3.203442089011794280e+00 3.280072668692940674e+00
5.700000000000000622e-01 3.203422323115913350e+00 3.280076080881507927e+00
5.799999999999999600e-01 3.203424729141800320e+00 3.280079665227325414e+00
5.899999999999999689e-01 3.203424729141800320e+00 3.280079665227325414e+00
5.999999999999999778e-01 3.203423373961115317e+00 3.280080168109273053e+00
6.099999999999999867e-01 3.203423373961115317e+00 3.280080168109273053e+00
6.199999999999999956e-01 3.203424153962235454e+00 3.280080639662642294e+00
6.300000000000000044e-01 3.203424149238200513e+00 3.280082619980244196e+00
6.400000000000000133e-01 3.203424149238200513e+00 3.280082619980244196e+00
6.500000000000000222e-01 3.203424149238200513e+00 3.280082619980244196e+00
6.600000000000000311e-01 3.203424780802095473e+00 3.280083003650342999e+00
6.700000000000000400e-01 3.203424780802095473e+00 3.280083003650342999e+00
6.800000000000000488e-01 3.203428134545092121e+00 3.280086803213353441e+00
6.900000000000000577e-01 3.203451579893489054e+00 3.280193022748569831e+00
7.000000000000000666e-01 3.203260844931706597e+00 3.280501839723483304e+00
7.099999999999999645e-01 3.204410495421170069e+00 3.281427056768657202e+00
7.199999999999999734e-01 3.203165045340748307e+00 3.282117533709315360e+00
7.299999999999999822e-01 3.203202914515670852e+00 3.283303851698699649e+00
7.399999999999999911e-01 3.203460173734049565e+00 3.285084971725125147e+00
7.500000000000000000e-01 3.203228980883926713e+00 3.286841218915611318e+00
7.600000000000000089e-01 3.198811800285667140e+00 3.289274373119980055e+00
7.700000000000000178e-01 3.197520021493943876e+00 3.291818716971365522e+00
7.800000000000000266e-01 3.195185463200095999e+00 3.294691790480133609e+00
7.900000000000000355e-01 3.192272460793913691e+00 3.297989753981171557e+00
8.000000000000000444e-01 3.192683074309974778e+00 3.299479103305190897e+00
8.100000000000000533e-01 3.193168598446517681e+00 3.300680242591232716e+00
8.200000000000000622e-01 3.193690317917880606e+00 3.301974627064647727e+00
8.300000000000000711e-01 3.194494492575539191e+00 3.304036149504767650e+00
8.399999999999999689e-01 3.195041917218884198e+00 3.305474642005244323e+00
8.499999999999999778e-01 3.196161156035519646e+00 3.308651235202693108e+00
8.599999999999999867e-01 3.197473048599452916e+00 3.312575648924617866e+00
8.699999999999999956e-01 3.198475853052936024e+00 3.315485750173725599e+00
8.800000000000000044e-01 3.199277513533321127e+00 3.317754696168217166e+00
8.900000000000000133e-01 3.199750581840938413e+00 3.319250495682293245e+00
9.000000000000000222e-01 3.200216596534490865e+00 3.321454900600671056e+00
9.100000000000000311e-01 3.200280499523806110e+00 3.325077354151082520e+00
9.200000000000000400e-01 3.199743505793059217e+00 3.332275078486955255e+00
9.300000000000000488e-01 3.199468463886545155e+00 3.335863981763555142e+00
9.400000000000000577e-01 3.199568257617316114e+00 3.337203339987435236e+00
9.500000000000000666e-01 3.199855751183868335e+00 3.339715968596100204e+00
9.599999999999999645e-01 3.200200424930357723e+00 3.342785395425057704e+00
9.699999999999999734e-01 3.200113266811187351e+00 3.349403634076302261e+00
9.799999999999999822e-01 3.199408386363700618e+00 3.360298917622848602e+00
9.899999999999999911e-01 3.200263124004007587e+00 3.364033914813398418e+00
1.000000000000000000e+00 3.201813583086411619e+00 3.369771969658454047e+00
1.010000000000000009e+00 3.203339522017070617e+00 3.373701879850795837e+00
1.020000000000000018e+00 3.206985462675353116e+00 3.380707236685493999e+00
1.030000000000000027e+00 3.208716362242506115e+00 3.384531287431909341e+00
1.040000000000000036e+00 3.211702040062113905e+00 3.394094133653477119e+00
1.050000000000000044e+00 3.217402073933806061e+00 3.401130812104020240e+00
1.060000000000000053e+00 3.224150932219254084e+00 3.410872286250365537e+00
1.070000000000000062e+00 3.225523579602127544e+00 3.416394331193084444e+00
1.080000000000000071e+00 3.124343069017706309e+00 3.474877257153214938e+00
1.090000000000000080e+00 3.098057196708594141e+00 3.490018718456353142e+00
1.100000000000000089e+00 3.097475204446278330e+00 3.496918554022349301e+00
1.110000000000000098e+00 3.135697718560920499e+00 3.487443836953414866e+00
1.120000000000000107e+00 3.191746177552492014e+00 3.467375977498739381e+00
1.130000000000000115e+00 3.254764233574507948e+00 3.435969353719117159e+00
1.140000000000000124e+00 3.259294893660318326e+00 3.439368936071623306e+00
1.150000000000000133e+00 3.263979662783662583e+00 3.443567249290426346e+00
1.159999999999999920e+00 3.270140499875080486e+00 3.447505289104450199e+00
1.169999999999999929e+00 3.274951612977250015e+00 3.450749828639762207e+00
1.179999999999999938e+00 3.278827370050711565e+00 3.453293530165391090e+00
1.189999999999999947e+00 3.282847727357465661e+00 3.455350311821382636e+00
1.199999999999999956e+00 3.287231314325168352e+00 3.457921078844234497e+00
1.209999999999999964e+00 3.291395253145809274e+00 3.460463229195956725e+00
1.219999999999999973e+00 3.294711280778825024e+00 3.462396536575377493e+00
1.229999999999999982e+00 3.298089063618261818e+00 3.463307724754731254e+00
1.239999999999999991e+00 3.300354073216855255e+00 3.462300447685778160e+00
1.250000000000000000e+00 3.303828338176165946e+00 3.463297719157779841e+00
1.260000000000000009e+00 3.306332230786970250e+00 3.463978293538400699e+00
1.270000000000000018e+00 3.309435542440645861e+00 3.464346751026876170e+00
1.280000000000000027e+00 3.312809469171290377e+00 3.465581609458203705e+00
1.290000000000000036e+00 3.316241630987591282e+00 3.466428676772647766e+00
1.300000000000000044e+00 3.322193655193538930e+00 3.468134334852008394e+00
1.310000000000000053e+00 3.328124423441696678e+00 3.468848206763457398e+00
1.320000000000000062e+00 3.333032773896838830e+00 3.468967003973339569e+00
1.330000000000000071e+00 3.339087329169098783e+00 3.470663232788260277e+00
1.340000000000000080e+00 3.342026434726983020e+00 3.475190594143599654e+00
1.350000000000000089e+00 3.344274065977051347e+00 3.478859428557441458e+00
1.360000000000000098e+00 3.346973268944282598e+00 3.484804724820594668e+00
1.370000000000000107e+00 3.349612201247927690e+00 3.486689986442807143e+00
1.380000000000000115e+00 3.352456210204553422e+00 3.486932349494504813e+00
1.390000000000000124e+00 3.354042882448016627e+00 3.484873715404690486e+00
1.400000000000000133e+00 3.355757554053945046e+00 3.484823848896341669e+00
1.409999999999999920e+00 3.356790049900503003e+00 3.483499889078645939e+00
1.419999999999999929e+00 3.359772255757041748e+00 3.481054813625625854e+00
1.429999999999999938e+00 3.361198768183510932e+00 3.480156516545493073e+00
1.439999999999999947e+00 3.362246598269307718e+00 3.478899840968287194e+00
1.449999999999999956e+00 3.363701826262863737e+00 3.476069515142051092e+00
1.459999999999999964e+00 3.365011451736077852e+00 3.475922930588140503e+00
1.469999999999999973e+00 3.367421764889019897e+00 3.474870312342387635e+00
1.479999999999999982e+00 3.369700803698726155e+00 3.474106173659138541e+00
1.489999999999999991e+00 3.370306966953258598e+00 3.472015053439159171e+00
1.500000000000000000e+00 3.371256392491484011e+00 3.470160155588960738e+00
1.510000000000000009e+00 3.371985847395133185e+00 3.469148616186905620e+00
1.520000000000000018e+00 3.373876029765288997e+00 3.465889595139343804e+00
1.530000000000000027e+00 3.374698185119638261e+00 3.464472174143781835e+00
1.540000000000000036e+00 3.375055043919608533e+00 3.463685286638214844e+00
1.550000000000000044e+00 3.375784970850765454e+00 3.462363983392894085e+00
1.560000000000000053e+00 3.376472601827419595e+00 3.460071788812839166e+00
1.570000000000000062e+00 3.376511427198939597e+00 3.459466292346424776e+00
1.580000000000000071e+00 3.376904882415727727e+00 3.459008220931097277e+00
1.590000000000000080e+00 3.377057000453415725e+00 3.458818689029273585e+00
1.600000000000000089e+00 3.377052694903704744e+00 3.458709765666630798e+00
1.610000000000000098e+00 3.377213266151994020e+00 3.458596142770200998e+00
1.620000000000000107e+00 3.377424966075284640e+00 3.458543527758256797e+00
1.630000000000000115e+00 3.377450688013855729e+00 3.458345245046789973e+00
1.640000000000000124e+00 3.377425929068802013e+00 3.458135485692741540e+00
1.650000000000000133e+00 3.377458294361982194e+00 3.458074563013162628e+00
1.660000000000000142e+00 3.377454629581229106e+00 3.457911603615029250e+00
1.669999999999999929e+00 3.377577956854497465e+00 3.457799819148386078e+00
1.679999999999999938e+00 3.377644182997272537e+00 3.457759162811710141e+00
1.689999999999999947e+00 3.377622032255923834e+00 3.457634384246075498e+00
1.699999999999999956e+00 3.377716834306822680e+00 3.457551283464325831e+00
1.709999999999999964e+00 3.377715146256727419e+00 3.457501341346459700e+00
1.719999999999999973e+00 3.377902292274891138e+00 3.457569461412967726e+00
1.729999999999999982e+00 3.377986995484758115e+00 3.457622511589597547e+00
1.739999999999999991e+00 3.377988835489209141e+00 3.457635638139788359e+00
1.750000000000000000e+00 3.378013308483703181e+00 3.457616740249054299e+00
1.760000000000000009e+00 3.378020869846156682e+00 3.457600227427670259e+00
1.770000000000000018e+00 3.378056501218491992e+00 3.457594352100676449e+00
1.780000000000000027e+00 3.378240278844024225e+00 3.457654132233475508e+00
1.790000000000000036e+00 3.378225962678232275e+00 3.457621680101117700e+00
1.800000000000000044e+00 3.378218697369517631e+00 3.457600038296757550e+00
1.810000000000000053e+00 3.378217738711122742e+00 3.457599051964994175e+00
1.820000000000000062e+00 3.378247498264828064e+00 3.457634889873942630e+00
1.830000000000000071e+00 3.378270853288139364e+00 3.457637702453170370e+00
1.840000000000000080e+00 3.378288924839870866e+00 3.457583679220301853e+00
1.850000000000000089e+00 3.378248968457106649e+00 3.457486688204880920e+00
1.860000000000000098e+00 3.378279513138828349e+00 3.457448138051929298e+00
1.870000000000000107e+00 3.378276796104093371e+00 3.457406131361345558e+00
1.880000000000000115e+00 3.378261725533419302e+00 3.457360813142842382e+00
1.890000000000000124e+00 3.378335925995262112e+00 3.457408966711609022e+00
1.900000000000000133e+00 3.378352562243422508e+00 3.457406874759712867e+00
1.910000000000000142e+00 3.378384269429219433e+00 3.457403280843722282e+00
1.919999999999999929e+00 3.378390182066353109e+00 3.457284126996604368e+00
1.929999999999999938e+00 3.378410426588060567e+00 3.457291753168103554e+00
1.939999999999999947e+00 3.378446432264259780e+00 3.457260844442436198e+00
1.949999999999999956e+00 3.378463846163103135e+00 3.457199564920117929e+00
1.959999999999999964e+00 3.378470187729677665e+00 3.457200760708966758e+00
1.969999999999999973e+00 3.378531822987847377e+00 3.457240185993857295e+00
1.979999999999999982e+00 3.378563113378237670e+00 3.457256208812047316e+00
1.989999999999999991e+00 3.378565734903368867e+00 3.457255071166005056e+00
2.000000000000000000e+00 3.378565114610216913e+00 3.457255668780782276e+00
2.010000000000000231e+00 3.378527409364826983e+00 3.457316771490923646e+00
2.020000000000000018e+00 3.378335793755227190e+00 3.457371962311095448e+00
2.030000000000000249e+00 3.378251006461354677e+00 3.457365668405321557e+00
2.040000000000000036e+00 3.378085373626793952e+00 3.457481509989653645e+00
2.049999999999999822e+00 3.377993892339761661e+00 3.457545254245702804e+00
2.060000000000000053e+00 3.377420218252748629e+00 3.457627343821912280e+00
2.069999999999999840e+00 3.376938445165079905e+00 3.457697363236027499e+00
2.080000000000000071e+00 3.376321018545816788e+00 3.457796580478956106e+00
2.089999999999999858e+00 3.375796656260323658e+00 3.457934279623198215e+00
2.100000000000000089e+00 3.375410238598953949e+00 3.457948919783461417e+00
2.109999999999999876e+00 3.374919874283765608e+00 3.458048088753725047e+00
2.120000000000000107e+00 3.374639500625201016e+00 3.458094843366078308e+00
2.129999999999999893e+00 3.374364321145532308e+00 3.458164957266332884e+00
2.140000000000000124e+00 3.374269446426914953e+00 3.458254229234172250e+00
2.149999999999999911e+00 3.373294542539011509e+00 3.458356747801412112e+00
2.160000000000000142e+00 3.372938151548432018e+00 3.458413614346457443e+00
2.169999999999999929e+00 3.372412471029965442e+00 3.458465334598810781e+00
2.180000000000000160e+00 3.371802140087709176e+00 3.458533145928755381e+00
2.189999999999999947e+00 3.363514578027549717e+00 3.463969870081123226e+00
2.200000000000000178e+00 3.337611419126059076e+00 3.480023970516656462e+00
2.209999999999999964e+00 3.315556150952932768e+00 3.491401731856706547e+00
2.220000000000000195e+00 3.310328094786330499e+00 3.493337216163948877e+00
2.229999999999999982e+00 3.303598678595023319e+00 3.496333085487885572e+00
2.240000000000000213e+00 3.302596235424790638e+00 3.496707634299483392e+00
2.250000000000000000e+00 3.301991658136382402e+00 3.496715443656906341e+00
2.260000000000000231e+00 3.297374979152902341e+00 3.498508777560965122e+00
2.270000000000000018e+00 3.287137191550891124e+00 3.502252088367779237e+00
2.280000000000000249e+00 3.286448560546653130e+00 3.502188286997063305e+00
2.290000000000000036e+00 3.279275886082742897e+00 3.504931351656819682e+00
2.300000000000000266e+00 3.270654172098513612e+00 3.507711295650127958e+00
2.310000000000000053e+00 3.269083929116623377e+00 3.508139700515373161e+00
2.319999999999999840e+00 3.267809402262588314e+00 3.508137320378402535e+00
2.330000000000000071e+00 3.264688325028852312e+00 3.509201948141618566e+00
2.339999999999999858e+00 3.263141724594416093e+00 3.510708196999250408e+00
2.350000000000000089e+00 3.270764074095378504e+00 3.509191910587658114e+00
2.359999999999999876e+00 3.282159976476460628e+00 3.507798703814715147e+00
2.370000000000000107e+00 3.283837464709927545e+00 3.508523519591639328e+00
2.379999999999999893e+00 3.285575779305573985e+00 3.509981709736707867e+00
2.390000000000000124e+00 3.290981906094839982e+00 3.508693416738221327e+00
2.399999999999999911e+00 3.297176954956269057e+00 3.508378376807952392e+00
2.410000000000000142e+00 3.300224660974158564e+00 3.508048974165306699e+00
2.419999999999999929e+00 3.301021202557810508e+00 3.508432667743436095e+00
2.430000000000000160e+00 3.304970077022483466e+00 3.507329546156952027e+00
2.439999999999999947e+00 3.314815457810633248e+00 3.504288952155835801e+00
2.450000000000000178e+00 3.329790670091513860e+00 3.500680393665429158e+00
2.459999999999999964e+00 3.337176726094172707e+00 3.499948097218586796e+00
2.470000000000000195e+00 3.341806350360652988e+00 3.499556932896831452e+00
2.479999999999999982e+00 3.343766117915075053e+00 3.500609481030542813e+00
2.490000000000000213e+00 3.338183544127535374e+00 3.506354371073651333e+00
2.500000000000000000e+00 3.335902418113094292e+00 3.511903400849956114e+00
2.510000000000000231e+00 3.332530895568261098e+00 3.515287278045287511e+00
2.520000000000000018e+00 3.331457131580481512e+00 3.519110191140999877e+00
2.530000000000000249e+00 3.331938932899263239e+00 3.523680570021841429e+00
2.540000000000000036e+00 3.331349761691625222e+00 3.526959416808550518e+00
2.550000000000000266e+00 3.330517248964913968e+00 3.531722889541975441e+00
2.560000000000000053e+00 3.329166022900806876e+00 3.536911059342159103e+00
2.569999999999999840e+00 3.328978211859485725e+00 3.543031539660670859e+00
2.580000000000000071e+00 3.327770144657486551e+00 3.550765406504279742e+00
2.589999999999999858e+00 3.328587891419640066e+00 3.557864817077406983e+00
2.600000000000000089e+00 3.332543924755674958e+00 3.566399006376641978e+00
2.609999999999999876e+00 3.333879021411497057e+00 3.573532448605936551e+00
2.620000000000000107e+00 3.336684574086989929e+00 3.580112392723236336e+00
2.629999999999999893e+00 3.338705046799460341e+00 3.585058701975068374e+00
2.640000000000000124e+00 3.342913919394800537e+00 3.591845589849164355e+00
2.649999999999999911e+00 3.346895325191327597e+00 3.598199083211115035e+00
2.660000000000000142e+00 3.352012600923564012e+00 3.603236161354992806e+00
2.669999999999999929e+00 3.361626831950794703e+00 3.608369218693126435e+00
2.680000000000000160e+00 3.365908655170830155e+00 3.612530744824973272e+00
2.689999999999999947e+00 3.370317935492839645e+00 3.616728885104809166e+00
2.700000000000000178e+00 3.374357254981525500e+00 3.626019323196880251e+00
2.709999999999999964e+00 3.379167405939451641e+00 3.631485845799097056e+00
2.720000000000000195e+00 3.382797874959641682e+00 3.637181991959876015e+00
2.729999999999999982e+00 3.385403189158770587e+00 3.641995781106618146e+00
2.740000000000000213e+00 3.389293036553220340e+00 3.648928058422250764e+00
2.750000000000000000e+00 3.394602837405297446e+00 3.657374751310256134e+00
2.760000000000000231e+00 3.400136280879631379e+00 3.664662162924155808e+00
2.770000000000000018e+00 3.407247937209763045e+00 3.672447196590743701e+00
2.780000000000000249e+00 3.413591828050908994e+00 3.679308096790018467e+00
2.790000000000000036e+00 3.420314747550738055e+00 3.686172914883839802e+00
2.800000000000000266e+00 3.427454186088581878e+00 3.692997714522341823e+00
2.810000000000000053e+00 3.436741731610080564e+00 3.700887756643512994e+00
2.819999999999999840e+00 3.445389058015148276e+00 3.707251011402804775e+00
2.830000000000000071e+00 3.454448402275160035e+00 3.713308501602098133e+00
2.839999999999999858e+00 3.464714012336520099e+00 3.719201345730038355e+00
2.850000000000000089e+00 3.475736024735535334e+00 3.724629685627852904e+00
2.859999999999999876e+00 3.483554710596059589e+00 3.728179502841974635e+00
2.870000000000000107e+00 3.493950310977981477e+00 3.732069127465202474e+00
2.879999999999999893e+00 3.502666899485826768e+00 3.735010077428579045e+00
2.890000000000000124e+00 3.512043424023961080e+00 3.737759331555987607e+00
2.899999999999999911e+00 3.522495106565793677e+00 3.739900169260660157e+00
2.910000000000000142e+00 3.533276262808322965e+00 3.741756170067310538e+00
2.919999999999999929e+00 3.545202722706987331e+00 3.743064072060392711e+00
2.930000000000000160e+00 3.554162176736426648e+00 3.743622289816307624e+00
2.939999999999999947e+00 3.564648228497871330e+00 3.743790604338279593e+00
2.950000000000000178e+00 3.576891965311157939e+00 3.743542644144904230e+00
2.959999999999999964e+00 3.592141770201100481e+00 3.742035445189105136e+00
2.970000000000000195e+00 3.607206142330672272e+00 3.739159190277550948e+00
2.979999999999999982e+00 3.625552163199956102e+00 3.733864950480883405e+00
2.990000000000000213e+00 3.643825994317131389e+00 3.726101573694152513e+00
3.000000000000000000e+00 3.668401453660518285e+00 3.711916901475399655e+00
