0.000000000000000000e+00 3.961979861299848582e-01 4.314957164294863090e-01
1.000000000000000021e-02 3.510508718547447060e-01 6.953046277180092716e-01
2.000000000000000042e-02 8.671076564839143019e-01 1.129768177406523577e+00
2.999999999999999889e-02 1.079677013590821133e+00 1.247618289764634181e+00
4.000000000000000083e-02 1.077809778269104291e+00 1.282605297722049231e+00
5.000000000000000278e-02 1.439274117729362201e+00 1.805317079947296621e+00
5.999999999999999778e-02 1.681921155144215696e+00 1.745840034500120819e+00
7.000000000000000666e-02 1.681921155144215696e+00 1.745840034500120819e+00
8.000000000000000167e-02 1.681921155144215696e+00 1.745840034500120819e+00
8.999999999999999667e-02 1.681921155144215696e+00 1.745840034500120819e+00
1.000000000000000056e-01 1.681921155144215696e+00 1.745840034500120819e+00
1.100000000000000006e-01 1.681921155144215696e+00 1.745840034500120819e+00
1.199999999999999956e-01 1.681921155144215696e+00 1.745840034500120819e+00
1.300000000000000044e-01 1.681921155144215696e+00 1.745840034500120819e+00
1.400000000000000133e-01 1.660593509971441062e+00 1.774289436579405077e+00
1.499999999999999944e-01 1.637134862243803113e+00 1.811927792945234206e+00
1.600000000000000033e-01 1.583059633769433816e+00 1.926011657970506885e+00
1.700000000000000122e-01 1.545021609978017185e+00 2.078036583512488100e+00
1.799999999999999933e-01 1.506822553655658092e+00 2.367434248028244426e+00
1.900000000000000022e-01 2.218710320231325639e+00 3.377636144428842080e+00
2.000000000000000111e-01 2.718586192460387796e+00 3.403236571869522553e+00
2.099999999999999922e-01 2.752993286212274793e+00 3.408364735690763592e+00
2.200000000000000011e-01 2.783961373497343406e+00 3.480351537932061756e+00
2.300000000000000100e-01 2.835759088399799843e+00 3.635576918379871181e+00
2.399999999999999911e-01 2.908667455465874685e+00 3.770742857706465667e+00
2.500000000000000000e-01 3.080179323921941492e+00 3.906671143569208748e+00
2.600000000000000089e-01 3.313326679328040036e+00 3.989236643711968178e+00
2.700000000000000178e-01 3.489084436039855852e+00 3.992909116377899359e+00
2.800000000000000266e-01 3.588318617014773171e+00 3.980651295480840179e+00
2.899999999999999800e-01 3.636884205736937048e+00 3.976050138073144780e+00
2.999999999999999889e-01 3.672135533658806406e+00 3.975003687585051626e+00
3.099999999999999978e-01 3.700806896971990945e+00 3.972240871329972833e+00
3.200000000000000067e-01 3.725094684269011136e+00 3.967914827554643420e+00
3.300000000000000155e-01 3.744722333047087570e+00 3.963297102902238134e+00
3.400000000000000244e-01 3.771137888893081769e+00 3.954377428203628586e+00
3.500000000000000333e-01 3.775978718756671793e+00 3.952743900404934063e+00
3.599999999999999867e-01 3.777482445356279861e+00 3.952806945136159378e+00
3.699999999999999956e-01 3.779964639202170851e+00 3.953281757124847751e+00
3.800000000000000044e-01 3.780989388386193362e+00 3.953538095673140518e+00
3.900000000000000133e-01 3.756731499979624633e+00 3.966286264445652687e+00
4.000000000000000222e-01 3.681312503299600358e+00 3.992577745943182599e+00
4.100000000000000311e-01 3.538545926793105867e+00 4.008055409490578036e+00
4.199999999999999845e-01 3.353966672098081414e+00 3.962467914445955142e+00
4.299999999999999933e-01 3.216254659454647946e+00 3.861077578327830384e+00
4.400000000000000022e-01 3.141655416362467257e+00 3.750867939917859495e+00
4.500000000000000111e-01 3.097563220345615598e+00 3.595428926809192127e+00
4.600000000000000200e-01 3.107526094203590716e+00 3.442310509518981654e+00
4.700000000000000289e-01 3.144180493388322173e+00 3.349395526776167475e+00
4.799999999999999822e-01 3.184388938347003428e+00 3.286176113075116145e+00
4.899999999999999911e-01 3.219249283281782947e+00 3.243240049513360201e+00
5.000000000000000000e-01 3.219249283281782947e+00 3.243240049513360201e+00
5.100000000000000089e-01 3.219249283281782947e+00 3.243240049513360201e+00
5.200000000000000178e-01 3.219249283281782947e+00 3.243240049513360201e+00
5.300000000000000266e-01 3.219249283281782947e+00 3.243240049513360201e+00
5.400000000000000355e-01 3.219249283281782947e+00 3.243240049513360201e+00
5.500000000000000444e-01 3.219249283281782947e+00 3.243240049513360201e+00
5.600000000000000533e-01 3.219249283281782947e+00 3.243240049513360201e+00
5.700000000000000622e-01 3.219249283281782947e+00 3.243240049513360201e+00
5.799999999999999600e-01 3.219249283281782947e+00 3.243240049513360201e+00
5.899999999999999689e-01 3.219249283281782947e+00 3.243240049513360201e+00
5.999999999999999778e-01 3.219249283281782947e+00 3.243240049513360201e+00
6.099999999999999867e-01 3.219249283281782947e+00 3.243240049513360201e+00
6.199999999999999956e-01 3.219249283281782947e+00 3.243240049513360201e+00
6.300000000000000044e-01 3.219249283281782947e+00 3.243240049513360201e+00
6.400000000000000133e-01 3.219249283281782947e+00 3.243240049513360201e+00
6.500000000000000222e-01 3.219249283281782947e+00 3.243240049513360201e+00
6.600000000000000311e-01 3.219249283281782947e+00 3.243240049513360201e+00
6.700000000000000400e-01 3.219249283281782947e+00 3.243240049513360201e+00
6.800000000000000488e-01 3.219249283281782947e+00 3.243240049513360201e+00
6.900000000000000577e-01 3.219249283281782947e+00 3.243240049513360201e+00
7.000000000000000666e-01 3.219249283281782947e+00 3.243240049513360201e+00
7.099999999999999645e-01 3.219249283281782947e+00 3.243240049513360201e+00
7.199999999999999734e-01 3.219249283281782947e+00 3.243240049513360201e+00
7.299999999999999822e-01 3.219249283281782947e+00 3.243240049513360201e+00
7.399999999999999911e-01 3.219249283281782947e+00 3.243240049513360201e+00
7.500000000000000000e-01 3.219249283281782947e+00 3.243240049513360201e+00
7.600000000000000089e-01 3.219249283281782947e+00 3.243240049513360201e+00
7.700000000000000178e-01 3.219249283281782947e+00 3.243240049513360201e+00
7.800000000000000266e-01 3.219249283281782947e+00 3.243240049513360201e+00
7.900000000000000355e-01 3.219249283281782947e+00 3.243240049513360201e+00
8.000000000000000444e-01 3.219249283281782947e+00 3.243240049513360201e+00
8.100000000000000533e-01 3.219249283281782947e+00 3.243240049513360201e+00
8.200000000000000622e-01 3.219249283281782947e+00 3.243240049513360201e+00
8.300000000000000711e-01 3.219249283281782947e+00 3.243240049513360201e+00
8.399999999999999689e-01 3.219249283281782947e+00 3.243240049513360201e+00
8.499999999999999778e-01 3.219249283281782947e+00 3.243240049513360201e+00
8.599999999999999867e-01 3.219249283281782947e+00 3.243240049513360201e+00
8.699999999999999956e-01 3.219249283281782947e+00 3.243240049513360201e+00
8.800000000000000044e-01 3.219249283281782947e+00 3.243240049513360201e+00
8.900000000000000133e-01 3.219249283281782947e+00 3.243240049513360201e+00
9.000000000000000222e-01 3.219249283281782947e+00 3.243240049513360201e+00
9.100000000000000311e-01 3.219249283281782947e+00 3.243240049513360201e+00
9.200000000000000400e-01 3.219249283281782947e+00 3.243240049513360201e+00
9.300000000000000488e-01 3.219249283281782947e+00 3.243240049513360201e+00
9.400000000000000577e-01 3.219249283281782947e+00 3.243240049513360201e+00
9.500000000000000666e-01 3.219249283281782947e+00 3.243240049513360201e+00
9.599999999999999645e-01 3.219249283281782947e+00 3.243240049513360201e+00
9.699999999999999734e-01 3.219249283281782947e+00 3.243240049513360201e+00
9.799999999999999822e-01 3.219249283281782947e+00 3.243240049513360201e+00
9.899999999999999911e-01 3.219249283281782947e+00 3.243240049513360201e+00
1.000000000000000000e+00 3.219249283281782947e+00 3.243240049513360201e+00
1.010000000000000009e+00 3.219249283281782947e+00 3.243240049513360201e+00
1.020000000000000018e+00 3.219249283281782947e+00 3.243240049513360201e+00
1.030000000000000027e+00 3.219249283281782947e+00 3.243240049513360201e+00
1.040000000000000036e+00 3.219249283281782947e+00 3.243240049513360201e+00
1.050000000000000044e+00 3.219249283281782947e+00 3.243240049513360201e+00
1.060000000000000053e+00 3.219249283281782947e+00 3.243240049513360201e+00
1.070000000000000062e+00 3.219249283281782947e+00 3.243240049513360201e+00
1.080000000000000071e+00 3.219249283281782947e+00 3.243240049513360201e+00
1.090000000000000080e+00 3.219249283281782947e+00 3.243240049513360201e+00
1.100000000000000089e+00 3.219249283281782947e+00 3.243240049513360201e+00
1.110000000000000098e+00 3.219249283281782947e+00 3.243240049513360201e+00
1.120000000000000107e+00 3.219249283281782947e+00 3.243240049513360201e+00
1.130000000000000115e+00 3.219249283281782947e+00 3.243240049513360201e+00
1.140000000000000124e+00 3.219249283281782947e+00 3.243240049513360201e+00
1.150000000000000133e+00 3.219249283281782947e+00 3.243240049513360201e+00
1.159999999999999920e+00 3.219249283281782947e+00 3.243240049513360201e+00
1.169999999999999929e+00 3.219249283281782947e+00 3.243240049513360201e+00
1.179999999999999938e+00 3.219249283281782947e+00 3.243240049513360201e+00
1.189999999999999947e+00 3.219249283281782947e+00 3.243240049513360201e+00
1.199999999999999956e+00 3.219249283281782947e+00 3.243240049513360201e+00
1.209999999999999964e+00 3.219249283281782947e+00 3.243240049513360201e+00
1.219999999999999973e+00 3.219249283281782947e+00 3.243240049513360201e+00
1.229999999999999982e+00 3.219249283281782947e+00 3.243240049513360201e+00
1.239999999999999991e+00 3.219249283281782947e+00 3.243240049513360201e+00
1.250000000000000000e+00 3.219249283281782947e+00 3.243240049513360201e+00
1.260000000000000009e+00 3.219249283281782947e+00 3.243240049513360201e+00
1.270000000000000018e+00 3.219249283281782947e+00 3.243240049513360201e+00
1.280000000000000027e+00 3.219249283281782947e+00 3.243240049513360201e+00
1.290000000000000036e+00 3.219249283281782947e+00 3.243240049513360201e+00
1.300000000000000044e+00 3.219249283281782947e+00 3.243240049513360201e+00
1.310000000000000053e+00 3.219249283281782947e+00 3.243240049513360201e+00
1.320000000000000062e+00 3.219249283281782947e+00 3.243240049513360201e+00
1.330000000000000071e+00 3.219249283281782947e+00 3.243240049513360201e+00
1.340000000000000080e+00 3.219249283281782947e+00 3.243240049513360201e+00
1.350000000000000089e+00 3.219249283281782947e+00 3.243240049513360201e+00
1.360000000000000098e+00 3.219249283281782947e+00 3.243240049513360201e+00
1.370000000000000107e+00 3.219249283281782947e+00 3.243240049513360201e+00
1.380000000000000115e+00 3.219249283281782947e+00 3.243240049513360201e+00
1.390000000000000124e+00 3.219249283281782947e+00 3.243240049513360201e+00
1.400000000000000133e+00 3.219249283281782947e+00 3.243240049513360201e+00
1.409999999999999920e+00 3.219249283281782947e+00 3.243240049513360201e+00
1.419999999999999929e+00 3.219249283281782947e+00 3.243240049513360201e+00
1.429999999999999938e+00 3.219249283281782947e+00 3.243240049513360201e+00
1.439999999999999947e+00 3.219249283281782947e+00 3.243240049513360201e+00
1.449999999999999956e+00 3.219249470125965740e+00 3.243240312336153952e+00
1.459999999999999964e+00 3.219249594691160343e+00 3.243240487548944007e+00
1.469999999999999973e+00 3.219249594691160343e+00 3.243240487548944007e+00
1.479999999999999982e+00 3.219249594691160343e+00 3.243240487548944007e+00
1.489999999999999991e+00 3.219249158211005213e+00 3.243240457057702475e+00
1.500000000000000000e+00 3.219249333518989786e+00 3.243240480743400767e+00
1.510000000000000009e+00 3.219249334630218673e+00 3.243240493794235402e+00
1.520000000000000018e+00 3.219249334630218673e+00 3.243240493794235402e+00
1.530000000000000027e+00 3.219249334630218673e+00 3.243240493794235402e+00
1.540000000000000036e+00 3.219249334630218673e+00 3.243240493794235402e+00
1.550000000000000044e+00 3.219249334630218673e+00 3.243240493794235402e+00
1.560000000000000053e+00 3.219248060891003238e+00 3.243234711192279018e+00
1.570000000000000062e+00 3.219248061159542651e+00 3.243233827764102628e+00
1.580000000000000071e+00 3.219247589036988266e+00 3.243231644285155646e+00
1.590000000000000080e+00 3.219247510370124576e+00 3.243231280351768664e+00
1.600000000000000089e+00 3.219247510370124576e+00 3.243231280351768664e+00
1.610000000000000098e+00 3.219247510370124576e+00 3.243231280351768664e+00
1.620000000000000107e+00 3.219247533474132617e+00 3.243230817699267909e+00
1.630000000000000115e+00 3.219247533474132617e+00 3.243230817699267909e+00
1.640000000000000124e+00 3.219245949742013835e+00 3.243231454647367507e+00
1.650000000000000133e+00 3.219245963824231449e+00 3.243231419112246439e+00
1.660000000000000142e+00 3.219245979310802586e+00 3.243231438244052800e+00
1.669999999999999929e+00 3.219247781448524304e+00 3.243235295629341319e+00
1.679999999999999938e+00 3.219249308167257961e+00 3.243238750609597876e+00
1.689999999999999947e+00 3.219250946387754553e+00 3.243244340997232023e+00
1.699999999999999956e+00 3.219250946387754553e+00 3.243244340997232023e+00
1.709999999999999964e+00 3.219251003484621787e+00 3.243244357285604007e+00
1.719999999999999973e+00 3.219251003484621787e+00 3.243244357285604007e+00
1.729999999999999982e+00 3.219251003484621787e+00 3.243244357285604007e+00
1.739999999999999991e+00 3.219251003484621787e+00 3.243244357285604007e+00
1.750000000000000000e+00 3.219251003484621787e+00 3.243244357285604007e+00
1.760000000000000009e+00 3.219251003484621787e+00 3.243244357285604007e+00
1.770000000000000018e+00 3.219251099582359554e+00 3.243244408306434234e+00
1.780000000000000027e+00 3.219251099582359554e+00 3.243244408306434234e+00
1.790000000000000036e+00 3.219251099582359554e+00 3.243244408306434234e+00
1.800000000000000044e+00 3.219251099582359554e+00 3.243244408306434234e+00
1.810000000000000053e+00 3.219251099582359554e+00 3.243244408306434234e+00
1.820000000000000062e+00 3.219251099582359554e+00 3.243244408306434234e+00
1.830000000000000071e+00 3.219251099582359554e+00 3.243244408306434234e+00
1.840000000000000080e+00 3.219251099582359554e+00 3.243244408306434234e+00
1.850000000000000089e+00 3.219251099582359554e+00 3.243244408306434234e+00
1.860000000000000098e+00 3.219251099582359554e+00 3.243244408306434234e+00
1.870000000000000107e+00 3.219251099582359554e+00 3.243244408306434234e+00
1.880000000000000115e+00 3.219243065985109453e+00 3.243199660197828571e+00
1.890000000000000124e+00 3.219230179343129716e+00 3.243206793809031208e+00
1.900000000000000133e+00 3.219221556700580411e+00 3.243185346075184494e+00
1.910000000000000142e+00 3.219211719519208703e+00 3.243178602088380824e+00
1.919999999999999929e+00 3.219211719519208703e+00 3.243178602088380824e+00
1.929999999999999938e+00 3.219211719519208703e+00 3.243178602088380824e+00
1.939999999999999947e+00 3.219211719519208703e+00 3.243178602088380824e+00
1.949999999999999956e+00 3.219211719519208703e+00 3.243178602088380824e+00
1.959999999999999964e+00 3.219211719519208703e+00 3.243178602088380824e+00
1.969999999999999973e+00 3.219211719519208703e+00 3.243178602088380824e+00
1.979999999999999982e+00 3.219155225543024468e+00 3.243300554319379803e+00
1.989999999999999991e+00 3.217576921856244443e+00 3.245284288904825676e+00
2.000000000000000000e+00 3.216151688056586799e+00 3.247298620952965287e+00
2.010000000000000231e+00 3.212101587641355227e+00 3.252455079786661596e+00
2.020000000000000018e+00 3.206232544224872250e+00 3.260551602403507943e+00
2.030000000000000249e+00 3.197301406017496461e+00 3.275102163828656820e+00
2.040000000000000036e+00 3.189412923228376773e+00 3.290521635177499515e+00
2.049999999999999822e+00 3.183468201928919772e+00 3.303238721269779798e+00
2.060000000000000053e+00 3.179118239730723605e+00 3.309990776721111860e+00
2.069999999999999840e+00 3.176894867485616558e+00 3.314803814650918667e+00
2.080000000000000071e+00 3.174909802004734605e+00 3.318857295835574650e+00
2.089999999999999858e+00 3.171581988277366371e+00 3.321577851510117085e+00
2.100000000000000089e+00 3.170124995067713058e+00 3.322913746892812270e+00
2.109999999999999876e+00 3.167261565051808780e+00 3.325553908251985824e+00
2.120000000000000107e+00 3.160369224425572554e+00 3.329485991085749497e+00
2.129999999999999893e+00 3.156617763766674578e+00 3.332343969736666800e+00
2.140000000000000124e+00 3.155639496631709395e+00 3.332481638979824634e+00
2.149999999999999911e+00 3.155060997394499633e+00 3.333524845548691662e+00
2.160000000000000142e+00 3.154849604365402183e+00 3.333621985032981794e+00
2.169999999999999929e+00 3.154331367959133825e+00 3.335590415101893580e+00
2.180000000000000160e+00 3.150880857030729842e+00 3.347417837083955128e+00
2.189999999999999947e+00 3.148640561011177841e+00 3.355458284394400525e+00
2.200000000000000178e+00 3.147496421789663934e+00 3.361242566829186984e+00
2.209999999999999964e+00 3.145671041347333219e+00 3.368781596453837235e+00
2.220000000000000195e+00 3.140033481380621438e+00 3.387595965621789773e+00
2.229999999999999982e+00 3.137388053119657627e+00 3.412702366168024248e+00
2.240000000000000213e+00 3.134405523361272206e+00 3.447296381460124071e+00
2.250000000000000000e+00 3.133963256896053817e+00 3.477674267227138127e+00
2.260000000000000231e+00 3.132833348206142343e+00 3.498641314336201180e+00
2.270000000000000018e+00 3.132739232191354528e+00 3.537961835814206868e+00
2.280000000000000249e+00 3.135943974605186035e+00 3.580203493704216200e+00
2.290000000000000036e+00 3.141885812222812824e+00 3.617536301787044550e+00
2.300000000000000266e+00 3.148931156162658951e+00 3.649910220246871617e+00
2.310000000000000053e+00 3.163782977855524425e+00 3.700825138418355476e+00
2.319999999999999840e+00 3.190179281359445618e+00 3.759443455704915671e+00
2.330000000000000071e+00 3.225818069435323565e+00 3.816531675099168908e+00
2.339999999999999858e+00 3.270064635945226339e+00 3.868901028637025785e+00
2.350000000000000089e+00 3.324718467297507640e+00 3.917599235539482638e+00
2.359999999999999876e+00 3.381086484688796912e+00 3.956420510374031085e+00
2.370000000000000107e+00 3.436473645280994749e+00 3.983018428469501604e+00
2.379999999999999893e+00 3.509468146794582299e+00 4.005472377979016230e+00
2.390000000000000124e+00 3.592437312773156588e+00 4.016077768065046349e+00
2.399999999999999911e+00 3.646484551193737822e+00 4.016029509289240629e+00
2.410000000000000142e+00 3.694446260304387053e+00 4.010157333183352435e+00
2.419999999999999929e+00 3.726676298707179757e+00 4.002717276307888206e+00
2.430000000000000160e+00 3.750393430975189624e+00 3.995383721749076855e+00
2.439999999999999947e+00 3.753868672675316542e+00 3.994551070485884647e+00
2.450000000000000178e+00 3.756146620454996032e+00 3.994261262006551405e+00
2.459999999999999964e+00 3.756269008243123153e+00 3.994482885711153841e+00
2.470000000000000195e+00 3.756552815008206814e+00 3.994847182078317793e+00
2.479999999999999982e+00 3.756980000996613889e+00 3.995461055235838721e+00
2.490000000000000213e+00 3.757434444382020011e+00 3.996126001484564760e+00
2.500000000000000000e+00 3.757617876180953331e+00 3.996349787116700192e+00
2.510000000000000231e+00 3.757701184230130220e+00 3.996466646232325726e+00
2.520000000000000018e+00 3.757842303190161104e+00 3.996600032506059108e+00
2.530000000000000249e+00 3.757877918347926727e+00 3.996662747726826392e+00
2.540000000000000036e+00 3.757922125698969218e+00 3.996736913335873886e+00
2.550000000000000266e+00 3.758225019855193416e+00 3.997200789399452781e+00
2.560000000000000053e+00 3.758298900961863698e+00 3.997345697340977555e+00
2.569999999999999840e+00 3.758496534479900397e+00 3.997671707278446007e+00
2.580000000000000071e+00 3.758894375895681428e+00 3.998353097511110121e+00
2.589999999999999858e+00 3.759000114891246636e+00 3.998588196180148824e+00
2.600000000000000089e+00 3.759052782395983172e+00 3.998731075083112430e+00
2.609999999999999876e+00 3.759152038596494272e+00 3.998942948514597084e+00
2.620000000000000107e+00 3.759152038596494272e+00 3.998942948514597084e+00
2.629999999999999893e+00 3.759152038596494272e+00 3.998942948514597084e+00
2.640000000000000124e+00 3.759152038596494272e+00 3.998942948514597084e+00
2.649999999999999911e+00 3.759152038596494272e+00 3.998942948514597084e+00
2.660000000000000142e+00 3.758679511774178472e+00 3.999018905331496399e+00
2.669999999999999929e+00 3.757499417119788188e+00 3.999211369289589424e+00
2.680000000000000160e+00 3.754006749336411097e+00 3.999821789539169004e+00
2.689999999999999947e+00 3.749439867630152357e+00 4.000617628793569303e+00
2.700000000000000178e+00 3.745940905808212040e+00 4.001173818007706551e+00
2.709999999999999964e+00 3.741713852423047548e+00 4.001816559726381506e+00
2.720000000000000195e+00 3.739072823419471003e+00 4.002267146668534892e+00
2.729999999999999982e+00 3.736044248540363988e+00 4.002650480520762777e+00
2.740000000000000213e+00 3.734057565432570058e+00 4.002859732436158779e+00
2.750000000000000000e+00 3.734057565432570058e+00 4.002859732436158779e+00
2.760000000000000231e+00 3.734058315968785458e+00 4.002862067603793150e+00
2.770000000000000018e+00 3.733641582905018463e+00 4.002960923579966135e+00
2.780000000000000249e+00 3.732795606748124051e+00 4.003141121467093555e+00
2.790000000000000036e+00 3.729902609041721107e+00 4.004301109067410103e+00
2.800000000000000266e+00 3.724911248582835288e+00 4.006409258228306847e+00
2.810000000000000053e+00 3.718881385237878590e+00 4.008911307523542966e+00
2.819999999999999840e+00 3.709187977837296923e+00 4.012864753009107943e+00
2.830000000000000071e+00 3.701932920034984420e+00 4.014550306025882698e+00
2.839999999999999858e+00 3.692788811917741665e+00 4.016159316420118586e+00
2.850000000000000089e+00 3.688966596004680021e+00 4.016791090562626287e+00
2.859999999999999876e+00 3.688335372008507473e+00 4.016273987179571847e+00
2.870000000000000107e+00 3.687479326753888120e+00 4.015674771070209204e+00
2.879999999999999893e+00 3.685695683663881894e+00 4.014772469321690629e+00
2.890000000000000124e+00 3.684789309281906178e+00 4.014333074088493269e+00
2.899999999999999911e+00 3.682868781208359366e+00 4.013026797152198455e+00
2.910000000000000142e+00 3.280351184289096889e+00 4.257657820849777508e+00
2.919999999999999929e+00 3.353125048707607636e+00 4.194139057692404471e+00
2.930000000000000160e+00 3.359708241455280131e+00 4.189916512146271366e+00
2.939999999999999947e+00 3.654842958210945625e+00 4.005225363298415608e+00
2.950000000000000178e+00 3.652976177569357219e+00 4.003290398682626261e+00
2.959999999999999964e+00 3.651774646848508166e+00 4.002326303235224536e+00
2.970000000000000195e+00 3.049556260740676095e+00 4.333657622456631664e+00
2.979999999999999982e+00 2.513199328931745136e+00 4.412100404910866303e+00
2.990000000000000213e+00 4.585985428081789106e-01 2.220123508820648794e+00
3.000000000000000000e+00 3.494964752001701314e+00 3.530546624126495558e+00
