0.000000000000000000e+00 5.147797934710979240e-01
1.000000000000000021e-02 5.147798919075727841e-01
2.000000000000000042e-02 1.152320968418717451e+00
2.999999999999999889e-02 1.158904211701154763e+00
4.000000000000000083e-02 1.158904211701154763e+00
5.000000000000000278e-02 1.161928688009977284e+00
5.999999999999999778e-02 1.310827045179605577e+00
7.000000000000000666e-02 1.698094728854894653e+00
8.000000000000000167e-02 1.772159728767871867e+00
8.999999999999999667e-02 1.772159728767871867e+00
1.000000000000000056e-01 1.772633978919982978e+00
1.100000000000000006e-01 1.779739535055160582e+00
1.199999999999999956e-01 1.844880498425960580e+00
1.300000000000000044e-01 1.927079956628084290e+00
1.400000000000000133e-01 2.115828101823329810e+00
1.499999999999999944e-01 2.399706460549831277e+00
1.600000000000000033e-01 2.558280745106935594e+00
1.700000000000000122e-01 2.588277210648060045e+00
1.799999999999999933e-01 2.606557515305280681e+00
1.900000000000000022e-01 2.631175381827354443e+00
2.000000000000000111e-01 2.684012283337116056e+00
2.099999999999999922e-01 2.837166680138111019e+00
2.200000000000000011e-01 3.207373181080818370e+00
2.300000000000000100e-01 3.546245476267337882e+00
2.399999999999999911e-01 3.725354727168083357e+00
2.500000000000000000e-01 3.791323962662219937e+00
2.600000000000000089e-01 3.831534286780357235e+00
2.700000000000000178e-01 3.854817742791175839e+00
2.800000000000000266e-01 3.861151329376697472e+00
2.899999999999999800e-01 3.865329176502227959e+00
2.999999999999999889e-01 3.865753808751106302e+00
3.099999999999999978e-01 3.865818874511718573e+00
3.200000000000000067e-01 3.865565437333583709e+00
3.300000000000000155e-01 3.865460894789695789e+00
3.400000000000000244e-01 3.864643005859851765e+00
3.500000000000000333e-01 3.863843805470466464e+00
3.599999999999999867e-01 3.862821646735667969e+00
3.699999999999999956e-01 3.860875540516376603e+00
3.800000000000000044e-01 3.853233921997547107e+00
3.900000000000000133e-01 3.832330039777755548e+00
4.000000000000000222e-01 3.784244570977687960e+00
4.100000000000000311e-01 3.682658873689174772e+00
4.199999999999999845e-01 3.555438674106597752e+00
4.299999999999999933e-01 3.425661855943202827e+00
4.400000000000000022e-01 3.306572194046974111e+00
4.500000000000000111e-01 3.189809207286834702e+00
4.600000000000000200e-01 3.132964127111435015e+00
4.700000000000000289e-01 3.116699545900821544e+00
4.799999999999999822e-01 3.104592589859962448e+00
4.899999999999999911e-01 3.103313178653717141e+00
5.000000000000000000e-01 3.106739000155925634e+00
5.100000000000000089e-01 3.101965121314525398e+00
5.200000000000000178e-01 3.100088222615718703e+00
5.300000000000000266e-01 3.101928785405159150e+00
5.400000000000000355e-01 3.103571485323906032e+00
5.500000000000000444e-01 3.104247049593925389e+00
5.600000000000000533e-01 3.104506470904350390e+00
5.700000000000000622e-01 3.105531820735931259e+00
5.799999999999999600e-01 3.106350225903987905e+00
5.899999999999999689e-01 3.108063336114883501e+00
5.999999999999999778e-01 3.109490654568672241e+00
6.099999999999999867e-01 3.110351909344196475e+00
6.199999999999999956e-01 3.111160192394256452e+00
6.300000000000000044e-01 3.111519393479824203e+00
6.400000000000000133e-01 3.112106822822093832e+00
6.500000000000000222e-01 3.112675310466289424e+00
6.600000000000000311e-01 3.113355344367027211e+00
6.700000000000000400e-01 3.113882292194366297e+00
6.800000000000000488e-01 3.114545014953613133e+00
6.900000000000000577e-01 3.115327633404731955e+00
7.000000000000000666e-01 3.116353019001484093e+00
7.099999999999999645e-01 3.117932155435085395e+00
7.199999999999999734e-01 3.119381523253917710e+00
7.299999999999999822e-01 3.120153866219520733e+00
7.399999999999999911e-01 3.117654322042465065e+00
7.500000000000000000e-01 3.115917832937240561e+00
7.600000000000000089e-01 3.116878494720459081e+00
7.700000000000000178e-01 3.118737365710735343e+00
7.800000000000000266e-01 3.120380333955287799e+00
7.900000000000000355e-01 3.126236613337993742e+00
8.000000000000000444e-01 3.131463016765117846e+00
8.100000000000000533e-01 3.135090706737041266e+00
8.200000000000000622e-01 3.137191629972457818e+00
8.300000000000000711e-01 3.138674947354793687e+00
8.399999999999999689e-01 3.140108903439045029e+00
8.499999999999999778e-01 3.141035636889934590e+00
8.599999999999999867e-01 3.141018274579048253e+00
8.699999999999999956e-01 3.137110167801380189e+00
8.800000000000000044e-01 3.133893281245231588e+00
8.900000000000000133e-01 3.133654161450862841e+00
9.000000000000000222e-01 3.137994293434620108e+00
9.100000000000000311e-01 3.139840647795200557e+00
9.200000000000000400e-01 3.121260734729766728e+00
9.300000000000000488e-01 3.146956844892502048e+00
9.400000000000000577e-01 3.159405392334461382e+00
9.500000000000000666e-01 3.162958985648155252e+00
9.599999999999999645e-01 3.164948176174164018e+00
9.699999999999999734e-01 3.167757635853290399e+00
9.799999999999999822e-01 3.169984847788810622e+00
9.899999999999999911e-01 3.172612619693279346e+00
1.000000000000000000e+00 3.174962592096328695e+00
1.010000000000000009e+00 3.176705477190017834e+00
1.020000000000000018e+00 3.178502379574775549e+00
1.030000000000000027e+00 3.180531512546539208e+00
1.040000000000000036e+00 3.182500960793495093e+00
1.050000000000000044e+00 3.184180330307483597e+00
1.060000000000000053e+00 3.185529178433418096e+00
1.070000000000000062e+00 3.186934064016342383e+00
1.080000000000000071e+00 3.187937042376995045e+00
1.090000000000000080e+00 3.188798457322120861e+00
1.100000000000000089e+00 3.189729073979854501e+00
1.110000000000000098e+00 3.190583085787296103e+00
1.120000000000000107e+00 3.191368786790370837e+00
1.130000000000000115e+00 3.192008410069942403e+00
1.140000000000000124e+00 3.192569585301876067e+00
1.150000000000000133e+00 3.193089502727985529e+00
1.159999999999999920e+00 3.193616279206275888e+00
1.169999999999999929e+00 3.194435034561157405e+00
1.179999999999999938e+00 3.195112361395358924e+00
1.189999999999999947e+00 3.195602988822459967e+00
1.199999999999999956e+00 3.195990879938602536e+00
1.209999999999999964e+00 3.196335972092151589e+00
1.219999999999999973e+00 3.196580830450058031e+00
1.229999999999999982e+00 3.196986730129718790e+00
1.239999999999999991e+00 3.197108387951850705e+00
1.250000000000000000e+00 3.197278700580596933e+00
1.260000000000000009e+00 3.197446771099567542e+00
1.270000000000000018e+00 3.197918869981765777e+00
1.280000000000000027e+00 3.198015479750633272e+00
1.290000000000000036e+00 3.198198823814391911e+00
1.300000000000000044e+00 3.198444188466071925e+00
1.310000000000000053e+00 3.198663691284656441e+00
1.320000000000000062e+00 3.198880808799266617e+00
1.330000000000000071e+00 3.198971053900718786e+00
1.340000000000000080e+00 3.199075033655166767e+00
1.350000000000000089e+00 3.199281720786094851e+00
1.360000000000000098e+00 3.199505580401420524e+00
1.370000000000000107e+00 3.199962536787986700e+00
1.380000000000000115e+00 3.200302225816249901e+00
1.390000000000000124e+00 3.200568517374992261e+00
1.400000000000000133e+00 3.200683369278907620e+00
1.409999999999999920e+00 3.200848071072101675e+00
1.419999999999999929e+00 3.201081557316780124e+00
1.429999999999999938e+00 3.201284502313137104e+00
1.439999999999999947e+00 3.201533896265029711e+00
1.449999999999999956e+00 3.201821645786762094e+00
1.459999999999999964e+00 3.202008165993690536e+00
1.469999999999999973e+00 3.202230358891487327e+00
1.479999999999999982e+00 3.202459320743083815e+00
1.489999999999999991e+00 3.202576677157878748e+00
1.500000000000000000e+00 3.202685837068557806e+00
1.510000000000000009e+00 3.202785968351363977e+00
1.520000000000000018e+00 3.202907666423320698e+00
1.530000000000000027e+00 3.203027717800140284e+00
1.540000000000000036e+00 3.203047801418304363e+00
1.550000000000000044e+00 3.203108896758556146e+00
1.560000000000000053e+00 3.203119634289741668e+00
1.570000000000000062e+00 3.203210800192356267e+00
1.580000000000000071e+00 3.203245076510906397e+00
1.590000000000000080e+00 3.203262489321232032e+00
1.600000000000000089e+00 3.203264991164207487e+00
1.610000000000000098e+00 3.203272463617324650e+00
1.620000000000000107e+00 3.203278501214981144e+00
1.630000000000000115e+00 3.203249133198261323e+00
1.640000000000000124e+00 3.203237916011810515e+00
1.650000000000000133e+00 3.202879109158515814e+00
1.660000000000000142e+00 3.202755245182514088e+00
1.669999999999999929e+00 3.202677943975925423e+00
1.679999999999999938e+00 3.202845804750919179e+00
1.689999999999999947e+00 3.202919262549877022e+00
1.699999999999999956e+00 3.202914639437198563e+00
1.709999999999999964e+00 3.203163263149261475e+00
1.719999999999999973e+00 3.203310575478076849e+00
1.729999999999999982e+00 3.203398474960327036e+00
1.739999999999999991e+00 3.203260422847270750e+00
1.750000000000000000e+00 3.203223273828029516e+00
1.760000000000000009e+00 3.203242129368781832e+00
1.770000000000000018e+00 3.203105940585136313e+00
1.780000000000000027e+00 3.202997592720985498e+00
1.790000000000000036e+00 3.203074501962661635e+00
1.800000000000000044e+00 3.203179662461280941e+00
1.810000000000000053e+00 3.204043904998302494e+00
1.820000000000000062e+00 3.206175954411029760e+00
1.830000000000000071e+00 3.208955168542861891e+00
1.840000000000000080e+00 3.211740674099922366e+00
1.850000000000000089e+00 3.214843853363990700e+00
1.860000000000000098e+00 3.218003835434913640e+00
1.870000000000000107e+00 3.220438583655357512e+00
1.880000000000000115e+00 3.223820795793533200e+00
1.890000000000000124e+00 3.228783467695713227e+00
1.900000000000000133e+00 3.233688839082717870e+00
1.910000000000000142e+00 3.240431835758685875e+00
1.919999999999999929e+00 3.247624366505145854e+00
1.929999999999999938e+00 3.256716444034576607e+00
1.939999999999999947e+00 3.264859933428764460e+00
1.949999999999999956e+00 3.272763923783302165e+00
1.959999999999999964e+00 3.279583099417686665e+00
1.969999999999999973e+00 3.287391687417030361e+00
1.979999999999999982e+00 3.295021057255268282e+00
1.989999999999999991e+00 3.302643130826949935e+00
2.000000000000000000e+00 3.309745087146759079e+00
2.010000000000000231e+00 3.317818854916095628e+00
2.020000000000000018e+00 3.324847745168209023e+00
2.030000000000000249e+00 3.331326360275745468e+00
2.040000000000000036e+00 3.337923882474899351e+00
2.049999999999999822e+00 3.344372275285720786e+00
2.060000000000000053e+00 3.351318866124153306e+00
2.069999999999999840e+00 3.359867829337120249e+00
2.080000000000000071e+00 3.371451717679500693e+00
2.089999999999999858e+00 3.381530711073875484e+00
2.100000000000000089e+00 3.390610129923820715e+00
2.109999999999999876e+00 3.398017452290058138e+00
2.120000000000000107e+00 3.409664556963443616e+00
2.129999999999999893e+00 3.418089073462486471e+00
2.140000000000000124e+00 3.424472491488456782e+00
2.149999999999999911e+00 3.429844626767635241e+00
2.160000000000000142e+00 3.432263528997898216e+00
2.169999999999999929e+00 3.434920956766605471e+00
2.180000000000000160e+00 3.437072691807746772e+00
2.189999999999999947e+00 3.438028796410560695e+00
2.200000000000000178e+00 3.437874677579403127e+00
2.209999999999999964e+00 3.437849188997745387e+00
2.220000000000000195e+00 3.436561304333209943e+00
2.229999999999999982e+00 3.434445200393200004e+00
2.240000000000000213e+00 3.432509403452873364e+00
2.250000000000000000e+00 3.428367639274596979e+00
2.260000000000000231e+00 3.427416046829223628e+00
2.270000000000000018e+00 3.425516772065162474e+00
2.280000000000000249e+00 3.422524739630222523e+00
2.290000000000000036e+00 3.420110720825195294e+00
2.300000000000000266e+00 3.417916354484558106e+00
2.310000000000000053e+00 3.418017750208377947e+00
2.319999999999999840e+00 3.418708538911342742e+00
2.330000000000000071e+00 3.419338611466884448e+00
2.339999999999999858e+00 3.420245748503208283e+00
2.350000000000000089e+00 3.420998125021457614e+00
2.359999999999999876e+00 3.421840117754936017e+00
2.370000000000000107e+00 3.423176250989437008e+00
2.379999999999999893e+00 3.423813061666488800e+00
2.390000000000000124e+00 3.424537445094585575e+00
2.399999999999999911e+00 3.424618585686683758e+00
2.410000000000000142e+00 3.424583913965225435e+00
2.419999999999999929e+00 3.424531509666442819e+00
2.430000000000000160e+00 3.424476831188202119e+00
2.439999999999999947e+00 3.424609912474155582e+00
2.450000000000000178e+00 3.424556673927307227e+00
2.459999999999999964e+00 3.424424726617336212e+00
2.470000000000000195e+00 3.424513792908191689e+00
2.479999999999999982e+00 3.424580341353416379e+00
2.490000000000000213e+00 3.424555106914043634e+00
2.500000000000000000e+00 3.424601952371597147e+00
2.510000000000000231e+00 3.424438799910545228e+00
2.520000000000000018e+00 3.424397048106193608e+00
2.530000000000000249e+00 3.424316131193637869e+00
2.540000000000000036e+00 3.424358363931179206e+00
2.550000000000000266e+00 3.424308117113113337e+00
2.560000000000000053e+00 3.424265906343459953e+00
2.569999999999999840e+00 3.424196459264755354e+00
2.580000000000000071e+00 3.424113110220432077e+00
2.589999999999999858e+00 3.424039469091892052e+00
2.600000000000000089e+00 3.424017606422901316e+00
2.609999999999999876e+00 3.424004436869621415e+00
2.620000000000000107e+00 3.423977592399120251e+00
2.629999999999999893e+00 3.423927580029964446e+00
2.640000000000000124e+00 3.423961894254684335e+00
2.649999999999999911e+00 3.423723368091583286e+00
2.660000000000000142e+00 3.423615168366432204e+00
2.669999999999999929e+00 3.423545418224334558e+00
2.680000000000000160e+00 3.423516200015544797e+00
2.689999999999999947e+00 3.423499074547290633e+00
2.700000000000000178e+00 3.423504110026359459e+00
2.709999999999999964e+00 3.423531311779022257e+00
2.720000000000000195e+00 3.423526961131095891e+00
2.729999999999999982e+00 3.423529716479778440e+00
2.740000000000000213e+00 3.423537506377697159e+00
2.750000000000000000e+00 3.423535772728920179e+00
2.760000000000000231e+00 3.423536091680526638e+00
2.770000000000000018e+00 3.423528317213058614e+00
2.780000000000000249e+00 3.423520974736213862e+00
2.790000000000000036e+00 3.423446863298416076e+00
2.800000000000000266e+00 3.423302042791843469e+00
2.810000000000000053e+00 3.423266174550056551e+00
2.819999999999999840e+00 3.423191371519565429e+00
2.830000000000000071e+00 3.423162474846840109e+00
2.839999999999999858e+00 3.423157316660880856e+00
2.850000000000000089e+00 3.423166716945171384e+00
2.859999999999999876e+00 3.423166716945171384e+00
2.870000000000000107e+00 3.423169563522338699e+00
2.879999999999999893e+00 3.423172816753387249e+00
2.890000000000000124e+00 3.423172816753387249e+00
2.899999999999999911e+00 3.423172786004543333e+00
2.910000000000000142e+00 3.423183751113414885e+00
2.919999999999999929e+00 3.423184564421176912e+00
2.930000000000000160e+00 3.423185784382820174e+00
2.939999999999999947e+00 3.423196803371906238e+00
2.950000000000000178e+00 3.423196803371906238e+00
2.959999999999999964e+00 3.423197798693180083e+00
2.970000000000000195e+00 3.423197798693180083e+00
2.979999999999999982e+00 3.423202236361503559e+00
2.990000000000000213e+00 3.423202198739051738e+00
3.000000000000000000e+00 3.423217719597816622e+00
