0.000000000000000000e+00 1.614839024243056809e+00
1.000000000000000021e-02 1.630514053728580492e+00
2.000000000000000042e-02 1.633316848604679183e+00
2.999999999999999889e-02 1.676747455549240096e+00
4.000000000000000083e-02 2.125479569045305439e+00
5.000000000000000278e-02 3.545192398931980016e+00
5.999999999999999778e-02 3.663292663466930499e+00
7.000000000000000666e-02 3.664866985380649478e+00
8.000000000000000167e-02 3.663684655170440507e+00
8.999999999999999667e-02 3.657484960896968840e+00
1.000000000000000056e-01 3.638688076827526263e+00
1.100000000000000006e-01 3.613795211324691614e+00
1.199999999999999956e-01 3.573336551485061463e+00
1.300000000000000044e-01 3.530502316117286821e+00
1.400000000000000133e-01 3.458732209501266475e+00
1.499999999999999944e-01 3.351944266939163253e+00
1.600000000000000033e-01 3.223675224754810387e+00
1.700000000000000122e-01 3.103349214890003260e+00
1.799999999999999933e-01 3.025632624201774590e+00
1.900000000000000022e-01 2.992296418457031315e+00
2.000000000000000111e-01 2.977986569757461677e+00
2.099999999999999922e-01 2.968410208499431491e+00
2.200000000000000011e-01 2.950232662642001902e+00
2.300000000000000100e-01 2.954650617856979355e+00
2.399999999999999911e-01 2.952770995054244896e+00
2.500000000000000000e-01 2.952030745053291216e+00
2.600000000000000089e-01 2.951514730596542346e+00
2.700000000000000178e-01 2.950898571708202578e+00
2.800000000000000266e-01 2.950446003742217993e+00
2.899999999999999800e-01 2.950048112916946241e+00
2.999999999999999889e-01 2.950070025663376061e+00
3.099999999999999978e-01 2.950162414228916230e+00
3.200000000000000067e-01 2.950165780220031841e+00
3.300000000000000155e-01 2.950348983268737957e+00
3.400000000000000244e-01 2.950292353341579243e+00
3.500000000000000333e-01 2.950246994886398522e+00
3.599999999999999867e-01 2.950213340055942712e+00
3.699999999999999956e-01 2.950229473330974628e+00
3.800000000000000044e-01 2.950259163517952032e+00
3.900000000000000133e-01 2.950222718055248272e+00
4.000000000000000222e-01 2.950110006442069999e+00
4.100000000000000311e-01 2.949824136383533357e+00
4.199999999999999845e-01 2.949647928988933465e+00
4.299999999999999933e-01 2.949201081352233800e+00
4.400000000000000022e-01 2.949090028791427454e+00
4.500000000000000111e-01 2.949051019847392929e+00
4.600000000000000200e-01 2.949003937919139950e+00
4.700000000000000289e-01 2.948958107392787742e+00
4.799999999999999822e-01 2.948912472908496785e+00
4.899999999999999911e-01 2.948806543514728595e+00
5.000000000000000000e-01 2.948403672122955399e+00
5.100000000000000089e-01 2.948099356043338837e+00
5.200000000000000178e-01 2.947865305671691694e+00
5.300000000000000266e-01 2.947656235671043401e+00
5.400000000000000355e-01 2.947528844194412301e+00
5.500000000000000444e-01 2.947416516280174204e+00
5.600000000000000533e-01 2.947306166112423131e+00
5.700000000000000622e-01 2.947206296231746681e+00
5.799999999999999600e-01 2.946905659272670785e+00
5.899999999999999689e-01 2.946459862730502977e+00
5.999999999999999778e-01 2.945937330422401246e+00
6.099999999999999867e-01 2.945479659683704288e+00
6.199999999999999956e-01 2.945111570985317062e+00
6.300000000000000044e-01 2.944707803244590583e+00
6.400000000000000133e-01 2.944358678317069877e+00
6.500000000000000222e-01 2.944048657832145643e+00
6.600000000000000311e-01 2.943955265865326076e+00
6.700000000000000400e-01 2.943909963226318371e+00
6.800000000000000488e-01 2.943830488684177293e+00
6.900000000000000577e-01 2.943725187397003396e+00
7.000000000000000666e-01 2.943628015148639587e+00
7.099999999999999645e-01 2.943502380745410818e+00
7.199999999999999734e-01 2.943401598398685426e+00
7.299999999999999822e-01 2.943286297194957601e+00
7.399999999999999911e-01 2.943234142572879630e+00
7.500000000000000000e-01 2.943188015530109336e+00
7.600000000000000089e-01 2.943142601499557642e+00
7.700000000000000178e-01 2.943096651859283597e+00
7.800000000000000266e-01 2.943084845726489984e+00
7.900000000000000355e-01 2.943071888191699959e+00
8.000000000000000444e-01 2.943054217524528671e+00
8.100000000000000533e-01 2.943021700294017773e+00
8.200000000000000622e-01 2.942992041728496488e+00
8.300000000000000711e-01 2.942989819765090775e+00
8.399999999999999689e-01 2.943320358223914912e+00
8.499999999999999778e-01 2.943773414273262112e+00
8.599999999999999867e-01 2.944244761555194767e+00
8.699999999999999956e-01 2.944969836452007161e+00
8.800000000000000044e-01 2.946900989179611408e+00
8.900000000000000133e-01 2.948783222308158702e+00
9.000000000000000222e-01 2.950858623907566258e+00
9.100000000000000311e-01 2.951584254631996362e+00
9.200000000000000400e-01 2.947407769302129665e+00
9.300000000000000488e-01 2.937447749822139631e+00
9.400000000000000577e-01 2.939188156914711136e+00
9.500000000000000666e-01 2.940814061584472672e+00
9.599999999999999645e-01 2.944663843305110884e+00
9.699999999999999734e-01 2.947677124998569376e+00
9.799999999999999822e-01 2.960923308994769965e+00
9.899999999999999911e-01 2.995441378533840293e+00
1.000000000000000000e+00 3.007870185189247092e+00
1.010000000000000009e+00 3.012471868429183797e+00
1.020000000000000018e+00 3.020400713748931931e+00
1.030000000000000027e+00 3.031931174864769041e+00
1.040000000000000036e+00 3.044080651516914315e+00
1.050000000000000044e+00 3.058087748496532310e+00
1.060000000000000053e+00 3.074216731193065488e+00
1.070000000000000062e+00 3.093119190232753724e+00
1.080000000000000071e+00 3.110485358781814647e+00
1.090000000000000080e+00 3.127226705954075037e+00
1.100000000000000089e+00 3.143393693199157735e+00
1.110000000000000098e+00 3.158093225510120394e+00
1.120000000000000107e+00 3.170376415436267692e+00
1.130000000000000115e+00 3.183795050208568789e+00
1.140000000000000124e+00 3.191450291616916513e+00
1.150000000000000133e+00 3.196623256909847388e+00
1.159999999999999920e+00 3.199995757343768954e+00
1.169999999999999929e+00 3.203965096046924810e+00
1.179999999999999938e+00 3.209893746461868425e+00
1.189999999999999947e+00 3.213284601240157912e+00
1.199999999999999956e+00 3.218545056438446128e+00
1.209999999999999964e+00 3.221212536191940146e+00
1.219999999999999973e+00 3.224300141704082634e+00
1.229999999999999982e+00 3.226471310265064396e+00
1.239999999999999991e+00 3.230726612458229230e+00
1.250000000000000000e+00 3.233269367959499263e+00
1.260000000000000009e+00 3.237391431140899556e+00
1.270000000000000018e+00 3.240260628325938974e+00
1.280000000000000027e+00 3.242200437903404175e+00
1.290000000000000036e+00 3.244410198099613396e+00
1.300000000000000044e+00 3.247250360596179775e+00
1.310000000000000053e+00 3.253023711013793839e+00
1.320000000000000062e+00 3.257322908878326206e+00
1.330000000000000071e+00 3.257723080253601022e+00
1.340000000000000080e+00 3.257560292568206783e+00
1.350000000000000089e+00 3.256631314494609963e+00
1.360000000000000098e+00 3.255644227969646476e+00
1.370000000000000107e+00 3.252595680923461963e+00
1.380000000000000115e+00 3.248442484066486280e+00
1.390000000000000124e+00 3.246073643453120994e+00
1.400000000000000133e+00 3.245283230161666754e+00
1.409999999999999920e+00 3.245595243580341460e+00
1.419999999999999929e+00 3.245562805125713268e+00
1.429999999999999938e+00 3.245132965061664709e+00
1.439999999999999947e+00 3.245049075431823749e+00
1.449999999999999956e+00 3.244372857367992413e+00
1.459999999999999964e+00 3.243699149451255703e+00
1.469999999999999973e+00 3.243340975315570862e+00
1.479999999999999982e+00 3.242966012573242018e+00
1.489999999999999991e+00 3.242695982849598035e+00
1.500000000000000000e+00 3.242662912888526705e+00
1.510000000000000009e+00 3.241854418239593638e+00
1.520000000000000018e+00 3.241188870332241123e+00
1.530000000000000027e+00 3.240523648474216589e+00
1.540000000000000036e+00 3.239669686911105906e+00
1.550000000000000044e+00 3.238636279513835703e+00
1.560000000000000053e+00 3.237621564140319652e+00
1.570000000000000062e+00 3.237003862795829967e+00
1.580000000000000071e+00 3.236066378443241298e+00
1.590000000000000080e+00 3.234209951426982865e+00
1.600000000000000089e+00 3.231537240290641932e+00
1.610000000000000098e+00 3.227994365012645694e+00
1.620000000000000107e+00 3.225266732559203930e+00
1.630000000000000115e+00 3.223681708362102327e+00
1.640000000000000124e+00 3.222209963943958311e+00
1.650000000000000133e+00 3.221116877098083364e+00
1.660000000000000142e+00 3.219767565476894244e+00
1.669999999999999929e+00 3.218149256293773686e+00
1.679999999999999938e+00 3.216815081603527027e+00
1.689999999999999947e+00 3.214681894369125548e+00
1.699999999999999956e+00 3.212878049030304162e+00
1.709999999999999964e+00 3.211320264623165333e+00
1.719999999999999973e+00 3.210178324003219785e+00
1.729999999999999982e+00 3.209170415856838154e+00
1.739999999999999991e+00 3.208630775079727382e+00
1.750000000000000000e+00 3.207989571435451381e+00
1.760000000000000009e+00 3.206863405389785981e+00
1.770000000000000018e+00 3.206310157411098594e+00
1.780000000000000027e+00 3.205838028950691143e+00
1.790000000000000036e+00 3.205259491665363392e+00
1.800000000000000044e+00 3.205068052582740634e+00
1.810000000000000053e+00 3.204919301595687831e+00
1.820000000000000062e+00 3.204721016428470737e+00
1.830000000000000071e+00 3.204088349182605544e+00
1.840000000000000080e+00 3.203183014359474168e+00
1.850000000000000089e+00 3.201084451253414009e+00
1.860000000000000098e+00 3.199740033185482169e+00
1.870000000000000107e+00 3.198274392268657618e+00
1.880000000000000115e+00 3.195182084181308557e+00
1.890000000000000124e+00 3.192437339913845040e+00
1.900000000000000133e+00 3.191550518095493505e+00
1.910000000000000142e+00 3.191124259831905174e+00
1.919999999999999929e+00 3.191386686193943056e+00
1.929999999999999938e+00 3.191635564765930244e+00
1.939999999999999947e+00 3.191823438758849996e+00
1.949999999999999956e+00 3.191955859837531939e+00
1.959999999999999964e+00 3.195355189754963021e+00
1.969999999999999973e+00 3.201158754930496286e+00
1.979999999999999982e+00 3.201221460061073110e+00
1.989999999999999991e+00 3.199038608934879235e+00
2.000000000000000000e+00 3.194488714945316499e+00
2.010000000000000231e+00 3.194413373632431163e+00
2.020000000000000018e+00 3.189821575293541045e+00
2.030000000000000249e+00 3.185459115123748575e+00
2.040000000000000036e+00 3.182969468362331522e+00
2.049999999999999822e+00 3.182968126010894849e+00
2.060000000000000053e+00 3.183365732779503077e+00
2.069999999999999840e+00 3.186040044577121755e+00
2.080000000000000071e+00 3.189462826235294202e+00
2.089999999999999858e+00 3.193235678405761835e+00
2.100000000000000089e+00 3.200942784719467138e+00
2.109999999999999876e+00 3.204892549276352032e+00
2.120000000000000107e+00 3.207348311653137163e+00
2.129999999999999893e+00 3.209059173972606871e+00
2.140000000000000124e+00 3.211504733145237100e+00
2.149999999999999911e+00 3.213123596715927288e+00
2.160000000000000142e+00 3.214931855161189844e+00
2.169999999999999929e+00 3.217518987770080496e+00
2.180000000000000160e+00 3.219627580275535639e+00
2.189999999999999947e+00 3.221531848776340468e+00
2.200000000000000178e+00 3.222681032044887761e+00
2.209999999999999964e+00 3.223418707149028783e+00
2.220000000000000195e+00 3.224256250100135723e+00
2.229999999999999982e+00 3.225311941952705208e+00
2.240000000000000213e+00 3.226439810128212127e+00
2.250000000000000000e+00 3.227567365801334187e+00
2.260000000000000231e+00 3.229827458560466713e+00
2.270000000000000018e+00 3.231640726108551132e+00
2.280000000000000249e+00 3.233697495641708386e+00
2.290000000000000036e+00 3.235502364175319556e+00
2.300000000000000266e+00 3.237587385551929486e+00
2.310000000000000053e+00 3.239591184868812590e+00
2.319999999999999840e+00 3.241845681471824836e+00
2.330000000000000071e+00 3.244372263331413375e+00
2.339999999999999858e+00 3.247302614707946677e+00
2.350000000000000089e+00 3.250233022646904057e+00
2.359999999999999876e+00 3.253715513007640947e+00
2.370000000000000107e+00 3.257455168187618266e+00
2.379999999999999893e+00 3.261893527402877968e+00
2.390000000000000124e+00 3.265357254767418116e+00
2.399999999999999911e+00 3.270106181962490144e+00
2.410000000000000142e+00 3.274439049777984501e+00
2.419999999999999929e+00 3.278776601774692434e+00
2.430000000000000160e+00 3.282428316192627094e+00
2.439999999999999947e+00 3.286433454701900292e+00
2.450000000000000178e+00 3.290793813748359664e+00
2.459999999999999964e+00 3.295680482652187493e+00
2.470000000000000195e+00 3.300426172378063239e+00
2.479999999999999982e+00 3.305591457157134982e+00
2.490000000000000213e+00 3.311240856955051548e+00
2.500000000000000000e+00 3.317848960051536622e+00
2.510000000000000231e+00 3.324974547278880976e+00
2.520000000000000018e+00 3.332205884263515383e+00
2.530000000000000249e+00 3.339279366967677909e+00
2.540000000000000036e+00 3.346130382535457581e+00
2.550000000000000266e+00 3.353000933675765793e+00
2.560000000000000053e+00 3.360239966695308667e+00
2.569999999999999840e+00 3.367334616591930452e+00
2.580000000000000071e+00 3.374663893933296244e+00
2.589999999999999858e+00 3.381684844205379292e+00
2.600000000000000089e+00 3.388247832260131709e+00
2.609999999999999876e+00 3.394705712912082785e+00
2.620000000000000107e+00 3.401018858959675040e+00
2.629999999999999893e+00 3.407703200705051394e+00
2.640000000000000124e+00 3.414128240737915210e+00
2.649999999999999911e+00 3.419996134300232082e+00
2.660000000000000142e+00 3.425848575913906124e+00
2.669999999999999929e+00 3.430913264749050118e+00
2.680000000000000160e+00 3.435908898465633410e+00
2.689999999999999947e+00 3.440569651272296969e+00
2.700000000000000178e+00 3.444898067064285474e+00
2.709999999999999964e+00 3.449104270482063139e+00
2.720000000000000195e+00 3.452063783314228029e+00
2.729999999999999982e+00 3.454910367836952378e+00
2.740000000000000213e+00 3.456912313892841482e+00
2.750000000000000000e+00 3.458518836827278342e+00
2.760000000000000231e+00 3.460043526792526247e+00
2.770000000000000018e+00 3.461680669209957095e+00
2.780000000000000249e+00 3.463245001277923674e+00
2.790000000000000036e+00 3.464383260049820112e+00
2.800000000000000266e+00 3.465662732126712609e+00
2.810000000000000053e+00 3.466677872178554498e+00
2.819999999999999840e+00 3.467683383538723074e+00
2.830000000000000071e+00 3.468384893162250737e+00
2.839999999999999858e+00 3.468468959500789595e+00
2.850000000000000089e+00 3.468678632917403970e+00
2.859999999999999876e+00 3.468899811813831224e+00
2.870000000000000107e+00 3.468882238385677219e+00
2.879999999999999893e+00 3.468707233929634093e+00
2.890000000000000124e+00 3.468746092958450156e+00
2.899999999999999911e+00 3.468718475265502921e+00
2.910000000000000142e+00 3.468671792216301064e+00
2.919999999999999929e+00 3.468395904109478067e+00
2.930000000000000160e+00 3.468113028454780533e+00
2.939999999999999947e+00 3.467886926841735828e+00
2.950000000000000178e+00 3.467661927411556100e+00
2.959999999999999964e+00 3.467414995572566827e+00
2.970000000000000195e+00 3.467231429498195627e+00
2.979999999999999982e+00 3.466717600276470357e+00
2.990000000000000213e+00 3.466361326997279946e+00
3.000000000000000000e+00 3.465874366292953646e+00
