0.000000000000000000e+00 1.323849629845470222e-01
1.000000000000000021e-02 5.480543485710024365e-01
2.000000000000000042e-02 1.475959455325007497e+00
2.999999999999999889e-02 1.473865080389976434e+00
4.000000000000000083e-02 1.473865080389976434e+00
5.000000000000000278e-02 1.473865080389976434e+00
5.999999999999999778e-02 1.473865080389976434e+00
7.000000000000000666e-02 1.473865080389976434e+00
8.000000000000000167e-02 1.473865080389976434e+00
8.999999999999999667e-02 1.840317092887163053e+00
1.000000000000000056e-01 3.169493699678182619e+00
1.100000000000000006e-01 3.337638738958835560e+00
1.199999999999999956e-01 3.337638738958835560e+00
1.300000000000000044e-01 3.337638738958835560e+00
1.400000000000000133e-01 3.337638738958835560e+00
1.499999999999999944e-01 3.337287455852031570e+00
1.600000000000000033e-01 3.335418136408328849e+00
1.700000000000000122e-01 3.332757671272754685e+00
1.799999999999999933e-01 3.330613913328647424e+00
1.900000000000000022e-01 3.329886814875602674e+00
2.000000000000000111e-01 3.329478091824054520e+00
2.099999999999999922e-01 3.328638147597312802e+00
2.200000000000000011e-01 3.328143614139556838e+00
2.300000000000000100e-01 3.328893523387908893e+00
2.399999999999999911e-01 3.329717347617149326e+00
2.500000000000000000e-01 3.330772296257018983e+00
2.600000000000000089e-01 3.331811788489818404e+00
2.700000000000000178e-01 3.332765349345207184e+00
2.800000000000000266e-01 3.332821280384063556e+00
2.899999999999999800e-01 3.332821280384063556e+00
2.999999999999999889e-01 3.332821280384063556e+00
3.099999999999999978e-01 3.332821280384063556e+00
3.200000000000000067e-01 3.332821280384063556e+00
3.300000000000000155e-01 3.332821280384063556e+00
3.400000000000000244e-01 3.332821280384063556e+00
3.500000000000000333e-01 3.332821280384063556e+00
3.599999999999999867e-01 3.332821280384063556e+00
3.699999999999999956e-01 3.332515634405612825e+00
3.800000000000000044e-01 3.331705422163009800e+00
3.900000000000000133e-01 3.329352585003376053e+00
4.000000000000000222e-01 3.329023664057254805e+00
4.100000000000000311e-01 3.328760925717353825e+00
4.199999999999999845e-01 3.329520667223930364e+00
4.299999999999999933e-01 3.330888390614986427e+00
4.400000000000000022e-01 3.332025740938186598e+00
4.500000000000000111e-01 3.332638795127868647e+00
4.600000000000000200e-01 3.332972659001350202e+00
4.700000000000000289e-01 3.332972659001350202e+00
4.799999999999999822e-01 3.332972659001350202e+00
4.899999999999999911e-01 3.332972659001350202e+00
5.000000000000000000e-01 3.332972659001350202e+00
5.100000000000000089e-01 3.332972659001350202e+00
5.200000000000000178e-01 3.332972659001350202e+00
5.300000000000000266e-01 3.332972659001350202e+00
5.400000000000000355e-01 3.332972659001350202e+00
5.500000000000000444e-01 3.332972659001350202e+00
5.600000000000000533e-01 3.332972659001350202e+00
5.700000000000000622e-01 3.332972659001350202e+00
5.799999999999999600e-01 3.332972659001350202e+00
5.899999999999999689e-01 3.332972659001350202e+00
5.999999999999999778e-01 3.332972659001350202e+00
6.099999999999999867e-01 3.332972659001350202e+00
6.199999999999999956e-01 3.332972659001350202e+00
6.300000000000000044e-01 3.332972659001350202e+00
6.400000000000000133e-01 3.332972659001350202e+00
6.500000000000000222e-01 3.332972659001350202e+00
6.600000000000000311e-01 3.332972659001350202e+00
6.700000000000000400e-01 3.332972659001350202e+00
6.800000000000000488e-01 3.332972659001350202e+00
6.900000000000000577e-01 3.332972659001350202e+00
7.000000000000000666e-01 3.332972659001350202e+00
7.099999999999999645e-01 3.332972659001350202e+00
7.199999999999999734e-01 3.332972659001350202e+00
7.299999999999999822e-01 3.332972659001350202e+00
7.399999999999999911e-01 3.332972659001350202e+00
7.500000000000000000e-01 3.332972543175220625e+00
7.600000000000000089e-01 3.332972471897602151e+00
7.700000000000000178e-01 3.332972429649829760e+00
7.800000000000000266e-01 3.332965100221633836e+00
7.900000000000000355e-01 3.332931786408424468e+00
8.000000000000000444e-01 3.332901639432907182e+00
8.100000000000000533e-01 3.332772445187568877e+00
8.200000000000000622e-01 3.332523767468929421e+00
8.300000000000000711e-01 3.332178726465702123e+00
8.399999999999999689e-01 3.331748922855854111e+00
8.499999999999999778e-01 3.331460252223014784e+00
8.599999999999999867e-01 3.331150916318893263e+00
8.699999999999999956e-01 3.331111227073669578e+00
8.800000000000000044e-01 3.330575254294872334e+00
8.900000000000000133e-01 3.330002020573616051e+00
9.000000000000000222e-01 3.329700720362663180e+00
9.100000000000000311e-01 3.329384814472198695e+00
9.200000000000000400e-01 3.328915601797103996e+00
9.300000000000000488e-01 3.328414787390232110e+00
9.400000000000000577e-01 3.327833425941467471e+00
9.500000000000000666e-01 3.327440524649619924e+00
9.599999999999999645e-01 3.327095201358795329e+00
9.699999999999999734e-01 3.326390483400821552e+00
9.799999999999999822e-01 3.325578400833606896e+00
9.899999999999999911e-01 3.325534777531623742e+00
1.000000000000000000e+00 3.325462314915657025e+00
1.010000000000000009e+00 3.325435989313125784e+00
1.020000000000000018e+00 3.325324754922390103e+00
1.030000000000000027e+00 3.325115791926383846e+00
1.040000000000000036e+00 3.324939985432624923e+00
1.050000000000000044e+00 3.324942300953865004e+00
1.060000000000000053e+00 3.324944631593227395e+00
1.070000000000000062e+00 3.324944631593227395e+00
1.080000000000000071e+00 3.324944631593227395e+00
1.090000000000000080e+00 3.324944631593227395e+00
1.100000000000000089e+00 3.324944631593227395e+00
1.110000000000000098e+00 3.324944631593227395e+00
1.120000000000000107e+00 3.324944631593227395e+00
1.130000000000000115e+00 3.324947381274700131e+00
1.140000000000000124e+00 3.324947381274700131e+00
1.150000000000000133e+00 3.324950030293464476e+00
1.159999999999999920e+00 3.324963573656082083e+00
1.169999999999999929e+00 3.325045754745006743e+00
1.179999999999999938e+00 3.326469698586464130e+00
1.189999999999999947e+00 3.327562878587245976e+00
1.199999999999999956e+00 3.328212293000221145e+00
1.209999999999999964e+00 3.329171887869835089e+00
1.219999999999999973e+00 3.325806363532543219e+00
1.229999999999999982e+00 3.321633486068248597e+00
1.239999999999999991e+00 3.317454078643322202e+00
1.250000000000000000e+00 3.316600711307525540e+00
1.260000000000000009e+00 3.315354963369369301e+00
1.270000000000000018e+00 3.310883560128211833e+00
1.280000000000000027e+00 3.302572454128265278e+00
1.290000000000000036e+00 3.295290920042991623e+00
1.300000000000000044e+00 3.279976913576126307e+00
1.310000000000000053e+00 3.266058146367073256e+00
1.320000000000000062e+00 3.249881361792087642e+00
1.330000000000000071e+00 3.230886843647956752e+00
1.340000000000000080e+00 3.190830141630172534e+00
1.350000000000000089e+00 3.138626271729469508e+00
1.360000000000000098e+00 3.099441621458530527e+00
1.370000000000000107e+00 3.074803552355766190e+00
1.380000000000000115e+00 3.050074035673141282e+00
1.390000000000000124e+00 3.017900436050891866e+00
1.400000000000000133e+00 2.990020412025451879e+00
1.409999999999999920e+00 2.970902304136753269e+00
1.419999999999999929e+00 2.951598877038955848e+00
1.429999999999999938e+00 2.930191085667610107e+00
1.439999999999999947e+00 2.906525567796230280e+00
1.449999999999999956e+00 2.885160386831760349e+00
1.459999999999999964e+00 2.867981999249458180e+00
1.469999999999999973e+00 2.844969945011138979e+00
1.479999999999999982e+00 2.837663165972232893e+00
1.489999999999999991e+00 2.840178513228893475e+00
1.500000000000000000e+00 2.839864086015224665e+00
1.510000000000000009e+00 2.839024126160144768e+00
1.520000000000000018e+00 2.837296054799556710e+00
1.530000000000000027e+00 2.835452263576984322e+00
1.540000000000000036e+00 2.834576402559280339e+00
1.550000000000000044e+00 2.834468656468391412e+00
1.560000000000000053e+00 2.835535548379421122e+00
1.570000000000000062e+00 2.836540666897296781e+00
1.580000000000000071e+00 2.844957793467044915e+00
1.590000000000000080e+00 2.853587234635353020e+00
1.600000000000000089e+00 2.859630598211288621e+00
1.610000000000000098e+00 2.862505554516315609e+00
1.620000000000000107e+00 2.863013539018631093e+00
1.630000000000000115e+00 2.879639871959686293e+00
1.640000000000000124e+00 2.903431283919811090e+00
1.650000000000000133e+00 2.936446949985027199e+00
1.660000000000000142e+00 2.957636659009456714e+00
1.669999999999999929e+00 3.017375667850971332e+00
1.679999999999999938e+00 3.110355771193504371e+00
1.689999999999999947e+00 3.181514427049159988e+00
1.699999999999999956e+00 3.265337812244891946e+00
1.709999999999999964e+00 3.340609158079624219e+00
1.719999999999999973e+00 3.434003448820114102e+00
1.729999999999999982e+00 3.503720967116355833e+00
1.739999999999999991e+00 3.542222818994522182e+00
1.750000000000000000e+00 3.620002809665203269e+00
1.760000000000000009e+00 3.685631249783039021e+00
1.770000000000000018e+00 3.751263459475040474e+00
1.780000000000000027e+00 3.810396819729804818e+00
1.790000000000000036e+00 3.851923900620937147e+00
1.800000000000000044e+00 3.874834403676986838e+00
1.810000000000000053e+00 3.889633083829879823e+00
1.820000000000000062e+00 3.895970344457626133e+00
1.830000000000000071e+00 3.901058816921711081e+00
1.840000000000000080e+00 3.905510927038192914e+00
1.850000000000000089e+00 3.914227525742053793e+00
1.860000000000000098e+00 3.920505705778598582e+00
1.870000000000000107e+00 3.920915335330962925e+00
1.880000000000000115e+00 3.921070523912906669e+00
1.890000000000000124e+00 3.922357727777957770e+00
1.900000000000000133e+00 3.925706298418044859e+00
1.910000000000000142e+00 3.928479499399661901e+00
1.919999999999999929e+00 3.931774720673561152e+00
1.929999999999999938e+00 3.932402335991859399e+00
1.939999999999999947e+00 3.933156491351127659e+00
1.949999999999999956e+00 3.933824437856674017e+00
1.959999999999999964e+00 3.934545168254375280e+00
1.969999999999999973e+00 3.935040755150318148e+00
1.979999999999999982e+00 3.935411712079047941e+00
1.989999999999999991e+00 3.935592862811088555e+00
2.000000000000000000e+00 3.935631273899078408e+00
2.010000000000000231e+00 3.936028691232204224e+00
2.020000000000000018e+00 3.936358349874019780e+00
2.030000000000000249e+00 3.935897941732406480e+00
2.040000000000000036e+00 3.935466746497154222e+00
2.049999999999999822e+00 3.935180389735698725e+00
2.060000000000000053e+00 3.934891787333488544e+00
2.069999999999999840e+00 3.934874465405941102e+00
2.080000000000000071e+00 3.934874465405941102e+00
2.089999999999999858e+00 3.934874465405941102e+00
2.100000000000000089e+00 3.934874465405941102e+00
2.109999999999999876e+00 3.934874465405941102e+00
2.120000000000000107e+00 3.934874465405941102e+00
2.129999999999999893e+00 3.934874465405941102e+00
2.140000000000000124e+00 3.934874465405941102e+00
2.149999999999999911e+00 3.934874465405941102e+00
2.160000000000000142e+00 3.934874465405941102e+00
2.169999999999999929e+00 3.935178065183162488e+00
2.180000000000000160e+00 3.935367174036502824e+00
2.189999999999999947e+00 3.936138015813827717e+00
2.200000000000000178e+00 3.936401140503883234e+00
2.209999999999999964e+00 3.936754091651439857e+00
2.220000000000000195e+00 3.936781827518939902e+00
2.229999999999999982e+00 3.936785204651355841e+00
2.240000000000000213e+00 3.936894640085697006e+00
2.250000000000000000e+00 3.937064467945099011e+00
2.260000000000000231e+00 3.937202372443675991e+00
2.270000000000000018e+00 3.937466359350681344e+00
2.280000000000000249e+00 3.937691101160049278e+00
2.290000000000000036e+00 3.937943804066181386e+00
2.300000000000000266e+00 3.938148713169097981e+00
2.310000000000000053e+00 3.938218357779979861e+00
2.319999999999999840e+00 3.938292540581226131e+00
2.330000000000000071e+00 3.938386125590801257e+00
2.339999999999999858e+00 3.938447091314792647e+00
2.350000000000000089e+00 3.938535707778930473e+00
2.359999999999999876e+00 3.938558662853241188e+00
2.370000000000000107e+00 3.938558690223693759e+00
2.379999999999999893e+00 3.938558690223693759e+00
2.390000000000000124e+00 3.938558783283233833e+00
2.399999999999999911e+00 3.938558783283233833e+00
2.410000000000000142e+00 3.938558783283233833e+00
2.419999999999999929e+00 3.938558783283233833e+00
2.430000000000000160e+00 3.938558783283233833e+00
2.439999999999999947e+00 3.938558783283233833e+00
2.450000000000000178e+00 3.938558783283233833e+00
2.459999999999999964e+00 3.938558606376648008e+00
2.470000000000000195e+00 3.938558606376648008e+00
2.479999999999999982e+00 3.938558606376648008e+00
2.490000000000000213e+00 3.938558586311340370e+00
2.500000000000000000e+00 3.938558586311340370e+00
2.510000000000000231e+00 3.938558345527648719e+00
2.520000000000000018e+00 3.938558345527648719e+00
2.530000000000000249e+00 3.938558345527648719e+00
2.540000000000000036e+00 3.938558345527648719e+00
2.550000000000000266e+00 3.938558345527648719e+00
2.560000000000000053e+00 3.938558345527648719e+00
2.569999999999999840e+00 3.938558345527648719e+00
2.580000000000000071e+00 3.938558345527648719e+00
2.589999999999999858e+00 3.937653049969673358e+00
2.600000000000000089e+00 3.936184309115410063e+00
2.609999999999999876e+00 3.935617710187435225e+00
2.620000000000000107e+00 3.935076178214549802e+00
2.629999999999999893e+00 3.933669734957218278e+00
2.640000000000000124e+00 3.931578608648777173e+00
2.649999999999999911e+00 3.929334918947219979e+00
2.660000000000000142e+00 3.927919698648452584e+00
2.669999999999999929e+00 3.925093162312507822e+00
2.680000000000000160e+00 3.915903587603569047e+00
2.689999999999999947e+00 3.905546831438541311e+00
2.700000000000000178e+00 3.889180387070179101e+00
2.709999999999999964e+00 3.875581259520053834e+00
2.720000000000000195e+00 3.873236773355007045e+00
2.729999999999999982e+00 3.872216959171295159e+00
2.740000000000000213e+00 3.871601612715721341e+00
2.750000000000000000e+00 3.870513909168243227e+00
2.760000000000000231e+00 3.870095785102844133e+00
2.770000000000000018e+00 3.858087652723789063e+00
2.780000000000000249e+00 3.823969290115833086e+00
2.790000000000000036e+00 3.748910258648395555e+00
2.800000000000000266e+00 3.633898685858249600e+00
2.810000000000000053e+00 3.488947296712398671e+00
2.819999999999999840e+00 3.348997477906942244e+00
2.830000000000000071e+00 3.226400388767719285e+00
2.839999999999999858e+00 3.113897901456355921e+00
2.850000000000000089e+00 3.014140005221366714e+00
2.859999999999999876e+00 2.857598771976232577e+00
2.870000000000000107e+00 2.592577602804899239e+00
2.879999999999999893e+00 2.291210160192250989e+00
2.890000000000000124e+00 2.177106052652597601e+00
2.899999999999999911e+00 2.171595001631975386e+00
2.910000000000000142e+00 2.206286597732305399e+00
2.919999999999999929e+00 2.226723258892297608e+00
2.930000000000000160e+00 2.276318788374662283e+00
2.939999999999999947e+00 2.394197908588648005e+00
2.950000000000000178e+00 2.470124326932430225e+00
2.959999999999999964e+00 2.636535293545723135e+00
2.970000000000000195e+00 2.924793427740335350e+00
2.979999999999999982e+00 3.288544414963722406e+00
2.990000000000000213e+00 3.515222717732191082e+00
3.000000000000000000e+00 3.837701016170978363e+00
