0.000000000000000000e+00 9.974299870208480634e-01 1.091999196351411072e+00
1.000000000000000021e-02 1.001404947368959464e+00 1.090958182282587119e+00
2.000000000000000042e-02 1.002127046321053871e+00 1.091748177483658377e+00
2.999999999999999889e-02 1.001773137048166396e+00 1.093086554167587154e+00
4.000000000000000083e-02 1.000051395000832732e+00 1.096474427883011638e+00
5.000000000000000278e-02 9.297496549174041336e-01 1.309615626540496569e+00
5.999999999999999778e-02 1.275821112475224783e+00 1.818212428481749132e+00
7.000000000000000666e-02 1.640223053887779781e+00 1.797709090482299210e+00
8.000000000000000167e-02 1.678710586622376155e+00 1.775324617359023360e+00
8.999999999999999667e-02 1.679630510185285308e+00 1.774908330146746094e+00
1.000000000000000056e-01 1.679982478770936094e+00 1.774585045469081024e+00
1.100000000000000006e-01 1.680686714779471069e+00 1.774280426069165584e+00
1.199999999999999956e-01 1.681456167990172057e+00 1.774336731253659538e+00
1.300000000000000044e-01 1.681616408924656358e+00 1.775139151568812856e+00
1.400000000000000133e-01 1.681779963698147640e+00 1.775299472253561994e+00
1.499999999999999944e-01 1.681812484923139284e+00 1.775259014932379031e+00
1.600000000000000033e-01 1.681752796590937349e+00 1.775432811550484713e+00
1.700000000000000122e-01 1.678103722641911322e+00 1.782719569234404666e+00
1.799999999999999933e-01 1.468826211265042314e+00 2.087371972207114013e+00
1.900000000000000022e-01 2.246308524380368876e+00 4.240960673009710469e+00
2.000000000000000111e-01 3.759858334219899678e+00 4.049530446881804302e+00
2.099999999999999922e-01 3.833619190844469671e+00 3.992224162837094248e+00
2.200000000000000011e-01 3.837471950784564712e+00 3.990837155770420530e+00
2.300000000000000100e-01 3.841120417687783117e+00 3.989817136380782614e+00
2.399999999999999911e-01 3.842505459228753750e+00 3.989234818586111508e+00
2.500000000000000000e-01 3.843467922017735905e+00 3.988890222890215664e+00
2.600000000000000089e-01 3.844422769258342143e+00 3.988519689147152825e+00
2.700000000000000178e-01 3.845130241696678386e+00 3.988298967421210595e+00
2.800000000000000266e-01 3.845580557830622581e+00 3.988255236346432753e+00
2.899999999999999800e-01 3.846559451079440528e+00 3.988048808870243711e+00
2.999999999999999889e-01 3.846532252554523801e+00 3.987941889429461817e+00
3.099999999999999978e-01 3.846430353256216961e+00 3.987880006002434641e+00
3.200000000000000067e-01 3.845983280219531508e+00 3.987809448476338225e+00
3.300000000000000155e-01 3.845836323458775574e+00 3.987806999528780594e+00
3.400000000000000244e-01 3.845697187584544263e+00 3.987808738700245659e+00
3.500000000000000333e-01 3.843102229317265195e+00 3.989478320623797369e+00
3.599999999999999867e-01 3.795475600086017476e+00 4.015293770379260607e+00
3.699999999999999956e-01 3.683339795394801275e+00 4.052836621026134623e+00
3.800000000000000044e-01 3.467745302457609036e+00 4.046380160732470088e+00
3.900000000000000133e-01 3.263853386647489252e+00 3.940314636438104756e+00
4.000000000000000222e-01 3.149955284268304290e+00 3.795305411127165129e+00
4.100000000000000311e-01 3.102042345190211048e+00 3.646004758877591012e+00
4.199999999999999845e-01 3.093836699356495412e+00 3.525341838732302779e+00
4.299999999999999933e-01 3.110212545607147216e+00 3.427754649097862316e+00
4.400000000000000022e-01 3.155488978552758894e+00 3.328749770994245516e+00
4.500000000000000111e-01 3.200281903555925123e+00 3.265308799898092307e+00
4.600000000000000200e-01 3.223720055219466918e+00 3.239033933027450463e+00
4.700000000000000289e-01 3.223720055219466918e+00 3.239033933027450463e+00
4.799999999999999822e-01 3.223720055219466918e+00 3.239033933027450463e+00
4.899999999999999911e-01 3.223720055219466918e+00 3.239033933027450463e+00
5.000000000000000000e-01 3.223720055219466918e+00 3.239033933027450463e+00
5.100000000000000089e-01 3.223720055219466918e+00 3.239033933027450463e+00
5.200000000000000178e-01 3.223720055219466918e+00 3.239033933027450463e+00
5.300000000000000266e-01 3.223720055219466918e+00 3.239033933027450463e+00
5.400000000000000355e-01 3.223720055219466918e+00 3.239033933027450463e+00
5.500000000000000444e-01 3.223720055219466918e+00 3.239033933027450463e+00
5.600000000000000533e-01 3.223720055219466918e+00 3.239033933027450463e+00
5.700000000000000622e-01 3.223720055219466918e+00 3.239033933027450463e+00
5.799999999999999600e-01 3.223720055219466918e+00 3.239033933027450463e+00
5.899999999999999689e-01 3.223720055219466918e+00 3.239033933027450463e+00
5.999999999999999778e-01 3.223720055219466918e+00 3.239033933027450463e+00
6.099999999999999867e-01 3.223720055219466918e+00 3.239033933027450463e+00
6.199999999999999956e-01 3.223720055219466918e+00 3.239033933027450463e+00
6.300000000000000044e-01 3.223720055219466918e+00 3.239033933027450463e+00
6.400000000000000133e-01 3.223720055219466918e+00 3.239033933027450463e+00
6.500000000000000222e-01 3.223720055219466918e+00 3.239033933027450463e+00
6.600000000000000311e-01 3.223720055219466918e+00 3.239033933027450463e+00
6.700000000000000400e-01 3.223720055219466918e+00 3.239033933027450463e+00
6.800000000000000488e-01 3.223720055219466918e+00 3.239033933027450463e+00
6.900000000000000577e-01 3.223720055219466918e+00 3.239033933027450463e+00
7.000000000000000666e-01 3.223720055219466918e+00 3.239033933027450463e+00
7.099999999999999645e-01 3.223720055219466918e+00 3.239033933027450463e+00
7.199999999999999734e-01 3.223720055219466918e+00 3.239033933027450463e+00
7.299999999999999822e-01 3.223720055219466918e+00 3.239033933027450463e+00
7.399999999999999911e-01 3.223720055219466918e+00 3.239033933027450463e+00
7.500000000000000000e-01 3.223720055219466918e+00 3.239033933027450463e+00
7.600000000000000089e-01 3.223720055219466918e+00 3.239033933027450463e+00
7.700000000000000178e-01 3.223720055219466918e+00 3.239033933027450463e+00
7.800000000000000266e-01 3.223720055219466918e+00 3.239033933027450463e+00
7.900000000000000355e-01 3.223720055219466918e+00 3.239033933027450463e+00
8.000000000000000444e-01 3.223720055219466918e+00 3.239033933027450463e+00
8.100000000000000533e-01 3.223720055219466918e+00 3.239033933027450463e+00
8.200000000000000622e-01 3.223720055219466918e+00 3.239033933027450463e+00
8.300000000000000711e-01 3.223720055219466918e+00 3.239033933027450463e+00
8.399999999999999689e-01 3.223720055219466918e+00 3.239033933027450463e+00
8.499999999999999778e-01 3.223720055219466918e+00 3.239033933027450463e+00
8.599999999999999867e-01 3.223720055219466918e+00 3.239033933027450463e+00
8.699999999999999956e-01 3.223720055219466918e+00 3.239033933027450463e+00
8.800000000000000044e-01 3.223720055219466918e+00 3.239033933027450463e+00
8.900000000000000133e-01 3.223720055219466918e+00 3.239033933027450463e+00
9.000000000000000222e-01 3.223720055219466918e+00 3.239033933027450463e+00
9.100000000000000311e-01 3.223720055219466918e+00 3.239033933027450463e+00
9.200000000000000400e-01 3.223720073454898749e+00 3.239033941237407621e+00
9.300000000000000488e-01 3.223720073454898749e+00 3.239033941237407621e+00
9.400000000000000577e-01 3.223720073454898749e+00 3.239033941237407621e+00
9.500000000000000666e-01 3.223719985814542888e+00 3.239033913597611836e+00
9.599999999999999645e-01 3.223720004049881016e+00 3.239033921807662697e+00
9.699999999999999734e-01 3.223720004049881016e+00 3.239033921807662697e+00
9.799999999999999822e-01 3.223719979722603490e+00 3.239033929092780539e+00
9.899999999999999911e-01 3.223719090533379905e+00 3.239034241084929100e+00
1.000000000000000000e+00 3.223719090533379905e+00 3.239034241084929100e+00
1.010000000000000009e+00 3.223719090533379905e+00 3.239034241084929100e+00
1.020000000000000018e+00 3.223718539600211486e+00 3.239034443402450947e+00
1.030000000000000027e+00 3.223718115815133345e+00 3.239034201355963205e+00
1.040000000000000036e+00 3.223717821272656270e+00 3.239034037729456639e+00
1.050000000000000044e+00 3.223717821272656270e+00 3.239034037729456639e+00
1.060000000000000053e+00 3.223717812030272079e+00 3.239033661840005074e+00
1.070000000000000062e+00 3.223717878509859247e+00 3.239033331864972887e+00
1.080000000000000071e+00 3.223717873896157826e+00 3.239033143912756429e+00
1.090000000000000080e+00 3.223717570178635583e+00 3.239032806370131468e+00
1.100000000000000089e+00 3.223717244796305170e+00 3.239032148318738091e+00
1.110000000000000098e+00 3.223679498536810684e+00 3.239053059403672385e+00
1.120000000000000107e+00 3.223625793313549259e+00 3.239080364838077486e+00
1.130000000000000115e+00 3.223609516801166475e+00 3.239089744401645543e+00
1.140000000000000124e+00 3.223607373561604650e+00 3.239094938307063298e+00
1.150000000000000133e+00 3.223607516928819194e+00 3.239099376205297531e+00
1.159999999999999920e+00 3.223573201306367597e+00 3.239114216191266937e+00
1.169999999999999929e+00 3.223490259844880246e+00 3.239157699773687948e+00
1.179999999999999938e+00 3.223461368514833669e+00 3.239172961219014990e+00
1.189999999999999947e+00 3.223389920158429067e+00 3.239209283671336426e+00
1.199999999999999956e+00 3.223231814198420420e+00 3.239302521023823989e+00
1.209999999999999964e+00 3.222920880325680582e+00 3.239495924493426049e+00
1.219999999999999973e+00 3.222245595495989434e+00 3.239907592727849561e+00
1.229999999999999982e+00 3.221438965745838878e+00 3.240440041154948325e+00
1.239999999999999991e+00 3.219301862803854775e+00 3.241860853942475806e+00
1.250000000000000000e+00 3.217687617418949930e+00 3.242830309002215916e+00
1.260000000000000009e+00 3.216325372703961794e+00 3.243613362647601139e+00
1.270000000000000018e+00 3.215439318995309215e+00 3.244068540840315151e+00
1.280000000000000027e+00 3.214282507423226409e+00 3.244666440631087223e+00
1.290000000000000036e+00 3.213678262892621706e+00 3.244955735267740504e+00
1.300000000000000044e+00 3.212963428096991425e+00 3.245299657816666627e+00
1.310000000000000053e+00 3.212482855242087876e+00 3.245508473016426532e+00
1.320000000000000062e+00 3.211397609668120268e+00 3.246008522758141446e+00
1.330000000000000071e+00 3.210473902776665778e+00 3.246435998842291948e+00
1.340000000000000080e+00 3.209371306900416609e+00 3.246923028174008241e+00
1.350000000000000089e+00 3.208321145186599388e+00 3.247403202476326634e+00
1.360000000000000098e+00 3.207350607445327739e+00 3.247822463614852495e+00
1.370000000000000107e+00 3.206239777930869117e+00 3.248244607712136300e+00
1.380000000000000115e+00 3.205579798812095760e+00 3.248501279822166410e+00
1.390000000000000124e+00 3.204413556613635361e+00 3.248958932147312684e+00
1.400000000000000133e+00 3.202594651337131726e+00 3.249703791794315233e+00
1.409999999999999920e+00 3.200903684083066469e+00 3.250350993074335282e+00
1.419999999999999929e+00 3.197435167845114279e+00 3.251634326016084486e+00
1.429999999999999938e+00 3.195483735958545068e+00 3.252333206323178239e+00
1.439999999999999947e+00 3.193983873628672754e+00 3.252838418470326509e+00
1.449999999999999956e+00 3.191704413330700429e+00 3.253502769491527058e+00
1.459999999999999964e+00 3.189195981926883139e+00 3.254142341432606056e+00
1.469999999999999973e+00 3.186582936791077181e+00 3.254762165833816390e+00
1.479999999999999982e+00 3.183785859980691413e+00 3.255385865878950291e+00
1.489999999999999991e+00 3.180592824633314830e+00 3.256266588294312481e+00
1.500000000000000000e+00 3.174728615811760246e+00 3.257648714381759181e+00
1.510000000000000009e+00 3.169292591337999898e+00 3.258796069431463049e+00
1.520000000000000018e+00 3.162530156956371741e+00 3.259638999037090201e+00
1.530000000000000027e+00 3.154910058276478413e+00 3.260265552647288789e+00
1.540000000000000036e+00 3.147119356390040590e+00 3.260032425779301857e+00
1.550000000000000044e+00 3.137864167098254775e+00 3.259265682669430397e+00
1.560000000000000053e+00 3.128411051002592647e+00 3.257807006815820028e+00
1.570000000000000062e+00 3.120337333283460524e+00 3.255937239289247387e+00
1.580000000000000071e+00 3.113128275976734916e+00 3.253671377219599758e+00
1.590000000000000080e+00 3.105122244524437303e+00 3.251032206955474901e+00
1.600000000000000089e+00 3.098946660060333702e+00 3.248470469575476915e+00
1.610000000000000098e+00 3.092413231749308711e+00 3.245965640154110599e+00
1.620000000000000107e+00 3.086538666398999986e+00 3.243060827795984480e+00
1.630000000000000115e+00 3.078915572192198358e+00 3.239387517369264113e+00
1.640000000000000124e+00 3.073458709330536109e+00 3.236225234527610795e+00
1.650000000000000133e+00 3.067069208722546403e+00 3.232456455463931011e+00
1.660000000000000142e+00 3.061605072277572059e+00 3.228673153606865132e+00
1.669999999999999929e+00 3.055399505640787439e+00 3.223945414756017591e+00
1.679999999999999938e+00 3.049121026370126497e+00 3.218582223518293706e+00
1.689999999999999947e+00 3.041915044787965705e+00 3.212628488837636631e+00
1.699999999999999956e+00 3.035068321206481290e+00 3.207049350483506256e+00
1.709999999999999964e+00 3.028943629666561943e+00 3.201801210955386612e+00
1.719999999999999973e+00 3.024462118702756275e+00 3.196024289178026390e+00
1.729999999999999982e+00 3.021029212134574760e+00 3.192135058914924439e+00
1.739999999999999991e+00 3.017968914191094143e+00 3.188015883334311518e+00
1.750000000000000000e+00 3.014228412173625582e+00 3.183363852373722214e+00
1.760000000000000009e+00 3.010732725341384253e+00 3.178954233019287479e+00
1.770000000000000018e+00 3.006812396372512186e+00 3.175169063278481030e+00
1.780000000000000027e+00 3.004198487937734807e+00 3.170729494125558379e+00
1.790000000000000036e+00 3.001353197104337234e+00 3.167441855462191036e+00
1.800000000000000044e+00 2.996424930746374393e+00 3.166974210846604798e+00
1.810000000000000053e+00 2.992201894653240934e+00 3.163508938009341520e+00
1.820000000000000062e+00 2.985882960481654802e+00 3.163258931288707831e+00
1.830000000000000071e+00 2.987334418877636733e+00 3.152096817990268196e+00
1.840000000000000080e+00 2.985049271018039629e+00 3.149546203506458308e+00
1.850000000000000089e+00 2.988978294320182805e+00 3.137190018472595376e+00
1.860000000000000098e+00 2.987584915082795778e+00 3.133734462749617311e+00
1.870000000000000107e+00 2.986649967484087842e+00 3.130971349401860504e+00
1.880000000000000115e+00 2.986104266050129574e+00 3.127464862839907767e+00
1.890000000000000124e+00 2.986166679909296295e+00 3.125169373443059673e+00
1.900000000000000133e+00 2.985851001145475081e+00 3.124332932713396183e+00
1.910000000000000142e+00 2.985112853627381213e+00 3.123049890980544419e+00
1.919999999999999929e+00 2.984465248673477067e+00 3.123709789974174367e+00
1.929999999999999938e+00 2.983374637552765218e+00 3.122745465582343893e+00
1.939999999999999947e+00 2.982281923438981242e+00 3.123107775500341798e+00
1.949999999999999956e+00 2.980379795776681107e+00 3.124496678222342005e+00
1.959999999999999964e+00 2.980134327869817135e+00 3.126487841038302129e+00
1.969999999999999973e+00 2.978562469917848787e+00 3.127519136475011230e+00
1.979999999999999982e+00 2.977365851715818579e+00 3.128289393798097784e+00
1.989999999999999991e+00 2.975596366394475112e+00 3.130103367048785223e+00
2.000000000000000000e+00 2.972566095584168622e+00 3.133216600348220027e+00
2.010000000000000231e+00 2.970216409285924897e+00 3.135744586788751675e+00
2.020000000000000018e+00 2.970275930929772379e+00 3.137365833405859838e+00
2.030000000000000249e+00 2.969314111655019683e+00 3.140712759730555081e+00
2.040000000000000036e+00 2.965717596562943204e+00 3.148829023496070523e+00
2.049999999999999822e+00 2.965550422244931816e+00 3.160925921639536007e+00
2.060000000000000053e+00 2.965335169186318343e+00 3.167508080263411241e+00
2.069999999999999840e+00 2.964689929478485197e+00 3.175726756736915846e+00
2.080000000000000071e+00 2.961445548132244365e+00 3.182150335456546575e+00
2.089999999999999858e+00 2.953064812039661202e+00 3.192195992150974160e+00
2.100000000000000089e+00 2.935474656739899491e+00 3.214877168368628357e+00
2.109999999999999876e+00 2.923485074395044681e+00 3.231354987312452298e+00
2.120000000000000107e+00 2.914595788716215274e+00 3.261340870572190909e+00
2.129999999999999893e+00 2.911682846181080198e+00 3.303375483744457330e+00
2.140000000000000124e+00 2.909835890544243409e+00 3.334127962881736185e+00
2.149999999999999911e+00 2.902326460550299636e+00 3.382642551180848223e+00
2.160000000000000142e+00 2.903222289938540257e+00 3.448262732057957969e+00
2.169999999999999929e+00 2.911106689160952499e+00 3.525907939702381810e+00
2.180000000000000160e+00 2.930096562443162078e+00 3.612609152445410921e+00
2.189999999999999947e+00 2.966554242570420996e+00 3.706432775528409884e+00
2.200000000000000178e+00 3.007182136821019203e+00 3.778861430955660961e+00
2.209999999999999964e+00 3.056139999543559416e+00 3.843852966736423848e+00
2.220000000000000195e+00 3.101746718343486808e+00 3.892484430648097682e+00
2.229999999999999982e+00 3.159926360474551110e+00 3.940765909303700631e+00
2.240000000000000213e+00 3.220070797295329079e+00 3.979987404599430789e+00
2.250000000000000000e+00 3.296564954497974043e+00 4.016655718762714322e+00
2.260000000000000231e+00 3.356424531279147860e+00 4.038133960804401568e+00
2.270000000000000018e+00 3.402785659264004003e+00 4.050179071022594002e+00
2.280000000000000249e+00 3.463967579140715625e+00 4.061255150699562222e+00
2.290000000000000036e+00 3.533007453554205757e+00 4.065676744543977428e+00
2.300000000000000266e+00 3.602584467732985907e+00 4.061045202677170174e+00
2.310000000000000053e+00 3.650117408955401377e+00 4.054011059858495081e+00
2.319999999999999840e+00 3.685462498453196289e+00 4.045617646066610007e+00
2.330000000000000071e+00 3.707613083375296714e+00 4.039398536111511895e+00
2.339999999999999858e+00 3.727405511298172769e+00 4.032818397755630002e+00
2.350000000000000089e+00 3.743366691160235682e+00 4.028195895218815714e+00
2.359999999999999876e+00 3.756179270012276028e+00 4.024498818938834432e+00
2.370000000000000107e+00 3.774375420122256131e+00 4.017369018959889182e+00
2.379999999999999893e+00 3.793430567152316524e+00 4.008590987150852492e+00
2.390000000000000124e+00 3.804514878363325359e+00 4.003653461785600776e+00
2.399999999999999911e+00 3.821758805989960095e+00 3.994201851573249584e+00
2.410000000000000142e+00 3.831051019130338631e+00 3.988969467496286114e+00
2.419999999999999929e+00 3.834386595799432307e+00 3.987085559714331318e+00
2.430000000000000160e+00 3.835213467932366171e+00 3.986682617787695726e+00
2.439999999999999947e+00 3.835962009892245117e+00 3.986301391120175897e+00
2.450000000000000178e+00 3.836004058410927176e+00 3.986264444382384919e+00
2.459999999999999964e+00 3.836345434226524631e+00 3.986159792724120798e+00
2.470000000000000195e+00 3.836827976019198339e+00 3.986006930387204328e+00
2.479999999999999982e+00 3.837235585252554593e+00 3.985855009015290662e+00
2.490000000000000213e+00 3.838303624542482861e+00 3.985379136296979485e+00
2.500000000000000000e+00 3.838876537850275827e+00 3.985174349724873277e+00
2.510000000000000231e+00 3.839559936750496227e+00 3.984833472687636657e+00
2.520000000000000018e+00 3.839740120987072736e+00 3.984713545256480138e+00
2.530000000000000249e+00 3.840411949997006857e+00 3.984355240249574770e+00
2.540000000000000036e+00 3.840906418567980651e+00 3.984142530654583680e+00
2.550000000000000266e+00 3.841289712938123824e+00 3.983998609834855653e+00
2.560000000000000053e+00 3.841950376244938070e+00 3.983745225781047949e+00
2.569999999999999840e+00 3.842313297869567545e+00 3.983603248494263394e+00
2.580000000000000071e+00 3.842445515440297221e+00 3.983519536544489981e+00
2.589999999999999858e+00 3.842893113870471833e+00 3.983371387906223138e+00
2.600000000000000089e+00 3.843552295414812470e+00 3.983297620881192991e+00
2.609999999999999876e+00 3.843750820609170393e+00 3.983370848330420433e+00
2.620000000000000107e+00 3.843854549200327320e+00 3.983341368901936796e+00
2.629999999999999893e+00 3.843513335700007083e+00 3.983400828156499429e+00
2.640000000000000124e+00 3.843637580522324626e+00 3.983394959188673923e+00
2.649999999999999911e+00 3.843024720225780122e+00 3.983472013797314304e+00
2.660000000000000142e+00 3.842465248156973434e+00 3.983442890647462153e+00
2.669999999999999929e+00 3.841785275573541547e+00 3.983413092236707698e+00
2.680000000000000160e+00 3.841233263782062757e+00 3.983389250265560122e+00
2.689999999999999947e+00 3.839935851343033946e+00 3.983841343514563427e+00
2.700000000000000178e+00 3.838191125028563633e+00 3.984220026609467169e+00
2.709999999999999964e+00 3.837389504445892552e+00 3.984461134134429816e+00
2.720000000000000195e+00 3.835901624086222927e+00 3.984982853967823591e+00
2.729999999999999982e+00 3.834834661187634719e+00 3.985475863514437389e+00
2.740000000000000213e+00 3.834243880463612086e+00 3.985757925905216048e+00
2.750000000000000000e+00 3.831930882778170844e+00 3.986922894439694165e+00
2.760000000000000231e+00 3.830491248730050646e+00 3.987530226418150026e+00
2.770000000000000018e+00 3.829828530457190627e+00 3.987898662206955880e+00
2.780000000000000249e+00 3.827542812009353312e+00 3.988967531384925991e+00
2.790000000000000036e+00 3.826136545088492547e+00 3.989632174279488019e+00
2.800000000000000266e+00 3.823695241773320319e+00 3.990857666795061931e+00
2.810000000000000053e+00 3.822527709989093747e+00 3.991394807882762574e+00
2.819999999999999840e+00 3.821052562307716283e+00 3.992182779126762338e+00
2.830000000000000071e+00 3.820688985665203319e+00 3.992228700883029724e+00
2.839999999999999858e+00 3.820357603467850804e+00 3.992450716072173389e+00
2.850000000000000089e+00 3.819162707692400627e+00 3.992904097288831000e+00
2.859999999999999876e+00 3.818350893243916744e+00 3.993044297681681343e+00
2.870000000000000107e+00 3.817237776970788588e+00 3.993374162411764239e+00
2.879999999999999893e+00 3.812455095092291302e+00 3.996040084584718599e+00
2.890000000000000124e+00 3.808076034812668098e+00 3.997897338953277036e+00
2.899999999999999911e+00 3.798250201056183162e+00 4.003525480658828073e+00
2.910000000000000142e+00 3.778764594580301672e+00 4.015408691886297454e+00
2.919999999999999929e+00 3.610424497803673916e+00 4.138227125911488002e+00
2.930000000000000160e+00 3.095152129546115738e+00 4.404975432247211664e+00
2.939999999999999947e+00 3.479772666073657650e+00 4.203154381059787781e+00
2.950000000000000178e+00 3.278194473614411741e+00 4.301421154130978586e+00
2.959999999999999964e+00 2.275056011728723293e-01 2.087986734834484270e+00
2.970000000000000195e+00 3.058819727442590342e+00 4.019839159617098368e+00
2.979999999999999982e+00 2.758210975050247260e+00 4.122254184818946676e+00
2.990000000000000213e+00 3.245473949690494297e+00 3.917674127592411626e+00
3.000000000000000000e+00 3.598405707338551807e+00 3.649968648978968666e+00
