0.000000000000000000e+00 2.375331045065516289e-01 2.787444220064884126e-01
1.000000000000000021e-02 1.697432097943917917e+00 1.774014171882971169e+00
2.000000000000000042e-02 1.697432097943917917e+00 1.774014171882971169e+00
2.999999999999999889e-02 1.697432097943917917e+00 1.774014171882971169e+00
4.000000000000000083e-02 1.697432097943917917e+00 1.774014171882971169e+00
5.000000000000000278e-02 1.697432097943917917e+00 1.774014171882971169e+00
5.999999999999999778e-02 1.697450659168355358e+00 1.773927691344626023e+00
7.000000000000000666e-02 1.697546510814242682e+00 1.773380534018463850e+00
8.000000000000000167e-02 1.697602547049013477e+00 1.772553488863023219e+00
8.999999999999999667e-02 1.697608245763242429e+00 1.772489344800054933e+00
1.000000000000000056e-01 1.697593936067243847e+00 1.772063351940492248e+00
1.100000000000000006e-01 1.697538399218140315e+00 1.770559600535811517e+00
1.199999999999999956e-01 1.697608022764002023e+00 1.769318642449106083e+00
1.300000000000000044e-01 1.963785456154835796e+00 4.032754328107344577e+00
1.400000000000000133e-01 3.758451170521453832e+00 3.964342225798889174e+00
1.499999999999999944e-01 3.760578229776415871e+00 3.965178147992100666e+00
1.600000000000000033e-01 3.762273953050530917e+00 3.965732954617582795e+00
1.700000000000000122e-01 3.764219394975263366e+00 3.966388368009966303e+00
1.799999999999999933e-01 3.765757959155266565e+00 3.966997506123358885e+00
1.900000000000000022e-01 3.767712666516593867e+00 3.967629759821602153e+00
2.000000000000000111e-01 3.767951123033479455e+00 3.967920894474073812e+00
2.099999999999999922e-01 3.768203822091069632e+00 3.968079871885332288e+00
2.200000000000000011e-01 3.768393561080132681e+00 3.968311774761045907e+00
2.300000000000000100e-01 3.768455480545055192e+00 3.968399912712085698e+00
2.399999999999999911e-01 3.759072968737587228e+00 3.974082861989036264e+00
2.500000000000000000e-01 3.537833740824084749e+00 4.044233420340199281e+00
2.600000000000000089e-01 3.094344576271313763e+00 3.886963028227549799e+00
2.700000000000000178e-01 2.929351199666066385e+00 3.537640470079378652e+00
2.800000000000000266e-01 2.955122919060305886e+00 3.294996538155956944e+00
2.899999999999999800e-01 3.024001415276913463e+00 3.152360647511096126e+00
2.999999999999999889e-01 3.042531776988381953e+00 3.125669876167898931e+00
3.099999999999999978e-01 3.073723775151119053e+00 3.088893357379093541e+00
3.200000000000000067e-01 3.073723775151119053e+00 3.088893357379093541e+00
3.300000000000000155e-01 3.073723775151119053e+00 3.088893357379093541e+00
3.400000000000000244e-01 3.073723775151119053e+00 3.088893357379093541e+00
3.500000000000000333e-01 3.073723775151119053e+00 3.088893357379093541e+00
3.599999999999999867e-01 3.073723775151119053e+00 3.088893357379093541e+00
3.699999999999999956e-01 3.073723775151119053e+00 3.088893357379093541e+00
3.800000000000000044e-01 3.073723775151119053e+00 3.088893357379093541e+00
3.900000000000000133e-01 3.073723775151119053e+00 3.088893357379093541e+00
4.000000000000000222e-01 3.073723775151119053e+00 3.088893357379093541e+00
4.100000000000000311e-01 3.073723775151119053e+00 3.088893357379093541e+00
4.199999999999999845e-01 3.073723775151119053e+00 3.088893357379093541e+00
4.299999999999999933e-01 3.073723775151119053e+00 3.088893357379093541e+00
4.400000000000000022e-01 3.073723775151119053e+00 3.088893357379093541e+00
4.500000000000000111e-01 3.073723775151119053e+00 3.088893357379093541e+00
4.600000000000000200e-01 3.073723775151119053e+00 3.088893357379093541e+00
4.700000000000000289e-01 3.073723775151119053e+00 3.088893357379093541e+00
4.799999999999999822e-01 3.073723775151119053e+00 3.088893357379093541e+00
4.899999999999999911e-01 3.073723775151119053e+00 3.088893357379093541e+00
5.000000000000000000e-01 3.073723775151119053e+00 3.088893357379093541e+00
5.100000000000000089e-01 3.073723775151119053e+00 3.088893357379093541e+00
5.200000000000000178e-01 3.073723775151119053e+00 3.088893357379093541e+00
5.300000000000000266e-01 3.073723775151119053e+00 3.088893357379093541e+00
5.400000000000000355e-01 3.073723775151119053e+00 3.088893357379093541e+00
5.500000000000000444e-01 3.073723775151119053e+00 3.088893357379093541e+00
5.600000000000000533e-01 3.073723775151119053e+00 3.088893357379093541e+00
5.700000000000000622e-01 3.073723775151119053e+00 3.088893357379093541e+00
5.799999999999999600e-01 3.073723775151119053e+00 3.088893357379093541e+00
5.899999999999999689e-01 3.073723775151119053e+00 3.088893357379093541e+00
5.999999999999999778e-01 3.073723775151119053e+00 3.088893357379093541e+00
6.099999999999999867e-01 3.073723775151119053e+00 3.088893357379093541e+00
6.199999999999999956e-01 3.073723775151119053e+00 3.088893357379093541e+00
6.300000000000000044e-01 3.073723775151119053e+00 3.088893357379093541e+00
6.400000000000000133e-01 3.073723775151119053e+00 3.088893357379093541e+00
6.500000000000000222e-01 3.073723775151119053e+00 3.088893357379093541e+00
6.600000000000000311e-01 3.073723775151119053e+00 3.088893357379093541e+00
6.700000000000000400e-01 3.073723775151119053e+00 3.088893357379093541e+00
6.800000000000000488e-01 3.073723775151119053e+00 3.088893357379093541e+00
6.900000000000000577e-01 3.073723775151119053e+00 3.088893357379093541e+00
7.000000000000000666e-01 3.073723775151119053e+00 3.088893357379093541e+00
7.099999999999999645e-01 3.073723775151119053e+00 3.088893357379093541e+00
7.199999999999999734e-01 3.073723775151119053e+00 3.088893357379093541e+00
7.299999999999999822e-01 3.073723775151119053e+00 3.088893357379093541e+00
7.399999999999999911e-01 3.073723775151119053e+00 3.088893357379093541e+00
7.500000000000000000e-01 3.073723775151119053e+00 3.088893357379093541e+00
7.600000000000000089e-01 3.073723775151119053e+00 3.088893357379093541e+00
7.700000000000000178e-01 3.073723775151119053e+00 3.088893357379093541e+00
7.800000000000000266e-01 3.073723775151119053e+00 3.088893357379093541e+00
7.900000000000000355e-01 3.073723775151119053e+00 3.088893357379093541e+00
8.000000000000000444e-01 3.073723775151119053e+00 3.088893357379093541e+00
8.100000000000000533e-01 3.073723775151119053e+00 3.088893357379093541e+00
8.200000000000000622e-01 3.073720705850594204e+00 3.088911493780142958e+00
8.300000000000000711e-01 3.073673550978716751e+00 3.089181454657498715e+00
8.399999999999999689e-01 3.073567467498505401e+00 3.090148763027465328e+00
8.499999999999999778e-01 3.073523139576811225e+00 3.091072129526239110e+00
8.599999999999999867e-01 3.073559013709618704e+00 3.091669095940993373e+00
8.699999999999999956e-01 3.073584653994993143e+00 3.091899649255319904e+00
8.800000000000000044e-01 3.073591262346600850e+00 3.091932874272966814e+00
8.900000000000000133e-01 3.073597638354997663e+00 3.091977880687017510e+00
9.000000000000000222e-01 3.073601032275863343e+00 3.092158148846916088e+00
9.100000000000000311e-01 3.073601470386499113e+00 3.092163610251432271e+00
9.200000000000000400e-01 3.073602076247898829e+00 3.092173560529978715e+00
9.300000000000000488e-01 3.073602716230405818e+00 3.092174644628511437e+00
9.400000000000000577e-01 3.073606807490496085e+00 3.092182653569074180e+00
9.500000000000000666e-01 3.073611966761160996e+00 3.092195153333137991e+00
9.599999999999999645e-01 3.073576577575206414e+00 3.092262724168301169e+00
9.699999999999999734e-01 3.073079359826539569e+00 3.093032228360678371e+00
9.799999999999999822e-01 3.072465352567814278e+00 3.094004047580577677e+00
9.899999999999999911e-01 3.072146215594252272e+00 3.094522438718835478e+00
1.000000000000000000e+00 3.071645597259866634e+00 3.095343171212804556e+00
1.010000000000000009e+00 3.070851584894188857e+00 3.096675729964248003e+00
1.020000000000000018e+00 3.069968332360291985e+00 3.098219857222532791e+00
1.030000000000000027e+00 3.069158214222741599e+00 3.099728420341658186e+00
1.040000000000000036e+00 3.068581230839278806e+00 3.100858640624496676e+00
1.050000000000000044e+00 3.068028455942660937e+00 3.102017070619076389e+00
1.060000000000000053e+00 3.067551815771962787e+00 3.103115103397462882e+00
1.070000000000000062e+00 3.067432675760526362e+00 3.103409540125589228e+00
1.080000000000000071e+00 3.067421686159204963e+00 3.103420824431348368e+00
1.090000000000000080e+00 3.067421686159204963e+00 3.103420824431348368e+00
1.100000000000000089e+00 3.067421099041924393e+00 3.103420674134269142e+00
1.110000000000000098e+00 3.067417639416266884e+00 3.103419796029518896e+00
1.120000000000000107e+00 3.067414712199169724e+00 3.103418219538730316e+00
1.130000000000000115e+00 3.067414810946916592e+00 3.103418305284047829e+00
1.140000000000000124e+00 3.067414810946916592e+00 3.103418305284047829e+00
1.150000000000000133e+00 3.067414810946916592e+00 3.103418305284047829e+00
1.159999999999999920e+00 3.067414810946916592e+00 3.103418305284047829e+00
1.169999999999999929e+00 3.067414810946916592e+00 3.103418305284047829e+00
1.179999999999999938e+00 3.067414795002538330e+00 3.103418263225954821e+00
1.189999999999999947e+00 3.067414758291483246e+00 3.103418168401478994e+00
1.199999999999999956e+00 3.067414758291483246e+00 3.103418168401478994e+00
1.209999999999999964e+00 3.066792819757985455e+00 3.104334339632464079e+00
1.219999999999999973e+00 3.062156282570582810e+00 3.111286671812313998e+00
1.229999999999999982e+00 3.056055115578907078e+00 3.121798003465396931e+00
1.239999999999999991e+00 3.051271502936929725e+00 3.131473277713209047e+00
1.250000000000000000e+00 3.043169904891647182e+00 3.156926126616798722e+00
1.260000000000000009e+00 3.041037876189463862e+00 3.178407042600400079e+00
1.270000000000000018e+00 3.042834509651723085e+00 3.197945804307398721e+00
1.280000000000000027e+00 3.045813973827736998e+00 3.212780249704939362e+00
1.290000000000000036e+00 3.048481523647544211e+00 3.222800763573410610e+00
1.300000000000000044e+00 3.047125842986945887e+00 3.240271859683151678e+00
1.310000000000000053e+00 3.047117386264137195e+00 3.274185530992218318e+00
1.320000000000000062e+00 3.058713051508478387e+00 3.301627240973897592e+00
1.330000000000000071e+00 3.075621192518341207e+00 3.317503438457382270e+00
1.340000000000000080e+00 3.087652068185949172e+00 3.327363082842684339e+00
1.350000000000000089e+00 3.103167438880306328e+00 3.337408349035877464e+00
1.360000000000000098e+00 3.130348460150393475e+00 3.350468276376096011e+00
1.370000000000000107e+00 3.157078437340956611e+00 3.353646243068475030e+00
1.380000000000000115e+00 3.182691568017849804e+00 3.347614451474299813e+00
1.390000000000000124e+00 3.202030440907348119e+00 3.341377404766212589e+00
1.400000000000000133e+00 3.216323506849906089e+00 3.330960217753746733e+00
1.409999999999999920e+00 3.227633674749633474e+00 3.324977325235107362e+00
1.419999999999999929e+00 3.238564374472344021e+00 3.322184193604743818e+00
1.429999999999999938e+00 3.240591394813291171e+00 3.321630441839464876e+00
1.439999999999999947e+00 3.240627277209242152e+00 3.321650887034455657e+00
1.449999999999999956e+00 3.240786839037594902e+00 3.321741788725199207e+00
1.459999999999999964e+00 3.240889092673167493e+00 3.321796281410351437e+00
1.469999999999999973e+00 3.241059280656389596e+00 3.321908836428113965e+00
1.479999999999999982e+00 3.242034435908112577e+00 3.321678625825133402e+00
1.489999999999999991e+00 3.242893478769195870e+00 3.321595980497467071e+00
1.500000000000000000e+00 3.249284941749840172e+00 3.319624717206687947e+00
1.510000000000000009e+00 3.255777532698040044e+00 3.317338469947452406e+00
1.520000000000000018e+00 3.260360124785335767e+00 3.316082178471652764e+00
1.530000000000000027e+00 3.262972706899460285e+00 3.315600788192931248e+00
1.540000000000000036e+00 3.265263723475107849e+00 3.315422582867971091e+00
1.550000000000000044e+00 3.266541714578974354e+00 3.315322356785428415e+00
1.560000000000000053e+00 3.268076699168338095e+00 3.314926654594288813e+00
1.570000000000000062e+00 3.269790472120913893e+00 3.314437774982776919e+00
1.580000000000000071e+00 3.270755779373002436e+00 3.314131051476645329e+00
1.590000000000000080e+00 3.273694465426816524e+00 3.313155693097697085e+00
1.600000000000000089e+00 3.274397629287049583e+00 3.312951187904074501e+00
1.610000000000000098e+00 3.275717369257387546e+00 3.312574677475515372e+00
1.620000000000000107e+00 3.276248844897090340e+00 3.312440087946117995e+00
1.630000000000000115e+00 3.276792877325711117e+00 3.312282724151911495e+00
1.640000000000000124e+00 3.277213812410523897e+00 3.312149130828688559e+00
1.650000000000000133e+00 3.277522622383311823e+00 3.312054182631298804e+00
1.660000000000000142e+00 3.278017060167824237e+00 3.311905780913794839e+00
1.669999999999999929e+00 3.278913914273182240e+00 3.311560544793208383e+00
1.679999999999999938e+00 3.279202073880349566e+00 3.311476873649443320e+00
1.689999999999999947e+00 3.279465855886818382e+00 3.311402453515647437e+00
1.699999999999999956e+00 3.279471393770502452e+00 3.311399980602933724e+00
1.709999999999999964e+00 3.279471393770502452e+00 3.311399980602933724e+00
1.719999999999999973e+00 3.279471393770502452e+00 3.311399980602933724e+00
1.729999999999999982e+00 3.279471393770502452e+00 3.311399980602933724e+00
1.739999999999999991e+00 3.279471393770502452e+00 3.311399980602933724e+00
1.750000000000000000e+00 3.279471393770502452e+00 3.311399980602933724e+00
1.760000000000000009e+00 3.279471393770502452e+00 3.311399980602933724e+00
1.770000000000000018e+00 3.279471393770502452e+00 3.311399980602933724e+00
1.780000000000000027e+00 3.279471393770502452e+00 3.311399980602933724e+00
1.790000000000000036e+00 3.279471393770502452e+00 3.311399980602933724e+00
1.800000000000000044e+00 3.279488815131499813e+00 3.311367712773964023e+00
1.810000000000000053e+00 3.279677567443616937e+00 3.311011682133905509e+00
1.820000000000000062e+00 3.279927573691576725e+00 3.310549491037160230e+00
1.830000000000000071e+00 3.280184339104269320e+00 3.310072210821535243e+00
1.840000000000000080e+00 3.280354804484641562e+00 3.309752224543297316e+00
1.850000000000000089e+00 3.280502483804282665e+00 3.309491303408088836e+00
1.860000000000000098e+00 3.280724395733534138e+00 3.309081963929475734e+00
1.870000000000000107e+00 3.280917852610660823e+00 3.308688978329585417e+00
1.880000000000000115e+00 3.280978670252593599e+00 3.308546445738044905e+00
1.890000000000000124e+00 3.281019156863796749e+00 3.308426893188845863e+00
1.900000000000000133e+00 3.281075970846988543e+00 3.308307165840290498e+00
1.910000000000000142e+00 3.281076449130872597e+00 3.308306086136003188e+00
1.919999999999999929e+00 3.281104034039622697e+00 3.308237602527492882e+00
1.929999999999999938e+00 3.281125260094118090e+00 3.308184258691358792e+00
1.939999999999999947e+00 3.281140746297655397e+00 3.308148799014272612e+00
1.949999999999999956e+00 3.281161438145577591e+00 3.308101366515219688e+00
1.959999999999999964e+00 3.281171588394369287e+00 3.308074835903917155e+00
1.969999999999999973e+00 3.281171588394369287e+00 3.308074835903917155e+00
1.979999999999999982e+00 3.281171588394369287e+00 3.308074835903917155e+00
1.989999999999999991e+00 3.281171588394369287e+00 3.308074835903917155e+00
2.000000000000000000e+00 3.281171588394369287e+00 3.308074835903917155e+00
2.010000000000000231e+00 3.281171588394369287e+00 3.308074835903917155e+00
2.020000000000000018e+00 3.281171588394369287e+00 3.308074835903917155e+00
2.030000000000000249e+00 3.281171588394369287e+00 3.308074835903917155e+00
2.040000000000000036e+00 3.281171588394369287e+00 3.308074835903917155e+00
2.049999999999999822e+00 3.281171588394369287e+00 3.308074835903917155e+00
2.060000000000000053e+00 3.281160109944378345e+00 3.308064443297351165e+00
2.069999999999999840e+00 3.281158134308721497e+00 3.308062376021478901e+00
2.080000000000000071e+00 3.281155564684383741e+00 3.308059731965548700e+00
2.089999999999999858e+00 3.281154303167903574e+00 3.308061384998714605e+00
2.100000000000000089e+00 3.281149536982199244e+00 3.308075462235787967e+00
2.109999999999999876e+00 3.281148990062911164e+00 3.308074955106537818e+00
2.120000000000000107e+00 3.281148984784002298e+00 3.308074950681810567e+00
2.129999999999999893e+00 3.281148919474296655e+00 3.308074864877052157e+00
2.140000000000000124e+00 3.281148629277909290e+00 3.308074574328696560e+00
2.149999999999999911e+00 3.281148629277909290e+00 3.308074574328696560e+00
2.160000000000000142e+00 3.281148141612214797e+00 3.308074576497869845e+00
2.169999999999999929e+00 3.281148475275300846e+00 3.308071652779317695e+00
2.180000000000000160e+00 3.281148475275300846e+00 3.308071652779317695e+00
2.189999999999999947e+00 3.281145741739722066e+00 3.308063128270653852e+00
2.200000000000000178e+00 3.281144491086997572e+00 3.308051909245453448e+00
2.209999999999999964e+00 3.281144153230532545e+00 3.308046578251973457e+00
2.220000000000000195e+00 3.281142657709633870e+00 3.308038001718009102e+00
2.229999999999999982e+00 3.281138971203180432e+00 3.308020978438046988e+00
2.240000000000000213e+00 3.281137763854395484e+00 3.308015518377888764e+00
2.250000000000000000e+00 3.281137425318582768e+00 3.307986651081220142e+00
2.260000000000000231e+00 3.281137954350597408e+00 3.307971527971142134e+00
2.270000000000000018e+00 3.281137954350597408e+00 3.307971527971142134e+00
2.280000000000000249e+00 3.281137890212643793e+00 3.307971525399576951e+00
2.290000000000000036e+00 3.281137890212643793e+00 3.307971525399576951e+00
2.300000000000000266e+00 3.280955773123725994e+00 3.308427479234711033e+00
2.310000000000000053e+00 3.280347417695685497e+00 3.309964096047715021e+00
2.319999999999999840e+00 3.279983467316947898e+00 3.310981456179298288e+00
2.330000000000000071e+00 3.279702503123810953e+00 3.311528803400465737e+00
2.339999999999999858e+00 3.278183313074134464e+00 3.313733108515716896e+00
2.350000000000000089e+00 3.277520321349368881e+00 3.314839984112514681e+00
2.359999999999999876e+00 3.276476223672201815e+00 3.316398874842354960e+00
2.370000000000000107e+00 3.273578377324918076e+00 3.320846619012972400e+00
2.379999999999999893e+00 3.266044890586005334e+00 3.334448588475121600e+00
2.390000000000000124e+00 3.263849573458289743e+00 3.339142635222816846e+00
2.399999999999999911e+00 3.263011345580730804e+00 3.342172907544459726e+00
2.410000000000000142e+00 3.262615282748644319e+00 3.343309770371015510e+00
2.419999999999999929e+00 3.262205559774644215e+00 3.344908333581678939e+00
2.430000000000000160e+00 3.261910127113544000e+00 3.346188433944500495e+00
2.439999999999999947e+00 3.261768827200956178e+00 3.347408387245111694e+00
2.450000000000000178e+00 3.261755943256034573e+00 3.348364815706597053e+00
2.459999999999999964e+00 3.261740294683810770e+00 3.348582773629787734e+00
2.470000000000000195e+00 3.261753643857678853e+00 3.348593639424601420e+00
2.479999999999999982e+00 3.261778088419511334e+00 3.348613325540945596e+00
2.490000000000000213e+00 3.261656207236719229e+00 3.348633631525564258e+00
2.500000000000000000e+00 3.261151460855384876e+00 3.348672677533248709e+00
2.510000000000000231e+00 3.260346761439346430e+00 3.348722713911033821e+00
2.520000000000000018e+00 3.259821771798398604e+00 3.348740858854982516e+00
2.530000000000000249e+00 3.259389293935391230e+00 3.348758272139933823e+00
2.540000000000000036e+00 3.258968326543567606e+00 3.348785541263820775e+00
2.550000000000000266e+00 3.257736890959302745e+00 3.348944883623560020e+00
2.560000000000000053e+00 3.257657271921591935e+00 3.348959005963845215e+00
2.569999999999999840e+00 3.257215890074837361e+00 3.349077627285850234e+00
2.580000000000000071e+00 3.257306274545174407e+00 3.349175850412863920e+00
2.589999999999999858e+00 3.257167902288950145e+00 3.349263947429143684e+00
2.600000000000000089e+00 3.256987639152326697e+00 3.349363999484262333e+00
2.609999999999999876e+00 3.255849142988749279e+00 3.349750432869367245e+00
2.620000000000000107e+00 3.254602191159914781e+00 3.350203029267598609e+00
2.629999999999999893e+00 3.253822157530039672e+00 3.350437350478916887e+00
2.640000000000000124e+00 3.252726290460307368e+00 3.350721372894565953e+00
2.649999999999999911e+00 3.251430325298776847e+00 3.351188082503804733e+00
2.660000000000000142e+00 3.235532064811776909e+00 3.360944425385404610e+00
2.669999999999999929e+00 3.219139710027116852e+00 3.370433467110257819e+00
2.680000000000000160e+00 3.210310910365810511e+00 3.375199164941081964e+00
2.689999999999999947e+00 3.201346983447799222e+00 3.378320402220955199e+00
2.700000000000000178e+00 3.194471004719255269e+00 3.379696371498586593e+00
2.709999999999999964e+00 3.168898994419047099e+00 3.390325989325574163e+00
2.720000000000000195e+00 3.116100921899100928e+00 3.413967608221748495e+00
2.729999999999999982e+00 3.002495859264208367e+00 3.456896467415021323e+00
2.740000000000000213e+00 3.015849568581180140e+00 3.443764796801014771e+00
2.750000000000000000e+00 2.963504095672828687e+00 3.459776832452552409e+00
2.760000000000000231e+00 2.893802285514763373e+00 3.487329453286239112e+00
2.770000000000000018e+00 2.884555459600893101e+00 3.514242897430452039e+00
2.780000000000000249e+00 2.837985298520153243e+00 3.538466899231845986e+00
2.790000000000000036e+00 2.566884797101105953e+00 3.534584679963503895e+00
2.800000000000000266e+00 2.174626202457593749e+00 3.438056681303335083e+00
2.810000000000000053e+00 2.141238435527292872e+00 3.433658519454987790e+00
2.819999999999999840e+00 2.501742781690540429e+00 3.500189332371768547e+00
2.830000000000000071e+00 2.686856039902772775e+00 3.550961729319487059e+00
2.839999999999999858e+00 2.901392113284960494e+00 3.564590130624875286e+00
2.850000000000000089e+00 3.015335063151914241e+00 3.567011484942835153e+00
2.859999999999999876e+00 3.116594469547356194e+00 3.555809072456275199e+00
2.870000000000000107e+00 3.171430137823783468e+00 3.542786144777573476e+00
2.879999999999999893e+00 3.197530280045401074e+00 3.539915097719300352e+00
2.890000000000000124e+00 3.263685712477390588e+00 3.524981825965221027e+00
2.899999999999999911e+00 3.304712613634236629e+00 3.510866072674624139e+00
2.910000000000000142e+00 3.324429918097664860e+00 3.502980818959067655e+00
2.919999999999999929e+00 3.338476581368062579e+00 3.497118739467051096e+00
2.930000000000000160e+00 3.346167792297888965e+00 3.493716319349716493e+00
2.939999999999999947e+00 3.361298298190831257e+00 3.486724329077006690e+00
2.950000000000000178e+00 3.368266015404237201e+00 3.483660319606291189e+00
2.959999999999999964e+00 3.373750451237837567e+00 3.481191702635605623e+00
2.970000000000000195e+00 3.383270047169848471e+00 3.476429229859188563e+00
2.979999999999999982e+00 3.390652614269032306e+00 3.472366761980280714e+00
2.990000000000000213e+00 3.402855414249515764e+00 3.465141072132968514e+00
3.000000000000000000e+00 3.420985410784598724e+00 3.452063514824990076e+00
