0.000000000000000000e+00 1.288951507364213545e-01
1.000000000000000021e-02 3.266040104766190222e-01
2.000000000000000042e-02 1.126109118046760615e+00
2.999999999999999889e-02 1.126109118046760615e+00
4.000000000000000083e-02 1.126109118046760615e+00
5.000000000000000278e-02 1.126114939848184671e+00
5.999999999999999778e-02 1.126171156896352832e+00
7.000000000000000666e-02 1.898376801278591097e+00
8.000000000000000167e-02 3.900897467813492003e+00
8.999999999999999667e-02 3.961145326237678344e+00
1.000000000000000056e-01 3.961145326237678344e+00
1.100000000000000006e-01 3.961145326237678344e+00
1.199999999999999956e-01 3.961145326237678344e+00
1.300000000000000044e-01 3.961145326237678344e+00
1.400000000000000133e-01 3.961145326237678344e+00
1.499999999999999944e-01 3.961145326237678344e+00
1.600000000000000033e-01 3.961145326237678344e+00
1.700000000000000122e-01 3.961145326237678344e+00
1.799999999999999933e-01 3.961145326237678344e+00
1.900000000000000022e-01 3.961145326237678344e+00
2.000000000000000111e-01 3.961145326237678344e+00
2.099999999999999922e-01 3.961145326237678344e+00
2.200000000000000011e-01 3.961145326237678344e+00
2.300000000000000100e-01 3.961145326237678344e+00
2.399999999999999911e-01 3.961145326237678344e+00
2.500000000000000000e-01 3.961145326237678344e+00
2.600000000000000089e-01 3.961145326237678344e+00
2.700000000000000178e-01 3.961145326237678344e+00
2.800000000000000266e-01 3.961145326237678344e+00
2.899999999999999800e-01 3.961133548748493105e+00
2.999999999999999889e-01 3.961096042249202753e+00
3.099999999999999978e-01 3.961257038969993705e+00
3.200000000000000067e-01 3.961310057587623668e+00
3.300000000000000155e-01 3.961399036874770907e+00
3.400000000000000244e-01 3.961188382854461842e+00
3.500000000000000333e-01 3.961197285761833164e+00
3.599999999999999867e-01 3.961190451765060239e+00
3.699999999999999956e-01 3.961026758952140625e+00
3.800000000000000044e-01 3.960999262545108923e+00
3.900000000000000133e-01 3.960974596414565951e+00
4.000000000000000222e-01 3.960974470877647313e+00
4.100000000000000311e-01 3.960974470877647313e+00
4.199999999999999845e-01 3.960974816164970491e+00
4.299999999999999933e-01 3.960975109820366047e+00
4.400000000000000022e-01 3.960978347368240282e+00
4.500000000000000111e-01 3.959993106813430863e+00
4.600000000000000200e-01 3.936071579520702191e+00
4.700000000000000289e-01 3.906027922344207592e+00
4.799999999999999822e-01 3.832494518334865763e+00
4.899999999999999911e-01 3.656560473363399399e+00
5.000000000000000000e-01 3.437757164843082247e+00
5.100000000000000089e-01 3.174047478923797794e+00
5.200000000000000178e-01 2.910517294292449986e+00
5.300000000000000266e-01 2.635552029752731507e+00
5.400000000000000355e-01 2.480987878165245242e+00
5.500000000000000444e-01 2.457378905715942530e+00
5.600000000000000533e-01 2.439308054854870011e+00
5.700000000000000622e-01 2.439132815558910483e+00
5.799999999999999600e-01 2.449285390613078928e+00
5.899999999999999689e-01 2.487947424829006327e+00
5.999999999999999778e-01 2.526343233215808670e+00
6.099999999999999867e-01 2.610650186830759001e+00
6.199999999999999956e-01 2.795988446717262210e+00
6.300000000000000044e-01 2.926815240771770465e+00
6.400000000000000133e-01 3.108916113829612637e+00
6.500000000000000222e-01 3.245633215913772407e+00
6.600000000000000311e-01 3.354873411016464413e+00
6.700000000000000400e-01 3.398903084914684403e+00
6.800000000000000488e-01 3.436775548453331108e+00
6.900000000000000577e-01 3.475491448047161036e+00
7.000000000000000666e-01 3.501048978805541889e+00
7.099999999999999645e-01 3.510965420019626748e+00
7.199999999999999734e-01 3.513070815875530162e+00
7.299999999999999822e-01 3.513203474218845379e+00
7.399999999999999911e-01 3.513300402152538471e+00
7.500000000000000000e-01 3.513592317719459679e+00
7.600000000000000089e-01 3.516045163149833730e+00
7.700000000000000178e-01 3.520344552626609946e+00
7.800000000000000266e-01 3.522876126470565694e+00
7.900000000000000355e-01 3.522495647456645784e+00
8.000000000000000444e-01 3.519583287210464650e+00
8.100000000000000533e-01 3.516101084532737620e+00
8.200000000000000622e-01 3.513192428925037358e+00
8.300000000000000711e-01 3.512718856518268762e+00
8.399999999999999689e-01 3.511938693256378308e+00
8.499999999999999778e-01 3.510589636890888432e+00
8.599999999999999867e-01 3.509783051543235999e+00
8.699999999999999956e-01 3.508324823753833588e+00
8.800000000000000044e-01 3.507835809628963464e+00
8.900000000000000133e-01 3.506450916640758475e+00
9.000000000000000222e-01 3.505077492856979227e+00
9.100000000000000311e-01 3.504309581696987141e+00
9.200000000000000400e-01 3.503705649960040969e+00
9.300000000000000488e-01 3.503523976709842724e+00
9.400000000000000577e-01 3.503523976709842724e+00
9.500000000000000666e-01 3.503523976709842724e+00
9.599999999999999645e-01 3.503523976709842724e+00
9.699999999999999734e-01 3.503523976709842724e+00
9.799999999999999822e-01 3.503523976709842724e+00
9.899999999999999911e-01 3.503523976709842724e+00
1.000000000000000000e+00 3.503523976709842724e+00
1.010000000000000009e+00 3.503523976709842724e+00
1.020000000000000018e+00 3.503523976709842724e+00
1.030000000000000027e+00 3.503523976709842724e+00
1.040000000000000036e+00 3.503523976709842724e+00
1.050000000000000044e+00 3.503523976709842724e+00
1.060000000000000053e+00 3.503523976709842724e+00
1.070000000000000062e+00 3.503523976709842724e+00
1.080000000000000071e+00 3.503523976709842724e+00
1.090000000000000080e+00 3.503523976709842724e+00
1.100000000000000089e+00 3.503523976709842724e+00
1.110000000000000098e+00 3.503523976709842724e+00
1.120000000000000107e+00 3.503523976709842724e+00
1.130000000000000115e+00 3.503523976709842724e+00
1.140000000000000124e+00 3.503523976709842724e+00
1.150000000000000133e+00 3.503523976709842724e+00
1.159999999999999920e+00 3.503523976709842724e+00
1.169999999999999929e+00 3.503523976709842724e+00
1.179999999999999938e+00 3.503508748342990753e+00
1.189999999999999947e+00 3.503460197415352084e+00
1.199999999999999956e+00 3.503423814127445191e+00
1.209999999999999964e+00 3.503421264374256161e+00
1.219999999999999973e+00 3.503391427831649807e+00
1.229999999999999982e+00 3.503354106285572200e+00
1.239999999999999991e+00 3.503321512684822281e+00
1.250000000000000000e+00 3.503302446434497952e+00
1.260000000000000009e+00 3.503303279361724698e+00
1.270000000000000018e+00 3.503275886673927086e+00
1.280000000000000027e+00 3.503268354964256481e+00
1.290000000000000036e+00 3.503267872748375034e+00
1.300000000000000044e+00 3.503264497501850094e+00
1.310000000000000053e+00 3.503264054820537599e+00
1.320000000000000062e+00 3.503264054820537599e+00
1.330000000000000071e+00 3.503264054820537599e+00
1.340000000000000080e+00 3.503264054820537599e+00
1.350000000000000089e+00 3.503264054820537599e+00
1.360000000000000098e+00 3.503264023520946679e+00
1.370000000000000107e+00 3.502852992794513565e+00
1.380000000000000115e+00 3.500431866729259323e+00
1.390000000000000124e+00 3.484540745286941466e+00
1.400000000000000133e+00 3.463371970117091969e+00
1.409999999999999920e+00 3.458185003437995952e+00
1.419999999999999929e+00 3.454883104095459068e+00
1.429999999999999938e+00 3.452987086548805262e+00
1.439999999999999947e+00 3.449644868750572080e+00
1.449999999999999956e+00 3.446873251171111985e+00
1.459999999999999964e+00 3.448150672583579990e+00
1.469999999999999973e+00 3.449775579090118338e+00
1.479999999999999982e+00 3.452287662968635651e+00
1.489999999999999991e+00 3.454151404531002001e+00
1.500000000000000000e+00 3.459162898328304259e+00
1.510000000000000009e+00 3.463612475900649912e+00
1.520000000000000018e+00 3.466737093396186964e+00
1.530000000000000027e+00 3.468776647284030901e+00
1.540000000000000036e+00 3.472964963285923190e+00
1.550000000000000044e+00 3.477513807384967848e+00
1.560000000000000053e+00 3.478072648870945027e+00
1.570000000000000062e+00 3.479335266742706434e+00
1.580000000000000071e+00 3.487766034812927352e+00
1.590000000000000080e+00 3.492917998082637698e+00
1.600000000000000089e+00 3.496294289019107993e+00
1.610000000000000098e+00 3.496547982585429981e+00
1.620000000000000107e+00 3.496471006588935726e+00
1.630000000000000115e+00 3.496375388190746225e+00
1.640000000000000124e+00 3.496244341132640709e+00
1.650000000000000133e+00 3.495736874654292947e+00
1.660000000000000142e+00 3.495528803622722780e+00
1.669999999999999929e+00 3.495330850491523922e+00
1.679999999999999938e+00 3.495280518739223297e+00
1.689999999999999947e+00 3.495151488926410810e+00
1.699999999999999956e+00 3.495143062725067029e+00
1.709999999999999964e+00 3.495045461342334736e+00
1.719999999999999973e+00 3.494962975637912805e+00
1.729999999999999982e+00 3.494962975637912805e+00
1.739999999999999991e+00 3.494929804470539025e+00
1.750000000000000000e+00 3.493634463508129340e+00
1.760000000000000009e+00 3.490944425799846762e+00
1.770000000000000018e+00 3.487324125411510600e+00
1.780000000000000027e+00 3.485898540947437230e+00
1.790000000000000036e+00 3.481118144531250014e+00
1.800000000000000044e+00 3.475777631630897702e+00
1.810000000000000053e+00 3.473869199173450273e+00
1.820000000000000062e+00 3.472315588476657666e+00
1.830000000000000071e+00 3.470260216555595356e+00
1.840000000000000080e+00 3.469762431485652776e+00
1.850000000000000089e+00 3.470623458709716669e+00
1.860000000000000098e+00 3.469941829104423725e+00
1.870000000000000107e+00 3.467722102699279940e+00
1.880000000000000115e+00 3.466356133844852305e+00
1.890000000000000124e+00 3.460671399395465642e+00
1.900000000000000133e+00 3.457596253204345604e+00
1.910000000000000142e+00 3.454626772344112418e+00
1.919999999999999929e+00 3.452705355565548029e+00
1.929999999999999938e+00 3.451730152511596650e+00
1.939999999999999947e+00 3.449534140024185014e+00
1.949999999999999956e+00 3.444641680164337139e+00
1.959999999999999964e+00 3.430978542208671378e+00
1.969999999999999973e+00 3.422023362274170033e+00
1.979999999999999982e+00 3.416072847843170113e+00
1.989999999999999991e+00 3.407654006381034772e+00
2.000000000000000000e+00 3.407425068616867225e+00
2.010000000000000231e+00 3.408973373608588986e+00
2.020000000000000018e+00 3.407746505985259855e+00
2.030000000000000249e+00 3.396146794298887439e+00
2.040000000000000036e+00 3.365110215092897317e+00
2.049999999999999822e+00 3.285733953210115299e+00
2.060000000000000053e+00 3.260099905918836694e+00
2.069999999999999840e+00 3.217915442298650675e+00
2.080000000000000071e+00 3.174105478475093722e+00
2.089999999999999858e+00 3.128949959238767509e+00
2.100000000000000089e+00 3.072547599889039915e+00
2.109999999999999876e+00 2.977554726302623855e+00
2.120000000000000107e+00 2.909534870024919506e+00
2.129999999999999893e+00 2.876550653612613750e+00
2.140000000000000124e+00 2.896927015578746989e+00
2.149999999999999911e+00 2.868276717646121909e+00
2.160000000000000142e+00 2.761657804633379065e+00
2.169999999999999929e+00 2.779209677077531637e+00
2.180000000000000160e+00 2.880211043024063056e+00
2.189999999999999947e+00 3.119695987910032109e+00
2.200000000000000178e+00 3.307358993529081470e+00
2.209999999999999964e+00 3.452111419565677686e+00
2.220000000000000195e+00 3.550233659479617998e+00
2.229999999999999982e+00 3.614209962277412203e+00
2.240000000000000213e+00 3.660751010062694544e+00
2.250000000000000000e+00 3.691084034545421666e+00
2.260000000000000231e+00 3.702720828213691640e+00
2.270000000000000018e+00 3.712196194043159370e+00
2.280000000000000249e+00 3.707547032406329990e+00
2.290000000000000036e+00 3.705562636969089496e+00
2.300000000000000266e+00 3.699697759070396330e+00
2.310000000000000053e+00 3.694260888302326240e+00
2.319999999999999840e+00 3.689759196245670392e+00
2.330000000000000071e+00 3.686670800812244408e+00
2.339999999999999858e+00 3.677244044547081092e+00
2.350000000000000089e+00 3.682894320244789022e+00
2.359999999999999876e+00 3.697493783595561911e+00
2.370000000000000107e+00 3.703294417757987844e+00
2.379999999999999893e+00 3.717977437186241296e+00
2.390000000000000124e+00 3.728428579542637067e+00
2.399999999999999911e+00 3.731692895238399643e+00
2.410000000000000142e+00 3.735359817695617757e+00
2.419999999999999929e+00 3.738973971295356691e+00
2.430000000000000160e+00 3.743549319679737142e+00
2.439999999999999947e+00 3.746568096206188248e+00
2.450000000000000178e+00 3.753408324687480757e+00
2.459999999999999964e+00 3.766073262879848560e+00
2.470000000000000195e+00 3.780462876043319653e+00
2.479999999999999982e+00 3.783505079224109835e+00
2.490000000000000213e+00 3.783497514889240243e+00
2.500000000000000000e+00 3.783497514889240243e+00
2.510000000000000231e+00 3.783502086164951539e+00
2.520000000000000018e+00 3.783555735232829953e+00
2.530000000000000249e+00 3.783624843537807259e+00
2.540000000000000036e+00 3.783710157620906678e+00
2.550000000000000266e+00 3.784049907455444117e+00
2.560000000000000053e+00 3.784519740290641643e+00
2.569999999999999840e+00 3.784685311040878464e+00
2.580000000000000071e+00 3.784902809281349256e+00
2.589999999999999858e+00 3.785218774971962130e+00
2.600000000000000089e+00 3.786416990284919848e+00
2.609999999999999876e+00 3.787289672231674231e+00
2.620000000000000107e+00 3.789668712782859661e+00
2.629999999999999893e+00 3.791267757947444750e+00
2.640000000000000124e+00 3.791569268503188983e+00
2.649999999999999911e+00 3.795861343109607766e+00
2.660000000000000142e+00 3.801560967926979284e+00
2.669999999999999929e+00 3.807920755367279142e+00
2.680000000000000160e+00 3.809473371615409665e+00
2.689999999999999947e+00 3.809902925820350728e+00
2.700000000000000178e+00 3.811239782960414768e+00
2.709999999999999964e+00 3.812714476191997548e+00
2.720000000000000195e+00 3.813383291249275331e+00
2.729999999999999982e+00 3.814506334457397507e+00
2.740000000000000213e+00 3.815151656424999427e+00
2.750000000000000000e+00 3.815151641142368266e+00
2.760000000000000231e+00 3.815151641142368266e+00
2.770000000000000018e+00 3.815151641142368266e+00
2.780000000000000249e+00 3.815151641142368266e+00
2.790000000000000036e+00 3.815151641142368266e+00
2.800000000000000266e+00 3.815151641142368266e+00
2.810000000000000053e+00 3.815151641142368266e+00
2.819999999999999840e+00 3.815151641142368266e+00
2.830000000000000071e+00 3.815151641142368266e+00
2.839999999999999858e+00 3.815151641142368266e+00
2.850000000000000089e+00 3.815151641142368266e+00
2.859999999999999876e+00 3.815151641142368266e+00
2.870000000000000107e+00 3.815151641142368266e+00
2.879999999999999893e+00 3.815151641142368266e+00
2.890000000000000124e+00 3.815151641142368266e+00
2.899999999999999911e+00 3.815151641142368266e+00
2.910000000000000142e+00 3.815151641142368266e+00
2.919999999999999929e+00 3.815151641142368266e+00
2.930000000000000160e+00 3.815151641142368266e+00
2.939999999999999947e+00 3.815151641142368266e+00
2.950000000000000178e+00 3.815151641142368266e+00
2.959999999999999964e+00 3.815151641142368266e+00
2.970000000000000195e+00 3.815151641142368266e+00
2.979999999999999982e+00 3.815151641142368266e+00
2.990000000000000213e+00 3.815151641142368266e+00
3.000000000000000000e+00 3.815151641142368266e+00
