0.000000000000000000e+00 6.320831833356619356e-01
1.000000000000000021e-02 6.320831833356619356e-01
2.000000000000000042e-02 1.174041950132846734e+00
2.999999999999999889e-02 1.174041950132846734e+00
4.000000000000000083e-02 1.174041950132846734e+00
5.000000000000000278e-02 1.174041950132846734e+00
5.999999999999999778e-02 1.797945498820543220e+00
7.000000000000000666e-02 2.412605063247680537e+00
8.000000000000000167e-02 2.412519555413723094e+00
8.999999999999999667e-02 2.412497375459671023e+00
1.000000000000000056e-01 2.412376709239482775e+00
1.100000000000000006e-01 2.412271316962242285e+00
1.199999999999999956e-01 2.413331964256763662e+00
1.300000000000000044e-01 2.420951709973812260e+00
1.400000000000000133e-01 2.424559705100059581e+00
1.499999999999999944e-01 2.426667648134231747e+00
1.600000000000000033e-01 2.431812407901287276e+00
1.700000000000000122e-01 2.441761522278785623e+00
1.799999999999999933e-01 2.463322528929710487e+00
1.900000000000000022e-01 2.525486665594577573e+00
2.000000000000000111e-01 2.740270492136478442e+00
2.099999999999999922e-01 3.103907377238273479e+00
2.200000000000000011e-01 3.381873921775818026e+00
2.300000000000000100e-01 3.652018557610511973e+00
2.399999999999999911e-01 3.801886986494064313e+00
2.500000000000000000e-01 3.827315052797794159e+00
2.600000000000000089e-01 3.843099312319755434e+00
2.700000000000000178e-01 3.861739826924800667e+00
2.800000000000000266e-01 3.865261694624424038e+00
2.899999999999999800e-01 3.866659304573536016e+00
2.999999999999999889e-01 3.867709832408428028e+00
3.099999999999999978e-01 3.867709764151573193e+00
3.200000000000000067e-01 3.867678245072364795e+00
3.300000000000000155e-01 3.864926347191333988e+00
3.400000000000000244e-01 3.852439446163177461e+00
3.500000000000000333e-01 3.812214651763439210e+00
3.599999999999999867e-01 3.733946045067310315e+00
3.699999999999999956e-01 3.592510816669463924e+00
3.800000000000000044e-01 3.459426324126720242e+00
3.900000000000000133e-01 3.371584212625026833e+00
4.000000000000000222e-01 3.299206917612552470e+00
4.100000000000000311e-01 3.266292669169903018e+00
4.199999999999999845e-01 3.214048560814857680e+00
4.299999999999999933e-01 3.186619450702667056e+00
4.400000000000000022e-01 3.172999313902854723e+00
4.500000000000000111e-01 3.167619925673007764e+00
4.600000000000000200e-01 3.159882442817687931e+00
4.700000000000000289e-01 3.159882442817687931e+00
4.799999999999999822e-01 3.159882442817687931e+00
4.899999999999999911e-01 3.159882442817687931e+00
5.000000000000000000e-01 3.159882442817687931e+00
5.100000000000000089e-01 3.159882442817687931e+00
5.200000000000000178e-01 3.159882442817687931e+00
5.300000000000000266e-01 3.159882442817687931e+00
5.400000000000000355e-01 3.159882442817687931e+00
5.500000000000000444e-01 3.159882442817687931e+00
5.600000000000000533e-01 3.159882442817687931e+00
5.700000000000000622e-01 3.159882442817687931e+00
5.799999999999999600e-01 3.159882442817687931e+00
5.899999999999999689e-01 3.159882442817687931e+00
5.999999999999999778e-01 3.159882442817687931e+00
6.099999999999999867e-01 3.159882442817687931e+00
6.199999999999999956e-01 3.159882442817687931e+00
6.300000000000000044e-01 3.159882442817687931e+00
6.400000000000000133e-01 3.159882442817687931e+00
6.500000000000000222e-01 3.159882442817687931e+00
6.600000000000000311e-01 3.159882450437545565e+00
6.700000000000000400e-01 3.159879683473110212e+00
6.800000000000000488e-01 3.159878539621829852e+00
6.900000000000000577e-01 3.159877446782588972e+00
7.000000000000000666e-01 3.159869525423049996e+00
7.099999999999999645e-01 3.159865519199371420e+00
7.199999999999999734e-01 3.159852823796272414e+00
7.299999999999999822e-01 3.159635738434791730e+00
7.399999999999999911e-01 3.159420223414898032e+00
7.500000000000000000e-01 3.159040218639373787e+00
7.600000000000000089e-01 3.158872583394050526e+00
7.700000000000000178e-01 3.159054179329872092e+00
7.800000000000000266e-01 3.159290604548454340e+00
7.900000000000000355e-01 3.159930437831878880e+00
8.000000000000000444e-01 3.160477004861831585e+00
8.100000000000000533e-01 3.160719082577228445e+00
8.200000000000000622e-01 3.160855023584365764e+00
8.300000000000000711e-01 3.161049172992706158e+00
8.399999999999999689e-01 3.161334312565326599e+00
8.499999999999999778e-01 3.161426768190860770e+00
8.599999999999999867e-01 3.161426768190860770e+00
8.699999999999999956e-01 3.161426768190860770e+00
8.800000000000000044e-01 3.161426768190860770e+00
8.900000000000000133e-01 3.161426768190860770e+00
9.000000000000000222e-01 3.161426768190860770e+00
9.100000000000000311e-01 3.161426768190860770e+00
9.200000000000000400e-01 3.161421705021858042e+00
9.300000000000000488e-01 3.161420219106674256e+00
9.400000000000000577e-01 3.161420219106674256e+00
9.500000000000000666e-01 3.161420219106674256e+00
9.599999999999999645e-01 3.161420219106674256e+00
9.699999999999999734e-01 3.161420219106674256e+00
9.799999999999999822e-01 3.161420219106674256e+00
9.899999999999999911e-01 3.161420046777725368e+00
1.000000000000000000e+00 3.161420046777725368e+00
1.010000000000000009e+00 3.161420046777725368e+00
1.020000000000000018e+00 3.161420046777725368e+00
1.030000000000000027e+00 3.161420046777725368e+00
1.040000000000000036e+00 3.161420046777725368e+00
1.050000000000000044e+00 3.161420046777725368e+00
1.060000000000000053e+00 3.161420046777725368e+00
1.070000000000000062e+00 3.161420046777725368e+00
1.080000000000000071e+00 3.161420046777725368e+00
1.090000000000000080e+00 3.161420046777725368e+00
1.100000000000000089e+00 3.161420046777725368e+00
1.110000000000000098e+00 3.161420046777725368e+00
1.120000000000000107e+00 3.161420046777725368e+00
1.130000000000000115e+00 3.161420046777725368e+00
1.140000000000000124e+00 3.161420046777725368e+00
1.150000000000000133e+00 3.161420046777725368e+00
1.159999999999999920e+00 3.161420046777725368e+00
1.169999999999999929e+00 3.161420046777725368e+00
1.179999999999999938e+00 3.161420046777725368e+00
1.189999999999999947e+00 3.161420046777725368e+00
1.199999999999999956e+00 3.161420046777725368e+00
1.209999999999999964e+00 3.161420046777725368e+00
1.219999999999999973e+00 3.161421584014892705e+00
1.229999999999999982e+00 3.161424220683574760e+00
1.239999999999999991e+00 3.161426361308097732e+00
1.250000000000000000e+00 3.161426361308097732e+00
1.260000000000000009e+00 3.161426361308097732e+00
1.270000000000000018e+00 3.161426361308097732e+00
1.280000000000000027e+00 3.161425898787975530e+00
1.290000000000000036e+00 3.161425898787975530e+00
1.300000000000000044e+00 3.161425776088237605e+00
1.310000000000000053e+00 3.161440773248672453e+00
1.320000000000000062e+00 3.161442764856815302e+00
1.330000000000000071e+00 3.161448742516040689e+00
1.340000000000000080e+00 3.161454738605022463e+00
1.350000000000000089e+00 3.161459825742244600e+00
1.360000000000000098e+00 3.161463546483516573e+00
1.370000000000000107e+00 3.161465431294441242e+00
1.380000000000000115e+00 3.161465738911628520e+00
1.390000000000000124e+00 3.161459382774829852e+00
1.400000000000000133e+00 3.161460018513202463e+00
1.409999999999999920e+00 3.161462602920532383e+00
1.419999999999999929e+00 3.162178586015701232e+00
1.429999999999999938e+00 3.163149377648830196e+00
1.439999999999999947e+00 3.164740552067756507e+00
1.449999999999999956e+00 3.166922312536239570e+00
1.459999999999999964e+00 3.166779906995296656e+00
1.469999999999999973e+00 3.167427535858154286e+00
1.479999999999999982e+00 3.167620467610359203e+00
1.489999999999999991e+00 3.167370976698398621e+00
1.500000000000000000e+00 3.167040189797878380e+00
1.510000000000000009e+00 3.166789277482032983e+00
1.520000000000000018e+00 3.166454007575512097e+00
1.530000000000000027e+00 3.166093483762741023e+00
1.540000000000000036e+00 3.166048912446498775e+00
1.550000000000000044e+00 3.165870366110801637e+00
1.560000000000000053e+00 3.165513599030971736e+00
1.570000000000000062e+00 3.165220627412796084e+00
1.580000000000000071e+00 3.165031034312248082e+00
1.590000000000000080e+00 3.164489583802223116e+00
1.600000000000000089e+00 3.164193212797641763e+00
1.610000000000000098e+00 3.163532168049812299e+00
1.620000000000000107e+00 3.162831697742939152e+00
1.630000000000000115e+00 3.159247982676029132e+00
1.640000000000000124e+00 3.154255037710666620e+00
1.650000000000000133e+00 3.149704069058895328e+00
1.660000000000000142e+00 3.146381480860710234e+00
1.669999999999999929e+00 3.144404604399204217e+00
1.679999999999999938e+00 3.143838711390495089e+00
1.689999999999999947e+00 3.142555528535842857e+00
1.699999999999999956e+00 3.138574609394073622e+00
1.709999999999999964e+00 3.133559039897918730e+00
1.719999999999999973e+00 3.129523300297260224e+00
1.729999999999999982e+00 3.126436545391082955e+00
1.739999999999999991e+00 3.120962285873889908e+00
1.750000000000000000e+00 3.119329088833332264e+00
1.760000000000000009e+00 3.118407463657856038e+00
1.770000000000000018e+00 3.117344584245681727e+00
1.780000000000000027e+00 3.116598706502914595e+00
1.790000000000000036e+00 3.115319364950656755e+00
1.800000000000000044e+00 3.114512973725795941e+00
1.810000000000000053e+00 3.110685164825916171e+00
1.820000000000000062e+00 3.110486244316100990e+00
1.830000000000000071e+00 3.110718752870559545e+00
1.840000000000000080e+00 3.111148312344551137e+00
1.850000000000000089e+00 3.113566584508419055e+00
1.860000000000000098e+00 3.115669070823192666e+00
1.870000000000000107e+00 3.121381149897575202e+00
1.880000000000000115e+00 3.131093927404880350e+00
1.890000000000000124e+00 3.133916065723895805e+00
1.900000000000000133e+00 3.135416426763534492e+00
1.910000000000000142e+00 3.137588221623897500e+00
1.919999999999999929e+00 3.139441447341442259e+00
1.929999999999999938e+00 3.141740446190834035e+00
1.939999999999999947e+00 3.144002424151897568e+00
1.949999999999999956e+00 3.146274058146476538e+00
1.959999999999999964e+00 3.147177216198444150e+00
1.969999999999999973e+00 3.149755297615528082e+00
1.979999999999999982e+00 3.157469253232479289e+00
1.989999999999999991e+00 3.177474575226306719e+00
2.000000000000000000e+00 3.193272131929397517e+00
2.010000000000000231e+00 3.206809381761551059e+00
2.020000000000000018e+00 3.224005951740741782e+00
2.030000000000000249e+00 3.236033676300048789e+00
2.040000000000000036e+00 3.244475962831974147e+00
2.049999999999999822e+00 3.255405812692642176e+00
2.060000000000000053e+00 3.277985444080829591e+00
2.069999999999999840e+00 3.315647078900337164e+00
2.080000000000000071e+00 3.362373899497985708e+00
2.089999999999999858e+00 3.447752328519821052e+00
2.100000000000000089e+00 3.512771927099227920e+00
2.109999999999999876e+00 3.543237800996303477e+00
2.120000000000000107e+00 3.564642598369121451e+00
2.129999999999999893e+00 3.590178446755409425e+00
2.140000000000000124e+00 3.630645949127674132e+00
2.149999999999999911e+00 3.670111267514228892e+00
2.160000000000000142e+00 3.714498939836025304e+00
2.169999999999999929e+00 3.766902715282440361e+00
2.180000000000000160e+00 3.810564183325767296e+00
2.189999999999999947e+00 3.848267153728008427e+00
2.200000000000000178e+00 3.867411473412513789e+00
2.209999999999999964e+00 3.875062371211051904e+00
2.220000000000000195e+00 3.876816198527813118e+00
2.229999999999999982e+00 3.876751409237384927e+00
2.240000000000000213e+00 3.878084265503883188e+00
2.250000000000000000e+00 3.879743123414516326e+00
2.260000000000000231e+00 3.880271201939582859e+00
2.270000000000000018e+00 3.883166028385162338e+00
2.280000000000000249e+00 3.885818993782997222e+00
2.290000000000000036e+00 3.887894775135517289e+00
2.300000000000000266e+00 3.889208623988628322e+00
2.310000000000000053e+00 3.891860783250332023e+00
2.319999999999999840e+00 3.897532531485557339e+00
2.330000000000000071e+00 3.902166802744865493e+00
2.339999999999999858e+00 3.903981037583351021e+00
2.350000000000000089e+00 3.904066785044669974e+00
2.359999999999999876e+00 3.904066785044669974e+00
2.370000000000000107e+00 3.904066785044669974e+00
2.379999999999999893e+00 3.904066785044669974e+00
2.390000000000000124e+00 3.904066785044669974e+00
2.399999999999999911e+00 3.904066785044669974e+00
2.410000000000000142e+00 3.904066785044669974e+00
2.419999999999999929e+00 3.904066785044669974e+00
2.430000000000000160e+00 3.904066785044669974e+00
2.439999999999999947e+00 3.904066785044669974e+00
2.450000000000000178e+00 3.904066785044669974e+00
2.459999999999999964e+00 3.904217558014392964e+00
2.470000000000000195e+00 3.904364220290184040e+00
2.479999999999999982e+00 3.904685008642673427e+00
2.490000000000000213e+00 3.905074383637904933e+00
2.500000000000000000e+00 3.905818825094699687e+00
2.510000000000000231e+00 3.906075737407207704e+00
2.520000000000000018e+00 3.906267679016590222e+00
2.530000000000000249e+00 3.906372947399616269e+00
2.540000000000000036e+00 3.906998495395183735e+00
2.550000000000000266e+00 3.907705198166370408e+00
2.560000000000000053e+00 3.908599967632293559e+00
2.569999999999999840e+00 3.909032626404762123e+00
2.580000000000000071e+00 3.909380805275440185e+00
2.589999999999999858e+00 3.910225232427120279e+00
2.600000000000000089e+00 3.911244224681854398e+00
2.609999999999999876e+00 3.911721432893276340e+00
2.620000000000000107e+00 3.912277318897247280e+00
2.629999999999999893e+00 3.912375992496013755e+00
2.640000000000000124e+00 3.912395808110237017e+00
2.649999999999999911e+00 3.912472791752815038e+00
2.660000000000000142e+00 3.912419027185439990e+00
2.669999999999999929e+00 3.912411980092525443e+00
2.680000000000000160e+00 3.912464079415798324e+00
2.689999999999999947e+00 3.912547735762596179e+00
2.700000000000000178e+00 3.912535734527111231e+00
2.709999999999999964e+00 3.912530982542037794e+00
2.720000000000000195e+00 3.912531026182174632e+00
2.729999999999999982e+00 3.912577413132190873e+00
2.740000000000000213e+00 3.912661726868152723e+00
2.750000000000000000e+00 3.912763988549709193e+00
2.760000000000000231e+00 3.912857633247375677e+00
2.770000000000000018e+00 3.912895539174079840e+00
2.780000000000000249e+00 3.912918563549518502e+00
2.790000000000000036e+00 3.912918446855544907e+00
2.800000000000000266e+00 3.911044930791854668e+00
2.810000000000000053e+00 3.907168028011322125e+00
2.819999999999999840e+00 3.904764013249874210e+00
2.830000000000000071e+00 3.801490137294530669e+00
2.839999999999999858e+00 3.796074879494905296e+00
2.850000000000000089e+00 3.871187349829673607e+00
2.859999999999999876e+00 3.865836717031001957e+00
2.870000000000000107e+00 3.346279618480801687e+00
2.879999999999999893e+00 1.165126716129779805e+00
2.890000000000000124e+00 3.253568814597725734e+00
2.899999999999999911e+00 3.493411435520648922e+00
2.910000000000000142e+00 3.546185146267414101e+00
2.919999999999999929e+00 3.544383598794937029e+00
2.930000000000000160e+00 3.537204324679374512e+00
2.939999999999999947e+00 3.501505902932286141e+00
2.950000000000000178e+00 3.491980403270125599e+00
2.959999999999999964e+00 3.584966385822295987e+00
2.970000000000000195e+00 3.593315344402789879e+00
2.979999999999999982e+00 3.594424118189811779e+00
2.990000000000000213e+00 3.596530836277008092e+00
3.000000000000000000e+00 3.599626594066619667e+00
