0.000000000000000000e+00 1.291248258387148518e+00 1.304929482341706581e+00
1.000000000000000021e-02 1.291248258387148518e+00 1.304929482341706581e+00
2.000000000000000042e-02 1.291248258387148518e+00 1.304929482341706581e+00
2.999999999999999889e-02 1.291248258387148518e+00 1.304929482341706581e+00
4.000000000000000083e-02 1.291246752610365034e+00 1.304929257612070126e+00
5.000000000000000278e-02 1.291245776684482260e+00 1.304928809325496930e+00
5.999999999999999778e-02 1.291244269724223237e+00 1.304929116148617840e+00
7.000000000000000666e-02 1.291244278034151982e+00 1.304929048722802243e+00
8.000000000000000167e-02 1.291243745895991779e+00 1.304928911357750465e+00
8.999999999999999667e-02 1.291243112465985554e+00 1.304929372451655301e+00
1.000000000000000056e-01 1.291238359895392263e+00 1.304928857256726582e+00
1.100000000000000006e-01 1.291237124862775421e+00 1.304927389609709110e+00
1.199999999999999956e-01 1.291236430211488040e+00 1.304930515353258658e+00
1.300000000000000044e-01 1.291236430211488040e+00 1.304930515353258658e+00
1.400000000000000133e-01 1.291236430211488040e+00 1.304930515353258658e+00
1.499999999999999944e-01 1.857812185962223195e+00 4.294917012090659902e+00
1.600000000000000033e-01 3.851117822483077990e+00 3.989435801631911804e+00
1.700000000000000122e-01 3.851117822483077990e+00 3.989435801631911804e+00
1.799999999999999933e-01 3.852964759407915718e+00 3.988926485165677160e+00
1.900000000000000022e-01 3.855922324133346013e+00 3.987876837968399979e+00
2.000000000000000111e-01 3.859118788202684058e+00 3.986529793945868150e+00
2.099999999999999922e-01 3.859985929860390907e+00 3.986296860366545847e+00
2.200000000000000011e-01 3.860480415215687966e+00 3.986177569594187897e+00
2.300000000000000100e-01 3.860984302879353347e+00 3.986051533946017411e+00
2.399999999999999911e-01 3.861885308735505173e+00 3.985690164639815070e+00
2.500000000000000000e-01 3.862552660586581865e+00 3.985413302696003690e+00
2.600000000000000089e-01 3.863538119513184377e+00 3.985016413548796876e+00
2.700000000000000178e-01 3.864336734185149780e+00 3.984632838268349353e+00
2.800000000000000266e-01 3.865190734467489175e+00 3.984230468101519040e+00
2.899999999999999800e-01 3.866076343608258359e+00 3.983742868990542529e+00
2.999999999999999889e-01 3.866492252869918378e+00 3.983446115584060809e+00
3.099999999999999978e-01 3.866338290364873309e+00 3.983472272083628418e+00
3.200000000000000067e-01 3.866819681324449753e+00 3.983288012109311715e+00
3.300000000000000155e-01 3.864944816545062167e+00 3.983824354225583342e+00
3.400000000000000244e-01 3.861611200816397638e+00 3.984948300335640514e+00
3.500000000000000333e-01 3.856746221201123870e+00 3.986856943419275989e+00
3.599999999999999867e-01 3.851513350736491592e+00 3.989068605454570982e+00
3.699999999999999956e-01 3.841274935491484133e+00 3.993367684976655507e+00
3.800000000000000044e-01 3.809122767290168188e+00 4.008496891985839916e+00
3.900000000000000133e-01 3.723457167531821987e+00 4.041598653348113857e+00
4.000000000000000222e-01 3.452607466844002992e+00 4.041194699193556339e+00
4.100000000000000311e-01 3.183320174167659999e+00 3.846168340241405303e+00
4.199999999999999845e-01 3.095915156830125081e+00 3.542847473918623979e+00
4.299999999999999933e-01 3.148181557160215860e+00 3.338381119450731127e+00
4.400000000000000022e-01 3.186192844610875596e+00 3.276107154173189429e+00
4.500000000000000111e-01 3.198519256139664702e+00 3.258056364549727579e+00
4.600000000000000200e-01 3.214968038513952742e+00 3.237125308639710930e+00
4.700000000000000289e-01 3.218284823673937645e+00 3.233228218427922407e+00
4.799999999999999822e-01 3.221599040815912751e+00 3.229574366147435427e+00
4.899999999999999911e-01 3.221606465522892204e+00 3.229573029611461532e+00
5.000000000000000000e-01 3.221621092074804515e+00 3.229564133493012967e+00
5.100000000000000089e-01 3.221624999389488320e+00 3.229562909488838063e+00
5.200000000000000178e-01 3.221627143194346843e+00 3.229561494853824932e+00
5.300000000000000266e-01 3.221652889135678599e+00 3.229549740931193291e+00
5.400000000000000355e-01 3.221667586825717855e+00 3.229537556006084387e+00
5.500000000000000444e-01 3.221673703067182704e+00 3.229534594009042525e+00
5.600000000000000533e-01 3.221702840766051068e+00 3.229521373482605817e+00
5.700000000000000622e-01 3.221712950844214607e+00 3.229517436562134858e+00
5.799999999999999600e-01 3.221714127789383042e+00 3.229514901188964338e+00
5.899999999999999689e-01 3.221719973372742629e+00 3.229512650681212627e+00
5.999999999999999778e-01 3.221747311102813427e+00 3.229498083413178122e+00
6.099999999999999867e-01 3.221753401026338892e+00 3.229495320029645455e+00
6.199999999999999956e-01 3.221767134310794312e+00 3.229485241020130459e+00
6.300000000000000044e-01 3.221771263220274850e+00 3.229471597731148780e+00
6.400000000000000133e-01 3.221774831055365773e+00 3.229470691157616535e+00
6.500000000000000222e-01 3.221784181825235738e+00 3.229469669364377626e+00
6.600000000000000311e-01 3.221788223873534474e+00 3.229463074148735569e+00
6.700000000000000400e-01 3.221799072086222626e+00 3.229458175914876161e+00
6.800000000000000488e-01 3.221809656469607042e+00 3.229450376193738315e+00
6.900000000000000577e-01 3.221821366079868909e+00 3.229441877738413957e+00
7.000000000000000666e-01 3.221836241506892851e+00 3.229435921550434241e+00
7.099999999999999645e-01 3.221844169873031127e+00 3.229412607279983582e+00
7.199999999999999734e-01 3.221845485346250815e+00 3.229412195937700236e+00
7.299999999999999822e-01 3.221848369109667765e+00 3.229407075321637066e+00
7.399999999999999911e-01 3.221852119860512786e+00 3.229395406160491255e+00
7.500000000000000000e-01 3.221857936122827670e+00 3.229396394502705991e+00
7.600000000000000089e-01 3.221861353141635131e+00 3.229390722611576781e+00
7.700000000000000178e-01 3.221862504049592957e+00 3.229388092988676462e+00
7.800000000000000266e-01 3.221864935973416610e+00 3.229381421372164329e+00
7.900000000000000355e-01 3.221865297457248811e+00 3.229378284190624004e+00
8.000000000000000444e-01 3.221870177596659612e+00 3.229379146062283379e+00
8.100000000000000533e-01 3.221872088843838799e+00 3.229377070940478323e+00
8.200000000000000622e-01 3.221874971793666997e+00 3.229374921447262015e+00
8.300000000000000711e-01 3.221882895889252030e+00 3.229374049053222340e+00
8.399999999999999689e-01 3.221881090464478348e+00 3.229372445416563764e+00
8.499999999999999778e-01 3.221882630694967276e+00 3.229372928563493339e+00
8.599999999999999867e-01 3.221884823918258256e+00 3.229373521018112925e+00
8.699999999999999956e-01 3.221882546575291606e+00 3.229371503565089618e+00
8.800000000000000044e-01 3.221882239951813887e+00 3.229371831708228058e+00
8.900000000000000133e-01 3.221883125724473107e+00 3.229371962476096147e+00
9.000000000000000222e-01 3.221878728435747075e+00 3.229371275059469415e+00
9.100000000000000311e-01 3.221870971019042962e+00 3.229368077175842622e+00
9.200000000000000400e-01 3.221869591297943369e+00 3.229366429577033681e+00
9.300000000000000488e-01 3.221862512910057319e+00 3.229368826477836407e+00
9.400000000000000577e-01 3.221861286728792351e+00 3.229368366524762557e+00
9.500000000000000666e-01 3.221859844063340805e+00 3.229368584405363674e+00
9.599999999999999645e-01 3.221853637023446293e+00 3.229369008912566397e+00
9.699999999999999734e-01 3.221845737950489674e+00 3.229369592030360447e+00
9.799999999999999822e-01 3.221843910054493332e+00 3.229370348215770736e+00
9.899999999999999911e-01 3.221843550477515361e+00 3.229369137267579237e+00
1.000000000000000000e+00 3.221842031037088105e+00 3.229369399469618429e+00
1.010000000000000009e+00 3.221835996829320425e+00 3.229369367383668976e+00
1.020000000000000018e+00 3.221829444419820554e+00 3.229369277751962919e+00
1.030000000000000027e+00 3.221824824234011508e+00 3.229370352028843705e+00
1.040000000000000036e+00 3.221825050747944008e+00 3.229369876157688335e+00
1.050000000000000044e+00 3.221816891766339896e+00 3.229372737235277402e+00
1.060000000000000053e+00 3.221816483094484873e+00 3.229371778419225514e+00
1.070000000000000062e+00 3.221810361791985322e+00 3.229376075438124438e+00
1.080000000000000071e+00 3.221799987832007606e+00 3.229377097462716062e+00
1.090000000000000080e+00 3.221792033008238132e+00 3.229379839125970708e+00
1.100000000000000089e+00 3.221783799537178083e+00 3.229385280515197465e+00
1.110000000000000098e+00 3.221776342446598385e+00 3.229383121822086089e+00
1.120000000000000107e+00 3.221771095226715342e+00 3.229384702765037307e+00
1.130000000000000115e+00 3.221766950177478606e+00 3.229385085879039607e+00
1.140000000000000124e+00 3.221758372751366561e+00 3.229387273601401542e+00
1.150000000000000133e+00 3.221751078500600940e+00 3.229391079201844761e+00
1.159999999999999920e+00 3.221736821151193197e+00 3.229395754112784012e+00
1.169999999999999929e+00 3.221731256274086963e+00 3.229397102571624156e+00
1.179999999999999938e+00 3.221720617263061914e+00 3.229398871805922777e+00
1.189999999999999947e+00 3.221705803716548022e+00 3.229401427614323250e+00
1.199999999999999956e+00 3.221702320783374596e+00 3.229402455937625760e+00
1.209999999999999964e+00 3.221676452627913356e+00 3.229414185413582494e+00
1.219999999999999973e+00 3.221657585696080073e+00 3.229422422367236312e+00
1.229999999999999982e+00 3.221637300518506830e+00 3.229435656754022776e+00
1.239999999999999991e+00 3.221630236781991119e+00 3.229437767306410745e+00
1.250000000000000000e+00 3.221620032247457743e+00 3.229441532522287162e+00
1.260000000000000009e+00 3.221617560510402711e+00 3.229442001538509466e+00
1.270000000000000018e+00 3.221606738686750848e+00 3.229446468529511893e+00
1.280000000000000027e+00 3.221588345967475231e+00 3.229448665140922881e+00
1.290000000000000036e+00 3.221568563912800442e+00 3.229458519436427366e+00
1.300000000000000044e+00 3.221532579708508148e+00 3.229478511824198872e+00
1.310000000000000053e+00 3.221509705596673268e+00 3.229486464385283195e+00
1.320000000000000062e+00 3.221491259917223182e+00 3.229496393223798556e+00
1.330000000000000071e+00 3.221482413124845401e+00 3.229499399314119223e+00
1.340000000000000080e+00 3.221449823471572937e+00 3.229516947921249770e+00
1.350000000000000089e+00 3.221420675417887569e+00 3.229530003169072128e+00
1.360000000000000098e+00 3.221385056837775096e+00 3.229549805012963404e+00
1.370000000000000107e+00 3.221374021513029540e+00 3.229555655839876138e+00
1.380000000000000115e+00 3.221354530553064421e+00 3.229566985269346269e+00
1.390000000000000124e+00 3.221323197591753562e+00 3.229586972987203097e+00
1.400000000000000133e+00 3.221291634408253834e+00 3.229605317720156243e+00
1.409999999999999920e+00 3.221272591254314754e+00 3.229615903885760808e+00
1.419999999999999929e+00 3.221253687363592633e+00 3.229626095971139144e+00
1.429999999999999938e+00 3.221236923978553435e+00 3.229633729827178890e+00
1.439999999999999947e+00 3.221233177225127253e+00 3.229634203351006594e+00
1.449999999999999956e+00 3.221230852426145486e+00 3.229633770800974357e+00
1.459999999999999964e+00 3.221196481076407103e+00 3.229654155320001330e+00
1.469999999999999973e+00 3.221169502970890886e+00 3.229667925131602058e+00
1.479999999999999982e+00 3.221154507345107554e+00 3.229672712536904022e+00
1.489999999999999991e+00 3.221076993360703078e+00 3.229723264369781077e+00
1.500000000000000000e+00 3.221068906404489063e+00 3.229728290064818097e+00
1.510000000000000009e+00 3.221030143244386856e+00 3.229753519055723388e+00
1.520000000000000018e+00 3.221026120970775342e+00 3.229755078598926854e+00
1.530000000000000027e+00 3.220996880429122911e+00 3.229770827471877936e+00
1.540000000000000036e+00 3.220996570662795211e+00 3.229770823813141956e+00
1.550000000000000044e+00 3.220976511584880964e+00 3.229784913295147053e+00
1.560000000000000053e+00 3.220969947766691543e+00 3.229787584748834650e+00
1.570000000000000062e+00 3.220858559284941691e+00 3.229870233406288982e+00
1.580000000000000071e+00 3.220856898767830767e+00 3.229870763619063556e+00
1.590000000000000080e+00 3.220855841095136451e+00 3.229870962784601840e+00
1.600000000000000089e+00 3.220809390713645914e+00 3.229905875847862706e+00
1.610000000000000098e+00 3.220801278141006474e+00 3.229906580616966227e+00
1.620000000000000107e+00 3.220801300132691392e+00 3.229906686532080240e+00
1.630000000000000115e+00 3.220799412399856454e+00 3.229907271254929046e+00
1.640000000000000124e+00 3.220785522687828362e+00 3.229917635547721488e+00
1.650000000000000133e+00 3.220762439193634474e+00 3.229934866547675920e+00
1.660000000000000142e+00 3.220755339828135888e+00 3.229938898138401626e+00
1.669999999999999929e+00 3.220740016560984298e+00 3.229950732903050348e+00
1.679999999999999938e+00 3.220710239987090162e+00 3.229973140974328416e+00
1.689999999999999947e+00 3.220709471033823768e+00 3.229973516212689688e+00
1.699999999999999956e+00 3.220692640591444000e+00 3.229986063498674564e+00
1.709999999999999964e+00 3.220688679715169478e+00 3.229987449559199142e+00
1.719999999999999973e+00 3.220688679715169478e+00 3.229987449559199142e+00
1.729999999999999982e+00 3.220677196184825508e+00 3.230000970366764701e+00
1.739999999999999991e+00 3.220676891278083431e+00 3.230002412086670383e+00
1.750000000000000000e+00 3.220642653383068765e+00 3.230040877433963065e+00
1.760000000000000009e+00 3.220642482855908817e+00 3.230043975197680162e+00
1.770000000000000018e+00 3.220614307832009970e+00 3.230073768802396827e+00
1.780000000000000027e+00 3.220595916840837347e+00 3.230092454159452231e+00
1.790000000000000036e+00 3.220575371567372169e+00 3.230123392113086300e+00
1.800000000000000044e+00 3.220565909691513795e+00 3.230155899385748874e+00
1.810000000000000053e+00 3.220552703208947598e+00 3.230183408198332273e+00
1.820000000000000062e+00 3.220530120044697853e+00 3.230208945664416298e+00
1.830000000000000071e+00 3.220514565669571283e+00 3.230238046387160722e+00
1.840000000000000080e+00 3.220476820141081387e+00 3.230279190558190461e+00
1.850000000000000089e+00 3.220451459829789087e+00 3.230303302919883102e+00
1.860000000000000098e+00 3.220414276276060583e+00 3.230346405934861664e+00
1.870000000000000107e+00 3.220349396202181858e+00 3.230414913695240919e+00
1.880000000000000115e+00 3.220324181907853411e+00 3.230458778206625414e+00
1.890000000000000124e+00 3.220296852718151470e+00 3.230505196179591643e+00
1.900000000000000133e+00 3.220281525036397863e+00 3.230536463540490733e+00
1.910000000000000142e+00 3.220264361276945042e+00 3.230553752255121314e+00
1.919999999999999929e+00 3.220254755132307967e+00 3.230571655824074906e+00
1.929999999999999938e+00 3.220171389892377611e+00 3.230679907467089329e+00
1.939999999999999947e+00 3.220072360524186550e+00 3.230763714467039804e+00
1.949999999999999956e+00 3.220040080926300341e+00 3.230812127525924282e+00
1.959999999999999964e+00 3.219995435683458584e+00 3.230862068865568038e+00
1.969999999999999973e+00 3.219985328981503692e+00 3.230884516399279427e+00
1.979999999999999982e+00 3.219977784783426777e+00 3.230898060129102412e+00
1.989999999999999991e+00 3.219941007235802122e+00 3.230930089375220415e+00
2.000000000000000000e+00 3.219894822963939252e+00 3.231000264139904044e+00
2.010000000000000231e+00 3.219885928917376905e+00 3.231020731339008467e+00
2.020000000000000018e+00 3.219876083480278872e+00 3.231034697073538631e+00
2.030000000000000249e+00 3.219875918297368411e+00 3.231034523330133634e+00
2.040000000000000036e+00 3.219864895587190468e+00 3.231038935222402486e+00
2.049999999999999822e+00 3.219864895587190468e+00 3.231038935222402486e+00
2.060000000000000053e+00 3.219862894466209990e+00 3.231039386264991098e+00
2.069999999999999840e+00 3.219862908741923047e+00 3.231039399526623779e+00
2.080000000000000071e+00 3.219855981006448431e+00 3.231042093138868587e+00
2.089999999999999858e+00 3.219855999589621653e+00 3.231042302369416142e+00
2.100000000000000089e+00 3.219854564462732771e+00 3.231045190066266226e+00
2.109999999999999876e+00 3.219853742298011134e+00 3.231050032683487672e+00
2.120000000000000107e+00 3.219852612016255833e+00 3.231054731676524128e+00
2.129999999999999893e+00 3.219840330828686259e+00 3.231087148867587633e+00
2.140000000000000124e+00 3.219833510685959244e+00 3.231101452111205585e+00
2.149999999999999911e+00 3.219833188448905315e+00 3.231101391138077705e+00
2.160000000000000142e+00 3.219830320455062456e+00 3.231111200493347546e+00
2.169999999999999929e+00 3.219819511965603009e+00 3.231131880880504514e+00
2.180000000000000160e+00 3.219816769362715103e+00 3.231137509483071657e+00
2.189999999999999947e+00 3.219814405883900665e+00 3.231143532615549763e+00
2.200000000000000178e+00 3.219750109146971351e+00 3.231224082690339561e+00
2.209999999999999964e+00 3.219673139055335476e+00 3.231309225127136919e+00
2.220000000000000195e+00 3.219425808409412504e+00 3.231594797607700187e+00
2.229999999999999982e+00 3.219289842758461084e+00 3.231755943579391221e+00
2.240000000000000213e+00 3.219131121476771273e+00 3.231920593601582237e+00
2.250000000000000000e+00 3.218916706925333493e+00 3.232183049134313535e+00
2.260000000000000231e+00 3.218385992563503439e+00 3.232703481609088936e+00
2.270000000000000018e+00 3.218073085698555769e+00 3.233050030847121281e+00
2.280000000000000249e+00 3.216600128262588232e+00 3.234463750922134562e+00
2.290000000000000036e+00 3.215663500031809008e+00 3.235337668533941446e+00
2.300000000000000266e+00 3.212989649280644233e+00 3.237755007925891437e+00
2.310000000000000053e+00 3.210638526547521909e+00 3.239824513427644437e+00
2.319999999999999840e+00 3.209826005002930582e+00 3.240590294731184873e+00
2.330000000000000071e+00 3.204926128333689395e+00 3.244757351900456666e+00
2.339999999999999858e+00 3.203424870214281572e+00 3.246021252589406547e+00
2.350000000000000089e+00 3.202150635260836431e+00 3.247137410355313669e+00
2.359999999999999876e+00 3.200425342160633235e+00 3.248412734311648897e+00
2.370000000000000107e+00 3.196385352906141009e+00 3.251852891408052670e+00
2.379999999999999893e+00 3.194539565759900945e+00 3.253233421763177979e+00
2.390000000000000124e+00 3.190921754650642317e+00 3.256196584907005143e+00
2.399999999999999911e+00 3.187956636947574474e+00 3.259153155928669499e+00
2.410000000000000142e+00 3.186764844164709398e+00 3.260170403657098870e+00
2.419999999999999929e+00 3.185750555318155097e+00 3.260981884285650612e+00
2.430000000000000160e+00 3.186611669173491368e+00 3.261825877585160516e+00
2.439999999999999947e+00 3.193233785742043196e+00 3.259863691741705871e+00
2.450000000000000178e+00 3.193259004079247898e+00 3.262484283755873182e+00
2.459999999999999964e+00 3.192405540569691169e+00 3.265914294177623134e+00
2.470000000000000195e+00 3.191876990634120226e+00 3.270035722888790630e+00
2.479999999999999982e+00 3.190020004906145346e+00 3.276263395715268700e+00
2.490000000000000213e+00 3.187160512539991775e+00 3.282767204249254167e+00
2.500000000000000000e+00 3.182997229759076951e+00 3.293445176318307688e+00
2.510000000000000231e+00 3.179220500363211244e+00 3.308940330668588281e+00
2.520000000000000018e+00 3.175646379275578024e+00 3.324363517584544514e+00
2.530000000000000249e+00 3.172567996842457827e+00 3.346205453317569134e+00
2.540000000000000036e+00 3.175068987777149854e+00 3.370040881011569400e+00
2.550000000000000266e+00 3.183436563097765237e+00 3.394640795324513682e+00
2.560000000000000053e+00 3.195979805881786096e+00 3.419428808992100333e+00
2.569999999999999840e+00 3.213251212901602205e+00 3.443795101223459110e+00
2.580000000000000071e+00 3.233791891991267597e+00 3.465304364479412591e+00
2.589999999999999858e+00 3.256828711019759570e+00 3.483175753129715613e+00
2.600000000000000089e+00 3.284551490080535707e+00 3.496923258936226020e+00
2.609999999999999876e+00 3.309038507251039540e+00 3.505551206327184310e+00
2.620000000000000107e+00 3.335611597060657463e+00 3.508544221253894424e+00
2.629999999999999893e+00 3.355988008702058156e+00 3.508662847707014532e+00
2.640000000000000124e+00 3.375896923419789530e+00 3.505233099101229044e+00
2.649999999999999911e+00 3.389644061678236842e+00 3.502077251235657496e+00
2.660000000000000142e+00 3.404258000778199289e+00 3.495778303562163458e+00
2.669999999999999929e+00 3.410808633878364304e+00 3.493058176781998370e+00
2.680000000000000160e+00 3.417015917362450139e+00 3.489735082031012681e+00
2.689999999999999947e+00 3.421284542050734956e+00 3.487191466869934864e+00
2.700000000000000178e+00 3.425688391217767137e+00 3.485023657961309862e+00
2.709999999999999964e+00 3.426757491433943148e+00 3.484561580154573068e+00
2.720000000000000195e+00 3.427509951999053506e+00 3.484649684393540170e+00
2.729999999999999982e+00 3.428509400612686164e+00 3.484699946573402762e+00
2.740000000000000213e+00 3.429024468911900492e+00 3.485554101020083451e+00
2.750000000000000000e+00 3.427663973166884759e+00 3.489412697246132566e+00
2.760000000000000231e+00 3.426431143994204120e+00 3.492196550111898112e+00
2.770000000000000018e+00 3.425755530971156038e+00 3.494049676095379642e+00
2.780000000000000249e+00 3.425905994894601125e+00 3.495043641521834221e+00
2.790000000000000036e+00 3.426135427997946792e+00 3.495267109505295622e+00
2.800000000000000266e+00 3.426091589798168524e+00 3.496015195232196060e+00
2.810000000000000053e+00 3.426382099425479222e+00 3.496261495473698577e+00
2.819999999999999840e+00 3.426724147213124017e+00 3.496058940946437321e+00
2.830000000000000071e+00 3.427235226843099003e+00 3.495415841763277687e+00
2.839999999999999858e+00 3.427940335477807743e+00 3.494612632900259364e+00
2.850000000000000089e+00 3.428601374661509382e+00 3.493813426731045446e+00
2.859999999999999876e+00 3.429588577723587939e+00 3.492524339146529044e+00
2.870000000000000107e+00 3.431131211491481370e+00 3.490526340183361054e+00
2.879999999999999893e+00 3.432797325277330724e+00 3.488474218292233697e+00
2.890000000000000124e+00 3.435233306207968962e+00 3.485290184755013509e+00
2.899999999999999911e+00 3.435624334707255922e+00 3.484804241456989526e+00
2.910000000000000142e+00 3.436866797257205786e+00 3.483252027715900478e+00
2.919999999999999929e+00 3.437816040952152541e+00 3.482006481473499448e+00
2.930000000000000160e+00 3.439305086149443191e+00 3.480134026838075378e+00
2.939999999999999947e+00 3.440339337404354492e+00 3.478800335070506566e+00
2.950000000000000178e+00 3.442278373989221318e+00 3.476402596903684472e+00
2.959999999999999964e+00 3.444455248970475392e+00 3.473802792563948305e+00
2.970000000000000195e+00 3.445293321041325907e+00 3.472788479128618544e+00
2.979999999999999982e+00 3.446454699582861547e+00 3.471408907060815618e+00
2.990000000000000213e+00 3.448283085758849786e+00 3.469417338902786696e+00
3.000000000000000000e+00 3.449296297949132839e+00 3.468229329401674388e+00
