0.000000000000000000e+00 4.664299656376180714e-01 4.916199723562659774e-01
1.000000000000000021e-02 4.664299656376180714e-01 4.916199723562659774e-01
2.000000000000000042e-02 3.211007620748750124e+00 3.272200929861792229e+00
2.999999999999999889e-02 3.211007620748750124e+00 3.272200929861792229e+00
4.000000000000000083e-02 3.210998004319798316e+00 3.272138722603190164e+00
5.000000000000000278e-02 3.210992559679974878e+00 3.272120935870181047e+00
5.999999999999999778e-02 3.211002745594043084e+00 3.272114635663967874e+00
7.000000000000000666e-02 3.211003248474275651e+00 3.272091309130513714e+00
8.000000000000000167e-02 3.211012134950726793e+00 3.272079185525805567e+00
8.999999999999999667e-02 3.213088783841416607e+00 3.268321828574850763e+00
1.000000000000000056e-01 3.214388802966300585e+00 3.265526570673759732e+00
1.100000000000000006e-01 3.215442968351311936e+00 3.263621632693343155e+00
1.199999999999999956e-01 3.219213212062601581e+00 3.257563867095227383e+00
1.300000000000000044e-01 3.219468801449788309e+00 3.257218207870471005e+00
1.400000000000000133e-01 3.219697625093336235e+00 3.256906919813279622e+00
1.499999999999999944e-01 3.219844473028829590e+00 3.256596280302354707e+00
1.600000000000000033e-01 3.219916638140539966e+00 3.256372595348496546e+00
1.700000000000000122e-01 3.221981652078687031e+00 3.252872017979563157e+00
1.799999999999999933e-01 3.222568646460264308e+00 3.251858316573411845e+00
1.900000000000000022e-01 3.222802276732463778e+00 3.251413098481159114e+00
2.000000000000000111e-01 3.222944334435820846e+00 3.251151536645531248e+00
2.099999999999999922e-01 3.223100542697999504e+00 3.250771748075392598e+00
2.200000000000000011e-01 3.223079459625115550e+00 3.250731108202109088e+00
2.300000000000000100e-01 3.223001468791098834e+00 3.250544235540299365e+00
2.399999999999999911e-01 3.222973600976370978e+00 3.250237121555901165e+00
2.500000000000000000e-01 3.222959008945395443e+00 3.250037071376870035e+00
2.600000000000000089e-01 3.222855210123179770e+00 3.250034498772503166e+00
2.700000000000000178e-01 3.222165504178613471e+00 3.250319375186353721e+00
2.800000000000000266e-01 3.221318770869576298e+00 3.250676099888480053e+00
2.899999999999999800e-01 3.220300993512493992e+00 3.250929570113795020e+00
2.999999999999999889e-01 3.220081329552475058e+00 3.250922577264960811e+00
3.099999999999999978e-01 3.219891592112986700e+00 3.250920309122593999e+00
3.200000000000000067e-01 3.219577163115991514e+00 3.250936864164815976e+00
3.300000000000000155e-01 3.219483956400162938e+00 3.250962523931257842e+00
3.400000000000000244e-01 3.219308928521492419e+00 3.251006883408209980e+00
3.500000000000000333e-01 3.219179909603196332e+00 3.251042376883428897e+00
3.599999999999999867e-01 3.219149527767705354e+00 3.251032378570033021e+00
3.699999999999999956e-01 3.219117140750502593e+00 3.251013817019845042e+00
3.800000000000000044e-01 3.219074961493370246e+00 3.251023996560218343e+00
3.900000000000000133e-01 3.219561739786277244e+00 3.250647858359207554e+00
4.000000000000000222e-01 3.219623263959168646e+00 3.250601675911665822e+00
4.100000000000000311e-01 3.219626971961059958e+00 3.250592292307815434e+00
4.199999999999999845e-01 3.220152329493799925e+00 3.250223528035840026e+00
4.299999999999999933e-01 3.220671310761270778e+00 3.249922777111234229e+00
4.400000000000000022e-01 3.220880859586500833e+00 3.249781216328836209e+00
4.500000000000000111e-01 3.220875279561128846e+00 3.249792215851698085e+00
4.600000000000000200e-01 3.220849611635711707e+00 3.249811249098274235e+00
4.700000000000000289e-01 3.220868515345683303e+00 3.249806283386120764e+00
4.799999999999999822e-01 3.220855451065357311e+00 3.249851126507464993e+00
4.899999999999999911e-01 3.220858318432715084e+00 3.249862677732560545e+00
5.000000000000000000e-01 3.220534857559370412e+00 3.250054904570413239e+00
5.100000000000000089e-01 3.220488739601355288e+00 3.250106203964966856e+00
5.200000000000000178e-01 3.220277930105964526e+00 3.250214164286811869e+00
5.300000000000000266e-01 3.220282441145807528e+00 3.250214986870855416e+00
5.400000000000000355e-01 3.220027340582317432e+00 3.250345950771861947e+00
5.500000000000000444e-01 3.219726731296421729e+00 3.250550866607783806e+00
5.600000000000000533e-01 3.219356652952322317e+00 3.250771997674813729e+00
5.700000000000000622e-01 3.218447762101492415e+00 3.251350700127282778e+00
5.799999999999999600e-01 3.217978533737510638e+00 3.251684417169243169e+00
5.899999999999999689e-01 3.217554558293775013e+00 3.252030312969729220e+00
5.999999999999999778e-01 3.217428040037122017e+00 3.252370451293025155e+00
6.099999999999999867e-01 3.216696006812877151e+00 3.253420847692662043e+00
6.199999999999999956e-01 3.215897622345291751e+00 3.254538815662063378e+00
6.300000000000000044e-01 3.212837208707366443e+00 3.259028415076699048e+00
6.400000000000000133e-01 3.208744515883124038e+00 3.265616828807198502e+00
6.500000000000000222e-01 3.206925965048146310e+00 3.268904972776103257e+00
6.600000000000000311e-01 3.203041184812935427e+00 3.275980980576125745e+00
6.700000000000000400e-01 3.199577341661951735e+00 3.283561597284772482e+00
6.800000000000000488e-01 3.195402826889047088e+00 3.293796337272634656e+00
6.900000000000000577e-01 3.191753239610935822e+00 3.304822916628573637e+00
7.000000000000000666e-01 3.187503586414596857e+00 3.321351779858329412e+00
7.099999999999999645e-01 3.184480884715441551e+00 3.337755546206113255e+00
7.199999999999999734e-01 3.182842760465881327e+00 3.353348664299705462e+00
7.299999999999999822e-01 3.182866005651667773e+00 3.375446110971256797e+00
7.399999999999999911e-01 3.186564206248961639e+00 3.404198203037537063e+00
7.500000000000000000e-01 3.193184116202970380e+00 3.428757440570215032e+00
7.600000000000000089e-01 3.204442769702008142e+00 3.456735089666316263e+00
7.700000000000000178e-01 3.218204023189816798e+00 3.481391130876268836e+00
7.800000000000000266e-01 3.238574489665257961e+00 3.509037348418008850e+00
7.900000000000000355e-01 3.259005544186404535e+00 3.528049515003392145e+00
8.000000000000000444e-01 3.283143678477563832e+00 3.545428849565229079e+00
8.100000000000000533e-01 3.308986026164468353e+00 3.559970777200285763e+00
8.200000000000000622e-01 3.331014380858208668e+00 3.570093010580275283e+00
8.300000000000000711e-01 3.352588954122037723e+00 3.576859782297640233e+00
8.399999999999999689e-01 3.373402246510314395e+00 3.580189985049438750e+00
8.499999999999999778e-01 3.396746646170568429e+00 3.582448395333337476e+00
8.599999999999999867e-01 3.412070172851255023e+00 3.584534151227305010e+00
8.699999999999999956e-01 3.425368300731304938e+00 3.585803241064426050e+00
8.800000000000000044e-01 3.437331829510719583e+00 3.584401800435988772e+00
8.900000000000000133e-01 3.445374183686041647e+00 3.583024346182083875e+00
9.000000000000000222e-01 3.451371472611909130e+00 3.584799792994970868e+00
9.100000000000000311e-01 3.460182946984293295e+00 3.589621601579663590e+00
9.200000000000000400e-01 3.464898148729832705e+00 3.592553037688700712e+00
9.300000000000000488e-01 3.467160858420155645e+00 3.593054508353449972e+00
9.400000000000000577e-01 3.469653130268787855e+00 3.592974104461932328e+00
9.500000000000000666e-01 3.470615984007327626e+00 3.592743124488384510e+00
9.599999999999999645e-01 3.470780448495595305e+00 3.591801265877039295e+00
9.699999999999999734e-01 3.470677025552859174e+00 3.591750432180294883e+00
9.799999999999999822e-01 3.470570669534847053e+00 3.591690645362689782e+00
9.899999999999999911e-01 3.470138317097707592e+00 3.591971397968248603e+00
1.000000000000000000e+00 3.469879346260543507e+00 3.591958646946434186e+00
1.010000000000000009e+00 3.469879803775281157e+00 3.591265764671832006e+00
1.020000000000000018e+00 3.469963118873524710e+00 3.590765885924410927e+00
1.030000000000000027e+00 3.469894944148794735e+00 3.590026064271195416e+00
1.040000000000000036e+00 3.469872073974249460e+00 3.589423407535912602e+00
1.050000000000000044e+00 3.470002549697825511e+00 3.588568096254399098e+00
1.060000000000000053e+00 3.469578070252720803e+00 3.588794825116809140e+00
1.070000000000000062e+00 3.469426707340233840e+00 3.588847736982351933e+00
1.080000000000000071e+00 3.469655074285738827e+00 3.588418757224805411e+00
1.090000000000000080e+00 3.469589236706310142e+00 3.588340205465740507e+00
1.100000000000000089e+00 3.469423029025235472e+00 3.588693148824534163e+00
1.110000000000000098e+00 3.469936153916081345e+00 3.587797691150942825e+00
1.120000000000000107e+00 3.471056375415021211e+00 3.585081353318995578e+00
1.130000000000000115e+00 3.471989127639128814e+00 3.582224403597519480e+00
1.140000000000000124e+00 3.473587094415747423e+00 3.578400125237382490e+00
1.150000000000000133e+00 3.475489296771066439e+00 3.574067897805197180e+00
1.159999999999999920e+00 3.478001121764677794e+00 3.568360597114068167e+00
1.169999999999999929e+00 3.479376012898173443e+00 3.565820733484540206e+00
1.179999999999999938e+00 3.479992449163763713e+00 3.564105746012361298e+00
1.189999999999999947e+00 3.481086824362582988e+00 3.561827590825252798e+00
1.199999999999999956e+00 3.481935199494099464e+00 3.560099386463427606e+00
1.209999999999999964e+00 3.483086560527467235e+00 3.557621183918333152e+00
1.219999999999999973e+00 3.484115450118934643e+00 3.555324727693641496e+00
1.229999999999999982e+00 3.484746300057886881e+00 3.553275370178700765e+00
1.239999999999999991e+00 3.485790421040555920e+00 3.551120700389841289e+00
1.250000000000000000e+00 3.486459766409619743e+00 3.549527972819582100e+00
1.260000000000000009e+00 3.486298870257912519e+00 3.549045121217193177e+00
1.270000000000000018e+00 3.485789064773556323e+00 3.548109616161350122e+00
1.280000000000000027e+00 3.485614364289784994e+00 3.547740292273020124e+00
1.290000000000000036e+00 3.484913084262860838e+00 3.547022165380464553e+00
1.300000000000000044e+00 3.483449644485828056e+00 3.547735959156635754e+00
1.310000000000000053e+00 3.482686255892745830e+00 3.547813076063163873e+00
1.320000000000000062e+00 3.483090927588752272e+00 3.547298709480950052e+00
1.330000000000000071e+00 3.483735497399930381e+00 3.546959304331179119e+00
1.340000000000000080e+00 3.483661436215903517e+00 3.546856094559166284e+00
1.350000000000000089e+00 3.483650220953864896e+00 3.546744342659073013e+00
1.360000000000000098e+00 3.483134895098809025e+00 3.546675444337721750e+00
1.370000000000000107e+00 3.482793481422644444e+00 3.546350003460663647e+00
1.380000000000000115e+00 3.482140882011302896e+00 3.546272377328029801e+00
1.390000000000000124e+00 3.481698036526694739e+00 3.546268857055649537e+00
1.400000000000000133e+00 3.481447642575466794e+00 3.546472395652568110e+00
1.409999999999999920e+00 3.480130058745761534e+00 3.546907401676754557e+00
1.419999999999999929e+00 3.479735819397757002e+00 3.547055703124215587e+00
1.429999999999999938e+00 3.478831975016989819e+00 3.547402448997102109e+00
1.439999999999999947e+00 3.478391976211283154e+00 3.547697982780721571e+00
1.449999999999999956e+00 3.477723830783620240e+00 3.548028207232699405e+00
1.459999999999999964e+00 3.476848008949026347e+00 3.548516470115914867e+00
1.469999999999999973e+00 3.476052085572585160e+00 3.548939923370972860e+00
1.479999999999999982e+00 3.475412350075795409e+00 3.549214668847963772e+00
1.489999999999999991e+00 3.475134592122293142e+00 3.549365457511687083e+00
1.500000000000000000e+00 3.474705984966311778e+00 3.549666065276112281e+00
1.510000000000000009e+00 3.474254181626744931e+00 3.549868676635317577e+00
1.520000000000000018e+00 3.473798809823955391e+00 3.550320913295780034e+00
1.530000000000000027e+00 3.472747225212356792e+00 3.550734350982406529e+00
1.540000000000000036e+00 3.471940484572936025e+00 3.551140949371765831e+00
1.550000000000000044e+00 3.471363072948836503e+00 3.551365117082214695e+00
1.560000000000000053e+00 3.470968572144624176e+00 3.551677673640135424e+00
1.570000000000000062e+00 3.470851097961483500e+00 3.551603961290302092e+00
1.580000000000000071e+00 3.469741509218856379e+00 3.552719495152786955e+00
1.590000000000000080e+00 3.469116689573494838e+00 3.553044499524863120e+00
1.600000000000000089e+00 3.468136379627424493e+00 3.554418913718027095e+00
1.610000000000000098e+00 3.467362982824316209e+00 3.555118264643678305e+00
1.620000000000000107e+00 3.466487949694808890e+00 3.555799729252639985e+00
1.630000000000000115e+00 3.465327157181423701e+00 3.557237098814327148e+00
1.640000000000000124e+00 3.464264808177187849e+00 3.557511547470852964e+00
1.650000000000000133e+00 3.462987582649465157e+00 3.558805694266085506e+00
1.660000000000000142e+00 3.460246923359767912e+00 3.560867952204807452e+00
1.669999999999999929e+00 3.458330910654373813e+00 3.561665597300223585e+00
1.679999999999999938e+00 3.456773403785196042e+00 3.561049038155111202e+00
1.689999999999999947e+00 3.455174672910737765e+00 3.562611202338171079e+00
1.699999999999999956e+00 3.451169373113965655e+00 3.566177076976442706e+00
1.709999999999999964e+00 3.445885708436096539e+00 3.569616335531150764e+00
1.719999999999999973e+00 3.443772618189926860e+00 3.571387789362792553e+00
1.729999999999999982e+00 3.441771922660819438e+00 3.573420895627983374e+00
1.739999999999999991e+00 3.437675915733946930e+00 3.576239490936623078e+00
1.750000000000000000e+00 3.435337683197555503e+00 3.578174531205597031e+00
1.760000000000000009e+00 3.428618770460812648e+00 3.582586433959277450e+00
1.770000000000000018e+00 3.417944211772417695e+00 3.589389656406903661e+00
1.780000000000000027e+00 3.410662040477402179e+00 3.594195125674597868e+00
1.790000000000000036e+00 3.400873123739819093e+00 3.600473609005351072e+00
1.800000000000000044e+00 3.393942697222408267e+00 3.606867172901454754e+00
1.810000000000000053e+00 3.393514799989770125e+00 3.613631634941985027e+00
1.820000000000000062e+00 3.391954047912825398e+00 3.618413615484963319e+00
1.830000000000000071e+00 3.393637581248978741e+00 3.627198187250395556e+00
1.840000000000000080e+00 3.404592264069046692e+00 3.636341343108687951e+00
1.850000000000000089e+00 3.412740755353163014e+00 3.648316308083345394e+00
1.860000000000000098e+00 3.415779084545060407e+00 3.657140614685133961e+00
1.870000000000000107e+00 3.418602267164376762e+00 3.666294523902746683e+00
1.880000000000000115e+00 3.420897345168047998e+00 3.680889841726369127e+00
1.890000000000000124e+00 3.422245662018132517e+00 3.695856612971949229e+00
1.900000000000000133e+00 3.424092953900485625e+00 3.712527598071903689e+00
1.910000000000000142e+00 3.426191162789965272e+00 3.729448740397786732e+00
1.919999999999999929e+00 3.428940054996424625e+00 3.747269501277989523e+00
1.929999999999999938e+00 3.433211644427356823e+00 3.765612655976237733e+00
1.939999999999999947e+00 3.438710936845832844e+00 3.785206460953659313e+00
1.949999999999999956e+00 3.445279419272835320e+00 3.804136991874282003e+00
1.959999999999999964e+00 3.453417022413999060e+00 3.824951425099581304e+00
1.969999999999999973e+00 3.464961821191423930e+00 3.849888101537114693e+00
1.979999999999999982e+00 3.480949329328395070e+00 3.876760047774456819e+00
1.989999999999999991e+00 3.502169493015921731e+00 3.903954782439552851e+00
2.000000000000000000e+00 3.522879639941217000e+00 3.926378319410322781e+00
2.010000000000000231e+00 3.547297281435502825e+00 3.947464618674741743e+00
2.020000000000000018e+00 3.575186715796150327e+00 3.967106548425995083e+00
2.030000000000000249e+00 3.605496217466969355e+00 3.983340429528575477e+00
2.040000000000000036e+00 3.637236991570171440e+00 3.996461892430606788e+00
2.049999999999999822e+00 3.666449538218578663e+00 4.004771244457164592e+00
2.060000000000000053e+00 3.695771201041517351e+00 4.010538803350153003e+00
2.069999999999999840e+00 3.726185389967863859e+00 4.013052303246553265e+00
2.080000000000000071e+00 3.753234488785521350e+00 4.012844953257783231e+00
2.089999999999999858e+00 3.780824185110782665e+00 4.009995883053089294e+00
2.100000000000000089e+00 3.801260155190075540e+00 4.006315772763644922e+00
2.109999999999999876e+00 3.818624185001682214e+00 4.001662403333354767e+00
2.120000000000000107e+00 3.836440564842244161e+00 3.996119121789912132e+00
2.129999999999999893e+00 3.847736636115564934e+00 3.992071731108175037e+00
2.140000000000000124e+00 3.860072565044102344e+00 3.986938173109355166e+00
2.149999999999999911e+00 3.868831176530069360e+00 3.982970228637510157e+00
2.160000000000000142e+00 3.874855772054547565e+00 3.980207288386469422e+00
2.169999999999999929e+00 3.881075090948961304e+00 3.977111925337888820e+00
2.180000000000000160e+00 3.885634348556623152e+00 3.974816220815553969e+00
2.189999999999999947e+00 3.889037677152114014e+00 3.973078094008012151e+00
2.200000000000000178e+00 3.892789744270463537e+00 3.971029438564161573e+00
2.209999999999999964e+00 3.896640438557485986e+00 3.968933541368623530e+00
2.220000000000000195e+00 3.898538934018489943e+00 3.968045662772777593e+00
2.229999999999999982e+00 3.899754560353644983e+00 3.967399423363319855e+00
2.240000000000000213e+00 3.901812405623682256e+00 3.966295821820013057e+00
2.250000000000000000e+00 3.902127262206539271e+00 3.966485200566784108e+00
2.260000000000000231e+00 3.903468763525999030e+00 3.965743242804490976e+00
2.270000000000000018e+00 3.904806817468216007e+00 3.964989065810630375e+00
2.280000000000000249e+00 3.904285246392095399e+00 3.965599701799547017e+00
2.290000000000000036e+00 3.901767451592410563e+00 3.968028596056972557e+00
2.300000000000000266e+00 3.897666301680887901e+00 3.971551814259206115e+00
2.310000000000000053e+00 3.897805428804655303e+00 3.971546957207422235e+00
2.319999999999999840e+00 3.899719771526422019e+00 3.970329891135130129e+00
2.330000000000000071e+00 3.898145516200711036e+00 3.971951327976535495e+00
2.339999999999999858e+00 3.902531349145745398e+00 3.968540218198919778e+00
2.350000000000000089e+00 3.905542899145832525e+00 3.966442722864398807e+00
2.359999999999999876e+00 3.905366214383745316e+00 3.966680983969068208e+00
2.370000000000000107e+00 3.905293703434367547e+00 3.966947482688527149e+00
2.379999999999999893e+00 3.907061147208796825e+00 3.965758442949665508e+00
2.390000000000000124e+00 3.907063872977948549e+00 3.965847328022265472e+00
2.399999999999999911e+00 3.905749321852295175e+00 3.967214464935691964e+00
2.410000000000000142e+00 3.905911716145158419e+00 3.967150525165914932e+00
2.419999999999999929e+00 3.908694057607818628e+00 3.964993867907356417e+00
2.430000000000000160e+00 3.908895788551338679e+00 3.964902988404265916e+00
2.439999999999999947e+00 3.909132163151236572e+00 3.964783403951195329e+00
2.450000000000000178e+00 3.912845380733026790e+00 3.961786096785055111e+00
2.459999999999999964e+00 3.918142184277964013e+00 3.957235909994649248e+00
2.470000000000000195e+00 3.918260897619474381e+00 3.957142123849642257e+00
2.479999999999999982e+00 3.919014261407536281e+00 3.956635141139346779e+00
2.490000000000000213e+00 3.919483236595931785e+00 3.956359262531456089e+00
2.500000000000000000e+00 3.919579364204350824e+00 3.956300175647791129e+00
2.510000000000000231e+00 3.919693523392138168e+00 3.956245186143460657e+00
2.520000000000000018e+00 3.919718419860052983e+00 3.956238402759384876e+00
2.530000000000000249e+00 3.919776554629633480e+00 3.956215331361462972e+00
2.540000000000000036e+00 3.919824984019722347e+00 3.956200543409857939e+00
2.550000000000000266e+00 3.919899538994229271e+00 3.956182508067690673e+00
2.560000000000000053e+00 3.919940979745693443e+00 3.956161289312534191e+00
2.569999999999999840e+00 3.919964418361332914e+00 3.956117242929789501e+00
2.580000000000000071e+00 3.919937449626901493e+00 3.956106274433156766e+00
2.589999999999999858e+00 3.919643450111270688e+00 3.956304250718234883e+00
2.600000000000000089e+00 3.919512402485216374e+00 3.956393347427045182e+00
2.609999999999999876e+00 3.919352019407352561e+00 3.956501381547847362e+00
2.620000000000000107e+00 3.919941053159412547e+00 3.956127853467289235e+00
2.629999999999999893e+00 3.920056789022652310e+00 3.956095282052786821e+00
2.640000000000000124e+00 3.920089025296851659e+00 3.956043648910835486e+00
2.649999999999999911e+00 3.919876832157145330e+00 3.956186352700223452e+00
2.660000000000000142e+00 3.919947758674224403e+00 3.956127767453590849e+00
2.669999999999999929e+00 3.919992263476767658e+00 3.956070607593140220e+00
2.680000000000000160e+00 3.920309569802514105e+00 3.955856576938399094e+00
2.689999999999999947e+00 3.920282950977237668e+00 3.955843641081897566e+00
2.700000000000000178e+00 3.920309809799000789e+00 3.955815589857294867e+00
2.709999999999999964e+00 3.920297565406725138e+00 3.955802840457990133e+00
2.720000000000000195e+00 3.920326996593276103e+00 3.955773222680291301e+00
2.729999999999999982e+00 3.920362266681391983e+00 3.955757530658047028e+00
2.740000000000000213e+00 3.920522207332505893e+00 3.955678848275289816e+00
2.750000000000000000e+00 3.920562703290586093e+00 3.955628941001291921e+00
2.760000000000000231e+00 3.920563595662153400e+00 3.955628877854310499e+00
2.770000000000000018e+00 3.920593438807963516e+00 3.955619705761433735e+00
2.780000000000000249e+00 3.920630945868671891e+00 3.955596687102138187e+00
2.790000000000000036e+00 3.920633838438247309e+00 3.955596550431992320e+00
2.800000000000000266e+00 3.920634020413401810e+00 3.955584592524525878e+00
2.810000000000000053e+00 3.920636088910609995e+00 3.955584069342105824e+00
2.819999999999999840e+00 3.920645633768665039e+00 3.955573097687138162e+00
2.830000000000000071e+00 3.920654463214417351e+00 3.955560302381972537e+00
2.839999999999999858e+00 3.920682864940965295e+00 3.955555779878294764e+00
2.850000000000000089e+00 3.920686247961016502e+00 3.955554237607029844e+00
2.859999999999999876e+00 3.920697919986912083e+00 3.955552278687290091e+00
2.870000000000000107e+00 3.920712840707007985e+00 3.955547057392891475e+00
2.879999999999999893e+00 3.920719339483014654e+00 3.955552171733148992e+00
2.890000000000000124e+00 3.920769933058645407e+00 3.955527043331239945e+00
2.899999999999999911e+00 3.920819705038064207e+00 3.955489904313093774e+00
2.910000000000000142e+00 3.920816831712685691e+00 3.955488498158492128e+00
2.919999999999999929e+00 3.920833235822210217e+00 3.955492129864206508e+00
2.930000000000000160e+00 3.920836893846277427e+00 3.955489892299886456e+00
2.939999999999999947e+00 3.920840526336346166e+00 3.955490895158138009e+00
2.950000000000000178e+00 3.920845214912781262e+00 3.955491985957732215e+00
2.959999999999999964e+00 3.920871225503161028e+00 3.955493629915044274e+00
2.970000000000000195e+00 3.920865228509144096e+00 3.955486344719692404e+00
2.979999999999999982e+00 3.920867298426522041e+00 3.955485443301307136e+00
2.990000000000000213e+00 3.920861289076404077e+00 3.955476610436840623e+00
3.000000000000000000e+00 3.920855992585907224e+00 3.955471976407279655e+00
