0.000000000000000000e+00 1.033976357358098008e+00
1.000000000000000021e-02 1.034063238250017225e+00
2.000000000000000042e-02 1.042404772765636478e+00
2.999999999999999889e-02 2.811842653391361413e+00
4.000000000000000083e-02 3.173370679483413781e+00
5.000000000000000278e-02 3.173229844779968278e+00
5.999999999999999778e-02 3.173298218731880116e+00
7.000000000000000666e-02 3.174208810672760173e+00
8.000000000000000167e-02 3.174371519689560106e+00
8.999999999999999667e-02 3.174312129325866483e+00
1.000000000000000056e-01 3.174202979683875991e+00
1.100000000000000006e-01 3.173894529807567810e+00
1.199999999999999956e-01 3.173337429265976173e+00
1.300000000000000044e-01 3.172567844099998258e+00
1.400000000000000133e-01 3.171394590528011204e+00
1.499999999999999944e-01 3.170485904583931092e+00
1.600000000000000033e-01 3.169351023545265100e+00
1.700000000000000122e-01 3.168539839146137016e+00
1.799999999999999933e-01 3.167649732816219199e+00
1.900000000000000022e-01 3.166687078237533370e+00
2.000000000000000111e-01 3.165651517226696132e+00
2.099999999999999922e-01 3.164752623829841571e+00
2.200000000000000011e-01 3.163483686356544311e+00
2.300000000000000100e-01 3.162359595456123440e+00
2.399999999999999911e-01 3.161282252597808817e+00
2.500000000000000000e-01 3.160585462989807137e+00
2.600000000000000089e-01 3.160473633966446094e+00
2.700000000000000178e-01 3.160536517965793823e+00
2.800000000000000266e-01 3.160746194953918398e+00
2.899999999999999800e-01 3.160661876630783240e+00
2.999999999999999889e-01 3.160530033187866294e+00
3.099999999999999978e-01 3.160540643851756926e+00
3.200000000000000067e-01 3.160342942817210954e+00
3.300000000000000155e-01 3.160226304209232229e+00
3.400000000000000244e-01 3.159905109651088839e+00
3.500000000000000333e-01 3.158363069953918245e+00
3.599999999999999867e-01 3.155494791848659553e+00
3.699999999999999956e-01 3.156399645943641641e+00
3.800000000000000044e-01 3.162471224477291010e+00
3.900000000000000133e-01 3.164420288839340234e+00
4.000000000000000222e-01 3.166437357459068291e+00
4.100000000000000311e-01 3.167498431260585612e+00
4.199999999999999845e-01 3.168614131929874400e+00
4.299999999999999933e-01 3.170415931570529811e+00
4.400000000000000022e-01 3.173150774986743805e+00
4.500000000000000111e-01 3.175854709692001343e+00
4.600000000000000200e-01 3.179417725481986867e+00
4.700000000000000289e-01 3.182563476779460832e+00
4.799999999999999822e-01 3.186775094201564684e+00
4.899999999999999911e-01 3.191218040120601618e+00
5.000000000000000000e-01 3.196169033057689735e+00
5.100000000000000089e-01 3.201308419778347236e+00
5.200000000000000178e-01 3.206789736094474819e+00
5.300000000000000266e-01 3.212390397143364051e+00
5.400000000000000355e-01 3.217767458667755154e+00
5.500000000000000444e-01 3.223542134222984412e+00
5.600000000000000533e-01 3.229639139866828934e+00
5.700000000000000622e-01 3.237049901528358475e+00
5.799999999999999600e-01 3.244954433028698126e+00
5.899999999999999689e-01 3.252423476419449067e+00
5.999999999999999778e-01 3.258752318582534890e+00
6.099999999999999867e-01 3.266197566909790240e+00
6.199999999999999956e-01 3.272876476233005594e+00
6.300000000000000044e-01 3.279983384380340539e+00
6.400000000000000133e-01 3.286932693765163283e+00
6.500000000000000222e-01 3.294871027588844203e+00
6.600000000000000311e-01 3.302587508747577782e+00
6.700000000000000400e-01 3.308233430469035952e+00
6.800000000000000488e-01 3.313112251050472246e+00
6.900000000000000577e-01 3.318446551125049382e+00
7.000000000000000666e-01 3.322859315571784933e+00
7.099999999999999645e-01 3.326653886384963954e+00
7.199999999999999734e-01 3.330288638415336511e+00
7.299999999999999822e-01 3.332986868500709576e+00
7.399999999999999911e-01 3.335492714879512821e+00
7.500000000000000000e-01 3.337323777711391326e+00
7.600000000000000089e-01 3.338733950276374873e+00
7.700000000000000178e-01 3.339985750889778338e+00
7.800000000000000266e-01 3.340739001748561865e+00
7.900000000000000355e-01 3.341419165720939777e+00
8.000000000000000444e-01 3.341972396383285471e+00
8.100000000000000533e-01 3.342494989297390084e+00
8.200000000000000622e-01 3.342768703224658911e+00
8.300000000000000711e-01 3.343161669709682648e+00
8.399999999999999689e-01 3.343376586709022380e+00
8.499999999999999778e-01 3.343682886178493519e+00
8.599999999999999867e-01 3.343905128755569667e+00
8.699999999999999956e-01 3.343989836575985031e+00
8.800000000000000044e-01 3.344138000922203258e+00
8.900000000000000133e-01 3.344239466590881449e+00
9.000000000000000222e-01 3.344259779074191918e+00
9.100000000000000311e-01 3.344353189461231057e+00
9.200000000000000400e-01 3.344438479254245866e+00
9.300000000000000488e-01 3.344487028687000318e+00
9.400000000000000577e-01 3.344537591762542839e+00
9.500000000000000666e-01 3.344564251294136259e+00
9.599999999999999645e-01 3.344626517770290519e+00
9.699999999999999734e-01 3.344663243074417203e+00
9.799999999999999822e-01 3.344705821430683290e+00
9.899999999999999911e-01 3.344703413615226939e+00
1.000000000000000000e+00 3.344493221883773959e+00
1.010000000000000009e+00 3.343132926836013930e+00
1.020000000000000018e+00 3.340072282514572333e+00
1.030000000000000027e+00 3.338089893882274506e+00
1.040000000000000036e+00 3.337080462925434254e+00
1.050000000000000044e+00 3.337527602655887549e+00
1.060000000000000053e+00 3.339719600944519140e+00
1.070000000000000062e+00 3.341213138611316857e+00
1.080000000000000071e+00 3.341821837947368756e+00
1.090000000000000080e+00 3.343180129654407473e+00
1.100000000000000089e+00 3.343267729728221838e+00
1.110000000000000098e+00 3.343377902724742778e+00
1.120000000000000107e+00 3.343842008051872039e+00
1.130000000000000115e+00 3.344189471964836180e+00
1.140000000000000124e+00 3.344592181310653611e+00
1.150000000000000133e+00 3.345123297383785221e+00
1.159999999999999920e+00 3.345428718080520447e+00
1.169999999999999929e+00 3.345504070677757458e+00
1.179999999999999938e+00 3.345037658720016349e+00
1.189999999999999947e+00 3.344692949557304562e+00
1.199999999999999956e+00 3.343749367847442588e+00
1.209999999999999964e+00 3.343807698106765702e+00
1.219999999999999973e+00 3.344137030928135079e+00
1.229999999999999982e+00 3.344184731903076191e+00
1.239999999999999991e+00 3.344372972671985522e+00
1.250000000000000000e+00 3.344662574918269904e+00
1.260000000000000009e+00 3.344808364992141847e+00
1.270000000000000018e+00 3.344932421486377816e+00
1.280000000000000027e+00 3.345180887908935752e+00
1.290000000000000036e+00 3.346527416627407270e+00
1.300000000000000044e+00 3.347749055213928404e+00
1.310000000000000053e+00 3.348653761491775516e+00
1.320000000000000062e+00 3.348766260261535788e+00
1.330000000000000071e+00 3.348914507617950509e+00
1.340000000000000080e+00 3.349181955785751175e+00
1.350000000000000089e+00 3.349247548563480503e+00
1.360000000000000098e+00 3.348119867575168662e+00
1.370000000000000107e+00 3.340455215667486044e+00
1.380000000000000115e+00 3.336288784319162204e+00
1.390000000000000124e+00 3.336465554355382945e+00
1.400000000000000133e+00 3.336663608969450134e+00
1.409999999999999920e+00 3.346623618776798370e+00
1.419999999999999929e+00 3.326311767239570560e+00
1.429999999999999938e+00 3.320040076644420690e+00
1.439999999999999947e+00 3.336337923402786121e+00
1.449999999999999956e+00 3.363457592375278526e+00
1.459999999999999964e+00 3.365593391795158595e+00
1.469999999999999973e+00 3.367087828335761923e+00
1.479999999999999982e+00 3.368914976332187727e+00
1.489999999999999991e+00 3.369947708601951586e+00
1.500000000000000000e+00 3.370584171392917661e+00
1.510000000000000009e+00 3.371439002051353384e+00
1.520000000000000018e+00 3.371896811938285943e+00
1.530000000000000027e+00 3.372173793983459511e+00
1.540000000000000036e+00 3.372597719173431319e+00
1.550000000000000044e+00 3.373236717245578831e+00
1.560000000000000053e+00 3.373680878889560919e+00
1.570000000000000062e+00 3.374187385821342477e+00
1.580000000000000071e+00 3.374778718860149240e+00
1.590000000000000080e+00 3.375373347728252593e+00
1.600000000000000089e+00 3.375837100310325578e+00
1.610000000000000098e+00 3.376553789639472836e+00
1.620000000000000107e+00 3.377045687606334834e+00
1.630000000000000115e+00 3.377612698671817792e+00
1.640000000000000124e+00 3.378046365749836077e+00
1.650000000000000133e+00 3.378323831038474889e+00
1.660000000000000142e+00 3.377694515535831332e+00
1.669999999999999929e+00 3.377866479113102116e+00
1.679999999999999938e+00 3.377787921490669198e+00
1.689999999999999947e+00 3.377208534879684532e+00
1.699999999999999956e+00 3.377471826426982737e+00
1.709999999999999964e+00 3.378202808713913097e+00
1.719999999999999973e+00 3.379479518594741716e+00
1.729999999999999982e+00 3.382174108510017430e+00
1.739999999999999991e+00 3.386825676691532117e+00
1.750000000000000000e+00 3.392674641950130354e+00
1.760000000000000009e+00 3.399190281763076804e+00
1.770000000000000018e+00 3.405920782499313404e+00
1.780000000000000027e+00 3.415349720971584180e+00
1.790000000000000036e+00 3.421355068110227382e+00
1.800000000000000044e+00 3.431575975940227341e+00
1.810000000000000053e+00 3.445391581850052010e+00
1.820000000000000062e+00 3.459835974566936478e+00
1.830000000000000071e+00 3.480509931950569236e+00
1.840000000000000080e+00 3.506869984862804213e+00
1.850000000000000089e+00 3.529368957700729226e+00
1.860000000000000098e+00 3.552967341573238347e+00
1.870000000000000107e+00 3.575528385869264802e+00
1.880000000000000115e+00 3.607441880278587476e+00
1.890000000000000124e+00 3.631709245297908950e+00
1.900000000000000133e+00 3.651848273136615752e+00
1.910000000000000142e+00 3.665022895431518712e+00
1.919999999999999929e+00 3.680864845602512148e+00
1.929999999999999938e+00 3.696392862067222396e+00
1.939999999999999947e+00 3.708736835346222005e+00
1.949999999999999956e+00 3.719622982950210766e+00
1.959999999999999964e+00 3.727929470255374689e+00
1.969999999999999973e+00 3.735109996192455206e+00
1.979999999999999982e+00 3.742211306533813620e+00
1.989999999999999991e+00 3.746879862518310400e+00
2.000000000000000000e+00 3.750623366672992898e+00
2.010000000000000231e+00 3.753693502240181168e+00
2.020000000000000018e+00 3.756008950536251056e+00
2.030000000000000249e+00 3.758097826585769852e+00
2.040000000000000036e+00 3.759879709820747262e+00
2.049999999999999822e+00 3.761434084088802532e+00
2.060000000000000053e+00 3.762496792364120601e+00
2.069999999999999840e+00 3.763989468431472751e+00
2.080000000000000071e+00 3.765100779728889346e+00
2.089999999999999858e+00 3.766244564900398384e+00
2.100000000000000089e+00 3.767516570677757137e+00
2.109999999999999876e+00 3.768778116517066845e+00
2.120000000000000107e+00 3.769817692921161534e+00
2.129999999999999893e+00 3.771418389084339129e+00
2.140000000000000124e+00 3.772474460361003867e+00
2.149999999999999911e+00 3.773949650526046806e+00
2.160000000000000142e+00 3.775047627558708374e+00
2.169999999999999929e+00 3.775599126617908308e+00
2.180000000000000160e+00 3.776113617045879334e+00
2.189999999999999947e+00 3.776553595695495424e+00
2.200000000000000178e+00 3.777363706233501262e+00
2.209999999999999964e+00 3.777798816843032981e+00
2.220000000000000195e+00 3.778179057979583533e+00
2.229999999999999982e+00 3.778363246116638319e+00
2.240000000000000213e+00 3.778489438724518035e+00
2.250000000000000000e+00 3.778609771566391107e+00
2.260000000000000231e+00 3.778698138673305618e+00
2.270000000000000018e+00 3.778663635492324868e+00
2.280000000000000249e+00 3.778531555070876902e+00
2.290000000000000036e+00 3.778612431151866957e+00
2.300000000000000266e+00 3.778575486419200935e+00
2.310000000000000053e+00 3.778803529398441441e+00
2.319999999999999840e+00 3.778879792802333881e+00
2.330000000000000071e+00 3.779052948350906327e+00
2.339999999999999858e+00 3.779252747392654488e+00
2.350000000000000089e+00 3.779385111267566710e+00
2.359999999999999876e+00 3.779637942638397252e+00
2.370000000000000107e+00 3.779912490210532994e+00
2.379999999999999893e+00 3.780162402648926001e+00
2.390000000000000124e+00 3.780249878408908693e+00
2.399999999999999911e+00 3.780381015806198342e+00
2.410000000000000142e+00 3.780530750205516988e+00
2.419999999999999929e+00 3.780642257449626786e+00
2.430000000000000160e+00 3.780735995895862622e+00
2.439999999999999947e+00 3.780790831840038280e+00
2.450000000000000178e+00 3.780853971502780908e+00
2.459999999999999964e+00 3.780903280847072612e+00
2.470000000000000195e+00 3.780999268839359218e+00
2.479999999999999982e+00 3.781132422513961977e+00
2.490000000000000213e+00 3.781259471368789704e+00
2.500000000000000000e+00 3.781447668836116716e+00
2.510000000000000231e+00 3.781697198753356748e+00
2.520000000000000018e+00 3.781820687515735635e+00
2.530000000000000249e+00 3.781900116927623845e+00
2.540000000000000036e+00 3.782020495858192444e+00
2.550000000000000266e+00 3.782108209018707257e+00
2.560000000000000053e+00 3.782143537242412368e+00
2.569999999999999840e+00 3.782236251032352392e+00
2.580000000000000071e+00 3.782274512836933056e+00
2.589999999999999858e+00 3.782356238439083196e+00
2.600000000000000089e+00 3.782366931824684197e+00
2.609999999999999876e+00 3.782392485339641564e+00
2.620000000000000107e+00 3.782411055338382511e+00
2.629999999999999893e+00 3.782436040430068758e+00
2.640000000000000124e+00 3.782434220998287078e+00
2.649999999999999911e+00 3.782439229834079875e+00
2.660000000000000142e+00 3.782437113034725407e+00
2.669999999999999929e+00 3.782430212850570683e+00
2.680000000000000160e+00 3.782430772371291994e+00
2.689999999999999947e+00 3.782430095639228718e+00
2.700000000000000178e+00 3.782468315644264223e+00
2.709999999999999964e+00 3.782468995401859324e+00
2.720000000000000195e+00 3.782473856816291669e+00
2.729999999999999982e+00 3.782496244039535327e+00
2.740000000000000213e+00 3.782502164218425555e+00
2.750000000000000000e+00 3.782520908424854333e+00
2.760000000000000231e+00 3.782571849768161965e+00
2.770000000000000018e+00 3.782613650414943685e+00
2.780000000000000249e+00 3.782624839596748334e+00
2.790000000000000036e+00 3.782630881526470201e+00
2.800000000000000266e+00 3.782649980134964007e+00
2.810000000000000053e+00 3.782657310211658519e+00
2.819999999999999840e+00 3.782661616668701043e+00
2.830000000000000071e+00 3.782664394490718784e+00
2.839999999999999858e+00 3.782662223112583266e+00
2.850000000000000089e+00 3.782672758798599322e+00
2.859999999999999876e+00 3.782688843076229102e+00
2.870000000000000107e+00 3.782688202574253200e+00
2.879999999999999893e+00 3.782701345682144112e+00
2.890000000000000124e+00 3.782699439918995044e+00
2.899999999999999911e+00 3.782699339013099848e+00
2.910000000000000142e+00 3.782699339013099848e+00
2.919999999999999929e+00 3.782699049155711979e+00
2.930000000000000160e+00 3.782698303704261633e+00
2.939999999999999947e+00 3.782698303704261633e+00
2.950000000000000178e+00 3.782697663278579814e+00
2.959999999999999964e+00 3.782697663278579814e+00
2.970000000000000195e+00 3.782697663278579814e+00
2.979999999999999982e+00 3.782697663278579814e+00
2.990000000000000213e+00 3.782697663278579814e+00
3.000000000000000000e+00 3.782697663278579814e+00
