0.000000000000000000e+00 7.093747822182909779e-01 8.548569103605014874e-01
1.000000000000000021e-02 7.110017137388733310e-01 8.589365690501185036e-01
2.000000000000000042e-02 7.210132256761930813e-01 1.119621793150529898e+00
2.999999999999999889e-02 1.096213570173888652e+00 1.518951273304314231e+00
4.000000000000000083e-02 1.199794299993337754e+00 1.638262638094602375e+00
5.000000000000000278e-02 1.242967118743542265e+00 1.807748759735938293e+00
5.999999999999999778e-02 1.401371296394456234e+00 2.171783290995966453e+00
7.000000000000000666e-02 1.820033959521285549e+00 2.497287825933464323e+00
8.000000000000000167e-02 2.016112930354473143e+00 2.554411561868789704e+00
8.999999999999999667e-02 2.099163192054005034e+00 2.558253958722381594e+00
1.000000000000000056e-01 2.121093217076673199e+00 2.569125285883531618e+00
1.100000000000000006e-01 2.132556770095730858e+00 2.577655290484523132e+00
1.199999999999999956e-01 2.133453603121006292e+00 2.577641701825892806e+00
1.300000000000000044e-01 2.127344523050997971e+00 2.757782257118011948e+00
1.400000000000000133e-01 2.117660574371698523e+00 3.050192967183706472e+00
1.499999999999999944e-01 2.184174013894791155e+00 3.294962185636764129e+00
1.600000000000000033e-01 2.347573641119233390e+00 3.590694783267744494e+00
1.700000000000000122e-01 2.610022127845549988e+00 3.837447738311028367e+00
1.799999999999999933e-01 2.871199953399622196e+00 3.956250063585317278e+00
1.900000000000000022e-01 3.099124340619100693e+00 3.989751910401331259e+00
2.000000000000000111e-01 3.292497329347598090e+00 3.980631155187619008e+00
2.099999999999999922e-01 3.384199608350946242e+00 3.961485042618559049e+00
2.200000000000000011e-01 3.389407796809229101e+00 3.960878109472242503e+00
2.300000000000000100e-01 3.397857413207911570e+00 3.957205103533841140e+00
2.399999999999999911e-01 3.388092835237771716e+00 3.954576504900663814e+00
2.500000000000000000e-01 3.380693753179818017e+00 3.946825280962675819e+00
2.600000000000000089e-01 3.388972183422599649e+00 3.928153163166489215e+00
2.700000000000000178e-01 3.353841080753831250e+00 3.903298478839369423e+00
2.800000000000000266e-01 3.267528951897986644e+00 3.857093535122506189e+00
2.899999999999999800e-01 3.207292178094269364e+00 3.810801125891325913e+00
2.999999999999999889e-01 3.148290824825702661e+00 3.753285055601657927e+00
3.099999999999999978e-01 3.103936071866863156e+00 3.687548112941868350e+00
3.200000000000000067e-01 3.074918602728113459e+00 3.625543253966107660e+00
3.300000000000000155e-01 3.059359446484077871e+00 3.567445949109565362e+00
3.400000000000000244e-01 3.052130896299011908e+00 3.508920400130621786e+00
3.500000000000000333e-01 3.055526578969427032e+00 3.451059976301721566e+00
3.599999999999999867e-01 3.073356383884406018e+00 3.375730859739327183e+00
3.699999999999999956e-01 3.103185930217349675e+00 3.304210285788929280e+00
3.800000000000000044e-01 3.129942776728896536e+00 3.257997710117073620e+00
3.900000000000000133e-01 3.141338838757528062e+00 3.241892696267114626e+00
4.000000000000000222e-01 3.144330047447057463e+00 3.237955287106661029e+00
4.100000000000000311e-01 3.145637942518413777e+00 3.235396629749118791e+00
4.199999999999999845e-01 3.144325857399374868e+00 3.233372962681381857e+00
4.299999999999999933e-01 3.143948464124683539e+00 3.232373958174701301e+00
4.400000000000000022e-01 3.143213362074127826e+00 3.228296152539023911e+00
4.500000000000000111e-01 3.142443502218393192e+00 3.225642958529325810e+00
4.600000000000000200e-01 3.140146459661914857e+00 3.223094979847477060e+00
4.700000000000000289e-01 3.138401680134265792e+00 3.221037954303295425e+00
4.799999999999999822e-01 3.138548194714271489e+00 3.219706852549827580e+00
4.899999999999999911e-01 3.139853644723451964e+00 3.217835764980756075e+00
5.000000000000000000e-01 3.142945742632277106e+00 3.216028685978524759e+00
5.100000000000000089e-01 3.143678417219172072e+00 3.215392224908818708e+00
5.200000000000000178e-01 3.145244450254775170e+00 3.214220307459496606e+00
5.300000000000000266e-01 3.147257551202341297e+00 3.212983325233892629e+00
5.400000000000000355e-01 3.150606979442141409e+00 3.210806144766308989e+00
5.500000000000000444e-01 3.152195322717393999e+00 3.209359125057493323e+00
5.600000000000000533e-01 3.153207534878935459e+00 3.208251910144601649e+00
5.700000000000000622e-01 3.153578953522941930e+00 3.208015885477760065e+00
5.799999999999999600e-01 3.153617203403755731e+00 3.208002886112883978e+00
5.899999999999999689e-01 3.153801360623341044e+00 3.207956589673061298e+00
5.999999999999999778e-01 3.154669588439603434e+00 3.207701203181604566e+00
6.099999999999999867e-01 3.155675544724957593e+00 3.207386610769732638e+00
6.199999999999999956e-01 3.155931584681618940e+00 3.207329711881529821e+00
6.300000000000000044e-01 3.156323179201523832e+00 3.207265273528654870e+00
6.400000000000000133e-01 3.156533954572581901e+00 3.207248388762570013e+00
6.500000000000000222e-01 3.156533954572581901e+00 3.207248388762570013e+00
6.600000000000000311e-01 3.156533954572581901e+00 3.207248388762570013e+00
6.700000000000000400e-01 3.156533954572581901e+00 3.207248388762570013e+00
6.800000000000000488e-01 3.156533954572581901e+00 3.207248388762570013e+00
6.900000000000000577e-01 3.156533954572581901e+00 3.207248388762570013e+00
7.000000000000000666e-01 3.156533954572581901e+00 3.207248388762570013e+00
7.099999999999999645e-01 3.156533954572581901e+00 3.207248388762570013e+00
7.199999999999999734e-01 3.156533954572581901e+00 3.207248388762570013e+00
7.299999999999999822e-01 3.156533954572581901e+00 3.207248388762570013e+00
7.399999999999999911e-01 3.156533954572581901e+00 3.207248388762570013e+00
7.500000000000000000e-01 3.156533954572581901e+00 3.207248388762570013e+00
7.600000000000000089e-01 3.156533954572581901e+00 3.207248388762570013e+00
7.700000000000000178e-01 3.156533954572581901e+00 3.207248388762570013e+00
7.800000000000000266e-01 3.156533954572581901e+00 3.207248388762570013e+00
7.900000000000000355e-01 3.156533954572581901e+00 3.207248388762570013e+00
8.000000000000000444e-01 3.156533954572581901e+00 3.207248388762570013e+00
8.100000000000000533e-01 3.156533954572581901e+00 3.207248388762570013e+00
8.200000000000000622e-01 3.156533954572581901e+00 3.207248388762570013e+00
8.300000000000000711e-01 3.156533954572581901e+00 3.207248388762570013e+00
8.399999999999999689e-01 3.156533954572581901e+00 3.207248388762570013e+00
8.499999999999999778e-01 3.156533954572581901e+00 3.207248388762570013e+00
8.599999999999999867e-01 3.156533954572581901e+00 3.207248388762570013e+00
8.699999999999999956e-01 3.156533954572581901e+00 3.207248388762570013e+00
8.800000000000000044e-01 3.156533954572581901e+00 3.207248388762570013e+00
8.900000000000000133e-01 3.156533954572581901e+00 3.207248388762570013e+00
9.000000000000000222e-01 3.156533954572581901e+00 3.207248388762570013e+00
9.100000000000000311e-01 3.156533954572581901e+00 3.207248388762570013e+00
9.200000000000000400e-01 3.156533954572581901e+00 3.207248388762570013e+00
9.300000000000000488e-01 3.156533954572581901e+00 3.207248388762570013e+00
9.400000000000000577e-01 3.156533954572581901e+00 3.207248388762570013e+00
9.500000000000000666e-01 3.156533954572581901e+00 3.207248388762570013e+00
9.599999999999999645e-01 3.156533954572581901e+00 3.207248388762570013e+00
9.699999999999999734e-01 3.156533954572581901e+00 3.207248388762570013e+00
9.799999999999999822e-01 3.156533954572581901e+00 3.207248388762570013e+00
9.899999999999999911e-01 3.156533954572581901e+00 3.207248388762570013e+00
1.000000000000000000e+00 3.156533954572581901e+00 3.207248388762570013e+00
1.010000000000000009e+00 3.156533954572581901e+00 3.207248388762570013e+00
1.020000000000000018e+00 3.156533954572581901e+00 3.207248388762570013e+00
1.030000000000000027e+00 3.156533954572581901e+00 3.207248388762570013e+00
1.040000000000000036e+00 3.156533954572581901e+00 3.207248388762570013e+00
1.050000000000000044e+00 3.156533954572581901e+00 3.207248388762570013e+00
1.060000000000000053e+00 3.156533953519010893e+00 3.207248610548830037e+00
1.070000000000000062e+00 3.156533953519010893e+00 3.207248610548830037e+00
1.080000000000000071e+00 3.156533953519010893e+00 3.207248610548830037e+00
1.090000000000000080e+00 3.156533953519010893e+00 3.207248610548830037e+00
1.100000000000000089e+00 3.156533953519010893e+00 3.207248610548830037e+00
1.110000000000000098e+00 3.156533953519010893e+00 3.207248610548830037e+00
1.120000000000000107e+00 3.156533953519010893e+00 3.207248610548830037e+00
1.130000000000000115e+00 3.156533953519010893e+00 3.207248610548830037e+00
1.140000000000000124e+00 3.156533953519010893e+00 3.207248610548830037e+00
1.150000000000000133e+00 3.156533953519010893e+00 3.207248610548830037e+00
1.159999999999999920e+00 3.156533953519010893e+00 3.207248610548830037e+00
1.169999999999999929e+00 3.156533953519010893e+00 3.207248610548830037e+00
1.179999999999999938e+00 3.156533953519010893e+00 3.207248610548830037e+00
1.189999999999999947e+00 3.156533953519010893e+00 3.207248610548830037e+00
1.199999999999999956e+00 3.156533953519010893e+00 3.207248610548830037e+00
1.209999999999999964e+00 3.156533953519010893e+00 3.207248610548830037e+00
1.219999999999999973e+00 3.156533953519010893e+00 3.207248610548830037e+00
1.229999999999999982e+00 3.156533953519010893e+00 3.207248610548830037e+00
1.239999999999999991e+00 3.156533786529681862e+00 3.207248508673527176e+00
1.250000000000000000e+00 3.156533719734160304e+00 3.207248467923195623e+00
1.260000000000000009e+00 3.156534625812262629e+00 3.207249098285942512e+00
1.270000000000000018e+00 3.156535024562100666e+00 3.207249751510401481e+00
1.280000000000000027e+00 3.156536488087195558e+00 3.207251620013695792e+00
1.290000000000000036e+00 3.156573895090279525e+00 3.207304621841254200e+00
1.300000000000000044e+00 3.156583563696518713e+00 3.207318352731093558e+00
1.310000000000000053e+00 3.156596657012508356e+00 3.207342219702197905e+00
1.320000000000000062e+00 3.156602287079240732e+00 3.207350736764524868e+00
1.330000000000000071e+00 3.156619488304978294e+00 3.207372432328337464e+00
1.340000000000000080e+00 3.156649088140087489e+00 3.207400848860186837e+00
1.350000000000000089e+00 3.156680770669332947e+00 3.207421051230081144e+00
1.360000000000000098e+00 3.156701900315794784e+00 3.207438214616265437e+00
1.370000000000000107e+00 3.156703250039716302e+00 3.207438800517420141e+00
1.380000000000000115e+00 3.156703448807608670e+00 3.207438921783554608e+00
1.390000000000000124e+00 3.156703448807608670e+00 3.207438921783554608e+00
1.400000000000000133e+00 3.156703448807608670e+00 3.207438921783554608e+00
1.409999999999999920e+00 3.156703448807608670e+00 3.207438921783554608e+00
1.419999999999999929e+00 3.156703448807608670e+00 3.207438921783554608e+00
1.429999999999999938e+00 3.156703448807608670e+00 3.207438921783554608e+00
1.439999999999999947e+00 3.156703448807608670e+00 3.207438921783554608e+00
1.449999999999999956e+00 3.156704879255907148e+00 3.207439266719206206e+00
1.459999999999999964e+00 3.156710361902877349e+00 3.207441086122825968e+00
1.469999999999999973e+00 3.156710491084274928e+00 3.207441342488112745e+00
1.479999999999999982e+00 3.156711810242810667e+00 3.207441725142321065e+00
1.489999999999999991e+00 3.156711810242810667e+00 3.207441725142321065e+00
1.500000000000000000e+00 3.156711810242810667e+00 3.207441725142321065e+00
1.510000000000000009e+00 3.156706253073718216e+00 3.207439683372471428e+00
1.520000000000000018e+00 3.156675317670274428e+00 3.207432835906576241e+00
1.530000000000000027e+00 3.156663444076675873e+00 3.207429622062544894e+00
1.540000000000000036e+00 3.156662981773448617e+00 3.207429505828784944e+00
1.550000000000000044e+00 3.156662981773448617e+00 3.207429505828784944e+00
1.560000000000000053e+00 3.156661337066859474e+00 3.207430069206982814e+00
1.570000000000000062e+00 3.156650300024542943e+00 3.207431565376724691e+00
1.580000000000000071e+00 3.156584638919666119e+00 3.207449372415706712e+00
1.590000000000000080e+00 3.155992440514623798e+00 3.207739819493234723e+00
1.600000000000000089e+00 3.155351785912550611e+00 3.208022132568322249e+00
1.610000000000000098e+00 3.155048705112174723e+00 3.208145294001861991e+00
1.620000000000000107e+00 3.154096737269337147e+00 3.208558098221843125e+00
1.630000000000000115e+00 3.153490706697747559e+00 3.208798214606001675e+00
1.640000000000000124e+00 3.153356656876534991e+00 3.208841116208105859e+00
1.650000000000000133e+00 3.153356656876534991e+00 3.208841116208105859e+00
1.660000000000000142e+00 3.153356656876534991e+00 3.208841116208105859e+00
1.669999999999999929e+00 3.153356656876534991e+00 3.208841116208105859e+00
1.679999999999999938e+00 3.153356571186242352e+00 3.208841087171377726e+00
1.689999999999999947e+00 3.153356571186242352e+00 3.208841087171377726e+00
1.699999999999999956e+00 3.153354070693533018e+00 3.208841073506792263e+00
1.709999999999999964e+00 3.150780703598615062e+00 3.210504191244486272e+00
1.719999999999999973e+00 3.140275576097241395e+00 3.216894978745707956e+00
1.729999999999999982e+00 3.135428190476708732e+00 3.219538468101210693e+00
1.739999999999999991e+00 3.129212818868030155e+00 3.222791962587963077e+00
1.750000000000000000e+00 3.125229691685185163e+00 3.224778641635432930e+00
1.760000000000000009e+00 3.119613229231550378e+00 3.227402448334977692e+00
1.770000000000000018e+00 3.114745107034781135e+00 3.229315161763093300e+00
1.780000000000000027e+00 3.111142556874693099e+00 3.230732004897653553e+00
1.790000000000000036e+00 3.108164150380915647e+00 3.235213235864811576e+00
1.800000000000000044e+00 3.107386919088719335e+00 3.235827694363238027e+00
1.810000000000000053e+00 3.106557107655546712e+00 3.237248972971894734e+00
1.820000000000000062e+00 3.106481964752849212e+00 3.237270694024387385e+00
1.830000000000000071e+00 3.102970655118308940e+00 3.244318744867958237e+00
1.840000000000000080e+00 3.096777480188288578e+00 3.258452899993977248e+00
1.850000000000000089e+00 3.096407761248972434e+00 3.265218942728612461e+00
1.860000000000000098e+00 3.098398435270827811e+00 3.277063676941353698e+00
1.870000000000000107e+00 3.099760768271463629e+00 3.283904808148367049e+00
1.880000000000000115e+00 3.100761623258732946e+00 3.289799280786372293e+00
1.890000000000000124e+00 3.098991450917680357e+00 3.291926945540945670e+00
1.900000000000000133e+00 3.098925463489155874e+00 3.295893224274058397e+00
1.910000000000000142e+00 3.099576238188870736e+00 3.301768077721468853e+00
1.919999999999999929e+00 3.099927769019994450e+00 3.306096472551431908e+00
1.929999999999999938e+00 3.101325139836597078e+00 3.312410490208339997e+00
1.939999999999999947e+00 3.103583530259912848e+00 3.323485081848318146e+00
1.949999999999999956e+00 3.106873734176975432e+00 3.337728921991962139e+00
1.959999999999999964e+00 3.108801911643226390e+00 3.356346762935440431e+00
1.969999999999999973e+00 3.110584498799429554e+00 3.376376140348329002e+00
1.979999999999999982e+00 3.113508712229146713e+00 3.395832663889513103e+00
1.989999999999999991e+00 3.116806682903319636e+00 3.413284170148819907e+00
2.000000000000000000e+00 3.107969612006882709e+00 3.437459406810064788e+00
2.010000000000000231e+00 3.059796563838380834e+00 3.484786845318418536e+00
2.020000000000000018e+00 3.080014078168503477e+00 3.501975727637179236e+00
2.030000000000000249e+00 3.163983054020748309e+00 3.486549086415423826e+00
2.040000000000000036e+00 3.181154654805331550e+00 3.504415525858731062e+00
2.049999999999999822e+00 3.198195729142400356e+00 3.520462559632089761e+00
2.060000000000000053e+00 3.216319059557588123e+00 3.534015620498983434e+00
2.069999999999999840e+00 3.200337607023098663e+00 3.560289485357425399e+00
2.080000000000000071e+00 3.218259147754126026e+00 3.578609199652261097e+00
2.089999999999999858e+00 3.240445197700210223e+00 3.588675616918854061e+00
2.100000000000000089e+00 3.258756945571092078e+00 3.596315789528700346e+00
2.109999999999999876e+00 3.272491693658008405e+00 3.602355883947238713e+00
2.120000000000000107e+00 3.300234507665594119e+00 3.599710890135805474e+00
2.129999999999999893e+00 3.341301626237777711e+00 3.582649749809356798e+00
2.140000000000000124e+00 3.383468545312225295e+00 3.557249011212051393e+00
2.149999999999999911e+00 3.391572924206557982e+00 3.554378733813461810e+00
2.160000000000000142e+00 3.398021377291480682e+00 3.550421872492035114e+00
2.169999999999999929e+00 3.408469947236327791e+00 3.543819133946152000e+00
2.180000000000000160e+00 3.414110139050457349e+00 3.540039013357188402e+00
2.189999999999999947e+00 3.417673337119591093e+00 3.537954697262275072e+00
2.200000000000000178e+00 3.418521311986627342e+00 3.537217813904104613e+00
2.209999999999999964e+00 3.419183042688212826e+00 3.536792184205212575e+00
2.220000000000000195e+00 3.423672458919684303e+00 3.533292814431985285e+00
2.229999999999999982e+00 3.430801804879166195e+00 3.528638926879904769e+00
2.240000000000000213e+00 3.433694410673821640e+00 3.526127563794409614e+00
2.250000000000000000e+00 3.435065811836309102e+00 3.524657241514139727e+00
2.260000000000000231e+00 3.435254589786246537e+00 3.524274995141312150e+00
2.270000000000000018e+00 3.435390549141658312e+00 3.523658166344867837e+00
2.280000000000000249e+00 3.435538398994469222e+00 3.522910436087584696e+00
2.290000000000000036e+00 3.436153959248148482e+00 3.520753231632626878e+00
2.300000000000000266e+00 3.436382324605802729e+00 3.519485325802942377e+00
2.310000000000000053e+00 3.436851476584328324e+00 3.517694532593833578e+00
2.319999999999999840e+00 3.437530993811216629e+00 3.515270409291658016e+00
2.330000000000000071e+00 3.437965198092380881e+00 3.514078166666110725e+00
2.339999999999999858e+00 3.438286932945760821e+00 3.513085058254686199e+00
2.350000000000000089e+00 3.438410738592229787e+00 3.512663290471949029e+00
2.359999999999999876e+00 3.438586051574686220e+00 3.512170091089269253e+00
2.370000000000000107e+00 3.438586051574686220e+00 3.512170091089269253e+00
2.379999999999999893e+00 3.438586895912319807e+00 3.512170287105411237e+00
2.390000000000000124e+00 3.438586895912319807e+00 3.512170287105411237e+00
2.399999999999999911e+00 3.438587180639193441e+00 3.512170288280560548e+00
2.410000000000000142e+00 3.438587178912388520e+00 3.512170286278499365e+00
2.419999999999999929e+00 3.438587178912388520e+00 3.512170286278499365e+00
2.430000000000000160e+00 3.438587178912388520e+00 3.512170286278499365e+00
2.439999999999999947e+00 3.438587178912388520e+00 3.512170286278499365e+00
2.450000000000000178e+00 3.438587178912388520e+00 3.512170286278499365e+00
2.459999999999999964e+00 3.438587178912388520e+00 3.512170286278499365e+00
2.470000000000000195e+00 3.438587166232613512e+00 3.512170287180396144e+00
2.479999999999999982e+00 3.438587166232613512e+00 3.512170287180396144e+00
2.490000000000000213e+00 3.438587166232613512e+00 3.512170287180396144e+00
2.500000000000000000e+00 3.438587166232613512e+00 3.512170287180396144e+00
2.510000000000000231e+00 3.438587166232613512e+00 3.512170287180396144e+00
2.520000000000000018e+00 3.438587166232613512e+00 3.512170287180396144e+00
2.530000000000000249e+00 3.438587166232613512e+00 3.512170287180396144e+00
2.540000000000000036e+00 3.438587166232613512e+00 3.512170287180396144e+00
2.550000000000000266e+00 3.438587166232613512e+00 3.512170287180396144e+00
2.560000000000000053e+00 3.438587166232613512e+00 3.512170287180396144e+00
2.569999999999999840e+00 3.438587166232613512e+00 3.512170287180396144e+00
2.580000000000000071e+00 3.438587166232613512e+00 3.512170287180396144e+00
2.589999999999999858e+00 3.438587166232613512e+00 3.512170287180396144e+00
2.600000000000000089e+00 3.438587166232613512e+00 3.512170287180396144e+00
2.609999999999999876e+00 3.438587166232613512e+00 3.512170287180396144e+00
2.620000000000000107e+00 3.438587166232613512e+00 3.512170287180396144e+00
2.629999999999999893e+00 3.438587166232613512e+00 3.512170287180396144e+00
2.640000000000000124e+00 3.438587166232613512e+00 3.512170287180396144e+00
2.649999999999999911e+00 3.438587166232613512e+00 3.512170287180396144e+00
2.660000000000000142e+00 3.438587166232613512e+00 3.512170287180396144e+00
2.669999999999999929e+00 3.438587166232613512e+00 3.512170287180396144e+00
2.680000000000000160e+00 3.438587166232613512e+00 3.512170287180396144e+00
2.689999999999999947e+00 3.438587166232613512e+00 3.512170287180396144e+00
2.700000000000000178e+00 3.438587166232613512e+00 3.512170287180396144e+00
2.709999999999999964e+00 3.438587166232613512e+00 3.512170287180396144e+00
2.720000000000000195e+00 3.438587166232613512e+00 3.512170287180396144e+00
2.729999999999999982e+00 3.438587166232613512e+00 3.512170287180396144e+00
2.740000000000000213e+00 3.438587113357130853e+00 3.512170404500420950e+00
2.750000000000000000e+00 3.438587113357130853e+00 3.512170404500420950e+00
2.760000000000000231e+00 3.438587113357130853e+00 3.512170404500420950e+00
2.770000000000000018e+00 3.438587113357130853e+00 3.512170404500420950e+00
2.780000000000000249e+00 3.438587113357130853e+00 3.512170404500420950e+00
2.790000000000000036e+00 3.438587113357130853e+00 3.512170404500420950e+00
2.800000000000000266e+00 3.438587113357130853e+00 3.512170404500420950e+00
2.810000000000000053e+00 3.438587113357130853e+00 3.512170404500420950e+00
2.819999999999999840e+00 3.438587113357130853e+00 3.512170404500420950e+00
2.830000000000000071e+00 3.438587113357130853e+00 3.512170404500420950e+00
2.839999999999999858e+00 3.438587281375775628e+00 3.512170065335383118e+00
2.850000000000000089e+00 3.438587281375775628e+00 3.512170065335383118e+00
2.859999999999999876e+00 3.438609774174340217e+00 3.512187931280486453e+00
2.870000000000000107e+00 3.438621345049341471e+00 3.512200787275831182e+00
2.879999999999999893e+00 3.438626634867784748e+00 3.512202831713560069e+00
2.890000000000000124e+00 3.438609826338808517e+00 3.512484391309697251e+00
2.899999999999999911e+00 3.438599609760386588e+00 3.512718303733723513e+00
2.910000000000000142e+00 3.438597013230483501e+00 3.512793242935974281e+00
2.919999999999999929e+00 3.438595114347342108e+00 3.512810510395165675e+00
2.930000000000000160e+00 3.438604322597108798e+00 3.512749812386907422e+00
2.939999999999999947e+00 3.438610016524490831e+00 3.512707792856994082e+00
2.950000000000000178e+00 3.438630415276325181e+00 3.512579277120792653e+00
2.959999999999999964e+00 3.438633206330027114e+00 3.512559660333905320e+00
2.970000000000000195e+00 3.438633261170879862e+00 3.512559668626292542e+00
2.979999999999999982e+00 3.438635205127243299e+00 3.512545347069259360e+00
2.990000000000000213e+00 3.438635205127243299e+00 3.512545347069259360e+00
3.000000000000000000e+00 3.438635205127243299e+00 3.512545347069259360e+00
