0.000000000000000000e+00 8.815419616019726234e-01
1.000000000000000021e-02 8.881750490921735963e-01
2.000000000000000042e-02 8.881746174854040499e-01
2.999999999999999889e-02 8.879930544793606106e-01
4.000000000000000083e-02 2.665882745677232712e+00
5.000000000000000278e-02 2.669620851569175723e+00
5.999999999999999778e-02 2.712577671726942086e+00
7.000000000000000666e-02 2.787629342521428910e+00
8.000000000000000167e-02 2.852581580934524741e+00
8.999999999999999667e-02 3.027775554604530406e+00
1.000000000000000056e-01 3.141781334159374328e+00
1.100000000000000006e-01 3.148720489394664757e+00
1.199999999999999956e-01 3.172917704205513001e+00
1.300000000000000044e-01 3.176196996033191500e+00
1.400000000000000133e-01 3.179753341703414726e+00
1.499999999999999944e-01 3.192003436894416790e+00
1.600000000000000033e-01 3.191231657650470677e+00
1.700000000000000122e-01 3.183472120749950562e+00
1.799999999999999933e-01 3.171360303068161191e+00
1.900000000000000022e-01 3.160491032440662540e+00
2.000000000000000111e-01 3.159711021723747404e+00
2.099999999999999922e-01 3.160523927497863816e+00
2.200000000000000011e-01 3.161049921658038997e+00
2.300000000000000100e-01 3.161432692415714119e+00
2.399999999999999911e-01 3.161907612907886467e+00
2.500000000000000000e-01 3.162190370469093459e+00
2.600000000000000089e-01 3.162489436385631514e+00
2.700000000000000178e-01 3.162939475667476685e+00
2.800000000000000266e-01 3.163704906504154035e+00
2.899999999999999800e-01 3.164570157516002791e+00
2.999999999999999889e-01 3.165497058277130016e+00
3.099999999999999978e-01 3.166417079768180987e+00
3.200000000000000067e-01 3.167193482866287102e+00
3.300000000000000155e-01 3.168209717688560634e+00
3.400000000000000244e-01 3.169144957396984097e+00
3.500000000000000333e-01 3.169707564668655220e+00
3.599999999999999867e-01 3.170315583670139326e+00
3.699999999999999956e-01 3.170798890395164271e+00
3.800000000000000044e-01 3.170538898496627844e+00
3.900000000000000133e-01 3.168599607191085799e+00
4.000000000000000222e-01 3.165619392185211378e+00
4.100000000000000311e-01 3.160538367710113317e+00
4.199999999999999845e-01 3.158940667793750823e+00
4.299999999999999933e-01 3.157904219408035118e+00
4.400000000000000022e-01 3.155688711373806132e+00
4.500000000000000111e-01 3.154529234576225249e+00
4.600000000000000200e-01 3.154802067904472374e+00
4.700000000000000289e-01 3.156147586615085654e+00
4.799999999999999822e-01 3.157757213921546846e+00
4.899999999999999911e-01 3.159588120071887829e+00
5.000000000000000000e-01 3.161464485020637483e+00
5.100000000000000089e-01 3.162814363293647624e+00
5.200000000000000178e-01 3.164471244399547523e+00
5.300000000000000266e-01 3.165707668678760633e+00
5.400000000000000355e-01 3.167088592324256879e+00
5.500000000000000444e-01 3.167983578221797991e+00
5.600000000000000533e-01 3.168454239072799883e+00
5.700000000000000622e-01 3.169007510297298325e+00
5.799999999999999600e-01 3.169411804630756446e+00
5.899999999999999689e-01 3.169774534707069602e+00
5.999999999999999778e-01 3.169892003057003027e+00
6.099999999999999867e-01 3.169964723324775857e+00
6.199999999999999956e-01 3.170021548619270213e+00
6.300000000000000044e-01 3.170086795167923022e+00
6.400000000000000133e-01 3.170127920918464515e+00
6.500000000000000222e-01 3.170155172016620782e+00
6.600000000000000311e-01 3.170203699152469579e+00
6.700000000000000400e-01 3.170256430087089683e+00
6.800000000000000488e-01 3.170283996095657475e+00
6.900000000000000577e-01 3.170329793405533003e+00
7.000000000000000666e-01 3.170359718475341815e+00
7.099999999999999645e-01 3.170374289207458673e+00
7.199999999999999734e-01 3.170437426049709462e+00
7.299999999999999822e-01 3.170466220200061969e+00
7.399999999999999911e-01 3.170513364629745645e+00
7.500000000000000000e-01 3.170572615392208249e+00
7.600000000000000089e-01 3.170632968077659708e+00
7.700000000000000178e-01 3.170695187559127604e+00
7.800000000000000266e-01 3.170736706550121298e+00
7.900000000000000355e-01 3.170773596205711531e+00
8.000000000000000444e-01 3.170815352997780057e+00
8.100000000000000533e-01 3.170844972960948915e+00
8.200000000000000622e-01 3.170923263990879093e+00
8.300000000000000711e-01 3.170967841300964540e+00
8.399999999999999689e-01 3.171023579807281667e+00
8.499999999999999778e-01 3.171084494524002206e+00
8.599999999999999867e-01 3.171140378704071061e+00
8.699999999999999956e-01 3.171205111613273786e+00
8.800000000000000044e-01 3.171290939354896476e+00
8.900000000000000133e-01 3.171381787209510694e+00
9.000000000000000222e-01 3.171525787718295852e+00
9.100000000000000311e-01 3.171668225328922119e+00
9.200000000000000400e-01 3.171862140681743547e+00
9.300000000000000488e-01 3.172081390612125240e+00
9.400000000000000577e-01 3.172280783505439850e+00
9.500000000000000666e-01 3.172607789809704038e+00
9.599999999999999645e-01 3.173003362627029311e+00
9.699999999999999734e-01 3.173297275559902264e+00
9.799999999999999822e-01 3.173735291924476787e+00
9.899999999999999911e-01 3.174050019710064063e+00
1.000000000000000000e+00 3.174418870294093864e+00
1.010000000000000009e+00 3.174817599434852422e+00
1.020000000000000018e+00 3.175344494364261472e+00
1.030000000000000027e+00 3.175942379057407283e+00
1.040000000000000036e+00 3.176311695024967019e+00
1.050000000000000044e+00 3.176536732800006924e+00
1.060000000000000053e+00 3.176661013944149126e+00
1.070000000000000062e+00 3.177665715246200673e+00
1.080000000000000071e+00 3.178609918749332408e+00
1.090000000000000080e+00 3.177425382246970909e+00
1.100000000000000089e+00 3.177555978059768638e+00
1.110000000000000098e+00 3.182248874058723587e+00
1.120000000000000107e+00 3.184258839190006185e+00
1.130000000000000115e+00 3.185062301883697433e+00
1.140000000000000124e+00 3.185952396888732885e+00
1.150000000000000133e+00 3.186807916886806424e+00
1.159999999999999920e+00 3.187737462909221442e+00
1.169999999999999929e+00 3.188645410211086162e+00
1.179999999999999938e+00 3.189428338735103452e+00
1.189999999999999947e+00 3.190271669478416339e+00
1.199999999999999956e+00 3.191282417681217343e+00
1.209999999999999964e+00 3.192089984860420060e+00
1.219999999999999973e+00 3.192805077681541537e+00
1.229999999999999982e+00 3.193550267758369365e+00
1.239999999999999991e+00 3.194231485264301451e+00
1.250000000000000000e+00 3.194753493950366785e+00
1.260000000000000009e+00 3.195325363962650211e+00
1.270000000000000018e+00 3.195904681215286036e+00
1.280000000000000027e+00 3.196604241118431222e+00
1.290000000000000036e+00 3.197279992375373858e+00
1.300000000000000044e+00 3.197823956847190896e+00
1.310000000000000053e+00 3.198369308829307478e+00
1.320000000000000062e+00 3.199044563527107421e+00
1.330000000000000071e+00 3.199899530463218511e+00
1.340000000000000080e+00 3.200711239600181557e+00
1.350000000000000089e+00 3.201477145435810190e+00
1.360000000000000098e+00 3.202329555687904339e+00
1.370000000000000107e+00 3.203121037669181881e+00
1.380000000000000115e+00 3.203822869021892394e+00
1.390000000000000124e+00 3.204715112364292295e+00
1.400000000000000133e+00 3.206001536450385991e+00
1.409999999999999920e+00 3.207806990380287271e+00
1.419999999999999929e+00 3.209163796987533512e+00
1.429999999999999938e+00 3.210817310948371972e+00
1.439999999999999947e+00 3.211866233720779285e+00
1.449999999999999956e+00 3.212894620745181840e+00
1.459999999999999964e+00 3.214468160095214966e+00
1.469999999999999973e+00 3.215920698835849745e+00
1.479999999999999982e+00 3.217386813626289310e+00
1.489999999999999991e+00 3.219284742848873115e+00
1.500000000000000000e+00 3.221170608484745124e+00
1.510000000000000009e+00 3.223000603833198419e+00
1.520000000000000018e+00 3.225060861732959694e+00
1.530000000000000027e+00 3.227371820256709878e+00
1.540000000000000036e+00 3.229611284778118208e+00
1.550000000000000044e+00 3.231965982050895470e+00
1.560000000000000053e+00 3.234622047584057025e+00
1.570000000000000062e+00 3.237293967394828886e+00
1.580000000000000071e+00 3.240087672095298910e+00
1.590000000000000080e+00 3.243366518023014233e+00
1.600000000000000089e+00 3.246496308572292211e+00
1.610000000000000098e+00 3.248743777172565572e+00
1.620000000000000107e+00 3.251048509149551347e+00
1.630000000000000115e+00 3.254324141097068690e+00
1.640000000000000124e+00 3.253504564173221425e+00
1.650000000000000133e+00 3.254505304372310448e+00
1.660000000000000142e+00 3.254904767313003600e+00
1.669999999999999929e+00 3.256470709652900641e+00
1.679999999999999938e+00 3.259138680956363832e+00
1.689999999999999947e+00 3.263862100489139717e+00
1.699999999999999956e+00 3.272737052826881321e+00
1.709999999999999964e+00 3.280173979074954893e+00
1.719999999999999973e+00 3.291476462175845885e+00
1.729999999999999982e+00 3.295563846850395162e+00
1.739999999999999991e+00 3.296900630960464262e+00
1.750000000000000000e+00 3.298681557781696139e+00
1.760000000000000009e+00 3.301562658693790286e+00
1.770000000000000018e+00 3.302672951495647435e+00
1.780000000000000027e+00 3.303777844958305288e+00
1.790000000000000036e+00 3.306040227105617735e+00
1.800000000000000044e+00 3.309446712374687127e+00
1.810000000000000053e+00 3.311273929860591991e+00
1.820000000000000062e+00 3.314115606651306223e+00
1.830000000000000071e+00 3.316767589323520671e+00
1.840000000000000080e+00 3.318535298588276117e+00
1.850000000000000089e+00 3.319518363156318763e+00
1.860000000000000098e+00 3.319454305698871455e+00
1.870000000000000107e+00 3.319019007153511058e+00
1.880000000000000115e+00 3.319395759859085082e+00
1.890000000000000124e+00 3.319791369056701580e+00
1.900000000000000133e+00 3.320088727300166909e+00
1.910000000000000142e+00 3.320226233532428850e+00
1.919999999999999929e+00 3.320207116267681169e+00
1.929999999999999938e+00 3.319546124956607613e+00
1.939999999999999947e+00 3.319156116039752913e+00
1.949999999999999956e+00 3.318546884407997055e+00
1.959999999999999964e+00 3.317934086904525959e+00
1.969999999999999973e+00 3.317337016625404367e+00
1.979999999999999982e+00 3.316837804043292870e+00
1.989999999999999991e+00 3.316505163679122958e+00
2.000000000000000000e+00 3.316241488215923461e+00
2.010000000000000231e+00 3.315805475971698613e+00
2.020000000000000018e+00 3.315599390182494943e+00
2.030000000000000249e+00 3.315186764004230291e+00
2.040000000000000036e+00 3.314962951667308921e+00
2.049999999999999822e+00 3.314407684776782936e+00
2.060000000000000053e+00 3.313837641403674983e+00
2.069999999999999840e+00 3.313672554447650853e+00
2.080000000000000071e+00 3.313299606082439563e+00
2.089999999999999858e+00 3.312831556043625003e+00
2.100000000000000089e+00 3.312367498421668888e+00
2.109999999999999876e+00 3.311501152255535096e+00
2.120000000000000107e+00 3.310809127023220277e+00
2.129999999999999893e+00 3.310281746828556138e+00
2.140000000000000124e+00 3.309690780050754455e+00
2.149999999999999911e+00 3.309130055334568166e+00
2.160000000000000142e+00 3.308103717222213636e+00
2.169999999999999929e+00 3.306387223916053664e+00
2.180000000000000160e+00 3.305864586317539100e+00
2.189999999999999947e+00 3.305502294490337167e+00
2.200000000000000178e+00 3.305191340723037552e+00
2.209999999999999964e+00 3.305030841045379475e+00
2.220000000000000195e+00 3.304982050366401580e+00
2.229999999999999982e+00 3.304797439467907161e+00
2.240000000000000213e+00 3.304705058617591895e+00
2.250000000000000000e+00 3.303536899368762825e+00
2.260000000000000231e+00 3.301828370180130090e+00
2.270000000000000018e+00 3.299804437808990354e+00
2.280000000000000249e+00 3.296301446316242334e+00
2.290000000000000036e+00 3.294262345328331065e+00
2.300000000000000266e+00 3.293706346995830536e+00
2.310000000000000053e+00 3.294441249639987745e+00
2.319999999999999840e+00 3.295388452138900970e+00
2.330000000000000071e+00 3.297918265724182341e+00
2.339999999999999858e+00 3.299538109998703117e+00
2.350000000000000089e+00 3.303293034744262613e+00
2.359999999999999876e+00 3.311566253128051862e+00
2.370000000000000107e+00 3.318369709379672905e+00
2.379999999999999893e+00 3.323388000133037590e+00
2.390000000000000124e+00 3.328055521960258556e+00
2.399999999999999911e+00 3.330116745929717847e+00
2.410000000000000142e+00 3.332668306109905387e+00
2.419999999999999929e+00 3.334321910750865925e+00
2.430000000000000160e+00 3.336983618698120324e+00
2.439999999999999947e+00 3.338141867711544197e+00
2.450000000000000178e+00 3.339857602679729531e+00
2.459999999999999964e+00 3.342173684003352907e+00
2.470000000000000195e+00 3.344656761553287616e+00
2.479999999999999982e+00 3.346982702586650760e+00
2.490000000000000213e+00 3.348846139891147544e+00
2.500000000000000000e+00 3.349633398575782905e+00
2.510000000000000231e+00 3.351052280645370640e+00
2.520000000000000018e+00 3.352927025370597836e+00
2.530000000000000249e+00 3.353915617055892806e+00
2.540000000000000036e+00 3.355265505442619478e+00
2.550000000000000266e+00 3.356947669973373571e+00
2.560000000000000053e+00 3.360012590351104667e+00
2.569999999999999840e+00 3.364154153735637642e+00
2.580000000000000071e+00 3.367859797875881078e+00
2.589999999999999858e+00 3.371266888740062750e+00
2.600000000000000089e+00 3.375205796439647798e+00
2.609999999999999876e+00 3.378097829256057949e+00
2.620000000000000107e+00 3.382040267834663272e+00
2.629999999999999893e+00 3.384879825391769348e+00
2.640000000000000124e+00 3.388529776811599614e+00
2.649999999999999911e+00 3.389532123613357761e+00
2.660000000000000142e+00 3.393735371243953747e+00
2.669999999999999929e+00 3.400203565123081084e+00
2.680000000000000160e+00 3.403986964578628704e+00
2.689999999999999947e+00 3.408031241910457698e+00
2.700000000000000178e+00 3.413003014261722701e+00
2.709999999999999964e+00 3.417524680767059397e+00
2.720000000000000195e+00 3.421329029729366145e+00
2.729999999999999982e+00 3.424972226247787521e+00
2.740000000000000213e+00 3.428584354100227216e+00
2.750000000000000000e+00 3.432780542268753177e+00
2.760000000000000231e+00 3.437302204706668807e+00
2.770000000000000018e+00 3.442327057971954485e+00
2.780000000000000249e+00 3.448213103537559387e+00
2.790000000000000036e+00 3.453781906054020023e+00
2.800000000000000266e+00 3.458977266335487410e+00
2.810000000000000053e+00 3.463654920494556588e+00
2.819999999999999840e+00 3.463268915047645446e+00
2.830000000000000071e+00 3.458043361735343879e+00
2.839999999999999858e+00 3.460077654643058942e+00
2.850000000000000089e+00 3.475853618189096661e+00
2.859999999999999876e+00 3.483323797817230005e+00
2.870000000000000107e+00 3.489857259943485168e+00
2.879999999999999893e+00 3.493925013563632831e+00
2.890000000000000124e+00 3.497785245180129898e+00
2.899999999999999911e+00 3.498762176038026972e+00
2.910000000000000142e+00 3.501364859244823435e+00
2.919999999999999929e+00 3.511534246892928923e+00
2.930000000000000160e+00 3.515585704967975733e+00
2.939999999999999947e+00 3.519230865669250363e+00
2.950000000000000178e+00 3.522315280988216557e+00
2.959999999999999964e+00 3.525195753500461660e+00
2.970000000000000195e+00 3.527545089612007079e+00
2.979999999999999982e+00 3.530296761901378755e+00
2.990000000000000213e+00 3.532958842298984603e+00
3.000000000000000000e+00 3.535378829810619461e+00
