0.000000000000000000e+00 6.535161004511323979e-01 7.151962809499295970e-01
1.000000000000000021e-02 6.535161207590183263e-01 7.151963249900261665e-01
2.000000000000000042e-02 6.535160989704739132e-01 7.151963157722341924e-01
2.999999999999999889e-02 1.437866892664619645e+00 1.693740971051267419e+00
4.000000000000000083e-02 1.534856289011942598e+00 1.644459158332837179e+00
5.000000000000000278e-02 1.544232888863426023e+00 1.642557551078457134e+00
5.999999999999999778e-02 1.545862824414348635e+00 1.644524833678626896e+00
7.000000000000000666e-02 1.540747807899693456e+00 1.646956833041926416e+00
8.000000000000000167e-02 1.533051937221265426e+00 1.650853397625708041e+00
8.999999999999999667e-02 1.499774652462705360e+00 1.668985132632747836e+00
1.000000000000000056e-01 1.428278826054572681e+00 1.799852082599163294e+00
1.100000000000000006e-01 1.339125188123041710e+00 2.036799232495969392e+00
1.199999999999999956e-01 2.144664149940621822e+00 3.311749217690813207e+00
1.300000000000000044e-01 2.828110831582531848e+00 3.235791480882182380e+00
1.400000000000000133e-01 2.931897571343361264e+00 3.162213555494369110e+00
1.499999999999999944e-01 2.945913621071894806e+00 3.137616335860173411e+00
1.600000000000000033e-01 2.949438095690009032e+00 3.130977846149209487e+00
1.700000000000000122e-01 2.957470905361394120e+00 3.118239255714197800e+00
1.799999999999999933e-01 2.972426901258946597e+00 3.096982519488810315e+00
1.900000000000000022e-01 2.976789779600241825e+00 3.090965756846329793e+00
2.000000000000000111e-01 2.976991493429932856e+00 3.090517807731833155e+00
2.099999999999999922e-01 2.977239427538989514e+00 3.089805567792774266e+00
2.200000000000000011e-01 2.977392352472134629e+00 3.089375202697924205e+00
2.300000000000000100e-01 2.977871198452558321e+00 3.088160962206278004e+00
2.399999999999999911e-01 2.978821030970174366e+00 3.086123745645922067e+00
2.500000000000000000e-01 2.979894791791947828e+00 3.083897211443869413e+00
2.600000000000000089e-01 2.981191765716879161e+00 3.081156996595056263e+00
2.700000000000000178e-01 2.981754359066686177e+00 3.080017366997996220e+00
2.800000000000000266e-01 2.982332588305125931e+00 3.078406438575138182e+00
2.899999999999999800e-01 2.984290847393920476e+00 3.074639875920364585e+00
2.999999999999999889e-01 2.986247502501946816e+00 3.071166527315634109e+00
3.099999999999999978e-01 2.987148537808973270e+00 3.069407156413477278e+00
3.200000000000000067e-01 2.988423762752829393e+00 3.067216874354066203e+00
3.300000000000000155e-01 2.988779089595715366e+00 3.066459004633982577e+00
3.400000000000000244e-01 2.988819311808959878e+00 3.066106850662811301e+00
3.500000000000000333e-01 2.988848061296983882e+00 3.065852144911244803e+00
3.599999999999999867e-01 2.988837311049505896e+00 3.065774791430428525e+00
3.699999999999999956e-01 2.988805922252336433e+00 3.065635118439992812e+00
3.800000000000000044e-01 2.988759224243988211e+00 3.065491422199378757e+00
3.900000000000000133e-01 2.988720680855049938e+00 3.065258598396048750e+00
4.000000000000000222e-01 2.988688110750727489e+00 3.065048886486477997e+00
4.100000000000000311e-01 2.988629586168586982e+00 3.065018483580291608e+00
4.199999999999999845e-01 2.988566576040214251e+00 3.064970555398041085e+00
4.299999999999999933e-01 2.988501223988266453e+00 3.064868070187834803e+00
4.400000000000000022e-01 2.988188299841039175e+00 3.064765192867167087e+00
4.500000000000000111e-01 2.987960569911094044e+00 3.064681976375488670e+00
4.600000000000000200e-01 2.987478525590470113e+00 3.064727702651450336e+00
4.700000000000000289e-01 2.986969290550401279e+00 3.064800394169637787e+00
4.799999999999999822e-01 2.986807029780375267e+00 3.065142660985959111e+00
4.899999999999999911e-01 2.986076717446702666e+00 3.065469014808279269e+00
5.000000000000000000e-01 2.985160720986697491e+00 3.066498043165829301e+00
5.100000000000000089e-01 2.983029515270291476e+00 3.068567120276393112e+00
5.200000000000000178e-01 2.982160521953093557e+00 3.070818266446602607e+00
5.300000000000000266e-01 2.982123882568543216e+00 3.072769073793227612e+00
5.400000000000000355e-01 2.981659378402653715e+00 3.075656140772875524e+00
5.500000000000000444e-01 2.981834528288400676e+00 3.078779164300405213e+00
5.600000000000000533e-01 2.981909665128840370e+00 3.081883395912991208e+00
5.700000000000000622e-01 2.982323672965381700e+00 3.084755153910304859e+00
5.799999999999999600e-01 2.982734557385666285e+00 3.088199414367454487e+00
5.899999999999999689e-01 2.983641809523764454e+00 3.092574842731294016e+00
5.999999999999999778e-01 2.987388637668207281e+00 3.096451823156758820e+00
6.099999999999999867e-01 2.989363399929260812e+00 3.100221391444945684e+00
6.199999999999999956e-01 2.991318176810919383e+00 3.104461469352067127e+00
6.300000000000000044e-01 2.992428245972749146e+00 3.108983215113523713e+00
6.400000000000000133e-01 2.993359592936505109e+00 3.116170765716563373e+00
6.500000000000000222e-01 2.994075710314886507e+00 3.124807314082009846e+00
6.600000000000000311e-01 2.996413069629708215e+00 3.133244548964461362e+00
6.700000000000000400e-01 2.999568707955257540e+00 3.141681365210635679e+00
6.800000000000000488e-01 3.005403863083725202e+00 3.143157714470023567e+00
6.900000000000000577e-01 3.009364842340715551e+00 3.147547755506268974e+00
7.000000000000000666e-01 3.012291467164014858e+00 3.151872369868303547e+00
7.099999999999999645e-01 3.015337592746285544e+00 3.157172936724157886e+00
7.199999999999999734e-01 3.019307954370486158e+00 3.162249861886990310e+00
7.299999999999999822e-01 3.023813219975274524e+00 3.167235197883802922e+00
7.399999999999999911e-01 3.028154188250944401e+00 3.173212002192094872e+00
7.500000000000000000e-01 3.033815651309463846e+00 3.177846313817527246e+00
7.600000000000000089e-01 3.039639521091307639e+00 3.183009546472703288e+00
7.700000000000000178e-01 3.045406500893711677e+00 3.187515022238612605e+00
7.800000000000000266e-01 3.051668739001279551e+00 3.192298555982584052e+00
7.900000000000000355e-01 3.057910249977852324e+00 3.196628644494269977e+00
8.000000000000000444e-01 3.063699120024825362e+00 3.200441583672379409e+00
8.100000000000000533e-01 3.070213540269720376e+00 3.204429960573327740e+00
8.200000000000000622e-01 3.075093293755723156e+00 3.207106535565184213e+00
8.300000000000000711e-01 3.080189968176834991e+00 3.209520381382949150e+00
8.399999999999999689e-01 3.084869546912679006e+00 3.211520840293398571e+00
8.499999999999999778e-01 3.090059269084225679e+00 3.213277628846873402e+00
8.599999999999999867e-01 3.094657727713274298e+00 3.214701097088171089e+00
8.699999999999999956e-01 3.099045028027005433e+00 3.215944054466776780e+00
8.800000000000000044e-01 3.102545564508455200e+00 3.216982878479940133e+00
8.900000000000000133e-01 3.106146833414439534e+00 3.218245182047482444e+00
9.000000000000000222e-01 3.107667954423694034e+00 3.222856504695148949e+00
9.100000000000000311e-01 3.107931036224569343e+00 3.229347049712930851e+00
9.200000000000000400e-01 3.103471754174970787e+00 3.244763117541528796e+00
9.300000000000000488e-01 3.099144584064159602e+00 3.259026443634357229e+00
9.400000000000000577e-01 3.100582342717784545e+00 3.265806912805897522e+00
9.500000000000000666e-01 3.100701483012647586e+00 3.275036787451296227e+00
9.599999999999999645e-01 3.102143402610583856e+00 3.281381317967610123e+00
9.699999999999999734e-01 3.105669859888002371e+00 3.282285198677137750e+00
9.799999999999999822e-01 3.108009551350229049e+00 3.284961207092649271e+00
9.899999999999999911e-01 3.112635024172999643e+00 3.281122133181355593e+00
1.000000000000000000e+00 3.121095227768659885e+00 3.270339221966028109e+00
1.010000000000000009e+00 3.126689335901565947e+00 3.264257655708960648e+00
1.020000000000000018e+00 3.132018305441602202e+00 3.257889670494333423e+00
1.030000000000000027e+00 3.141134776906914894e+00 3.245992212448172154e+00
1.040000000000000036e+00 3.151013353247566595e+00 3.233816319422798014e+00
1.050000000000000044e+00 3.154228888303782785e+00 3.230698639200184186e+00
1.060000000000000053e+00 3.155256693286203618e+00 3.229788106537557102e+00
1.070000000000000062e+00 3.156788109467973058e+00 3.229092450543890713e+00
1.080000000000000071e+00 3.159660775055931126e+00 3.226983918051673506e+00
1.090000000000000080e+00 3.162579320265909377e+00 3.224935571973661208e+00
1.100000000000000089e+00 3.163897505979259783e+00 3.223939531746188969e+00
1.110000000000000098e+00 3.165632646496265412e+00 3.222161444013149190e+00
1.120000000000000107e+00 3.166095572927437818e+00 3.221627981106795158e+00
1.130000000000000115e+00 3.166454853428274152e+00 3.221517507568925520e+00
1.140000000000000124e+00 3.166750260920351057e+00 3.221217481980497066e+00
1.150000000000000133e+00 3.167119985323302522e+00 3.221154521441109253e+00
1.159999999999999920e+00 3.167421080440398384e+00 3.221206702910546227e+00
1.169999999999999929e+00 3.167785159535810191e+00 3.221209838261202218e+00
1.179999999999999938e+00 3.167956895109087956e+00 3.221246050242512649e+00
1.189999999999999947e+00 3.168096864583773709e+00 3.221321399690823206e+00
1.199999999999999956e+00 3.168113456850973453e+00 3.221365370911630333e+00
1.209999999999999964e+00 3.168201349948601919e+00 3.221387538248343230e+00
1.219999999999999973e+00 3.168200768824186220e+00 3.221460357016954212e+00
1.229999999999999982e+00 3.168192906869645942e+00 3.221485201345685834e+00
1.239999999999999991e+00 3.168174108776123710e+00 3.221594048133819221e+00
1.250000000000000000e+00 3.168161009499542491e+00 3.221690549924857816e+00
1.260000000000000009e+00 3.168142572727427275e+00 3.221761137728467173e+00
1.270000000000000018e+00 3.168136771578190292e+00 3.221803676920536041e+00
1.280000000000000027e+00 3.168136868337314560e+00 3.221802766510326599e+00
1.290000000000000036e+00 3.168108065607968538e+00 3.221770548483904317e+00
1.300000000000000044e+00 3.168095774429706246e+00 3.221762439085575025e+00
1.310000000000000053e+00 3.168070584304508053e+00 3.221755068905178376e+00
1.320000000000000062e+00 3.168004220338078269e+00 3.221697922806529668e+00
1.330000000000000071e+00 3.167976947513498676e+00 3.221679988082966961e+00
1.340000000000000080e+00 3.167918280133740883e+00 3.221639538751108756e+00
1.350000000000000089e+00 3.167847204894128854e+00 3.221618940068182280e+00
1.360000000000000098e+00 3.167749366532955690e+00 3.221582034662570315e+00
1.370000000000000107e+00 3.167695409067603496e+00 3.221558405558136773e+00
1.380000000000000115e+00 3.167638200109993196e+00 3.221535190559829065e+00
1.390000000000000124e+00 3.167598523733094140e+00 3.221509711173102808e+00
1.400000000000000133e+00 3.167527360746672294e+00 3.221477931616494317e+00
1.409999999999999920e+00 3.167474946932210322e+00 3.221460854669199847e+00
1.419999999999999929e+00 3.167369944331816622e+00 3.221385831391641030e+00
1.429999999999999938e+00 3.167302721663242338e+00 3.221336606377834144e+00
1.439999999999999947e+00 3.167081157643898859e+00 3.221408012206450788e+00
1.449999999999999956e+00 3.166421907925855095e+00 3.221638462996233798e+00
1.459999999999999964e+00 3.165629977400804318e+00 3.221982704450582435e+00
1.469999999999999973e+00 3.163829958158113520e+00 3.222953538016699149e+00
1.479999999999999982e+00 3.163072822854601007e+00 3.223315735390103853e+00
1.489999999999999991e+00 3.162169937176343204e+00 3.223777657642725281e+00
1.500000000000000000e+00 3.160077833876636877e+00 3.225298074898692580e+00
1.510000000000000009e+00 3.158766839737022103e+00 3.226047478915130995e+00
1.520000000000000018e+00 3.158080187205094091e+00 3.226581408978682397e+00
1.530000000000000027e+00 3.157206531674298322e+00 3.227348348696795544e+00
1.540000000000000036e+00 3.156621355567894582e+00 3.227879733394660278e+00
1.550000000000000044e+00 3.155875687148661957e+00 3.228291798493771569e+00
1.560000000000000053e+00 3.154058485678455703e+00 3.229594434086062726e+00
1.570000000000000062e+00 3.152725649094395344e+00 3.230412727184481803e+00
1.580000000000000071e+00 3.152129070519411158e+00 3.230655245996511660e+00
1.590000000000000080e+00 3.151408516837938656e+00 3.230836396420613710e+00
1.600000000000000089e+00 3.150825783197715335e+00 3.230954240873024741e+00
1.610000000000000098e+00 3.149849904243102294e+00 3.231289805367836721e+00
1.620000000000000107e+00 3.148880562498866276e+00 3.231461695391835143e+00
1.630000000000000115e+00 3.147469574672923542e+00 3.231783066694989159e+00
1.640000000000000124e+00 3.145873993515686085e+00 3.232158343420310498e+00
1.650000000000000133e+00 3.144980798098470753e+00 3.232179260981653091e+00
1.660000000000000142e+00 3.144445017971932987e+00 3.231980815835058696e+00
1.669999999999999929e+00 3.143923935770605027e+00 3.231810966139223140e+00
1.679999999999999938e+00 3.144065291374280591e+00 3.231521919233248497e+00
1.689999999999999947e+00 3.144012312564604450e+00 3.231511138720757792e+00
1.699999999999999956e+00 3.143972120729572328e+00 3.231469741081112179e+00
1.709999999999999964e+00 3.144055127069239397e+00 3.231302726643796142e+00
1.719999999999999973e+00 3.144109077065991187e+00 3.231196406389666542e+00
1.729999999999999982e+00 3.144076953489289838e+00 3.231209087412847847e+00
1.739999999999999991e+00 3.143727606385772422e+00 3.233180472270424044e+00
1.750000000000000000e+00 3.143581930965172244e+00 3.234430124808562734e+00
1.760000000000000009e+00 3.143355388731713607e+00 3.236356630468611772e+00
1.770000000000000018e+00 3.143351051387378803e+00 3.238007648482731149e+00
1.780000000000000027e+00 3.143812545053992213e+00 3.239656383979287124e+00
1.790000000000000036e+00 3.143804575707561888e+00 3.241112344591968508e+00
1.800000000000000044e+00 3.143437259520926563e+00 3.242867004252037777e+00
1.810000000000000053e+00 3.142957933720470276e+00 3.244585507432101945e+00
1.820000000000000062e+00 3.141935091595643215e+00 3.247208614425665552e+00
1.830000000000000071e+00 3.140177077853841592e+00 3.249905616004304942e+00
1.840000000000000080e+00 3.139216267021908369e+00 3.252782893310771417e+00
1.850000000000000089e+00 3.138823105837453387e+00 3.253611092012774098e+00
1.860000000000000098e+00 3.136574487004341716e+00 3.257425017509398391e+00
1.870000000000000107e+00 3.133039829590340553e+00 3.264579247806052464e+00
1.880000000000000115e+00 3.130658572869159162e+00 3.270504096493862978e+00
1.890000000000000124e+00 3.126052771988939938e+00 3.280530623926091849e+00
1.900000000000000133e+00 3.121380994706667078e+00 3.293563834318601113e+00
1.910000000000000142e+00 3.116082271430596684e+00 3.310423291356459075e+00
1.919999999999999929e+00 3.111425714557690902e+00 3.332789335786776164e+00
1.929999999999999938e+00 3.108530281056357314e+00 3.356873563204812339e+00
1.939999999999999947e+00 3.107762729927199263e+00 3.381343237890107378e+00
1.949999999999999956e+00 3.108827263424189802e+00 3.406863935697285406e+00
1.959999999999999964e+00 3.111438167739900784e+00 3.435933707627263800e+00
1.969999999999999973e+00 3.118910221330006838e+00 3.473024469383875878e+00
1.979999999999999982e+00 3.131623174269420939e+00 3.504577982384936785e+00
1.989999999999999991e+00 3.148800060694178615e+00 3.536006985437909034e+00
2.000000000000000000e+00 3.167434948745638579e+00 3.562515743388265044e+00
2.010000000000000231e+00 3.185422165436667896e+00 3.584536965165215250e+00
2.020000000000000018e+00 3.206207968677889042e+00 3.606132881732571960e+00
2.030000000000000249e+00 3.228690661591971711e+00 3.624009931245361749e+00
2.040000000000000036e+00 3.249629786589630420e+00 3.639004531414023802e+00
2.049999999999999822e+00 3.274804691622478447e+00 3.653781960785167815e+00
2.060000000000000053e+00 3.296145666420926990e+00 3.664273527490625515e+00
2.069999999999999840e+00 3.317247803479660195e+00 3.671435969241630293e+00
2.080000000000000071e+00 3.338830387380713471e+00 3.677113816077118624e+00
2.089999999999999858e+00 3.364994121469328636e+00 3.682080873032739010e+00
2.100000000000000089e+00 3.393253796368248754e+00 3.685193093056075231e+00
2.109999999999999876e+00 3.413472071223543569e+00 3.685564254078580237e+00
2.120000000000000107e+00 3.435729928660457677e+00 3.684279962835246724e+00
2.129999999999999893e+00 3.452936232601193645e+00 3.682147201546641213e+00
2.140000000000000124e+00 3.471986523335803376e+00 3.678805868698726833e+00
2.149999999999999911e+00 3.489947631283742524e+00 3.675114259528177385e+00
2.160000000000000142e+00 3.501603026238251370e+00 3.671416735271643805e+00
2.169999999999999929e+00 3.515627214602867756e+00 3.665431865468581574e+00
2.180000000000000160e+00 3.526989882463908543e+00 3.660129355145000929e+00
2.189999999999999947e+00 3.534924472587441358e+00 3.655895176856184925e+00
2.200000000000000178e+00 3.539727252617753450e+00 3.653067528800093555e+00
2.209999999999999964e+00 3.545298523436549942e+00 3.649835322884555922e+00
2.220000000000000195e+00 3.548234498964538020e+00 3.647893073896179672e+00
2.229999999999999982e+00 3.552250904604471682e+00 3.645369163378201716e+00
2.240000000000000213e+00 3.553841738463798805e+00 3.643979034284194896e+00
2.250000000000000000e+00 3.556312723036955337e+00 3.641748361839105552e+00
2.260000000000000231e+00 3.558864147572212477e+00 3.638912386451072845e+00
2.270000000000000018e+00 3.561255862426972119e+00 3.636414091591620323e+00
2.280000000000000249e+00 3.563546487215802916e+00 3.633889697638704508e+00
2.290000000000000036e+00 3.565626737593615925e+00 3.631699995704685602e+00
2.300000000000000266e+00 3.568561583175923424e+00 3.628995948571894559e+00
2.310000000000000053e+00 3.570141503091188273e+00 3.627512851409582684e+00
2.319999999999999840e+00 3.571012554117956039e+00 3.626696570785723051e+00
2.330000000000000071e+00 3.572392007980322415e+00 3.624986271791482029e+00
2.339999999999999858e+00 3.572672076138879493e+00 3.624626651988599679e+00
2.350000000000000089e+00 3.572982646112967231e+00 3.624298739013146253e+00
2.359999999999999876e+00 3.573211583991277251e+00 3.624133243493806944e+00
2.370000000000000107e+00 3.573617871704966031e+00 3.623784085058301851e+00
2.379999999999999893e+00 3.574281239961893064e+00 3.622950501571386539e+00
2.390000000000000124e+00 3.574742223229320004e+00 3.622542744941799953e+00
2.399999999999999911e+00 3.576159967771632697e+00 3.621269766301052240e+00
2.410000000000000142e+00 3.577489895943760434e+00 3.620019125524402082e+00
2.419999999999999929e+00 3.578359611133118623e+00 3.619336907464484110e+00
2.430000000000000160e+00 3.579138861329257626e+00 3.618407150938808936e+00
2.439999999999999947e+00 3.579812956693614101e+00 3.617945124828373604e+00
2.450000000000000178e+00 3.580489996614613091e+00 3.617395843605838657e+00
2.459999999999999964e+00 3.582303380023792450e+00 3.615996786630794269e+00
2.470000000000000195e+00 3.583322676134658380e+00 3.615328804201531021e+00
2.479999999999999982e+00 3.584182155282423121e+00 3.614762054512575151e+00
2.490000000000000213e+00 3.584400029689919887e+00 3.614583425519812376e+00
2.500000000000000000e+00 3.584400127426573324e+00 3.614583445619157676e+00
2.510000000000000231e+00 3.584411661628521095e+00 3.614569185258114103e+00
2.520000000000000018e+00 3.584497692394150281e+00 3.614504563055144448e+00
2.530000000000000249e+00 3.584523427083984970e+00 3.614463947731955784e+00
2.540000000000000036e+00 3.584622493205726013e+00 3.614402878379166406e+00
2.550000000000000266e+00 3.584662939945180593e+00 3.614362169717829421e+00
2.560000000000000053e+00 3.584730530007398830e+00 3.614314843913995379e+00
2.569999999999999840e+00 3.584811291730062965e+00 3.614266989186150969e+00
2.580000000000000071e+00 3.584813837332091691e+00 3.614254153018631843e+00
2.589999999999999858e+00 3.584813435166168016e+00 3.614252845194053432e+00
2.600000000000000089e+00 3.584824209834450937e+00 3.614244887517576554e+00
2.609999999999999876e+00 3.584866182735648277e+00 3.614226421429429070e+00
2.620000000000000107e+00 3.584935043961085643e+00 3.614187601922474347e+00
2.629999999999999893e+00 3.584960927320922863e+00 3.614173312200104071e+00
2.640000000000000124e+00 3.584967328953238663e+00 3.614169114637879154e+00
2.649999999999999911e+00 3.585011058135071593e+00 3.614146932268103463e+00
2.660000000000000142e+00 3.585032597691231171e+00 3.614137821877784429e+00
2.669999999999999929e+00 3.585101903224981346e+00 3.614101830762826761e+00
2.680000000000000160e+00 3.585113253871506256e+00 3.614094397715026385e+00
2.689999999999999947e+00 3.585126718196565587e+00 3.614085231385534502e+00
2.700000000000000178e+00 3.585126718196565587e+00 3.614085231385534502e+00
2.709999999999999964e+00 3.585176041446688000e+00 3.614066556152341736e+00
2.720000000000000195e+00 3.585191052131116773e+00 3.614062997856676507e+00
2.729999999999999982e+00 3.585202355038763500e+00 3.614058530228493993e+00
2.740000000000000213e+00 3.585206434224140537e+00 3.614056991211879399e+00
2.750000000000000000e+00 3.585208705511040428e+00 3.614055387840323874e+00
2.760000000000000231e+00 3.585214223564747282e+00 3.614054212800379862e+00
2.770000000000000018e+00 3.585219419299958243e+00 3.614053150647284607e+00
2.780000000000000249e+00 3.585220333838576412e+00 3.614052916331177645e+00
2.790000000000000036e+00 3.585222820204010841e+00 3.614052329470404334e+00
2.800000000000000266e+00 3.585223997321340672e+00 3.614052082080629003e+00
2.810000000000000053e+00 3.585235356180716426e+00 3.614049228489350174e+00
2.819999999999999840e+00 3.585236191266087946e+00 3.614048994047136976e+00
2.830000000000000071e+00 3.585236134946260034e+00 3.614048965184774698e+00
2.839999999999999858e+00 3.585236134946260034e+00 3.614048965184774698e+00
2.850000000000000089e+00 3.585236134946260034e+00 3.614048965184774698e+00
2.859999999999999876e+00 3.585236134946260034e+00 3.614048965184774698e+00
2.870000000000000107e+00 3.585236134946260034e+00 3.614048965184774698e+00
2.879999999999999893e+00 3.585236134946260034e+00 3.614048965184774698e+00
2.890000000000000124e+00 3.585236134946260034e+00 3.614048965184774698e+00
2.899999999999999911e+00 3.585236113022519433e+00 3.614048968869494338e+00
2.910000000000000142e+00 3.585235850773263788e+00 3.614048776645254701e+00
2.919999999999999929e+00 3.585235850773263788e+00 3.614048776645254701e+00
2.930000000000000160e+00 3.585235850773263788e+00 3.614048776645254701e+00
2.939999999999999947e+00 3.585235850773263788e+00 3.614048776645254701e+00
2.950000000000000178e+00 3.585235775657635848e+00 3.614048752435702561e+00
2.959999999999999964e+00 3.585235745611445868e+00 3.614048742751819976e+00
2.970000000000000195e+00 3.585235794050005698e+00 3.614048733885975917e+00
2.979999999999999982e+00 3.585235746311561833e+00 3.614048733964545512e+00
2.990000000000000213e+00 3.585235746311561833e+00 3.614048733964545512e+00
3.000000000000000000e+00 3.585235746311561833e+00 3.614048733964545512e+00
