0.000000000000000000e+00 6.843561907005309974e-01
1.000000000000000021e-02 6.843562228745222464e-01
2.000000000000000042e-02 6.843562073713540528e-01
2.999999999999999889e-02 1.565803931857943532e+00
4.000000000000000083e-02 1.589657723672389888e+00
5.000000000000000278e-02 1.593395219970941579e+00
5.999999999999999778e-02 1.595193829046487766e+00
7.000000000000000666e-02 1.593852320470809936e+00
8.000000000000000167e-02 1.591952667423486734e+00
8.999999999999999667e-02 1.584379892547726598e+00
1.000000000000000056e-01 1.614065454326867988e+00
1.100000000000000006e-01 1.687962210309505551e+00
1.199999999999999956e-01 2.728206683815717515e+00
1.300000000000000044e-01 3.031951156232357114e+00
1.400000000000000133e-01 3.047055563418865187e+00
1.499999999999999944e-01 3.041764978466034108e+00
1.600000000000000033e-01 3.040207970919609259e+00
1.700000000000000122e-01 3.037855080537795960e+00
1.799999999999999933e-01 3.034704710373878456e+00
1.900000000000000022e-01 3.033877768223285809e+00
2.000000000000000111e-01 3.033754650580883006e+00
2.099999999999999922e-01 3.033522497665881890e+00
2.200000000000000011e-01 3.033383777585029417e+00
2.300000000000000100e-01 3.033016080329418163e+00
2.399999999999999911e-01 3.032472388308048217e+00
2.500000000000000000e-01 3.031896001617908620e+00
2.600000000000000089e-01 3.031174381155967712e+00
2.700000000000000178e-01 3.030885863032341199e+00
2.800000000000000266e-01 3.030369513440132057e+00
2.899999999999999800e-01 3.029465361657142530e+00
2.999999999999999889e-01 3.028707014908790462e+00
3.099999999999999978e-01 3.028277847111225274e+00
3.200000000000000067e-01 3.027820318553447798e+00
3.300000000000000155e-01 3.027619047114848971e+00
3.400000000000000244e-01 3.027463081235885589e+00
3.500000000000000333e-01 3.027350103104114343e+00
3.599999999999999867e-01 3.027306051239967211e+00
3.699999999999999956e-01 3.027220520346164623e+00
3.800000000000000044e-01 3.027125323221683484e+00
3.900000000000000133e-01 3.026989639625549344e+00
4.000000000000000222e-01 3.026868498618602743e+00
4.100000000000000311e-01 3.026824034874439295e+00
4.199999999999999845e-01 3.026768565719127668e+00
4.299999999999999933e-01 3.026684647088050628e+00
4.400000000000000022e-01 3.026476746354103131e+00
4.500000000000000111e-01 3.026321273143291357e+00
4.600000000000000200e-01 3.026103114120960225e+00
4.700000000000000289e-01 3.025884842360019533e+00
4.799999999999999822e-01 3.025974845383167189e+00
4.899999999999999911e-01 3.025772866127490968e+00
5.000000000000000000e-01 3.025829382076263396e+00
5.100000000000000089e-01 3.025798317773342294e+00
5.200000000000000178e-01 3.026489394199848082e+00
5.300000000000000266e-01 3.027446478180885414e+00
5.400000000000000355e-01 3.028657759587764620e+00
5.500000000000000444e-01 3.030306846294402945e+00
5.600000000000000533e-01 3.031896530520915789e+00
5.700000000000000622e-01 3.033539413437843280e+00
5.799999999999999600e-01 3.035466985876560386e+00
5.899999999999999689e-01 3.038108326127529235e+00
5.999999999999999778e-01 3.041920230412483050e+00
6.099999999999999867e-01 3.044792395687103248e+00
6.199999999999999956e-01 3.047889823081493255e+00
6.300000000000000044e-01 3.050705730543136429e+00
6.400000000000000133e-01 3.054765179326534241e+00
6.500000000000000222e-01 3.059441512198448176e+00
6.600000000000000311e-01 3.064828809297084788e+00
6.700000000000000400e-01 3.070625036582946610e+00
6.800000000000000488e-01 3.074280788776874385e+00
6.900000000000000577e-01 3.078456298923492263e+00
7.000000000000000666e-01 3.082081918516159202e+00
7.099999999999999645e-01 3.086255264735221715e+00
7.199999999999999734e-01 3.090778908128738234e+00
7.299999999999999822e-01 3.095524208929538723e+00
7.399999999999999911e-01 3.100683095221519636e+00
7.500000000000000000e-01 3.105830982563495546e+00
7.600000000000000089e-01 3.111324533782005464e+00
7.700000000000000178e-01 3.116460761566162141e+00
7.800000000000000266e-01 3.121983647491931801e+00
7.900000000000000355e-01 3.127269447236061151e+00
8.000000000000000444e-01 3.132070351848602385e+00
8.100000000000000533e-01 3.137321750421524058e+00
8.200000000000000622e-01 3.141099914660453685e+00
8.300000000000000711e-01 3.144855174779892071e+00
8.399999999999999689e-01 3.148195193603038788e+00
8.499999999999999778e-01 3.151668448965549540e+00
8.599999999999999867e-01 3.154679412400722693e+00
8.699999999999999956e-01 3.157494541246891107e+00
8.800000000000000044e-01 3.159764221494197667e+00
8.900000000000000133e-01 3.162196007730960989e+00
9.000000000000000222e-01 3.165262229559421492e+00
9.100000000000000311e-01 3.168639042968750097e+00
9.200000000000000400e-01 3.174117435858249792e+00
9.300000000000000488e-01 3.179085513849258415e+00
9.400000000000000577e-01 3.183194627761841033e+00
9.500000000000000666e-01 3.187869135231971907e+00
9.599999999999999645e-01 3.191762360289096989e+00
9.699999999999999734e-01 3.193977529282570060e+00
9.799999999999999822e-01 3.196485379221439160e+00
9.899999999999999911e-01 3.196878578677177618e+00
1.000000000000000000e+00 3.195717224867343997e+00
1.010000000000000009e+00 3.195473495805263298e+00
1.020000000000000018e+00 3.194953987967967812e+00
1.030000000000000027e+00 3.193563494677543524e+00
1.040000000000000036e+00 3.192414836335182304e+00
1.050000000000000044e+00 3.192463763751983485e+00
1.060000000000000053e+00 3.192522399911880360e+00
1.070000000000000062e+00 3.192940280005931886e+00
1.080000000000000071e+00 3.193322346553802316e+00
1.090000000000000080e+00 3.193757446119785293e+00
1.100000000000000089e+00 3.193918518862724376e+00
1.110000000000000098e+00 3.193897045254707301e+00
1.120000000000000107e+00 3.193861777017116488e+00
1.130000000000000115e+00 3.193986180498599836e+00
1.140000000000000124e+00 3.193983871450424061e+00
1.150000000000000133e+00 3.194137253382205888e+00
1.159999999999999920e+00 3.194313891675472306e+00
1.169999999999999929e+00 3.194497498898506205e+00
1.179999999999999938e+00 3.194601472675800302e+00
1.189999999999999947e+00 3.194709132137298457e+00
1.199999999999999956e+00 3.194739413881301893e+00
1.209999999999999964e+00 3.194794444098472574e+00
1.219999999999999973e+00 3.194830562920570216e+00
1.229999999999999982e+00 3.194839054107665888e+00
1.239999999999999991e+00 3.194884078454971466e+00
1.250000000000000000e+00 3.194925779712200153e+00
1.260000000000000009e+00 3.194951855227947224e+00
1.270000000000000018e+00 3.194970224249363167e+00
1.280000000000000027e+00 3.194969817423820579e+00
1.290000000000000036e+00 3.194939307045936427e+00
1.300000000000000044e+00 3.194929106757640636e+00
1.310000000000000053e+00 3.194912826604843215e+00
1.320000000000000062e+00 3.194851071572303969e+00
1.330000000000000071e+00 3.194828467798232818e+00
1.340000000000000080e+00 3.194778909442424819e+00
1.350000000000000089e+00 3.194733072481155567e+00
1.360000000000000098e+00 3.194665700597763003e+00
1.370000000000000107e+00 3.194626907312870134e+00
1.380000000000000115e+00 3.194586695334911131e+00
1.390000000000000124e+00 3.194554117453098474e+00
1.400000000000000133e+00 3.194502646181583305e+00
1.409999999999999920e+00 3.194467900800705085e+00
1.419999999999999929e+00 3.194377887861728826e+00
1.429999999999999938e+00 3.194319664020538241e+00
1.439999999999999947e+00 3.194244584925174824e+00
1.449999999999999956e+00 3.194030185461044447e+00
1.459999999999999964e+00 3.193806340925693377e+00
1.469999999999999973e+00 3.193391748087406334e+00
1.479999999999999982e+00 3.193194279122352430e+00
1.489999999999999991e+00 3.192973797409534242e+00
1.500000000000000000e+00 3.192687954387664728e+00
1.510000000000000009e+00 3.192407159326076549e+00
1.520000000000000018e+00 3.192330798091888244e+00
1.530000000000000027e+00 3.192277440185546933e+00
1.540000000000000036e+00 3.192250544481277430e+00
1.550000000000000044e+00 3.192083742821216763e+00
1.560000000000000053e+00 3.191826459882259215e+00
1.570000000000000062e+00 3.191569188139438573e+00
1.580000000000000071e+00 3.191392158257961409e+00
1.590000000000000080e+00 3.191122456629276183e+00
1.600000000000000089e+00 3.190890012035370038e+00
1.610000000000000098e+00 3.190569854805469507e+00
1.620000000000000107e+00 3.190171128945350709e+00
1.630000000000000115e+00 3.189626320683956351e+00
1.640000000000000124e+00 3.189016168467998291e+00
1.650000000000000133e+00 3.188580029540061922e+00
1.660000000000000142e+00 3.188212916903495842e+00
1.669999999999999929e+00 3.187867450954914084e+00
1.679999999999999938e+00 3.187793605303764544e+00
1.689999999999999947e+00 3.187761725642681121e+00
1.699999999999999956e+00 3.187720930905342254e+00
1.709999999999999964e+00 3.187678926856517769e+00
1.719999999999999973e+00 3.187652741727828865e+00
1.729999999999999982e+00 3.187643020451068843e+00
1.739999999999999991e+00 3.188454039328098233e+00
1.750000000000000000e+00 3.189006027886867489e+00
1.760000000000000009e+00 3.189856009600162690e+00
1.770000000000000018e+00 3.190679349935054976e+00
1.780000000000000027e+00 3.191734464516639669e+00
1.790000000000000036e+00 3.192458460149765198e+00
1.800000000000000044e+00 3.193152131886482170e+00
1.810000000000000053e+00 3.193771720576286111e+00
1.820000000000000062e+00 3.194571853010654383e+00
1.830000000000000071e+00 3.195041346929073267e+00
1.840000000000000080e+00 3.195999580166339893e+00
1.850000000000000089e+00 3.196217098925113742e+00
1.860000000000000098e+00 3.196999752256870053e+00
1.870000000000000107e+00 3.198809538698196508e+00
1.880000000000000115e+00 3.200581334681511070e+00
1.890000000000000124e+00 3.203291697957515893e+00
1.900000000000000133e+00 3.207472414512634096e+00
1.910000000000000142e+00 3.213252781393527879e+00
1.919999999999999929e+00 3.222107525172233533e+00
1.929999999999999938e+00 3.232701922130584826e+00
1.939999999999999947e+00 3.244552983908653321e+00
1.949999999999999956e+00 3.257845599560737604e+00
1.959999999999999964e+00 3.273685937683582292e+00
1.969999999999999973e+00 3.295967345356941358e+00
1.979999999999999982e+00 3.318100578327178862e+00
1.989999999999999991e+00 3.342403523066043824e+00
2.000000000000000000e+00 3.364975346066951811e+00
2.010000000000000231e+00 3.384979565300941573e+00
2.020000000000000018e+00 3.406170425205230501e+00
2.030000000000000249e+00 3.426350296418666730e+00
2.040000000000000036e+00 3.444317159001827111e+00
2.049999999999999822e+00 3.464293326203823131e+00
2.060000000000000053e+00 3.480209596955776252e+00
2.069999999999999840e+00 3.494341886360645244e+00
2.080000000000000071e+00 3.507972101728916048e+00
2.089999999999999858e+00 3.523537497251033823e+00
2.100000000000000089e+00 3.539223444712161992e+00
2.109999999999999876e+00 3.549518162651061903e+00
2.120000000000000107e+00 3.560004945747852201e+00
2.129999999999999893e+00 3.567541717073917429e+00
2.140000000000000124e+00 3.575396196017265105e+00
2.149999999999999911e+00 3.582530945405959955e+00
2.160000000000000142e+00 3.586509880754947588e+00
2.169999999999999929e+00 3.590529540035724665e+00
2.180000000000000160e+00 3.593559618804454736e+00
2.189999999999999947e+00 3.595409824721813141e+00
2.200000000000000178e+00 3.596397390708923503e+00
2.209999999999999964e+00 3.597566923160552932e+00
2.220000000000000195e+00 3.598063786430358846e+00
2.229999999999999982e+00 3.598810033991336699e+00
2.240000000000000213e+00 3.598910386373996850e+00
2.250000000000000000e+00 3.599030542438030444e+00
2.260000000000000231e+00 3.598888267011642661e+00
2.270000000000000018e+00 3.598834977009296221e+00
2.280000000000000249e+00 3.598718092427253712e+00
2.290000000000000036e+00 3.598663366649150763e+00
2.300000000000000266e+00 3.598778765873908991e+00
2.310000000000000053e+00 3.598827177250385478e+00
2.319999999999999840e+00 3.598854562451839545e+00
2.330000000000000071e+00 3.598689139885902222e+00
2.339999999999999858e+00 3.598649364063739586e+00
2.350000000000000089e+00 3.598640692563056742e+00
2.359999999999999876e+00 3.598672413742542098e+00
2.370000000000000107e+00 3.598700978381633941e+00
2.379999999999999893e+00 3.598615870766639802e+00
2.390000000000000124e+00 3.598642484085559978e+00
2.399999999999999911e+00 3.598714867036342469e+00
2.410000000000000142e+00 3.598754510734081258e+00
2.419999999999999929e+00 3.598848259298801366e+00
2.430000000000000160e+00 3.598773006134033281e+00
2.439999999999999947e+00 3.598879040760993853e+00
2.450000000000000178e+00 3.598942920110225874e+00
2.459999999999999964e+00 3.599150083327293359e+00
2.470000000000000195e+00 3.599325740168094701e+00
2.479999999999999982e+00 3.599472104897499136e+00
2.490000000000000213e+00 3.599491727604866131e+00
2.500000000000000000e+00 3.599491786522865500e+00
2.510000000000000231e+00 3.599490423443317599e+00
2.520000000000000018e+00 3.599501127724647365e+00
2.530000000000000249e+00 3.599493687407970377e+00
2.540000000000000036e+00 3.599512685792446209e+00
2.550000000000000266e+00 3.599512554831505007e+00
2.560000000000000053e+00 3.599522686960697104e+00
2.569999999999999840e+00 3.599539140458106967e+00
2.580000000000000071e+00 3.599533995175361767e+00
2.589999999999999858e+00 3.599533140180110724e+00
2.600000000000000089e+00 3.599534548676013745e+00
2.609999999999999876e+00 3.599546302082538674e+00
2.620000000000000107e+00 3.599561322941779995e+00
2.629999999999999893e+00 3.599567119760513467e+00
2.640000000000000124e+00 3.599568221795558909e+00
2.649999999999999911e+00 3.599578995201587528e+00
2.660000000000000142e+00 3.599585209784507800e+00
2.669999999999999929e+00 3.599601866993904054e+00
2.680000000000000160e+00 3.599603825793266321e+00
2.689999999999999947e+00 3.599605974791050045e+00
2.700000000000000178e+00 3.599605974791050045e+00
2.709999999999999964e+00 3.599621298799514868e+00
2.720000000000000195e+00 3.599627024993896640e+00
2.729999999999999982e+00 3.599630442633628746e+00
2.740000000000000213e+00 3.599631712718009968e+00
2.750000000000000000e+00 3.599632046675682151e+00
2.760000000000000231e+00 3.599634218182563572e+00
2.770000000000000018e+00 3.599636284973621425e+00
2.780000000000000249e+00 3.599636625084877029e+00
2.790000000000000036e+00 3.599637574837207588e+00
2.800000000000000266e+00 3.599638039700984837e+00
2.810000000000000053e+00 3.599642292335033300e+00
2.819999999999999840e+00 3.599642592656612461e+00
2.830000000000000071e+00 3.599642550065517366e+00
2.839999999999999858e+00 3.599642550065517366e+00
2.850000000000000089e+00 3.599642550065517366e+00
2.859999999999999876e+00 3.599642550065517366e+00
2.870000000000000107e+00 3.599642550065517366e+00
2.879999999999999893e+00 3.599642550065517366e+00
2.890000000000000124e+00 3.599642550065517366e+00
2.899999999999999911e+00 3.599642540946006886e+00
2.910000000000000142e+00 3.599642313709259245e+00
2.919999999999999929e+00 3.599642313709259245e+00
2.930000000000000160e+00 3.599642313709259245e+00
2.939999999999999947e+00 3.599642313709259245e+00
2.950000000000000178e+00 3.599642264046669204e+00
2.959999999999999964e+00 3.599642244181632922e+00
2.970000000000000195e+00 3.599642263967990807e+00
2.979999999999999982e+00 3.599642240138053673e+00
2.990000000000000213e+00 3.599642240138053673e+00
3.000000000000000000e+00 3.599642240138053673e+00
