0.000000000000000000e+00 9.560226787184160635e-01 1.111930035997779953e+00
1.000000000000000021e-02 9.562004717563886702e-01 1.111926004743645668e+00
2.000000000000000042e-02 9.053467219958424295e-01 1.179462823535430527e+00
2.999999999999999889e-02 2.044778590505010207e+00 3.578906716277712619e+00
4.000000000000000083e-02 3.113301286853271677e+00 3.233440072113555885e+00
5.000000000000000278e-02 3.113339791554496916e+00 3.233119898005439641e+00
5.999999999999999778e-02 3.113653942018903109e+00 3.232942495444857123e+00
7.000000000000000666e-02 3.116111728219365773e+00 3.232305893126154572e+00
8.000000000000000167e-02 3.116612746586628457e+00 3.232130292792491755e+00
8.999999999999999667e-02 3.116576123309072965e+00 3.232048135342660000e+00
1.000000000000000056e-01 3.116431992505566129e+00 3.231973966862185854e+00
1.100000000000000006e-01 3.116111351538922936e+00 3.231677708076212685e+00
1.199999999999999956e-01 3.115557112420123786e+00 3.231117746111828559e+00
1.300000000000000044e-01 3.114765639042958778e+00 3.230370049157037737e+00
1.400000000000000133e-01 3.114690458976271614e+00 3.228098722079750793e+00
1.499999999999999944e-01 3.113694451480843561e+00 3.227277357687018622e+00
1.600000000000000033e-01 3.112986984922394118e+00 3.225715062168136082e+00
1.700000000000000122e-01 3.112403084748879500e+00 3.224676593543394532e+00
1.799999999999999933e-01 3.111828730262650833e+00 3.223470735369787565e+00
1.900000000000000022e-01 3.111017383834167038e+00 3.222356772640899703e+00
2.000000000000000111e-01 3.110246262857911059e+00 3.221056771595481205e+00
2.099999999999999922e-01 3.109577104021210570e+00 3.219928143638472573e+00
2.200000000000000011e-01 3.108887217714538131e+00 3.218080154998550491e+00
2.300000000000000100e-01 3.108280797151790509e+00 3.216438393760456371e+00
2.399999999999999911e-01 3.107966458058415871e+00 3.214598047137201764e+00
2.500000000000000000e-01 3.108106935734240128e+00 3.213063990245374146e+00
2.600000000000000089e-01 3.108569152163986438e+00 3.212378115768905751e+00
2.700000000000000178e-01 3.108880200317074571e+00 3.212192835614513076e+00
2.800000000000000266e-01 3.108833519922119759e+00 3.212658869985717036e+00
2.899999999999999800e-01 3.108898718344183187e+00 3.212425034917383293e+00
2.999999999999999889e-01 3.108856819025207052e+00 3.212203247350525537e+00
3.099999999999999978e-01 3.108868711713570043e+00 3.212212575989943808e+00
3.200000000000000067e-01 3.108531291113107553e+00 3.212154594521314355e+00
3.300000000000000155e-01 3.108327542417858691e+00 3.212125066000605766e+00
3.400000000000000244e-01 3.105994629654948547e+00 3.213815589647229132e+00
3.500000000000000333e-01 3.093036881445899056e+00 3.223689258461937435e+00
3.599999999999999867e-01 3.071832114977697703e+00 3.239157468719621402e+00
3.699999999999999956e-01 3.072916713962762891e+00 3.239882577924520390e+00
3.800000000000000044e-01 3.100002333728478110e+00 3.224940115226103909e+00
3.900000000000000133e-01 3.108466856440049497e+00 3.220373721238630971e+00
4.000000000000000222e-01 3.113237835239452522e+00 3.219636879678684060e+00
4.100000000000000311e-01 3.113411503218684206e+00 3.221585359302487017e+00
4.199999999999999845e-01 3.113086362018973041e+00 3.224141901840775759e+00
4.299999999999999933e-01 3.113057229851525332e+00 3.227774633289534290e+00
4.400000000000000022e-01 3.113659171546559801e+00 3.232642378426927809e+00
4.500000000000000111e-01 3.114845035867776168e+00 3.236864383516226518e+00
4.600000000000000200e-01 3.116387679469721839e+00 3.242447771494251896e+00
4.700000000000000289e-01 3.117559053656330903e+00 3.247567899902590760e+00
4.799999999999999822e-01 3.119836839791367389e+00 3.253713348611761980e+00
4.899999999999999911e-01 3.121855553647594039e+00 3.260580526593609196e+00
5.000000000000000000e-01 3.124125687902376214e+00 3.268212378213003255e+00
5.100000000000000089e-01 3.125845617353990580e+00 3.276771222202703893e+00
5.200000000000000178e-01 3.128193782583531313e+00 3.285385689605418325e+00
5.300000000000000266e-01 3.130959770712500312e+00 3.293821023574227791e+00
5.400000000000000355e-01 3.134010648089414985e+00 3.301524269246095322e+00
5.500000000000000444e-01 3.137806802351413626e+00 3.309277466094555198e+00
5.600000000000000533e-01 3.142029767705504462e+00 3.317248512028153407e+00
5.700000000000000622e-01 3.146903985309407403e+00 3.327195817747309547e+00
5.799999999999999600e-01 3.151793219482077024e+00 3.338115646575319229e+00
5.899999999999999689e-01 3.157620750460387704e+00 3.347226202378510429e+00
5.999999999999999778e-01 3.163681159062854853e+00 3.353823478102214928e+00
6.099999999999999867e-01 3.171660019982585066e+00 3.360735113836995414e+00
6.199999999999999956e-01 3.178713776082295883e+00 3.367039176383715304e+00
6.300000000000000044e-01 3.186496190859424704e+00 3.373470577901256373e+00
6.400000000000000133e-01 3.193819954148292339e+00 3.380045433382034226e+00
6.500000000000000222e-01 3.201109860376392557e+00 3.388632194801295849e+00
6.600000000000000311e-01 3.211825070840844010e+00 3.393349946654311555e+00
6.700000000000000400e-01 3.222339517261930464e+00 3.394127343676141439e+00
6.800000000000000488e-01 3.232366002187511356e+00 3.393858499913433135e+00
6.900000000000000577e-01 3.243093375353482077e+00 3.393799726896616686e+00
7.000000000000000666e-01 3.251534990981960416e+00 3.394183640161609450e+00
7.099999999999999645e-01 3.258657125924972142e+00 3.394650646844955766e+00
7.199999999999999734e-01 3.265158592267879634e+00 3.395418684562793388e+00
7.299999999999999822e-01 3.271134408342316835e+00 3.394839328659102318e+00
7.399999999999999911e-01 3.276375553153307862e+00 3.394609876605717780e+00
7.500000000000000000e-01 3.281197363837383474e+00 3.393450191585399178e+00
7.600000000000000089e-01 3.285379737066784323e+00 3.392088163485965424e+00
7.700000000000000178e-01 3.288785771216599763e+00 3.391185730562956913e+00
7.800000000000000266e-01 3.290990755329565420e+00 3.390487248167558310e+00
7.900000000000000355e-01 3.292879391854679483e+00 3.389958939587200071e+00
8.000000000000000444e-01 3.294300030512426147e+00 3.389644762254144794e+00
8.100000000000000533e-01 3.295741584896814569e+00 3.389248393697965600e+00
8.200000000000000622e-01 3.296630408001424151e+00 3.388906998447893670e+00
8.300000000000000711e-01 3.297750116715313595e+00 3.388573222704051702e+00
8.399999999999999689e-01 3.298382104691630179e+00 3.388371068726414581e+00
8.499999999999999778e-01 3.299213158673362845e+00 3.388152613683624192e+00
8.599999999999999867e-01 3.299921239098474679e+00 3.387889018412664655e+00
8.699999999999999956e-01 3.300299106753020517e+00 3.387680566398949544e+00
8.800000000000000044e-01 3.300758336965230910e+00 3.387517664879175605e+00
8.900000000000000133e-01 3.301085715853306901e+00 3.387393217328455997e+00
9.000000000000000222e-01 3.301202414435870924e+00 3.387317143712512912e+00
9.100000000000000311e-01 3.301439731966966828e+00 3.387266646955495286e+00
9.200000000000000400e-01 3.301613801248492130e+00 3.387263157259999602e+00
9.300000000000000488e-01 3.301703556667198391e+00 3.387270500706802245e+00
9.400000000000000577e-01 3.301797646898889660e+00 3.387277536626196017e+00
9.500000000000000666e-01 3.301843082663430629e+00 3.387285419924841889e+00
9.599999999999999645e-01 3.301943507762373109e+00 3.387309527778207929e+00
9.699999999999999734e-01 3.302000460522386494e+00 3.387326025626447912e+00
9.799999999999999822e-01 3.302053676122005399e+00 3.387357966739361181e+00
9.899999999999999911e-01 3.302020771122492260e+00 3.387386056107961618e+00
1.000000000000000000e+00 3.300511183439198692e+00 3.388475260328349226e+00
1.010000000000000009e+00 3.289751203228557852e+00 3.396514650443470007e+00
1.020000000000000018e+00 3.268233364524512741e+00 3.411911200504631925e+00
1.030000000000000027e+00 3.256667960550795549e+00 3.419511827213753463e+00
1.040000000000000036e+00 3.251963613805599174e+00 3.422197312045269335e+00
1.050000000000000044e+00 3.255175466538332785e+00 3.419879738773442313e+00
1.060000000000000053e+00 3.268783321448113011e+00 3.410655880440925269e+00
1.070000000000000062e+00 3.277519131225008042e+00 3.404907145997625673e+00
1.080000000000000071e+00 3.280698637696480624e+00 3.402945038198256889e+00
1.090000000000000080e+00 3.287734697085048285e+00 3.398625562223766661e+00
1.100000000000000089e+00 3.288224266399791595e+00 3.398311193056652080e+00
1.110000000000000098e+00 3.288528506517754746e+00 3.398227298931730811e+00
1.120000000000000107e+00 3.290192703005375918e+00 3.397491313098368160e+00
1.130000000000000115e+00 3.291392628395587661e+00 3.396986315534084699e+00
1.140000000000000124e+00 3.292821074523876401e+00 3.396363288097430821e+00
1.150000000000000133e+00 3.294428397963198307e+00 3.395818196804372135e+00
1.159999999999999920e+00 3.295316635597627553e+00 3.395540800563413342e+00
1.169999999999999929e+00 3.295336829022240455e+00 3.395671312333274461e+00
1.179999999999999938e+00 3.293191564365933743e+00 3.396883753074098955e+00
1.189999999999999947e+00 3.291289130051890499e+00 3.398096769062718625e+00
1.199999999999999956e+00 3.286136941246194265e+00 3.401361794448690912e+00
1.209999999999999964e+00 3.285654878610033691e+00 3.401960517603497713e+00
1.219999999999999973e+00 3.285928672653605442e+00 3.402345389202664716e+00
1.229999999999999982e+00 3.285465974093542130e+00 3.402903489712610252e+00
1.239999999999999991e+00 3.285794744897567288e+00 3.402951200446403757e+00
1.250000000000000000e+00 3.286144399354262280e+00 3.403180750482277528e+00
1.260000000000000009e+00 3.286315600984288654e+00 3.403301128999995040e+00
1.270000000000000018e+00 3.286468208943856606e+00 3.403396634028899026e+00
1.280000000000000027e+00 3.287175725128780979e+00 3.403186050689090525e+00
1.290000000000000036e+00 3.292628392882743338e+00 3.400426440372071202e+00
1.300000000000000044e+00 3.297205594558686670e+00 3.398292515869170138e+00
1.310000000000000053e+00 3.299987568558376605e+00 3.397319954425174426e+00
1.320000000000000062e+00 3.300428889670043997e+00 3.397103630853027578e+00
1.330000000000000071e+00 3.300772219817452946e+00 3.397056795418448072e+00
1.340000000000000080e+00 3.301592696944886107e+00 3.396771214626616242e+00
1.350000000000000089e+00 3.301574247822349317e+00 3.396920849304611689e+00
1.360000000000000098e+00 3.285429160535473958e+00 3.410810574614863366e+00
1.370000000000000107e+00 3.222682957815445004e+00 3.458227473519527084e+00
1.380000000000000115e+00 3.197035764071516351e+00 3.475541804566808057e+00
1.390000000000000124e+00 3.197139948721777536e+00 3.475791159988988355e+00
1.400000000000000133e+00 3.197262253587003666e+00 3.476064964351896602e+00
1.409999999999999920e+00 3.266698663611283138e+00 3.426548573942313602e+00
1.419999999999999929e+00 3.130552124488619636e+00 3.522071409990521484e+00
1.429999999999999938e+00 3.103447803960454721e+00 3.536632349328386660e+00
1.439999999999999947e+00 3.153346963974031247e+00 3.519328882831540994e+00
1.449999999999999956e+00 3.270227501201247833e+00 3.456687683549309220e+00
1.459999999999999964e+00 3.270205982605083772e+00 3.460980800985233419e+00
1.469999999999999973e+00 3.269573764369128721e+00 3.464601892302395125e+00
1.479999999999999982e+00 3.268635704292139454e+00 3.469194248372236000e+00
1.489999999999999991e+00 3.267791267980768577e+00 3.472104149223134595e+00
1.500000000000000000e+00 3.267809351942052576e+00 3.473358990843782745e+00
1.510000000000000009e+00 3.267551529075059857e+00 3.475326475027646911e+00
1.520000000000000018e+00 3.267620162933696726e+00 3.476173460942875160e+00
1.530000000000000027e+00 3.267636683434756328e+00 3.476710904532162694e+00
1.540000000000000036e+00 3.267874093585807493e+00 3.477321344761055144e+00
1.550000000000000044e+00 3.268113020471532515e+00 3.478360414019625146e+00
1.560000000000000053e+00 3.268362867828301876e+00 3.478998889950819962e+00
1.570000000000000062e+00 3.268550301764910682e+00 3.479824469877774273e+00
1.580000000000000071e+00 3.268839209565074899e+00 3.480718228155223581e+00
1.590000000000000080e+00 3.268890473198829305e+00 3.481856222257675881e+00
1.600000000000000089e+00 3.268900829177835199e+00 3.482773371442815957e+00
1.610000000000000098e+00 3.268878598319945095e+00 3.484228980959000577e+00
1.620000000000000107e+00 3.269073873526084917e+00 3.485017501686584751e+00
1.630000000000000115e+00 3.269445270674238291e+00 3.485780126669397294e+00
1.640000000000000124e+00 3.269800296467350265e+00 3.486292435032321890e+00
1.650000000000000133e+00 3.270576263320959409e+00 3.486071398755990369e+00
1.660000000000000142e+00 3.272366882727045123e+00 3.483022148344617541e+00
1.669999999999999929e+00 3.272894416630477199e+00 3.482838541595727033e+00
1.679999999999999938e+00 3.272806709234287403e+00 3.482769133747050994e+00
1.689999999999999947e+00 3.272096081406569379e+00 3.482320988352799684e+00
1.699999999999999956e+00 3.269381277992709833e+00 3.485562374861255641e+00
1.709999999999999964e+00 3.264260433876977618e+00 3.492145183550848575e+00
1.719999999999999973e+00 3.258307438442153980e+00 3.500651598747329452e+00
1.729999999999999982e+00 3.252665226999334802e+00 3.511682990020700057e+00
1.739999999999999991e+00 3.245847240022041724e+00 3.527804113361022509e+00
1.750000000000000000e+00 3.240738290617585449e+00 3.544610993282675260e+00
1.760000000000000009e+00 3.233393610716305488e+00 3.564986952809848120e+00
1.770000000000000018e+00 3.228266342659530164e+00 3.583575222339096644e+00
1.780000000000000027e+00 3.227001815476087998e+00 3.603697626467080362e+00
1.790000000000000036e+00 3.210803735915927604e+00 3.631906400304527160e+00
1.800000000000000044e+00 3.205930375939611388e+00 3.657221575940843294e+00
1.810000000000000053e+00 3.207701606899848290e+00 3.683081556800255729e+00
1.820000000000000062e+00 3.214648123445918770e+00 3.705023825687954186e+00
1.830000000000000071e+00 3.233281169852434189e+00 3.727738694048704282e+00
1.840000000000000080e+00 3.263467810019125004e+00 3.750272159706483421e+00
1.850000000000000089e+00 3.280976920696774712e+00 3.777760994704683739e+00
1.860000000000000098e+00 3.298526271438063429e+00 3.807408411708413265e+00
1.870000000000000107e+00 3.313964510599766822e+00 3.837092261138762783e+00
1.880000000000000115e+00 3.370305213963294300e+00 3.844578546593880652e+00
1.890000000000000124e+00 3.409146195105222432e+00 3.854272295490595468e+00
1.900000000000000133e+00 3.436239605905841543e+00 3.867456940367389961e+00
1.910000000000000142e+00 3.451682717858523208e+00 3.878363073004514217e+00
1.919999999999999929e+00 3.475691712359175511e+00 3.886037978845848784e+00
1.929999999999999938e+00 3.507752573452630696e+00 3.885033150681814096e+00
1.939999999999999947e+00 3.530793949499330342e+00 3.886679721193113668e+00
1.949999999999999956e+00 3.552389978805585269e+00 3.886855987094836262e+00
1.959999999999999964e+00 3.570066024269550109e+00 3.885792916241199269e+00
1.969999999999999973e+00 3.586916650104161164e+00 3.883303342280749249e+00
1.979999999999999982e+00 3.604737890466390482e+00 3.879684722601236757e+00
1.989999999999999991e+00 3.616907255493678530e+00 3.876852469542942270e+00
2.000000000000000000e+00 3.626998461035108701e+00 3.874248272310877095e+00
2.010000000000000231e+00 3.635177196832518831e+00 3.872209807647843505e+00
2.020000000000000018e+00 3.641335567617794311e+00 3.870682333454707802e+00
2.030000000000000249e+00 3.647233178303113110e+00 3.868962474868426593e+00
2.040000000000000036e+00 3.652274230050524650e+00 3.867485189590969874e+00
2.049999999999999822e+00 3.656602129918060218e+00 3.866266038259544846e+00
2.060000000000000053e+00 3.659191716654309978e+00 3.865801868073931225e+00
2.069999999999999840e+00 3.663493626822570626e+00 3.864485310040374877e+00
2.080000000000000071e+00 3.666238367527989261e+00 3.863963191929789431e+00
2.089999999999999858e+00 3.669237840462851619e+00 3.863251289337945149e+00
2.100000000000000089e+00 3.672476045493240360e+00 3.862557095862273915e+00
2.109999999999999876e+00 3.676171852406741269e+00 3.861384380627392421e+00
2.120000000000000107e+00 3.679343595452169602e+00 3.860291790390153466e+00
2.129999999999999893e+00 3.685329653922785109e+00 3.857507124245893149e+00
2.140000000000000124e+00 3.688934724166295531e+00 3.856014196555712203e+00
2.149999999999999911e+00 3.694579495176111728e+00 3.853319805875981885e+00
2.160000000000000142e+00 3.699563919080631980e+00 3.850531336036784769e+00
2.169999999999999929e+00 3.701765214939099824e+00 3.849433038296716791e+00
2.180000000000000160e+00 3.703794203594504619e+00 3.848433030497254048e+00
2.189999999999999947e+00 3.705142127031976873e+00 3.847965064359013976e+00
2.200000000000000178e+00 3.708447636246091417e+00 3.846279776220911106e+00
2.209999999999999964e+00 3.709891640162700455e+00 3.845705993523365507e+00
2.220000000000000195e+00 3.711140920428170453e+00 3.845217195530996612e+00
2.229999999999999982e+00 3.711309248346406076e+00 3.845417243886870562e+00
2.240000000000000213e+00 3.711510560718384699e+00 3.845468316730651370e+00
2.250000000000000000e+00 3.711544980800281834e+00 3.845674562332500379e+00
2.260000000000000231e+00 3.711643763524464124e+00 3.845752513822147112e+00
2.270000000000000018e+00 3.711189131316255718e+00 3.846138139668394018e+00
2.280000000000000249e+00 3.710330767040016742e+00 3.846732343101737062e+00
2.290000000000000036e+00 3.710444094737761489e+00 3.846780767565972425e+00
2.300000000000000266e+00 3.710143064749898745e+00 3.847007908088503125e+00
2.310000000000000053e+00 3.710959466109203131e+00 3.846647592687679751e+00
2.319999999999999840e+00 3.711099326687494759e+00 3.846660258917173003e+00
2.330000000000000071e+00 3.711613616508734559e+00 3.846492280193078095e+00
2.339999999999999858e+00 3.712355278445346851e+00 3.846150216339962125e+00
2.350000000000000089e+00 3.712805234954496214e+00 3.845964987580637207e+00
2.359999999999999876e+00 3.713808532842250987e+00 3.845467352434543518e+00
2.370000000000000107e+00 3.714900680090882812e+00 3.844924300330183176e+00
2.379999999999999893e+00 3.715907312429339804e+00 3.844417492868512198e+00
2.390000000000000124e+00 3.716219373058796016e+00 3.844280383759021369e+00
2.399999999999999911e+00 3.716649668034536003e+00 3.844112363577860680e+00
2.410000000000000142e+00 3.717204232521211349e+00 3.843857267889822626e+00
2.419999999999999929e+00 3.717655427612737373e+00 3.843629087286516199e+00
2.430000000000000160e+00 3.718043658308359145e+00 3.843428333483366099e+00
2.439999999999999947e+00 3.718223892089535632e+00 3.843357771590540928e+00
2.450000000000000178e+00 3.718427566046040855e+00 3.843280376959520961e+00
2.459999999999999964e+00 3.718651904050587209e+00 3.843154657643558014e+00
2.470000000000000195e+00 3.719062083211115866e+00 3.842936454467602569e+00
2.479999999999999982e+00 3.719587549666290904e+00 3.842677295361633050e+00
2.490000000000000213e+00 3.720077218955243570e+00 3.842441723782335838e+00
2.500000000000000000e+00 3.720896663841160468e+00 3.841998673831072963e+00
2.510000000000000231e+00 3.721966697393883194e+00 3.841427700112830301e+00
2.520000000000000018e+00 3.722450471176979470e+00 3.841190903854491800e+00
2.530000000000000249e+00 3.722740315496263719e+00 3.841059918358983971e+00
2.540000000000000036e+00 3.723198099667254013e+00 3.840842892049130874e+00
2.550000000000000266e+00 3.723554999849373992e+00 3.840661418188040521e+00
2.560000000000000053e+00 3.723696058668414466e+00 3.840591015816410270e+00
2.569999999999999840e+00 3.724042118104874177e+00 3.840430383959830607e+00
2.580000000000000071e+00 3.724206439789250034e+00 3.840342585884616078e+00
2.589999999999999858e+00 3.724546587288402044e+00 3.840165889589764348e+00
2.600000000000000089e+00 3.724575811211800147e+00 3.840158052437568248e+00
2.609999999999999876e+00 3.724650995707063039e+00 3.840133974972220088e+00
2.620000000000000107e+00 3.724724519919758503e+00 3.840097590757006518e+00
2.629999999999999893e+00 3.724806159750629231e+00 3.840065921109508285e+00
2.640000000000000124e+00 3.724801047119275399e+00 3.840067394877298756e+00
2.649999999999999911e+00 3.724812390100126880e+00 3.840066069568032869e+00
2.660000000000000142e+00 3.724765979317236297e+00 3.840108246752214516e+00
2.669999999999999929e+00 3.724680968455835739e+00 3.840179457245305628e+00
2.680000000000000160e+00 3.724677113664641048e+00 3.840184431077942939e+00
2.689999999999999947e+00 3.724653615461285483e+00 3.840206575817171952e+00
2.700000000000000178e+00 3.724789535856022127e+00 3.840147095432506319e+00
2.709999999999999964e+00 3.724783459415574427e+00 3.840154531388144221e+00
2.720000000000000195e+00 3.724801139213698153e+00 3.840146574418885184e+00
2.729999999999999982e+00 3.724872877519803449e+00 3.840119610559267205e+00
2.740000000000000213e+00 3.724877639768180870e+00 3.840126688668670241e+00
2.750000000000000000e+00 3.724945911171440471e+00 3.840095905678268196e+00
2.760000000000000231e+00 3.725119552973723547e+00 3.840024146562600382e+00
2.770000000000000018e+00 3.725272438880772974e+00 3.839954861949114395e+00
2.780000000000000249e+00 3.725318761821563740e+00 3.839930917371932928e+00
2.790000000000000036e+00 3.725343154645652799e+00 3.839918608407287604e+00
2.800000000000000266e+00 3.725424579698772831e+00 3.839875380571155183e+00
2.810000000000000053e+00 3.725456936506597039e+00 3.839857683916719999e+00
2.819999999999999840e+00 3.725477091522396922e+00 3.839846141815005165e+00
2.830000000000000071e+00 3.725488795546073373e+00 3.839839993435364196e+00
2.839999999999999858e+00 3.725486949473256093e+00 3.839837496751910439e+00
2.850000000000000089e+00 3.725533166792763140e+00 3.839812350804435503e+00
2.859999999999999876e+00 3.725601559763950910e+00 3.839776126388507294e+00
2.870000000000000107e+00 3.725600776109736056e+00 3.839775629038770344e+00
2.879999999999999893e+00 3.725656409156653304e+00 3.839746282207634920e+00
2.890000000000000124e+00 3.725654207877736823e+00 3.839744671960253264e+00
2.899999999999999911e+00 3.725654084199073512e+00 3.839744593827126184e+00
2.910000000000000142e+00 3.725654084199073512e+00 3.839744593827126184e+00
2.919999999999999929e+00 3.725653775285775016e+00 3.839744323025648942e+00
2.930000000000000160e+00 3.725652929044092510e+00 3.839743678364430757e+00
2.939999999999999947e+00 3.725652929044092510e+00 3.839743678364430757e+00
2.950000000000000178e+00 3.725652264967499239e+00 3.839743061589660389e+00
2.959999999999999964e+00 3.725652264967499239e+00 3.839743061589660389e+00
2.970000000000000195e+00 3.725652264967499239e+00 3.839743061589660389e+00
2.979999999999999982e+00 3.725652264967499239e+00 3.839743061589660389e+00
2.990000000000000213e+00 3.725652264967499239e+00 3.839743061589660389e+00
3.000000000000000000e+00 3.725652264967499239e+00 3.839743061589660389e+00
