0.000000000000000000e+00 1.232577388638706806e+00 1.446731731678990718e+00
1.000000000000000021e-02 1.232801023767176041e+00 1.444884817833719026e+00
2.000000000000000042e-02 1.234458834613354927e+00 1.464763531019894316e+00
2.999999999999999889e-02 1.232453278384049611e+00 1.834605615757862740e+00
4.000000000000000083e-02 1.615736625673668270e+00 2.332528522617919986e+00
5.000000000000000278e-02 1.962591367520241770e+00 2.438283465913385850e+00
5.999999999999999778e-02 2.005558832397237978e+00 2.543918972826227254e+00
7.000000000000000666e-02 2.014443083034159976e+00 2.543815910956261028e+00
8.000000000000000167e-02 2.000758687432962368e+00 2.633473738786023866e+00
8.999999999999999667e-02 1.967182634284519560e+00 2.998541293997741164e+00
1.000000000000000056e-01 2.251881213140934257e+00 3.720148174721748191e+00
1.100000000000000006e-01 3.041820475365311971e+00 4.150359855178206381e+00
1.199999999999999956e-01 3.520336446784062545e+00 4.101963141085581910e+00
1.300000000000000044e-01 3.712896607374819524e+00 4.004294545049992493e+00
1.400000000000000133e-01 3.756475708285651471e+00 3.974538856824555211e+00
1.499999999999999944e-01 3.763084227852327768e+00 3.969853880467908436e+00
1.600000000000000033e-01 3.762988761844094032e+00 3.969988413968626784e+00
1.700000000000000122e-01 3.761012094596388522e+00 3.970116560079095080e+00
1.799999999999999933e-01 3.760270832206507929e+00 3.970488765066364945e+00
1.900000000000000022e-01 3.758015797483363230e+00 3.971085785515866107e+00
2.000000000000000111e-01 3.756348061358610657e+00 3.971261558411439019e+00
2.099999999999999922e-01 3.753081341146593086e+00 3.971106096521253459e+00
2.200000000000000011e-01 3.747634787796986444e+00 3.972604259158122098e+00
2.300000000000000100e-01 3.691680442090711889e+00 3.994967297887125124e+00
2.399999999999999911e-01 3.553917005084598735e+00 4.019295132786189662e+00
2.500000000000000000e-01 3.305068366506833666e+00 3.953668063108187081e+00
2.600000000000000089e-01 3.105190432354500540e+00 3.734972729247519663e+00
2.700000000000000178e-01 3.058408796453256251e+00 3.525441257176618493e+00
2.800000000000000266e-01 3.076525750658085201e+00 3.362680178716609625e+00
2.899999999999999800e-01 3.108421366843947986e+00 3.296210276289215813e+00
2.999999999999999889e-01 3.126410828356365190e+00 3.258495105238338407e+00
3.099999999999999978e-01 3.138911251068134955e+00 3.234985009756068397e+00
3.200000000000000067e-01 3.143923601126451750e+00 3.221893957410078002e+00
3.300000000000000155e-01 3.153456091029878117e+00 3.214456225206618001e+00
3.400000000000000244e-01 3.156650068470480353e+00 3.212066660974977506e+00
3.500000000000000333e-01 3.159344274834019917e+00 3.210048879105226849e+00
3.599999999999999867e-01 3.167517785216295234e+00 3.203560871361768481e+00
3.699999999999999956e-01 3.169960804015409028e+00 3.201587599271525253e+00
3.800000000000000044e-01 3.175042182120627388e+00 3.197384418035203346e+00
3.900000000000000133e-01 3.177189770457890194e+00 3.195545580928179863e+00
4.000000000000000222e-01 3.177638650369447593e+00 3.195233479385572561e+00
4.100000000000000311e-01 3.177638650369447593e+00 3.195233479385572561e+00
4.199999999999999845e-01 3.177681392455824039e+00 3.195206060437433493e+00
4.299999999999999933e-01 3.177770393196734044e+00 3.195152790168134249e+00
4.400000000000000022e-01 3.177878521617037766e+00 3.195083250171558920e+00
4.500000000000000111e-01 3.178077640683402816e+00 3.194968900058517303e+00
4.600000000000000200e-01 3.178326874654852308e+00 3.194829065200722962e+00
4.700000000000000289e-01 3.178435079241724193e+00 3.194766227411298676e+00
4.799999999999999822e-01 3.178507670733642154e+00 3.194725646174240818e+00
4.899999999999999911e-01 3.178604255668649792e+00 3.194671271493902509e+00
5.000000000000000000e-01 3.178788437709343828e+00 3.194559317369925378e+00
5.100000000000000089e-01 3.178903437404968280e+00 3.194492120165489446e+00
5.200000000000000178e-01 3.178934140846604084e+00 3.194474457938796252e+00
5.300000000000000266e-01 3.178974785514574908e+00 3.194454076952237376e+00
5.400000000000000355e-01 3.178974785514574908e+00 3.194454076952237376e+00
5.500000000000000444e-01 3.178974785514574908e+00 3.194454076952237376e+00
5.600000000000000533e-01 3.178974785514574908e+00 3.194454076952237376e+00
5.700000000000000622e-01 3.178974785514574908e+00 3.194454076952237376e+00
5.799999999999999600e-01 3.178990304381272836e+00 3.194446277583219640e+00
5.899999999999999689e-01 3.178990304381272836e+00 3.194446277583219640e+00
5.999999999999999778e-01 3.178990304381272836e+00 3.194446277583219640e+00
6.099999999999999867e-01 3.178990304381272836e+00 3.194446277583219640e+00
6.199999999999999956e-01 3.178990304381272836e+00 3.194446277583219640e+00
6.300000000000000044e-01 3.178990304381272836e+00 3.194446277583219640e+00
6.400000000000000133e-01 3.178990304381272836e+00 3.194446277583219640e+00
6.500000000000000222e-01 3.178990304381272836e+00 3.194446277583219640e+00
6.600000000000000311e-01 3.178990304381272836e+00 3.194446277583219640e+00
6.700000000000000400e-01 3.178990304381272836e+00 3.194446277583219640e+00
6.800000000000000488e-01 3.178990304381272836e+00 3.194446277583219640e+00
6.900000000000000577e-01 3.178990304381272836e+00 3.194446277583219640e+00
7.000000000000000666e-01 3.178990304381272836e+00 3.194446277583219640e+00
7.099999999999999645e-01 3.178990304381272836e+00 3.194446277583219640e+00
7.199999999999999734e-01 3.178990304381272836e+00 3.194446277583219640e+00
7.299999999999999822e-01 3.178990367342078294e+00 3.194446377076065602e+00
7.399999999999999911e-01 3.178990367342078294e+00 3.194446377076065602e+00
7.500000000000000000e-01 3.178990367342078294e+00 3.194446377076065602e+00
7.600000000000000089e-01 3.178990367342078294e+00 3.194446377076065602e+00
7.700000000000000178e-01 3.178990367342078294e+00 3.194446377076065602e+00
7.800000000000000266e-01 3.178990367342078294e+00 3.194446377076065602e+00
7.900000000000000355e-01 3.178990367342078294e+00 3.194446377076065602e+00
8.000000000000000444e-01 3.178990367342078294e+00 3.194446377076065602e+00
8.100000000000000533e-01 3.178990367342078294e+00 3.194446377076065602e+00
8.200000000000000622e-01 3.178990367342078294e+00 3.194446377076065602e+00
8.300000000000000711e-01 3.178990367342078294e+00 3.194446377076065602e+00
8.399999999999999689e-01 3.178990367342078294e+00 3.194446377076065602e+00
8.499999999999999778e-01 3.178990367342078294e+00 3.194446377076065602e+00
8.599999999999999867e-01 3.178990367342078294e+00 3.194446377076065602e+00
8.699999999999999956e-01 3.178990367342078294e+00 3.194446377076065602e+00
8.800000000000000044e-01 3.178990367342078294e+00 3.194446377076065602e+00
8.900000000000000133e-01 3.178990367342078294e+00 3.194446377076065602e+00
9.000000000000000222e-01 3.178990367342078294e+00 3.194446377076065602e+00
9.100000000000000311e-01 3.178990367342078294e+00 3.194446377076065602e+00
9.200000000000000400e-01 3.178990367342078294e+00 3.194446377076065602e+00
9.300000000000000488e-01 3.178990367342078294e+00 3.194446377076065602e+00
9.400000000000000577e-01 3.178990367342078294e+00 3.194446377076065602e+00
9.500000000000000666e-01 3.178990367342078294e+00 3.194446377076065602e+00
9.599999999999999645e-01 3.178990367342078294e+00 3.194446377076065602e+00
9.699999999999999734e-01 3.178990367342078294e+00 3.194446377076065602e+00
9.799999999999999822e-01 3.178990367342078294e+00 3.194446377076065602e+00
9.899999999999999911e-01 3.178990367342078294e+00 3.194446377076065602e+00
1.000000000000000000e+00 3.178990367342078294e+00 3.194446377076065602e+00
1.010000000000000009e+00 3.178990367342078294e+00 3.194446377076065602e+00
1.020000000000000018e+00 3.178990367342078294e+00 3.194446377076065602e+00
1.030000000000000027e+00 3.178990367342078294e+00 3.194446377076065602e+00
1.040000000000000036e+00 3.178989868340900138e+00 3.194449873079845403e+00
1.050000000000000044e+00 3.178989868340900138e+00 3.194449873079845403e+00
1.060000000000000053e+00 3.178989753262956963e+00 3.194450639717618667e+00
1.070000000000000062e+00 3.178984446290570087e+00 3.194464827186030309e+00
1.080000000000000071e+00 3.178983424693177184e+00 3.194470457714964517e+00
1.090000000000000080e+00 3.178976166406430881e+00 3.194491374062738753e+00
1.100000000000000089e+00 3.178976403642266746e+00 3.194492088503271709e+00
1.110000000000000098e+00 3.178960261048390024e+00 3.194537611285136691e+00
1.120000000000000107e+00 3.178962662527100136e+00 3.194540311878188987e+00
1.130000000000000115e+00 3.178963001859612003e+00 3.194545637375884706e+00
1.140000000000000124e+00 3.178960686628241827e+00 3.194557453282456105e+00
1.150000000000000133e+00 3.178954906486068488e+00 3.194592407208885376e+00
1.159999999999999920e+00 3.178952451850114436e+00 3.194647516378225305e+00
1.169999999999999929e+00 3.178944908550124460e+00 3.194730746094841756e+00
1.179999999999999938e+00 3.178937444213813190e+00 3.194832435985619501e+00
1.189999999999999947e+00 3.178924444374264802e+00 3.194938632460413430e+00
1.199999999999999956e+00 3.178918142060711993e+00 3.194970470758005554e+00
1.209999999999999964e+00 3.178916957006618915e+00 3.194979782509639321e+00
1.219999999999999973e+00 3.178907913600644175e+00 3.195015654323855703e+00
1.229999999999999982e+00 3.178898309117017984e+00 3.195063546075166183e+00
1.239999999999999991e+00 3.178896528182911574e+00 3.195100692590785663e+00
1.250000000000000000e+00 3.178879738008576705e+00 3.195197207634848713e+00
1.260000000000000009e+00 3.178863962268063226e+00 3.195288947292140413e+00
1.270000000000000018e+00 3.178856735077772555e+00 3.195318504466142073e+00
1.280000000000000027e+00 3.178841657969792678e+00 3.195434646127383260e+00
1.290000000000000036e+00 3.178843463825914206e+00 3.195464286232259532e+00
1.300000000000000044e+00 3.178842492460512315e+00 3.195539713144994298e+00
1.310000000000000053e+00 3.178803193711693620e+00 3.195743611679617846e+00
1.320000000000000062e+00 3.178791030207910762e+00 3.195812790445051288e+00
1.330000000000000071e+00 3.178771013514443133e+00 3.195926674078063634e+00
1.340000000000000080e+00 3.178764820343184638e+00 3.195961873272728404e+00
1.350000000000000089e+00 3.178758610669135010e+00 3.195986801404000488e+00
1.360000000000000098e+00 3.178747652448103977e+00 3.196027615920616682e+00
1.370000000000000107e+00 3.178725542760860279e+00 3.196093829840648937e+00
1.380000000000000115e+00 3.178701655269005499e+00 3.196163406891486147e+00
1.390000000000000124e+00 3.178671963043955717e+00 3.196264758381100801e+00
1.400000000000000133e+00 3.178645176010346241e+00 3.196323716277861493e+00
1.409999999999999920e+00 3.178642499479700234e+00 3.196334603286336673e+00
1.419999999999999929e+00 3.178640601371370611e+00 3.196345402223027765e+00
1.429999999999999938e+00 3.178642608430824801e+00 3.196367011696852778e+00
1.439999999999999947e+00 3.178641355091827325e+00 3.196381847346527305e+00
1.449999999999999956e+00 3.178640237647268219e+00 3.196389057425287117e+00
1.459999999999999964e+00 3.178638410613421783e+00 3.196402070868129996e+00
1.469999999999999973e+00 3.178489531449995020e+00 3.196642618551530646e+00
1.479999999999999982e+00 3.178251183630582677e+00 3.197060460871103071e+00
1.489999999999999991e+00 3.178158477772604407e+00 3.197217712551225333e+00
1.500000000000000000e+00 3.177904238398726822e+00 3.197654071084801597e+00
1.510000000000000009e+00 3.177566206791001324e+00 3.198201333196562413e+00
1.520000000000000018e+00 3.177177627578115171e+00 3.198833367066050037e+00
1.530000000000000027e+00 3.177046565438161441e+00 3.199058499502291486e+00
1.540000000000000036e+00 3.176997508221962807e+00 3.199146309918067477e+00
1.550000000000000044e+00 3.176904579317545885e+00 3.199311852509999721e+00
1.560000000000000053e+00 3.176788656909186770e+00 3.199526816871445689e+00
1.570000000000000062e+00 3.176712852730901204e+00 3.199648357558100287e+00
1.580000000000000071e+00 3.176569342214643932e+00 3.199867144000947405e+00
1.590000000000000080e+00 3.176008137996469305e+00 3.200632193853582219e+00
1.600000000000000089e+00 3.175743012725931624e+00 3.201045853021520227e+00
1.610000000000000098e+00 3.175134518732125599e+00 3.201977893143599374e+00
1.620000000000000107e+00 3.173515419262942672e+00 3.204471968065205623e+00
1.630000000000000115e+00 3.172856853075009198e+00 3.205530057482738115e+00
1.640000000000000124e+00 3.171665787699657013e+00 3.207420907842678748e+00
1.650000000000000133e+00 3.168399718503803086e+00 3.212057375431209394e+00
1.660000000000000142e+00 3.162850082732989954e+00 3.220232246545002397e+00
1.669999999999999929e+00 3.155417131574363321e+00 3.231008155782013613e+00
1.679999999999999938e+00 3.147779117569715623e+00 3.242908879661768218e+00
1.689999999999999947e+00 3.144299612506607389e+00 3.248764988003990162e+00
1.699999999999999956e+00 3.145444903858769958e+00 3.248516271926294774e+00
1.709999999999999964e+00 3.150850177795590845e+00 3.241664765856562269e+00
1.719999999999999973e+00 3.156179729721340976e+00 3.234865562961307006e+00
1.729999999999999982e+00 3.158618207513204990e+00 3.233004450119623119e+00
1.739999999999999991e+00 3.156842455713914752e+00 3.236395956904722482e+00
1.750000000000000000e+00 3.154766493694956431e+00 3.240575854513471299e+00
1.760000000000000009e+00 3.152995159300853611e+00 3.244469096384952511e+00
1.770000000000000018e+00 3.151205371218597229e+00 3.249112111591423435e+00
1.780000000000000027e+00 3.150390187876696668e+00 3.251514976298337078e+00
1.790000000000000036e+00 3.149573658501479301e+00 3.253477506864693503e+00
1.800000000000000044e+00 3.147202202212125322e+00 3.258516347788065204e+00
1.810000000000000053e+00 3.146088045185507553e+00 3.261130188337861391e+00
1.820000000000000062e+00 3.144789045538162409e+00 3.264039233685279928e+00
1.830000000000000071e+00 3.143930437242573372e+00 3.266208454974109276e+00
1.840000000000000080e+00 3.143399286474999332e+00 3.267984071335975127e+00
1.850000000000000089e+00 3.142642338764637167e+00 3.269872410056620993e+00
1.860000000000000098e+00 3.141931446600946476e+00 3.271816110338178429e+00
1.870000000000000107e+00 3.140754391933607614e+00 3.274768040980172934e+00
1.880000000000000115e+00 3.139552328655544677e+00 3.278393024242099330e+00
1.890000000000000124e+00 3.137831558283500133e+00 3.283103588148422514e+00
1.900000000000000133e+00 3.135097819680040754e+00 3.289646960507565776e+00
1.910000000000000142e+00 3.133708007785222627e+00 3.293901530612566297e+00
1.919999999999999929e+00 3.131440048392993170e+00 3.300909345275181650e+00
1.929999999999999938e+00 3.123767519442344653e+00 3.318911149938796878e+00
1.939999999999999947e+00 3.118498158282120514e+00 3.333509170514266096e+00
1.949999999999999956e+00 3.114160582291689128e+00 3.348294450066480632e+00
1.959999999999999964e+00 3.108909992439051972e+00 3.368636136053303698e+00
1.969999999999999973e+00 3.103419750871508676e+00 3.394481376261860639e+00
1.979999999999999982e+00 3.099957587642292900e+00 3.419212053776163884e+00
1.989999999999999991e+00 3.096695695519736891e+00 3.451387726010986423e+00
2.000000000000000000e+00 3.096797954295485322e+00 3.487758767077119071e+00
2.010000000000000231e+00 3.099030432981842775e+00 3.522629669714576028e+00
2.020000000000000018e+00 3.103838706592854990e+00 3.558785046773615512e+00
2.030000000000000249e+00 3.114580893330129996e+00 3.608873181286302412e+00
2.040000000000000036e+00 3.130733467307702078e+00 3.650838720878943455e+00
2.049999999999999822e+00 3.149925704235414514e+00 3.692006196919103367e+00
2.060000000000000053e+00 3.176973619078158784e+00 3.736474814301968372e+00
2.069999999999999840e+00 3.207347073169779961e+00 3.775706909388470756e+00
2.080000000000000071e+00 3.244107382778005810e+00 3.815678229514283704e+00
2.089999999999999858e+00 3.286418010898860764e+00 3.853215822552410685e+00
2.100000000000000089e+00 3.318035784291258672e+00 3.875552209878930121e+00
2.109999999999999876e+00 3.361946204167831187e+00 3.900435061706077899e+00
2.120000000000000107e+00 3.404655715794608462e+00 3.918268061504319277e+00
2.129999999999999893e+00 3.450573125412430997e+00 3.932804781687292639e+00
2.140000000000000124e+00 3.484300721850505766e+00 3.940323236637005344e+00
2.149999999999999911e+00 3.506574722927467747e+00 3.944232713305098947e+00
2.160000000000000142e+00 3.537954828560868847e+00 3.948016195160826136e+00
2.169999999999999929e+00 3.560776940313530314e+00 3.948620952628898007e+00
2.180000000000000160e+00 3.569766817940157821e+00 3.948399705597477549e+00
2.189999999999999947e+00 3.584913643833656849e+00 3.948043159144858372e+00
2.200000000000000178e+00 3.597208237436118505e+00 3.948074226538834441e+00
2.209999999999999964e+00 3.603915768043750134e+00 3.947878607371098525e+00
2.220000000000000195e+00 3.604029527610665085e+00 3.949380272933120217e+00
2.229999999999999982e+00 3.606763636478970803e+00 3.950271312561442372e+00
2.240000000000000213e+00 3.614633187866536090e+00 3.950608545918139924e+00
2.250000000000000000e+00 3.618463770949368996e+00 3.950915224793428937e+00
2.260000000000000231e+00 3.620969341460129165e+00 3.951624036635497994e+00
2.270000000000000018e+00 3.619456922605980065e+00 3.953065904575835621e+00
2.280000000000000249e+00 3.618335503327986480e+00 3.954808571121552596e+00
2.290000000000000036e+00 3.615606854880543342e+00 3.957290741202144080e+00
2.300000000000000266e+00 3.611499646918979511e+00 3.960510108754429215e+00
2.310000000000000053e+00 3.609106191287810184e+00 3.961743457912628941e+00
2.319999999999999840e+00 3.601029321223292889e+00 3.966286935466732722e+00
2.330000000000000071e+00 3.584476855822013253e+00 3.972142987842155915e+00
2.339999999999999858e+00 3.560400572319410983e+00 3.982962340278245250e+00
2.350000000000000089e+00 3.544018696535744972e+00 3.989751437860808103e+00
2.359999999999999876e+00 3.368788360271228743e+00 4.071473951313721251e+00
2.370000000000000107e+00 3.303134165912429587e+00 4.093538528272350874e+00
2.379999999999999893e+00 3.289029335332474435e+00 4.097982056052127398e+00
2.390000000000000124e+00 3.267646992143315554e+00 4.098845214065390152e+00
2.399999999999999911e+00 3.202707258880811647e+00 4.108754701451581504e+00
2.410000000000000142e+00 3.182087710325255170e+00 4.085830763338074156e+00
2.419999999999999929e+00 3.072504292892215716e+00 4.079228485952617334e+00
2.430000000000000160e+00 2.740856754442237975e+00 4.045072671963191979e+00
2.439999999999999947e+00 2.330955702304736477e+00 3.856803901474579632e+00
2.450000000000000178e+00 1.979413866302663250e+00 3.476619915137594496e+00
2.459999999999999964e+00 1.821519469179050166e+00 2.915695519755943987e+00
2.470000000000000195e+00 1.833809075590665749e+00 2.783181123233739562e+00
2.479999999999999982e+00 1.846394773971995695e+00 2.753826876378098198e+00
2.490000000000000213e+00 1.843718952763952368e+00 2.834626598548017018e+00
2.500000000000000000e+00 1.920582524620080056e+00 3.160085350464796328e+00
2.510000000000000231e+00 2.181650813455426441e+00 3.544620467603361913e+00
2.520000000000000018e+00 2.513905596947315413e+00 3.759205170066711066e+00
2.530000000000000249e+00 2.825262844056017020e+00 3.829032133713834885e+00
2.540000000000000036e+00 3.022975914324899538e+00 3.823308185697416040e+00
2.550000000000000266e+00 3.189475863229011221e+00 3.787394945219780151e+00
2.560000000000000053e+00 3.313361785787791725e+00 3.741504618025570217e+00
2.569999999999999840e+00 3.350287221123493087e+00 3.723312472222530811e+00
2.580000000000000071e+00 3.362753586410026863e+00 3.716686752831001250e+00
2.589999999999999858e+00 3.392467247331216296e+00 3.703660126030371647e+00
2.600000000000000089e+00 3.423953840387586656e+00 3.686910354553934344e+00
2.609999999999999876e+00 3.445636484444849046e+00 3.674414670721777298e+00
2.620000000000000107e+00 3.458857444211131948e+00 3.665165230010860142e+00
2.629999999999999893e+00 3.476763451014678985e+00 3.653942151850539943e+00
2.640000000000000124e+00 3.495246327908158701e+00 3.641022014849065958e+00
2.649999999999999911e+00 3.507927955013892873e+00 3.631186508844711280e+00
2.660000000000000142e+00 3.525848312599834777e+00 3.616498096215549296e+00
2.669999999999999929e+00 3.533844012250578093e+00 3.609129898510301526e+00
2.680000000000000160e+00 3.539472680514194280e+00 3.603547696630619690e+00
2.689999999999999947e+00 3.540358277734032999e+00 3.602276809074171471e+00
2.700000000000000178e+00 3.541577957789251219e+00 3.600575014923265815e+00
2.709999999999999964e+00 3.542707559299120845e+00 3.599260014572491784e+00
2.720000000000000195e+00 3.544286499127640155e+00 3.597218841148124291e+00
2.729999999999999982e+00 3.545786967515713428e+00 3.595187016144031134e+00
2.740000000000000213e+00 3.547713562491186856e+00 3.592752565271607246e+00
2.750000000000000000e+00 3.549007698202740535e+00 3.591313358091700714e+00
2.760000000000000231e+00 3.549238486029846928e+00 3.591056482904212199e+00
2.770000000000000018e+00 3.549780648756107215e+00 3.590401003208080422e+00
2.780000000000000249e+00 3.550497812307811696e+00 3.589173481117748477e+00
2.790000000000000036e+00 3.550683418215389686e+00 3.588861199880962083e+00
2.800000000000000266e+00 3.551137355860929379e+00 3.588062377815980586e+00
2.810000000000000053e+00 3.551213336454461356e+00 3.587927001937796234e+00
2.819999999999999840e+00 3.551473390745932601e+00 3.587526356215661405e+00
2.830000000000000071e+00 3.551721148548901308e+00 3.587141642784297257e+00
2.839999999999999858e+00 3.552070188618207780e+00 3.586517321052049567e+00
2.850000000000000089e+00 3.552218928393730213e+00 3.586284815550438321e+00
2.859999999999999876e+00 3.552243889533708288e+00 3.586241779812147090e+00
2.870000000000000107e+00 3.552285762336530706e+00 3.586173688823900196e+00
2.879999999999999893e+00 3.552285762336530706e+00 3.586173688823900196e+00
2.890000000000000124e+00 3.552285762336530706e+00 3.586173688823900196e+00
2.899999999999999911e+00 3.552285762336530706e+00 3.586173688823900196e+00
2.910000000000000142e+00 3.552285762336530706e+00 3.586173688823900196e+00
2.919999999999999929e+00 3.552285762336530706e+00 3.586173688823900196e+00
2.930000000000000160e+00 3.552285762336530706e+00 3.586173688823900196e+00
2.939999999999999947e+00 3.552284705525944997e+00 3.586171107548166592e+00
2.950000000000000178e+00 3.552284469884449347e+00 3.586168250814860681e+00
2.959999999999999964e+00 3.552284897639460759e+00 3.586159879067234435e+00
2.970000000000000195e+00 3.552284274004456233e+00 3.586157824322226961e+00
2.979999999999999982e+00 3.552284703344350980e+00 3.586145368314737070e+00
2.990000000000000213e+00 3.552284703344350980e+00 3.586145368314737070e+00
3.000000000000000000e+00 3.552284703344350980e+00 3.586145368314737070e+00
