0.000000000000000000e+00 1.298088870364427549e+00
1.000000000000000021e-02 1.298088870364427549e+00
2.000000000000000042e-02 1.298088870364427549e+00
2.999999999999999889e-02 1.298088870364427549e+00
4.000000000000000083e-02 1.298088005111217580e+00
5.000000000000000278e-02 1.298087293004989595e+00
5.999999999999999778e-02 1.298086692936420539e+00
7.000000000000000666e-02 1.298086663378477112e+00
8.000000000000000167e-02 1.298086328626871122e+00
8.999999999999999667e-02 1.298086242458820427e+00
1.000000000000000056e-01 1.298083608576059422e+00
1.100000000000000006e-01 1.298082257236242265e+00
1.199999999999999956e-01 1.298083472782373349e+00
1.300000000000000044e-01 1.298083472782373349e+00
1.400000000000000133e-01 1.298083472782373349e+00
1.499999999999999944e-01 3.076364599026441660e+00
1.600000000000000033e-01 3.920276812057494897e+00
1.700000000000000122e-01 3.920276812057494897e+00
1.799999999999999933e-01 3.920945622286796439e+00
1.900000000000000022e-01 3.921899581050872996e+00
2.000000000000000111e-01 3.922824291074276104e+00
2.099999999999999922e-01 3.923141395113468377e+00
2.200000000000000011e-01 3.923328992404937932e+00
2.300000000000000100e-01 3.923517918412685379e+00
2.399999999999999911e-01 3.923787736687660122e+00
2.500000000000000000e-01 3.923982981641292778e+00
2.600000000000000089e-01 3.924277266530990627e+00
2.700000000000000178e-01 3.924484786226749566e+00
2.800000000000000266e-01 3.924710601284504108e+00
2.899999999999999800e-01 3.924909606299400444e+00
2.999999999999999889e-01 3.924969184226989594e+00
3.099999999999999978e-01 3.924905281224250864e+00
3.200000000000000067e-01 3.925053846716880734e+00
3.300000000000000155e-01 3.924384585385322755e+00
3.400000000000000244e-01 3.923279750576019076e+00
3.500000000000000333e-01 3.921801582310199930e+00
3.599999999999999867e-01 3.920290978095531287e+00
3.699999999999999956e-01 3.917321310234069820e+00
3.800000000000000044e-01 3.908809829638004274e+00
3.900000000000000133e-01 3.882527910439967922e+00
4.000000000000000222e-01 3.746901083018779666e+00
4.100000000000000311e-01 3.514744257204532651e+00
4.199999999999999845e-01 3.319381315374374530e+00
4.299999999999999933e-01 3.243281338305473493e+00
4.400000000000000022e-01 3.231149999392032512e+00
4.500000000000000111e-01 3.228287810344696140e+00
4.600000000000000200e-01 3.226046673576831836e+00
4.700000000000000289e-01 3.225756521050930026e+00
4.799999999999999822e-01 3.225586703481674089e+00
4.899999999999999911e-01 3.225589747567176868e+00
5.000000000000000000e-01 3.225592612783908741e+00
5.100000000000000089e-01 3.225593954439163191e+00
5.200000000000000178e-01 3.225594319024085888e+00
5.300000000000000266e-01 3.225601315033435945e+00
5.400000000000000355e-01 3.225602571415901121e+00
5.500000000000000444e-01 3.225604148538112614e+00
5.600000000000000533e-01 3.225612107124328443e+00
5.700000000000000622e-01 3.225615193703174732e+00
5.799999999999999600e-01 3.225614514489173690e+00
5.899999999999999689e-01 3.225616312026977628e+00
5.999999999999999778e-01 3.225622697257995775e+00
6.099999999999999867e-01 3.225624360527992174e+00
6.199999999999999956e-01 3.225626187665462385e+00
6.300000000000000044e-01 3.225621430475711815e+00
6.400000000000000133e-01 3.225622761106491154e+00
6.500000000000000222e-01 3.225626925594806682e+00
6.600000000000000311e-01 3.225625649011135021e+00
6.700000000000000400e-01 3.225628624000549394e+00
6.800000000000000488e-01 3.225630016331672678e+00
6.900000000000000577e-01 3.225631621909141433e+00
7.000000000000000666e-01 3.225636081528663546e+00
7.099999999999999645e-01 3.225628388576507355e+00
7.199999999999999734e-01 3.225628840641975525e+00
7.299999999999999822e-01 3.225627722215652415e+00
7.399999999999999911e-01 3.225623763010502021e+00
7.500000000000000000e-01 3.225627165312766831e+00
7.600000000000000089e-01 3.225626037876605956e+00
7.700000000000000178e-01 3.225625298519134709e+00
7.800000000000000266e-01 3.225623178672790470e+00
7.900000000000000355e-01 3.225621790823936408e+00
8.000000000000000444e-01 3.225624661829471496e+00
8.100000000000000533e-01 3.225624579892158561e+00
8.200000000000000622e-01 3.225624946620464506e+00
8.300000000000000711e-01 3.225628472471237185e+00
8.399999999999999689e-01 3.225626767940521056e+00
8.499999999999999778e-01 3.225627779629230307e+00
8.599999999999999867e-01 3.225629172468185590e+00
8.699999999999999956e-01 3.225627025070190612e+00
8.800000000000000044e-01 3.225627035830020972e+00
8.900000000000000133e-01 3.225627544100284627e+00
9.000000000000000222e-01 3.225625001747608245e+00
9.100000000000000311e-01 3.225619524097442792e+00
9.200000000000000400e-01 3.225618010437488525e+00
9.300000000000000488e-01 3.225615669693946863e+00
9.400000000000000577e-01 3.225614826626777454e+00
9.500000000000000666e-01 3.225614214234352239e+00
9.599999999999999645e-01 3.225611322968006345e+00
9.699999999999999734e-01 3.225607664990425061e+00
9.799999999999999822e-01 3.225607129135132034e+00
9.899999999999999911e-01 3.225606343872547299e+00
1.000000000000000000e+00 3.225605715253353267e+00
1.010000000000000009e+00 3.225602682106494701e+00
1.020000000000000018e+00 3.225599361085891736e+00
1.030000000000000027e+00 3.225597588131427607e+00
1.040000000000000036e+00 3.225597463452816172e+00
1.050000000000000044e+00 3.225594814500808649e+00
1.060000000000000053e+00 3.225594130756855193e+00
1.070000000000000062e+00 3.225593218615054880e+00
1.080000000000000071e+00 3.225588542647361834e+00
1.090000000000000080e+00 3.225585936067104420e+00
1.100000000000000089e+00 3.225584540026187774e+00
1.110000000000000098e+00 3.225579732134342237e+00
1.120000000000000107e+00 3.225577898995876325e+00
1.130000000000000115e+00 3.225576018028259107e+00
1.140000000000000124e+00 3.225572823176384052e+00
1.150000000000000133e+00 3.225571078851222850e+00
1.159999999999999920e+00 3.225566287631988605e+00
1.169999999999999929e+00 3.225564179422855560e+00
1.179999999999999938e+00 3.225559744534492346e+00
1.189999999999999947e+00 3.225553615665435636e+00
1.199999999999999956e+00 3.225552388360500178e+00
1.209999999999999964e+00 3.225545319020747925e+00
1.219999999999999973e+00 3.225540004031658192e+00
1.229999999999999982e+00 3.225536478636264803e+00
1.239999999999999991e+00 3.225534002044200932e+00
1.250000000000000000e+00 3.225530782384872452e+00
1.260000000000000009e+00 3.225529781024456089e+00
1.270000000000000018e+00 3.225526603608131371e+00
1.280000000000000027e+00 3.225518505554199056e+00
1.290000000000000036e+00 3.225513541674613904e+00
1.300000000000000044e+00 3.225505545766353510e+00
1.310000000000000053e+00 3.225498084990978231e+00
1.320000000000000062e+00 3.225493826570510869e+00
1.330000000000000071e+00 3.225490906219482312e+00
1.340000000000000080e+00 3.225483385696411354e+00
1.350000000000000089e+00 3.225475339293479848e+00
1.360000000000000098e+00 3.225467430925369250e+00
1.370000000000000107e+00 3.225464838676452839e+00
1.380000000000000115e+00 3.225460757911205345e+00
1.390000000000000124e+00 3.225455085289478330e+00
1.400000000000000133e+00 3.225448476064205039e+00
1.409999999999999920e+00 3.225444247570037781e+00
1.419999999999999929e+00 3.225439891667365888e+00
1.429999999999999938e+00 3.225435326902866162e+00
1.439999999999999947e+00 3.225433690288066924e+00
1.449999999999999956e+00 3.225432311613559921e+00
1.459999999999999964e+00 3.225425318198204216e+00
1.469999999999999973e+00 3.225418714051246472e+00
1.479999999999999982e+00 3.225413609941005788e+00
1.489999999999999991e+00 3.225400128865242078e+00
1.500000000000000000e+00 3.225398598234653580e+00
1.510000000000000009e+00 3.225391831150055122e+00
1.520000000000000018e+00 3.225390599784851098e+00
1.530000000000000027e+00 3.225383853950500423e+00
1.540000000000000036e+00 3.225383697237968583e+00
1.550000000000000044e+00 3.225380712440014008e+00
1.560000000000000053e+00 3.225378766257763097e+00
1.570000000000000062e+00 3.225364396345615337e+00
1.580000000000000071e+00 3.225363831193447162e+00
1.590000000000000080e+00 3.225363401939869146e+00
1.600000000000000089e+00 3.225357633280754310e+00
1.610000000000000098e+00 3.225353929378986351e+00
1.620000000000000107e+00 3.225353993332385816e+00
1.630000000000000115e+00 3.225353341827392750e+00
1.640000000000000124e+00 3.225351579117774925e+00
1.650000000000000133e+00 3.225348652870655197e+00
1.660000000000000142e+00 3.225347118983268757e+00
1.669999999999999929e+00 3.225345374732017323e+00
1.679999999999999938e+00 3.225341690480709289e+00
1.689999999999999947e+00 3.225341493623256728e+00
1.699999999999999956e+00 3.225339352045059282e+00
1.709999999999999964e+00 3.225338064637184310e+00
1.719999999999999973e+00 3.225338064637184310e+00
1.729999999999999982e+00 3.225339083275795105e+00
1.739999999999999991e+00 3.225339651682376907e+00
1.750000000000000000e+00 3.225341765408515915e+00
1.760000000000000009e+00 3.225343229026794489e+00
1.770000000000000018e+00 3.225344038317203399e+00
1.780000000000000027e+00 3.225344185500144789e+00
1.790000000000000036e+00 3.225349381840229235e+00
1.800000000000000044e+00 3.225360904538631335e+00
1.810000000000000053e+00 3.225368055703639936e+00
1.820000000000000062e+00 3.225369532854557075e+00
1.830000000000000071e+00 3.225376306028366002e+00
1.840000000000000080e+00 3.225378005349635924e+00
1.850000000000000089e+00 3.225377381374836094e+00
1.860000000000000098e+00 3.225380341105461124e+00
1.870000000000000107e+00 3.225382154948711388e+00
1.880000000000000115e+00 3.225391480057239413e+00
1.890000000000000124e+00 3.225401024448871556e+00
1.900000000000000133e+00 3.225408994288444298e+00
1.910000000000000142e+00 3.225409056766033178e+00
1.919999999999999929e+00 3.225413205478191436e+00
1.929999999999999938e+00 3.225425648679733470e+00
1.939999999999999947e+00 3.225418037495613177e+00
1.949999999999999956e+00 3.225426104226112312e+00
1.959999999999999964e+00 3.225428752274513311e+00
1.969999999999999973e+00 3.225434922690391559e+00
1.979999999999999982e+00 3.225437922456264594e+00
1.989999999999999991e+00 3.225435548305511269e+00
2.000000000000000000e+00 3.225447543551921648e+00
2.010000000000000231e+00 3.225453330128192686e+00
2.020000000000000018e+00 3.225455390276908751e+00
2.030000000000000249e+00 3.225455220813751023e+00
2.040000000000000036e+00 3.225451915404796477e+00
2.049999999999999822e+00 3.225451915404796477e+00
2.060000000000000053e+00 3.225451140365600544e+00
2.069999999999999840e+00 3.225451154134273413e+00
2.080000000000000071e+00 3.225449037072658509e+00
2.089999999999999858e+00 3.225449150979518897e+00
2.100000000000000089e+00 3.225449877264499499e+00
2.109999999999999876e+00 3.225451887490749403e+00
2.120000000000000107e+00 3.225453671846389980e+00
2.129999999999999893e+00 3.225463739848136946e+00
2.140000000000000124e+00 3.225467481398582414e+00
2.149999999999999911e+00 3.225467289793491510e+00
2.160000000000000142e+00 3.225470760474205001e+00
2.169999999999999929e+00 3.225475696423053762e+00
2.180000000000000160e+00 3.225477139422893380e+00
2.189999999999999947e+00 3.225478969249725214e+00
2.200000000000000178e+00 3.225487095918655456e+00
2.209999999999999964e+00 3.225491182091236197e+00
2.220000000000000195e+00 3.225510303008556345e+00
2.229999999999999982e+00 3.225522893168926153e+00
2.240000000000000213e+00 3.225525857539176755e+00
2.250000000000000000e+00 3.225549878029823514e+00
2.260000000000000231e+00 3.225544737086296188e+00
2.270000000000000018e+00 3.225561558272838525e+00
2.280000000000000249e+00 3.225531939592361397e+00
2.290000000000000036e+00 3.225500584282875227e+00
2.300000000000000266e+00 3.225372328603267835e+00
2.310000000000000053e+00 3.225231519987583173e+00
2.319999999999999840e+00 3.225208149867057728e+00
2.330000000000000071e+00 3.224841740117073030e+00
2.339999999999999858e+00 3.224723061401844060e+00
2.350000000000000089e+00 3.224644022808075050e+00
2.359999999999999876e+00 3.224419038236141066e+00
2.370000000000000107e+00 3.224119122157096839e+00
2.379999999999999893e+00 3.223886493761539462e+00
2.390000000000000124e+00 3.223559169778823730e+00
2.399999999999999911e+00 3.223554896438121986e+00
2.410000000000000142e+00 3.223467623910904134e+00
2.419999999999999929e+00 3.223366219801902854e+00
2.430000000000000160e+00 3.224218773379325942e+00
2.439999999999999947e+00 3.226548738741874534e+00
2.450000000000000178e+00 3.227871643917560540e+00
2.459999999999999964e+00 3.229159917373657152e+00
2.470000000000000195e+00 3.230956356761455428e+00
2.479999999999999982e+00 3.233141700310707023e+00
2.490000000000000213e+00 3.234963858394622971e+00
2.500000000000000000e+00 3.238221203038692320e+00
2.510000000000000231e+00 3.244080415515899762e+00
2.520000000000000018e+00 3.250004948430061269e+00
2.530000000000000249e+00 3.259386725080013480e+00
2.540000000000000036e+00 3.272554934394359627e+00
2.550000000000000266e+00 3.289038679211139460e+00
2.560000000000000053e+00 3.307704307436943214e+00
2.569999999999999840e+00 3.328523157062530657e+00
2.580000000000000071e+00 3.349548128235340094e+00
2.589999999999999858e+00 3.370002232074737591e+00
2.600000000000000089e+00 3.390737374508380864e+00
2.609999999999999876e+00 3.407294856789111925e+00
2.620000000000000107e+00 3.422077909157275943e+00
2.629999999999999893e+00 3.432325428204536344e+00
2.640000000000000124e+00 3.440565011260509287e+00
2.649999999999999911e+00 3.445860656456947169e+00
2.660000000000000142e+00 3.450018152170181374e+00
2.669999999999999929e+00 3.451933405330181337e+00
2.680000000000000160e+00 3.453375499696731410e+00
2.689999999999999947e+00 3.454238004460334910e+00
2.700000000000000178e+00 3.455356024589538499e+00
2.709999999999999964e+00 3.455659535794258108e+00
2.720000000000000195e+00 3.456079818196296838e+00
2.729999999999999982e+00 3.456604673593044463e+00
2.740000000000000213e+00 3.457289284965991971e+00
2.750000000000000000e+00 3.458538335206508663e+00
2.760000000000000231e+00 3.459313847053051116e+00
2.770000000000000018e+00 3.459902603533267840e+00
2.780000000000000249e+00 3.460474818208217673e+00
2.790000000000000036e+00 3.460701268751621207e+00
2.800000000000000266e+00 3.461053392515182292e+00
2.810000000000000053e+00 3.461321797449588900e+00
2.819999999999999840e+00 3.461391544079780669e+00
2.830000000000000071e+00 3.461325534303188345e+00
2.839999999999999858e+00 3.461276484189033553e+00
2.850000000000000089e+00 3.461207400696277414e+00
2.859999999999999876e+00 3.461056458435058492e+00
2.870000000000000107e+00 3.460828775837421212e+00
2.879999999999999893e+00 3.460635771784782211e+00
2.890000000000000124e+00 3.460261745481491236e+00
2.899999999999999911e+00 3.460214288082122724e+00
2.910000000000000142e+00 3.460059412486553132e+00
2.919999999999999929e+00 3.459911261212825995e+00
2.930000000000000160e+00 3.459719556493759285e+00
2.939999999999999947e+00 3.459569836237430529e+00
2.950000000000000178e+00 3.459340485446452895e+00
2.959999999999999964e+00 3.459129020767211848e+00
2.970000000000000195e+00 3.459040900084972225e+00
2.979999999999999982e+00 3.458931803321838583e+00
2.990000000000000213e+00 3.458850212330818241e+00
3.000000000000000000e+00 3.458762813675403613e+00
