0.000000000000000000e+00 1.819282467374349732e+00 3.266227442614888066e+00
1.000000000000000021e-02 2.761028895533980787e+00 3.381919627503452652e+00
2.000000000000000042e-02 2.914956580178144296e+00 3.438735252187845592e+00
2.999999999999999889e-02 3.009155710999565247e+00 3.512916163113517509e+00
4.000000000000000083e-02 3.108498438405648212e+00 3.583696140008315378e+00
5.000000000000000278e-02 3.185583049698972768e+00 3.630396665324067573e+00
5.999999999999999778e-02 3.248792693820576005e+00 3.679119189872165130e+00
7.000000000000000666e-02 3.290260813951716656e+00 3.708840558380856578e+00
8.000000000000000167e-02 3.309077485528664209e+00 3.731562593006415351e+00
8.999999999999999667e-02 3.292819825038665993e+00 3.741442565999274716e+00
1.000000000000000056e-01 3.251133779711918859e+00 3.738517294769091226e+00
1.100000000000000006e-01 3.189654844734805650e+00 3.730165597164494251e+00
1.199999999999999956e-01 3.082638828239218753e+00 3.711100892667992923e+00
1.300000000000000044e-01 2.968982175994080208e+00 3.673620304198104591e+00
1.400000000000000133e-01 2.917745717405859640e+00 3.613398104260381327e+00
1.499999999999999944e-01 2.867902888016499841e+00 3.551070574770174293e+00
1.600000000000000033e-01 2.802192655269274191e+00 3.487187540591588863e+00
1.700000000000000122e-01 2.747247971833335356e+00 3.413626156613243978e+00
1.799999999999999933e-01 2.700666269865739100e+00 3.338087270435583509e+00
1.900000000000000022e-01 2.648672783793321717e+00 3.252589157358297012e+00
2.000000000000000111e-01 2.623307296686119727e+00 3.170456134958319794e+00
2.099999999999999922e-01 2.599545638405595049e+00 3.115661300676550560e+00
2.200000000000000011e-01 2.572675739039099074e+00 3.070994576760613715e+00
2.300000000000000100e-01 2.539728919339103275e+00 3.022671877160149290e+00
2.399999999999999911e-01 2.503251931857870094e+00 2.996344809463216574e+00
2.500000000000000000e-01 2.484108893522751771e+00 2.971638207891452055e+00
2.600000000000000089e-01 2.489756692642737690e+00 2.952612619975041319e+00
2.700000000000000178e-01 2.512555738125235028e+00 2.938648045086473370e+00
2.800000000000000266e-01 2.559485957672051448e+00 2.931050647600241810e+00
2.899999999999999800e-01 2.598079232059022026e+00 2.930456037020186422e+00
2.999999999999999889e-01 2.608207960706120154e+00 2.932650285553568992e+00
3.099999999999999978e-01 2.612010771974031975e+00 2.934836553398663561e+00
3.200000000000000067e-01 2.612952684950379911e+00 2.935221906891317900e+00
3.300000000000000155e-01 2.613309166645330528e+00 2.935652088561731432e+00
3.400000000000000244e-01 2.613527793017286438e+00 2.935971113070589222e+00
3.500000000000000333e-01 2.613885396990125454e+00 2.936627851482088492e+00
3.599999999999999867e-01 2.621676087889652340e+00 2.941641790609379026e+00
3.699999999999999956e-01 2.633855016863422716e+00 2.950643860766810622e+00
3.800000000000000044e-01 2.646882444790209288e+00 2.960975861403142506e+00
3.900000000000000133e-01 2.664234994420434877e+00 2.973598727040860812e+00
4.000000000000000222e-01 2.692101248415886605e+00 2.986643049455703025e+00
4.100000000000000311e-01 2.711376247772461223e+00 2.998018264623397489e+00
4.199999999999999845e-01 2.722090630260362687e+00 3.006481361259565332e+00
4.299999999999999933e-01 2.733843913249787150e+00 3.016659520998183019e+00
4.400000000000000022e-01 2.743703536696879830e+00 3.027126003627331308e+00
4.500000000000000111e-01 2.718997278954005559e+00 3.049724137486004238e+00
4.600000000000000200e-01 2.738377855472039712e+00 3.048392746389437136e+00
4.700000000000000289e-01 2.765067999504356333e+00 3.051542275358886780e+00
4.799999999999999822e-01 2.772342227233139500e+00 3.059358330685408855e+00
4.899999999999999911e-01 2.777330268292500737e+00 3.066319820752070324e+00
5.000000000000000000e-01 2.785288571696335147e+00 3.074539454956000561e+00
5.100000000000000089e-01 2.791649768909503670e+00 3.081700322318981833e+00
5.200000000000000178e-01 2.803373854372188223e+00 3.089631770613506578e+00
5.300000000000000266e-01 2.819331963890987058e+00 3.097666099573177956e+00
5.400000000000000355e-01 2.833441034422053750e+00 3.106512378101216054e+00
5.500000000000000444e-01 2.847498310022143819e+00 3.114843840947361109e+00
5.600000000000000533e-01 2.860729359410087991e+00 3.122160669161994750e+00
5.700000000000000622e-01 2.874873688973261565e+00 3.129353387776539819e+00
5.799999999999999600e-01 2.887151985577947499e+00 3.135222627263658524e+00
5.899999999999999689e-01 2.895707668957355985e+00 3.138990857463237028e+00
5.999999999999999778e-01 2.902362187038997732e+00 3.142125072277446307e+00
6.099999999999999867e-01 2.907342495752136990e+00 3.144510826071936549e+00
6.199999999999999956e-01 2.912524828227521567e+00 3.146937058817385058e+00
6.300000000000000044e-01 2.917274826513481134e+00 3.149329767020988324e+00
6.400000000000000133e-01 2.924404764138359258e+00 3.151439233201843049e+00
6.500000000000000222e-01 2.931604969124402160e+00 3.154506280174647515e+00
6.600000000000000311e-01 2.938063002642798516e+00 3.156962684751343673e+00
6.700000000000000400e-01 2.944844949055153815e+00 3.159282416152518369e+00
6.800000000000000488e-01 2.951563863370067597e+00 3.161437343986384985e+00
6.900000000000000577e-01 2.957270804396682440e+00 3.162979238175339436e+00
7.000000000000000666e-01 2.964201442685335142e+00 3.164710685148031555e+00
7.099999999999999645e-01 2.969572032736398359e+00 3.165928764978788390e+00
7.199999999999999734e-01 2.974917915956713177e+00 3.167209641864560776e+00
7.299999999999999822e-01 2.981208118474176327e+00 3.169057626250097126e+00
7.399999999999999911e-01 2.987630685149185172e+00 3.170497748326309040e+00
7.500000000000000000e-01 2.992654480847440457e+00 3.172270136190332490e+00
7.600000000000000089e-01 2.997549590395791608e+00 3.172913790045873927e+00
7.700000000000000178e-01 2.997812155136598822e+00 3.179786049356923439e+00
7.800000000000000266e-01 3.001238891277040466e+00 3.181094932112966234e+00
7.900000000000000355e-01 3.009250084037438100e+00 3.179463605399474702e+00
8.000000000000000444e-01 3.012642421904297763e+00 3.191384080013540903e+00
8.100000000000000533e-01 3.017035165047727396e+00 3.195944486160196440e+00
8.200000000000000622e-01 3.017848200038683260e+00 3.200478834954488150e+00
8.300000000000000711e-01 3.011228595711517020e+00 3.223773629468154933e+00
8.399999999999999689e-01 2.998200695652046832e+00 3.270499467531165827e+00
8.499999999999999778e-01 2.994858496014543014e+00 3.296788942144446288e+00
8.599999999999999867e-01 2.995296358958087435e+00 3.302813273872532651e+00
8.699999999999999956e-01 2.996542526500693526e+00 3.303039383093842041e+00
8.800000000000000044e-01 2.997778601972228341e+00 3.303631818760270011e+00
8.900000000000000133e-01 2.999127409028558233e+00 3.304214924345465043e+00
9.000000000000000222e-01 3.000402343103621305e+00 3.304995705769326442e+00
9.100000000000000311e-01 3.001204859800286506e+00 3.305501106629423980e+00
9.200000000000000400e-01 3.002656174286110424e+00 3.306978725520866025e+00
9.300000000000000488e-01 3.004096677253454750e+00 3.308270946824341863e+00
9.400000000000000577e-01 3.005948793340564418e+00 3.310164288581967096e+00
9.500000000000000666e-01 3.006794984446055086e+00 3.310829410218709246e+00
9.599999999999999645e-01 3.006837399943602662e+00 3.311026976196037808e+00
9.699999999999999734e-01 3.006814692252770538e+00 3.310897127376898563e+00
9.799999999999999822e-01 3.006811537436039128e+00 3.310887144819706140e+00
9.899999999999999911e-01 3.009308409492842618e+00 3.304337707154877624e+00
1.000000000000000000e+00 3.013444382348042350e+00 3.294109370288867300e+00
1.010000000000000009e+00 3.017208423246491300e+00 3.285240091286551589e+00
1.020000000000000018e+00 3.022728587479619922e+00 3.273033471932382366e+00
1.030000000000000027e+00 3.027391119419772458e+00 3.262999402645390568e+00
1.040000000000000036e+00 3.041678926863490506e+00 3.235800054459752051e+00
1.050000000000000044e+00 3.049643862024566054e+00 3.222284438480118141e+00
1.060000000000000053e+00 3.063574598279940719e+00 3.199961354550373560e+00
1.070000000000000062e+00 3.068514550124816775e+00 3.192422211926765119e+00
1.080000000000000071e+00 3.069768856873948515e+00 3.189765456957380785e+00
1.090000000000000080e+00 3.070679392168166100e+00 3.186576925108788760e+00
1.100000000000000089e+00 3.072203888391243254e+00 3.182777091966880967e+00
1.110000000000000098e+00 3.072726795633110797e+00 3.181026520220961551e+00
1.120000000000000107e+00 3.073018116700870994e+00 3.180250970928447440e+00
1.130000000000000115e+00 3.073006118063667635e+00 3.180130384369155294e+00
1.140000000000000124e+00 3.073006753865669349e+00 3.179994109519531431e+00
1.150000000000000133e+00 3.072914159993398009e+00 3.179527561078798747e+00
1.159999999999999920e+00 3.072806265938119896e+00 3.179184986493749587e+00
1.169999999999999929e+00 3.072710911205490447e+00 3.179027651874343441e+00
1.179999999999999938e+00 3.072422957409223443e+00 3.178586747376123789e+00
1.189999999999999947e+00 3.072386613107962017e+00 3.178206302522378568e+00
1.199999999999999956e+00 3.072364400940800433e+00 3.177878606142138462e+00
1.209999999999999964e+00 3.072287759514555905e+00 3.177555248255028442e+00
1.219999999999999973e+00 3.072263041315051346e+00 3.176957469182041471e+00
1.229999999999999982e+00 3.072173041812212180e+00 3.176032505258290950e+00
1.239999999999999991e+00 3.071893213544405477e+00 3.175697180375538942e+00
1.250000000000000000e+00 3.071960450733866033e+00 3.174660227934156254e+00
1.260000000000000009e+00 3.072237217200830095e+00 3.172534530784056450e+00
1.270000000000000018e+00 3.072836446942487587e+00 3.168590881977876972e+00
1.280000000000000027e+00 3.073450624612300786e+00 3.164838785039455260e+00
1.290000000000000036e+00 3.073964693877599963e+00 3.160644725821115664e+00
1.300000000000000044e+00 3.073706304069174777e+00 3.157778641127930719e+00
1.310000000000000053e+00 3.073414401771999760e+00 3.154964048817180622e+00
1.320000000000000062e+00 3.072902620809840890e+00 3.152538143417072725e+00
1.330000000000000071e+00 3.072699409026017570e+00 3.150908172174582411e+00
1.340000000000000080e+00 3.072410032430798132e+00 3.149244050401538431e+00
1.350000000000000089e+00 3.071983697604334651e+00 3.147999145813786370e+00
1.360000000000000098e+00 3.071452341586608181e+00 3.146831556499939619e+00
1.370000000000000107e+00 3.071002584408712544e+00 3.146004195476579390e+00
1.380000000000000115e+00 3.070591854551551592e+00 3.145228008782150475e+00
1.390000000000000124e+00 3.070059909367770068e+00 3.144501494974881517e+00
1.400000000000000133e+00 3.069841653595872355e+00 3.144254288987211599e+00
1.409999999999999920e+00 3.069627108076988797e+00 3.144023565507949591e+00
1.419999999999999929e+00 3.069401251197533487e+00 3.143874362429900149e+00
1.429999999999999938e+00 3.069161984994352554e+00 3.143719108731805267e+00
1.439999999999999947e+00 3.069068442288231058e+00 3.143669868301559145e+00
1.449999999999999956e+00 3.068950221203096795e+00 3.143620424758664988e+00
1.459999999999999964e+00 3.068741756429630207e+00 3.143491014003795492e+00
1.469999999999999973e+00 3.068464396234912073e+00 3.143348722928601013e+00
1.479999999999999982e+00 3.068216099779331074e+00 3.143272900517261270e+00
1.489999999999999991e+00 3.067969632106893219e+00 3.143177125324136956e+00
1.500000000000000000e+00 3.067538147217893307e+00 3.143043211987353036e+00
1.510000000000000009e+00 3.067268566893452064e+00 3.142974443584567457e+00
1.520000000000000018e+00 3.066741725797674345e+00 3.142891856398561057e+00
1.530000000000000027e+00 3.066116433230508420e+00 3.142742810505758655e+00
1.540000000000000036e+00 3.066045047869262685e+00 3.142729886193694977e+00
1.550000000000000044e+00 3.065737100745437260e+00 3.142713177694084870e+00
1.560000000000000053e+00 3.065676322969828060e+00 3.142706954923238261e+00
1.570000000000000062e+00 3.065071779725434098e+00 3.142641677196142957e+00
1.580000000000000071e+00 3.064729685569035578e+00 3.142636026258242676e+00
1.590000000000000080e+00 3.064685635134163810e+00 3.142632543438490522e+00
1.600000000000000089e+00 3.064683823418492992e+00 3.142632476215486470e+00
1.610000000000000098e+00 3.064674669434865439e+00 3.142625063560168019e+00
1.620000000000000107e+00 3.064663597402051742e+00 3.142616341805979374e+00
1.630000000000000115e+00 3.064657132244632098e+00 3.142612658938839676e+00
1.640000000000000124e+00 3.064649369212554930e+00 3.142606395248008333e+00
1.650000000000000133e+00 3.064642797954498121e+00 3.142601766078056080e+00
1.660000000000000142e+00 3.064645510032104170e+00 3.142607529566360469e+00
1.669999999999999929e+00 3.064641083133407218e+00 3.142606740476898697e+00
1.679999999999999938e+00 3.064654968699279447e+00 3.142624367910560768e+00
1.689999999999999947e+00 3.064640278807974294e+00 3.142642227963113211e+00
1.699999999999999956e+00 3.064454213246985859e+00 3.143003469267204864e+00
1.709999999999999964e+00 3.064004303589475509e+00 3.143896868776666853e+00
1.719999999999999973e+00 3.063905264547611473e+00 3.144064898015712650e+00
1.729999999999999982e+00 3.063418278229430136e+00 3.145011444527908928e+00
1.739999999999999991e+00 3.063210405461056496e+00 3.145429179323451230e+00
1.750000000000000000e+00 3.062769410707266715e+00 3.146298345330444945e+00
1.760000000000000009e+00 3.062415783768007937e+00 3.147048233680417528e+00
1.770000000000000018e+00 3.061788821843621111e+00 3.148229109512808765e+00
1.780000000000000027e+00 3.061134699521889768e+00 3.149567292818197917e+00
1.790000000000000036e+00 3.060679994983640739e+00 3.150592461371454434e+00
1.800000000000000044e+00 3.060582340657757250e+00 3.150939069220973110e+00
1.810000000000000053e+00 3.060389023915760287e+00 3.151678226593502163e+00
1.820000000000000062e+00 3.060355445612129799e+00 3.151890566469970345e+00
1.830000000000000071e+00 3.060298817099579072e+00 3.152364665661803844e+00
1.840000000000000080e+00 3.060227679704319304e+00 3.152783748813976050e+00
1.850000000000000089e+00 3.060158674652892152e+00 3.153082113692445176e+00
1.860000000000000098e+00 3.059883325908768548e+00 3.154017859718215355e+00
1.870000000000000107e+00 3.059744685806789821e+00 3.154564564147433803e+00
1.880000000000000115e+00 3.059383484917551854e+00 3.155276056698887999e+00
1.890000000000000124e+00 3.059272889639518933e+00 3.155775764358855984e+00
1.900000000000000133e+00 3.059143219415040083e+00 3.156408356574682994e+00
1.910000000000000142e+00 3.058481632126733629e+00 3.158780662623479785e+00
1.919999999999999929e+00 3.058033319460404797e+00 3.160449202731596685e+00
1.929999999999999938e+00 3.057316193536585125e+00 3.162937115145856737e+00
1.939999999999999947e+00 3.056800027682246235e+00 3.164420155280171176e+00
1.949999999999999956e+00 3.056331917856498936e+00 3.165859753848746738e+00
1.959999999999999964e+00 3.055626272090700812e+00 3.167875633312436268e+00
1.969999999999999973e+00 3.055431024477399227e+00 3.168825806415163981e+00
1.979999999999999982e+00 3.053592796917385943e+00 3.172651203980021872e+00
1.989999999999999991e+00 3.050959222687089412e+00 3.178056626769697690e+00
2.000000000000000000e+00 3.048639887440523388e+00 3.183275764925161511e+00
2.010000000000000231e+00 3.042739534616834884e+00 3.197236530356042383e+00
2.020000000000000018e+00 3.037134557390507972e+00 3.213148182038965572e+00
2.030000000000000249e+00 3.032971656146023154e+00 3.228084226608302298e+00
2.040000000000000036e+00 3.029673746629451880e+00 3.243204735941195960e+00
2.049999999999999822e+00 3.008051847257841693e+00 3.269155551185380482e+00
2.060000000000000053e+00 2.995262449707968511e+00 3.287706325230614457e+00
2.069999999999999840e+00 2.997843635930658390e+00 3.304336762462018573e+00
2.080000000000000071e+00 3.008146287529950946e+00 3.320134383706563774e+00
2.089999999999999858e+00 3.018951756585080304e+00 3.340142177989046779e+00
2.100000000000000089e+00 3.020026127141817618e+00 3.356620962721005519e+00
2.109999999999999876e+00 3.021234410200848153e+00 3.373926585878597173e+00
2.120000000000000107e+00 3.025158769308700979e+00 3.402336633146628930e+00
2.129999999999999893e+00 3.031485490391153892e+00 3.434339642288785743e+00
2.140000000000000124e+00 3.040307974792286316e+00 3.466986219171718453e+00
2.149999999999999911e+00 3.056539500917706764e+00 3.503225739956584039e+00
2.160000000000000142e+00 3.075520340565657040e+00 3.537399381886506600e+00
2.169999999999999929e+00 3.098658465080925684e+00 3.570212624139120994e+00
2.180000000000000160e+00 3.130579285337355078e+00 3.601348410862061922e+00
2.189999999999999947e+00 3.161258261040644335e+00 3.627109745298429111e+00
2.200000000000000178e+00 3.196226713133193620e+00 3.649699791636131785e+00
2.209999999999999964e+00 3.231090352810539024e+00 3.666716324979149455e+00
2.220000000000000195e+00 3.266441044660723492e+00 3.679653659166180368e+00
2.229999999999999982e+00 3.296382823966118814e+00 3.687084624196913296e+00
2.240000000000000213e+00 3.330247775382867204e+00 3.691864131770262070e+00
2.250000000000000000e+00 3.358727645853071930e+00 3.693283007127732720e+00
2.260000000000000231e+00 3.384258234428337175e+00 3.691640330945083370e+00
2.270000000000000018e+00 3.405706119320060399e+00 3.689375541603897357e+00
2.280000000000000249e+00 3.426642474006396100e+00 3.686303285733480095e+00
2.290000000000000036e+00 3.448661152280272368e+00 3.681429062482415304e+00
2.300000000000000266e+00 3.466569410515059513e+00 3.676300709738503425e+00
2.310000000000000053e+00 3.486103827924455167e+00 3.669623376717840557e+00
2.319999999999999840e+00 3.502963075667270498e+00 3.662696942605129014e+00
2.330000000000000071e+00 3.513876469251993484e+00 3.657750373313542802e+00
2.339999999999999858e+00 3.521291220800270683e+00 3.654225882008681925e+00
2.350000000000000089e+00 3.526759306823102236e+00 3.651542310546549430e+00
2.359999999999999876e+00 3.530856598279518366e+00 3.649443412673431197e+00
2.370000000000000107e+00 3.534939509563240101e+00 3.647392521100250029e+00
2.379999999999999893e+00 3.539865499475794763e+00 3.644740254146260128e+00
2.390000000000000124e+00 3.544216318652092745e+00 3.642301777189315359e+00
2.399999999999999911e+00 3.546580810387655269e+00 3.641206492721513754e+00
2.410000000000000142e+00 3.548604709688058634e+00 3.640116830166944872e+00
2.419999999999999929e+00 3.549987623501382306e+00 3.639371224255003145e+00
2.430000000000000160e+00 3.550567624183913917e+00 3.639098886588790993e+00
2.439999999999999947e+00 3.552576799682657160e+00 3.637863146282156457e+00
2.450000000000000178e+00 3.555032314320692777e+00 3.636275976642480146e+00
2.459999999999999964e+00 3.557480144488993190e+00 3.634896901976880201e+00
2.470000000000000195e+00 3.560291202516574049e+00 3.633115525450687944e+00
2.479999999999999982e+00 3.561924889031937269e+00 3.632060586279341585e+00
2.490000000000000213e+00 3.563470234275673665e+00 3.631130000032568805e+00
2.500000000000000000e+00 3.565746290204902191e+00 3.629705600006202904e+00
2.510000000000000231e+00 3.567018225544929866e+00 3.628912339550017574e+00
2.520000000000000018e+00 3.567995831343406810e+00 3.628266672151809313e+00
2.530000000000000249e+00 3.569075586078208850e+00 3.627592958409744384e+00
2.540000000000000036e+00 3.569802683824437217e+00 3.627144158497912052e+00
2.550000000000000266e+00 3.570748130443460067e+00 3.626578563105696151e+00
2.560000000000000053e+00 3.571070202771015278e+00 3.626404218830280524e+00
2.569999999999999840e+00 3.571169301285821884e+00 3.626357162094037800e+00
2.580000000000000071e+00 3.571522162445870396e+00 3.626169491134795475e+00
2.589999999999999858e+00 3.571807910181777235e+00 3.626006009338600844e+00
2.600000000000000089e+00 3.572493651335703735e+00 3.625587556116116605e+00
2.609999999999999876e+00 3.572830286511890829e+00 3.625400761495120694e+00
2.620000000000000107e+00 3.573115328544452129e+00 3.625244623976871861e+00
2.629999999999999893e+00 3.573341574869986381e+00 3.625118857487801272e+00
2.640000000000000124e+00 3.573539727849738501e+00 3.625032395076973391e+00
2.649999999999999911e+00 3.573766375260251316e+00 3.624920212960344834e+00
2.660000000000000142e+00 3.573942463943650782e+00 3.624837035396406559e+00
2.669999999999999929e+00 3.574059597123513399e+00 3.624784419309248662e+00
2.680000000000000160e+00 3.574121449424198627e+00 3.624750867923328013e+00
2.689999999999999947e+00 3.574186409108364160e+00 3.624705399463451272e+00
2.700000000000000178e+00 3.574242153655762255e+00 3.624658274977927253e+00
2.709999999999999964e+00 3.574282204309984223e+00 3.624621427782491523e+00
2.720000000000000195e+00 3.574298431754395988e+00 3.624570780811026349e+00
2.729999999999999982e+00 3.574304637716475330e+00 3.624534541179474711e+00
2.740000000000000213e+00 3.574321713340434137e+00 3.624505617859211881e+00
2.750000000000000000e+00 3.574331197574966090e+00 3.624479357954628611e+00
2.760000000000000231e+00 3.574343403101399641e+00 3.624470592493578724e+00
2.770000000000000018e+00 3.574388870614977787e+00 3.624478824559239865e+00
2.780000000000000249e+00 3.574440667911758407e+00 3.624453393276939384e+00
2.790000000000000036e+00 3.574457898320963167e+00 3.624440558877179974e+00
2.800000000000000266e+00 3.574500624533531568e+00 3.624403864750030291e+00
2.810000000000000053e+00 3.574537287738121183e+00 3.624383072946273376e+00
2.819999999999999840e+00 3.574578454499144353e+00 3.624352823677163382e+00
2.830000000000000071e+00 3.574616708391668229e+00 3.624306441117762123e+00
2.839999999999999858e+00 3.574657462251492834e+00 3.624285076338938705e+00
2.850000000000000089e+00 3.574704354429079523e+00 3.624260309209988762e+00
2.859999999999999876e+00 3.574717508152041034e+00 3.624251811773267384e+00
2.870000000000000107e+00 3.574735930535760442e+00 3.624244786293539189e+00
2.879999999999999893e+00 3.574749702309605759e+00 3.624239781347277756e+00
2.890000000000000124e+00 3.574767814995264192e+00 3.624234386824155774e+00
2.899999999999999911e+00 3.574775415175617255e+00 3.624231776997387300e+00
2.910000000000000142e+00 3.574775320633491127e+00 3.624231766039291536e+00
2.919999999999999929e+00 3.574775131549787766e+00 3.624231744122552890e+00
2.930000000000000160e+00 3.574775127706357747e+00 3.624231717438867850e+00
2.939999999999999947e+00 3.574775127706357747e+00 3.624231717438867850e+00
2.950000000000000178e+00 3.574775127706357747e+00 3.624231717438867850e+00
2.959999999999999964e+00 3.574775127706357747e+00 3.624231717438867850e+00
2.970000000000000195e+00 3.574775127706357747e+00 3.624231717438867850e+00
2.979999999999999982e+00 3.574775127706357747e+00 3.624231717438867850e+00
2.990000000000000213e+00 3.574775127706357747e+00 3.624231717438867850e+00
3.000000000000000000e+00 3.574775127706357747e+00 3.624231717438867850e+00
