0.000000000000000000e+00 7.821158462893962326e-01
1.000000000000000021e-02 7.849691413944959173e-01
2.000000000000000042e-02 9.203175094133615453e-01
2.999999999999999889e-02 1.307582421739101441e+00
4.000000000000000083e-02 1.419028469043970064e+00
5.000000000000000278e-02 1.525357939239740279e+00
5.999999999999999778e-02 1.786577293695211344e+00
7.000000000000000666e-02 2.158660892727374936e+00
8.000000000000000167e-02 2.285262246111631423e+00
8.999999999999999667e-02 2.328708575388193314e+00
1.000000000000000056e-01 2.345109251480102408e+00
1.100000000000000006e-01 2.355106030290126995e+00
1.199999999999999956e-01 2.355547652473449549e+00
1.300000000000000044e-01 2.442563390084504960e+00
1.400000000000000133e-01 2.583926770777702497e+00
1.499999999999999944e-01 2.739568099765777642e+00
1.600000000000000033e-01 2.969134212193488942e+00
1.700000000000000122e-01 3.223734933078289178e+00
1.799999999999999933e-01 3.413725008492469737e+00
1.900000000000000022e-01 3.544438125510215976e+00
2.000000000000000111e-01 3.636564242267608549e+00
2.099999999999999922e-01 3.672842325484752646e+00
2.200000000000000011e-01 3.675142953140735802e+00
2.300000000000000100e-01 3.677531258370876355e+00
2.399999999999999911e-01 3.671334670069217765e+00
2.500000000000000000e-01 3.663759517071246918e+00
2.600000000000000089e-01 3.658562673294544432e+00
2.700000000000000178e-01 3.628569779796600336e+00
2.800000000000000266e-01 3.562311243510246417e+00
2.899999999999999800e-01 3.509046651992797639e+00
2.999999999999999889e-01 3.450787940213680294e+00
3.099999999999999978e-01 3.395742092404365753e+00
3.200000000000000067e-01 3.350230928347110559e+00
3.300000000000000155e-01 3.313402697796821617e+00
3.400000000000000244e-01 3.280525648214816847e+00
3.500000000000000333e-01 3.253293277635574299e+00
3.599999999999999867e-01 3.224543621811866601e+00
3.699999999999999956e-01 3.203698108003139478e+00
3.800000000000000044e-01 3.193970243422985078e+00
3.900000000000000133e-01 3.191615767512321344e+00
4.000000000000000222e-01 3.191142667276859246e+00
4.100000000000000311e-01 3.190517286133766284e+00
4.199999999999999845e-01 3.188849410040378363e+00
4.299999999999999933e-01 3.188161211149692420e+00
4.400000000000000022e-01 3.185754757306575868e+00
4.500000000000000111e-01 3.184043230373859501e+00
4.600000000000000200e-01 3.181620719754695958e+00
4.700000000000000289e-01 3.179719817218780609e+00
4.799999999999999822e-01 3.179127523632049535e+00
4.899999999999999911e-01 3.178844704852104019e+00
5.000000000000000000e-01 3.179487214305400933e+00
5.100000000000000089e-01 3.179535321063995390e+00
5.200000000000000178e-01 3.179732378857135888e+00
5.300000000000000266e-01 3.180120438218116963e+00
5.400000000000000355e-01 3.180706562104225199e+00
5.500000000000000444e-01 3.180777223887443661e+00
5.600000000000000533e-01 3.180729722511768554e+00
5.700000000000000622e-01 3.180797419500350998e+00
5.799999999999999600e-01 3.180810044758319854e+00
5.899999999999999689e-01 3.180878975148201171e+00
5.999999999999999778e-01 3.181185395810604000e+00
6.099999999999999867e-01 3.181531077747345115e+00
6.199999999999999956e-01 3.181630648281574381e+00
6.300000000000000044e-01 3.181794226365089351e+00
6.400000000000000133e-01 3.181891171667575957e+00
6.500000000000000222e-01 3.181891171667575957e+00
6.600000000000000311e-01 3.181891171667575957e+00
6.700000000000000400e-01 3.181891171667575957e+00
6.800000000000000488e-01 3.181891171667575957e+00
6.900000000000000577e-01 3.181891171667575957e+00
7.000000000000000666e-01 3.181891171667575957e+00
7.099999999999999645e-01 3.181891171667575957e+00
7.199999999999999734e-01 3.181891171667575957e+00
7.299999999999999822e-01 3.181891171667575957e+00
7.399999999999999911e-01 3.181891171667575957e+00
7.500000000000000000e-01 3.181891171667575957e+00
7.600000000000000089e-01 3.181891171667575957e+00
7.700000000000000178e-01 3.181891171667575957e+00
7.800000000000000266e-01 3.181891171667575957e+00
7.900000000000000355e-01 3.181891171667575957e+00
8.000000000000000444e-01 3.181891171667575957e+00
8.100000000000000533e-01 3.181891171667575957e+00
8.200000000000000622e-01 3.181891171667575957e+00
8.300000000000000711e-01 3.181891171667575957e+00
8.399999999999999689e-01 3.181891171667575957e+00
8.499999999999999778e-01 3.181891171667575957e+00
8.599999999999999867e-01 3.181891171667575957e+00
8.699999999999999956e-01 3.181891171667575957e+00
8.800000000000000044e-01 3.181891171667575957e+00
8.900000000000000133e-01 3.181891171667575957e+00
9.000000000000000222e-01 3.181891171667575957e+00
9.100000000000000311e-01 3.181891171667575957e+00
9.200000000000000400e-01 3.181891171667575957e+00
9.300000000000000488e-01 3.181891171667575957e+00
9.400000000000000577e-01 3.181891171667575957e+00
9.500000000000000666e-01 3.181891171667575957e+00
9.599999999999999645e-01 3.181891171667575957e+00
9.699999999999999734e-01 3.181891171667575957e+00
9.799999999999999822e-01 3.181891171667575957e+00
9.899999999999999911e-01 3.181891171667575957e+00
1.000000000000000000e+00 3.181891171667575957e+00
1.010000000000000009e+00 3.181891171667575957e+00
1.020000000000000018e+00 3.181891171667575957e+00
1.030000000000000027e+00 3.181891171667575957e+00
1.040000000000000036e+00 3.181891171667575957e+00
1.050000000000000044e+00 3.181891171667575957e+00
1.060000000000000053e+00 3.181891282033920465e+00
1.070000000000000062e+00 3.181891282033920465e+00
1.080000000000000071e+00 3.181891282033920465e+00
1.090000000000000080e+00 3.181891282033920465e+00
1.100000000000000089e+00 3.181891282033920465e+00
1.110000000000000098e+00 3.181891282033920465e+00
1.120000000000000107e+00 3.181891282033920465e+00
1.130000000000000115e+00 3.181891282033920465e+00
1.140000000000000124e+00 3.181891282033920465e+00
1.150000000000000133e+00 3.181891282033920465e+00
1.159999999999999920e+00 3.181891282033920465e+00
1.169999999999999929e+00 3.181891282033920465e+00
1.179999999999999938e+00 3.181891282033920465e+00
1.189999999999999947e+00 3.181891282033920465e+00
1.199999999999999956e+00 3.181891282033920465e+00
1.209999999999999964e+00 3.181891282033920465e+00
1.219999999999999973e+00 3.181891282033920465e+00
1.229999999999999982e+00 3.181891282033920465e+00
1.239999999999999991e+00 3.181891147601604519e+00
1.250000000000000000e+00 3.181891093828677963e+00
1.260000000000000009e+00 3.181891862049102571e+00
1.270000000000000018e+00 3.181892388036251074e+00
1.280000000000000027e+00 3.181894054050445675e+00
1.290000000000000036e+00 3.181939258465766862e+00
1.300000000000000044e+00 3.181950958213806135e+00
1.310000000000000053e+00 3.181969438357353130e+00
1.320000000000000062e+00 3.181976511921882800e+00
1.330000000000000071e+00 3.181995960316657879e+00
1.340000000000000080e+00 3.182024968500137163e+00
1.350000000000000089e+00 3.182050910949707045e+00
1.360000000000000098e+00 3.182070057466030111e+00
1.370000000000000107e+00 3.182071025278568221e+00
1.380000000000000115e+00 3.182071185295581639e+00
1.390000000000000124e+00 3.182071185295581639e+00
1.400000000000000133e+00 3.182071185295581639e+00
1.409999999999999920e+00 3.182071185295581639e+00
1.419999999999999929e+00 3.182071185295581639e+00
1.429999999999999938e+00 3.182071185295581639e+00
1.439999999999999947e+00 3.182071185295581639e+00
1.449999999999999956e+00 3.182072072987556677e+00
1.459999999999999964e+00 3.182075724012851659e+00
1.469999999999999973e+00 3.182075916786193837e+00
1.479999999999999982e+00 3.182076767692565866e+00
1.489999999999999991e+00 3.182076767692565866e+00
1.500000000000000000e+00 3.182076767692565866e+00
1.510000000000000009e+00 3.182072968223094822e+00
1.520000000000000018e+00 3.182054076788425334e+00
1.530000000000000027e+00 3.182046533069610383e+00
1.540000000000000036e+00 3.182046243801116781e+00
1.550000000000000044e+00 3.182046243801116781e+00
1.560000000000000053e+00 3.182045703136921144e+00
1.570000000000000062e+00 3.182040932700633817e+00
1.580000000000000071e+00 3.182017005667686416e+00
1.590000000000000080e+00 3.181866130003929261e+00
1.600000000000000089e+00 3.181686959240436430e+00
1.610000000000000098e+00 3.181596999557018357e+00
1.620000000000000107e+00 3.181327417745590136e+00
1.630000000000000115e+00 3.181144460651874617e+00
1.640000000000000124e+00 3.181098886542320425e+00
1.650000000000000133e+00 3.181098886542320425e+00
1.660000000000000142e+00 3.181098886542320425e+00
1.669999999999999929e+00 3.181098886542320425e+00
1.679999999999999938e+00 3.181098829178810039e+00
1.689999999999999947e+00 3.181098829178810039e+00
1.699999999999999956e+00 3.181097572100162640e+00
1.709999999999999964e+00 3.180642447421550667e+00
1.719999999999999973e+00 3.178585277421474675e+00
1.729999999999999982e+00 3.177483329288959712e+00
1.739999999999999991e+00 3.176002390727996616e+00
1.750000000000000000e+00 3.175004166660309046e+00
1.760000000000000009e+00 3.173507838783264035e+00
1.770000000000000018e+00 3.172030134398937218e+00
1.780000000000000027e+00 3.170937280886173326e+00
1.790000000000000036e+00 3.171688693122863612e+00
1.800000000000000044e+00 3.171607306725978681e+00
1.810000000000000053e+00 3.171903040313720723e+00
1.820000000000000062e+00 3.171876329388618299e+00
1.830000000000000071e+00 3.173644699993133589e+00
1.840000000000000080e+00 3.177615190091132913e+00
1.850000000000000089e+00 3.180813351988792448e+00
1.860000000000000098e+00 3.187731056106090755e+00
1.870000000000000107e+00 3.191832788209915339e+00
1.880000000000000115e+00 3.195280452022552620e+00
1.890000000000000124e+00 3.195459198229313014e+00
1.900000000000000133e+00 3.197409343881607136e+00
1.910000000000000142e+00 3.200672157955169794e+00
1.919999999999999929e+00 3.203012120785713179e+00
1.929999999999999938e+00 3.206867815022468537e+00
1.939999999999999947e+00 3.213534306054115497e+00
1.949999999999999956e+00 3.222301328084468786e+00
1.959999999999999964e+00 3.232574337289333410e+00
1.969999999999999973e+00 3.243480319573879278e+00
1.979999999999999982e+00 3.254670688059329908e+00
1.989999999999999991e+00 3.265045426526069772e+00
2.000000000000000000e+00 3.272714509408473749e+00
2.010000000000000231e+00 3.272291704578399685e+00
2.020000000000000018e+00 3.290994902902841357e+00
2.030000000000000249e+00 3.325266070218086067e+00
2.040000000000000036e+00 3.342785090332031306e+00
2.049999999999999822e+00 3.359329144387245059e+00
2.060000000000000053e+00 3.375167340028285778e+00
2.069999999999999840e+00 3.380313546190262031e+00
2.080000000000000071e+00 3.398434173703193562e+00
2.089999999999999858e+00 3.414560407309532142e+00
2.100000000000000089e+00 3.427536367549896212e+00
2.109999999999999876e+00 3.437423788802623559e+00
2.120000000000000107e+00 3.449972698900699797e+00
2.129999999999999893e+00 3.461975688023567255e+00
2.140000000000000124e+00 3.470358778262138344e+00
2.149999999999999911e+00 3.472975829010009896e+00
2.160000000000000142e+00 3.474221624891757898e+00
2.169999999999999929e+00 3.476144540591239895e+00
2.180000000000000160e+00 3.477074576203822875e+00
2.189999999999999947e+00 3.477814017190933082e+00
2.200000000000000178e+00 3.477869562945365978e+00
2.209999999999999964e+00 3.477987613446712700e+00
2.220000000000000195e+00 3.478482636675834794e+00
2.229999999999999982e+00 3.479720365879535482e+00
2.240000000000000213e+00 3.479910987234115627e+00
2.250000000000000000e+00 3.479861526675224415e+00
2.260000000000000231e+00 3.479764792463779344e+00
2.270000000000000018e+00 3.479524357743263074e+00
2.280000000000000249e+00 3.479224417541026959e+00
2.290000000000000036e+00 3.478453595440387680e+00
2.300000000000000266e+00 3.477933825204372553e+00
2.310000000000000053e+00 3.477273004589080951e+00
2.319999999999999840e+00 3.476400701551437322e+00
2.330000000000000071e+00 3.476021682379245803e+00
2.339999999999999858e+00 3.475685995600223510e+00
2.350000000000000089e+00 3.475537014532089408e+00
2.359999999999999876e+00 3.475378071331977736e+00
2.370000000000000107e+00 3.475378071331977736e+00
2.379999999999999893e+00 3.475378591508865522e+00
2.390000000000000124e+00 3.475378591508865522e+00
2.399999999999999911e+00 3.475378734459876995e+00
2.410000000000000142e+00 3.475378732595443942e+00
2.419999999999999929e+00 3.475378732595443942e+00
2.430000000000000160e+00 3.475378732595443942e+00
2.439999999999999947e+00 3.475378732595443942e+00
2.450000000000000178e+00 3.475378732595443942e+00
2.459999999999999964e+00 3.475378732595443942e+00
2.470000000000000195e+00 3.475378726706504828e+00
2.479999999999999982e+00 3.475378726706504828e+00
2.490000000000000213e+00 3.475378726706504828e+00
2.500000000000000000e+00 3.475378726706504828e+00
2.510000000000000231e+00 3.475378726706504828e+00
2.520000000000000018e+00 3.475378726706504828e+00
2.530000000000000249e+00 3.475378726706504828e+00
2.540000000000000036e+00 3.475378726706504828e+00
2.550000000000000266e+00 3.475378726706504828e+00
2.560000000000000053e+00 3.475378726706504828e+00
2.569999999999999840e+00 3.475378726706504828e+00
2.580000000000000071e+00 3.475378726706504828e+00
2.589999999999999858e+00 3.475378726706504828e+00
2.600000000000000089e+00 3.475378726706504828e+00
2.609999999999999876e+00 3.475378726706504828e+00
2.620000000000000107e+00 3.475378726706504828e+00
2.629999999999999893e+00 3.475378726706504828e+00
2.640000000000000124e+00 3.475378726706504828e+00
2.649999999999999911e+00 3.475378726706504828e+00
2.660000000000000142e+00 3.475378726706504828e+00
2.669999999999999929e+00 3.475378726706504828e+00
2.680000000000000160e+00 3.475378726706504828e+00
2.689999999999999947e+00 3.475378726706504828e+00
2.700000000000000178e+00 3.475378726706504828e+00
2.709999999999999964e+00 3.475378726706504828e+00
2.720000000000000195e+00 3.475378726706504828e+00
2.729999999999999982e+00 3.475378726706504828e+00
2.740000000000000213e+00 3.475378758928775902e+00
2.750000000000000000e+00 3.475378758928775902e+00
2.760000000000000231e+00 3.475378758928775902e+00
2.770000000000000018e+00 3.475378758928775902e+00
2.780000000000000249e+00 3.475378758928775902e+00
2.790000000000000036e+00 3.475378758928775902e+00
2.800000000000000266e+00 3.475378758928775902e+00
2.810000000000000053e+00 3.475378758928775902e+00
2.819999999999999840e+00 3.475378758928775902e+00
2.830000000000000071e+00 3.475378758928775902e+00
2.839999999999999858e+00 3.475378673355579373e+00
2.850000000000000089e+00 3.475378673355579373e+00
2.859999999999999876e+00 3.475398852727413335e+00
2.870000000000000107e+00 3.475411066162586327e+00
2.879999999999999893e+00 3.475414733290672409e+00
2.890000000000000124e+00 3.475547108824252884e+00
2.899999999999999911e+00 3.475658956747055051e+00
2.910000000000000142e+00 3.475695128083228891e+00
2.919999999999999929e+00 3.475702812371253891e+00
2.930000000000000160e+00 3.475677067492008110e+00
2.939999999999999947e+00 3.475658904690742457e+00
2.950000000000000178e+00 3.475604846198558917e+00
2.959999999999999964e+00 3.475596433331966217e+00
2.970000000000000195e+00 3.475596464898586202e+00
2.979999999999999982e+00 3.475590276098251330e+00
2.990000000000000213e+00 3.475590276098251330e+00
3.000000000000000000e+00 3.475590276098251330e+00
