0.000000000000000000e+00 4.790249689969420244e-01
1.000000000000000021e-02 4.790249689969420244e-01
2.000000000000000042e-02 3.241604275305271177e+00
2.999999999999999889e-02 3.241604275305271177e+00
4.000000000000000083e-02 3.241568363461494240e+00
5.000000000000000278e-02 3.241556747775077962e+00
5.999999999999999778e-02 3.241558690629005479e+00
7.000000000000000666e-02 3.241547278802394683e+00
8.000000000000000167e-02 3.241545660238266180e+00
8.999999999999999667e-02 3.240705306208133685e+00
1.000000000000000056e-01 3.239957686820030158e+00
1.100000000000000006e-01 3.239532300522327546e+00
1.199999999999999956e-01 3.238388539578914482e+00
1.300000000000000044e-01 3.238343504660129657e+00
1.400000000000000133e-01 3.238302272453307928e+00
1.499999999999999944e-01 3.238220376665592148e+00
1.600000000000000033e-01 3.238144616744518256e+00
1.700000000000000122e-01 3.237426835029125094e+00
1.799999999999999933e-01 3.237213481516838076e+00
1.900000000000000022e-01 3.237107687606811446e+00
2.000000000000000111e-01 3.237047935540676047e+00
2.099999999999999922e-01 3.236936145386696051e+00
2.200000000000000011e-01 3.236905283913612319e+00
2.300000000000000100e-01 3.236772852165699099e+00
2.399999999999999911e-01 3.236605361266136072e+00
2.500000000000000000e-01 3.236498040161132739e+00
2.600000000000000089e-01 3.236444854447841468e+00
2.700000000000000178e-01 3.236242439682483596e+00
2.800000000000000266e-01 3.235997435379028175e+00
2.899999999999999800e-01 3.235615281813144506e+00
2.999999999999999889e-01 3.235501953408717934e+00
3.099999999999999978e-01 3.235405950617790349e+00
3.200000000000000067e-01 3.235257013640403745e+00
3.300000000000000155e-01 3.235223240165710390e+00
3.400000000000000244e-01 3.235157905964851199e+00
3.500000000000000333e-01 3.235111143243312615e+00
3.599999999999999867e-01 3.235090953168869188e+00
3.699999999999999956e-01 3.235065478885173818e+00
3.800000000000000044e-01 3.235049479026794295e+00
3.900000000000000133e-01 3.235104799072742399e+00
4.000000000000000222e-01 3.235112469935417234e+00
4.100000000000000311e-01 3.235109632134437696e+00
4.199999999999999845e-01 3.235187928764819976e+00
4.299999999999999933e-01 3.235297043936252503e+00
4.400000000000000022e-01 3.235331037957668521e+00
4.500000000000000111e-01 3.235333747706413465e+00
4.600000000000000200e-01 3.235330430366992971e+00
4.700000000000000289e-01 3.235337399365902034e+00
4.799999999999999822e-01 3.235353288786411152e+00
4.899999999999999911e-01 3.235360498082637815e+00
5.000000000000000000e-01 3.235294881064891825e+00
5.100000000000000089e-01 3.235297471783161072e+00
5.200000000000000178e-01 3.235246047196388197e+00
5.300000000000000266e-01 3.235248714008331472e+00
5.400000000000000355e-01 3.235186645677089690e+00
5.500000000000000444e-01 3.235138798952102768e+00
5.600000000000000533e-01 3.235064325313568023e+00
5.700000000000000622e-01 3.234899231114387597e+00
5.799999999999999600e-01 3.234831475453376903e+00
5.899999999999999689e-01 3.234792435631752117e+00
5.999999999999999778e-01 3.234899245665073586e+00
6.099999999999999867e-01 3.235058427252769597e+00
6.199999999999999956e-01 3.235218219003677564e+00
6.300000000000000044e-01 3.235932811892032746e+00
6.400000000000000133e-01 3.237180672345161270e+00
6.500000000000000222e-01 3.237915468912124783e+00
6.600000000000000311e-01 3.239511082694530586e+00
6.700000000000000400e-01 3.241569469473362108e+00
6.800000000000000488e-01 3.244599582080840872e+00
6.900000000000000577e-01 3.248288078119754729e+00
7.000000000000000666e-01 3.254427683136463134e+00
7.099999999999999645e-01 3.261118215460777403e+00
7.199999999999999734e-01 3.268095712382793394e+00
7.299999999999999822e-01 3.279156058311462285e+00
7.399999999999999911e-01 3.295381204643249351e+00
7.500000000000000000e-01 3.310970778386592706e+00
7.600000000000000089e-01 3.330588929684162203e+00
7.700000000000000178e-01 3.349797577033042817e+00
7.800000000000000266e-01 3.373805919041633405e+00
7.900000000000000355e-01 3.393527529594898340e+00
8.000000000000000444e-01 3.414286264021396455e+00
8.100000000000000533e-01 3.434478401682377058e+00
8.200000000000000622e-01 3.450553695719241976e+00
8.300000000000000711e-01 3.464724368209838978e+00
8.399999999999999689e-01 3.476796115779876573e+00
8.499999999999999778e-01 3.489597520751952953e+00
8.599999999999999867e-01 3.498302162039280017e+00
8.699999999999999956e-01 3.505585770897865494e+00
8.800000000000000044e-01 3.510866814973354177e+00
8.900000000000000133e-01 3.514199264934062761e+00
9.000000000000000222e-01 3.518085632803439999e+00
9.100000000000000311e-01 3.524902274281978443e+00
9.200000000000000400e-01 3.528725593209266709e+00
9.300000000000000488e-01 3.530107683386802808e+00
9.400000000000000577e-01 3.531313617365360091e+00
9.500000000000000666e-01 3.531679554247856068e+00
9.599999999999999645e-01 3.531290857186317300e+00
9.699999999999999734e-01 3.531213728866577028e+00
9.799999999999999822e-01 3.531130657448768417e+00
9.899999999999999911e-01 3.531054857532978097e+00
1.000000000000000000e+00 3.530918996603488846e+00
1.010000000000000009e+00 3.530572784223556582e+00
1.020000000000000018e+00 3.530364502398967819e+00
1.030000000000000027e+00 3.529960504209995076e+00
1.040000000000000036e+00 3.529647740755081031e+00
1.050000000000000044e+00 3.529285322976112305e+00
1.060000000000000053e+00 3.529186447684764971e+00
1.070000000000000062e+00 3.529137222161292886e+00
1.080000000000000071e+00 3.529036915755272119e+00
1.090000000000000080e+00 3.528964721086025325e+00
1.100000000000000089e+00 3.529058088924884817e+00
1.110000000000000098e+00 3.528866922533512085e+00
1.120000000000000107e+00 3.528068864367008395e+00
1.130000000000000115e+00 3.527106765618324147e+00
1.140000000000000124e+00 3.525993609826564956e+00
1.150000000000000133e+00 3.524778597288131810e+00
1.159999999999999920e+00 3.523180859439372981e+00
1.169999999999999929e+00 3.522598373191356824e+00
1.179999999999999938e+00 3.522049097588062505e+00
1.189999999999999947e+00 3.521457207593917893e+00
1.199999999999999956e+00 3.521017292978763535e+00
1.209999999999999964e+00 3.520353872222900193e+00
1.219999999999999973e+00 3.519720088906288069e+00
1.229999999999999982e+00 3.519010835118293823e+00
1.239999999999999991e+00 3.518455560715198605e+00
1.250000000000000000e+00 3.517993869614600921e+00
1.260000000000000009e+00 3.517671995737552848e+00
1.270000000000000018e+00 3.516949340467453222e+00
1.280000000000000027e+00 3.516677328281402559e+00
1.290000000000000036e+00 3.515967624821662696e+00
1.300000000000000044e+00 3.515592801821231905e+00
1.310000000000000053e+00 3.515249665977954852e+00
1.320000000000000062e+00 3.515194818534851162e+00
1.330000000000000071e+00 3.515347400865554750e+00
1.340000000000000080e+00 3.515258765387534901e+00
1.350000000000000089e+00 3.515197281806468954e+00
1.360000000000000098e+00 3.514905169718265388e+00
1.370000000000000107e+00 3.514571742441654045e+00
1.380000000000000115e+00 3.514206629669666349e+00
1.390000000000000124e+00 3.513983446791172138e+00
1.400000000000000133e+00 3.513960019114017452e+00
1.409999999999999920e+00 3.513518730211258045e+00
1.419999999999999929e+00 3.513395761260986294e+00
1.429999999999999938e+00 3.513117212007045964e+00
1.439999999999999947e+00 3.513044979496002362e+00
1.449999999999999956e+00 3.512876019008159822e+00
1.459999999999999964e+00 3.512682239532470607e+00
1.469999999999999973e+00 3.512496004471779010e+00
1.479999999999999982e+00 3.512313509461879590e+00
1.489999999999999991e+00 3.512250024816990113e+00
1.500000000000000000e+00 3.512186025121212030e+00
1.510000000000000009e+00 3.512061429131031254e+00
1.520000000000000018e+00 3.512059861559867713e+00
1.530000000000000027e+00 3.511740788097381660e+00
1.540000000000000036e+00 3.511540716972350928e+00
1.550000000000000044e+00 3.511364095015525599e+00
1.560000000000000053e+00 3.511323122892379800e+00
1.570000000000000062e+00 3.511227529625892796e+00
1.580000000000000071e+00 3.511230502185821667e+00
1.590000000000000080e+00 3.511080594549178979e+00
1.600000000000000089e+00 3.511277646672725794e+00
1.610000000000000098e+00 3.511240623733997257e+00
1.620000000000000107e+00 3.511143839473724437e+00
1.630000000000000115e+00 3.511282127997875424e+00
1.640000000000000124e+00 3.510888177824020406e+00
1.650000000000000133e+00 3.510896638457775332e+00
1.660000000000000142e+00 3.510557437782287682e+00
1.669999999999999929e+00 3.509998253977298699e+00
1.679999999999999938e+00 3.508911220970153622e+00
1.689999999999999947e+00 3.508892937624454422e+00
1.699999999999999956e+00 3.508673225045204180e+00
1.709999999999999964e+00 3.507751021983623652e+00
1.719999999999999973e+00 3.507580203776359706e+00
1.729999999999999982e+00 3.507596409144401406e+00
1.739999999999999991e+00 3.506957703335285004e+00
1.750000000000000000e+00 3.506756107201576267e+00
1.760000000000000009e+00 3.505602602210045049e+00
1.770000000000000018e+00 3.503666934089660678e+00
1.780000000000000027e+00 3.502428583076000024e+00
1.790000000000000036e+00 3.500673366372585082e+00
1.800000000000000044e+00 3.500404935061931511e+00
1.810000000000000053e+00 3.503573217465877576e+00
1.820000000000000062e+00 3.505183831698894359e+00
1.830000000000000071e+00 3.510417884249687148e+00
1.840000000000000080e+00 3.520466803588867322e+00
1.850000000000000089e+00 3.530528531718254204e+00
1.860000000000000098e+00 3.536459849615097184e+00
1.870000000000000107e+00 3.542448395533561722e+00
1.880000000000000115e+00 3.550893593447208563e+00
1.890000000000000124e+00 3.559051137495040873e+00
1.900000000000000133e+00 3.568310275986194657e+00
1.910000000000000142e+00 3.577819951593876002e+00
1.919999999999999929e+00 3.588104778137207074e+00
1.929999999999999938e+00 3.599412150201797278e+00
1.939999999999999947e+00 3.611958698899746079e+00
1.949999999999999956e+00 3.624708205573558661e+00
1.959999999999999964e+00 3.639184223756790182e+00
1.969999999999999973e+00 3.657424961364269311e+00
1.979999999999999982e+00 3.678854688551425944e+00
1.989999999999999991e+00 3.703062137727737291e+00
2.000000000000000000e+00 3.724628979675769891e+00
2.010000000000000231e+00 3.747380950055122284e+00
2.020000000000000018e+00 3.771146632111072705e+00
2.030000000000000249e+00 3.794418323497772416e+00
2.040000000000000036e+00 3.816849442000389114e+00
2.049999999999999822e+00 3.835610391337871405e+00
2.060000000000000053e+00 3.853155002195835177e+00
2.069999999999999840e+00 3.869618846607208340e+00
2.080000000000000071e+00 3.883039721021652291e+00
2.089999999999999858e+00 3.895410034081935979e+00
2.100000000000000089e+00 3.903787963976860009e+00
2.109999999999999876e+00 3.910143294167518491e+00
2.120000000000000107e+00 3.916279843316078146e+00
2.129999999999999893e+00 3.919904183611869986e+00
2.140000000000000124e+00 3.923505369076728755e+00
2.149999999999999911e+00 3.925900702583789759e+00
2.160000000000000142e+00 3.927531530220508493e+00
2.169999999999999929e+00 3.929093508143425062e+00
2.180000000000000160e+00 3.930225284686088560e+00
2.189999999999999947e+00 3.931057885580063083e+00
2.200000000000000178e+00 3.931909591417312555e+00
2.209999999999999964e+00 3.932786989963054758e+00
2.220000000000000195e+00 3.933292298395633768e+00
2.229999999999999982e+00 3.933576991858482419e+00
2.240000000000000213e+00 3.934054113721847656e+00
2.250000000000000000e+00 3.934306231386661690e+00
2.260000000000000231e+00 3.934606003165245003e+00
2.270000000000000018e+00 3.934897941639423191e+00
2.280000000000000249e+00 3.934942474095821208e+00
2.290000000000000036e+00 3.934898023824691560e+00
2.300000000000000266e+00 3.934609057970047008e+00
2.310000000000000053e+00 3.934676193006038769e+00
2.319999999999999840e+00 3.935024831330776074e+00
2.330000000000000071e+00 3.935048422088623266e+00
2.339999999999999858e+00 3.935535783672332588e+00
2.350000000000000089e+00 3.935992811005115666e+00
2.359999999999999876e+00 3.936023599176406762e+00
2.370000000000000107e+00 3.936120593061447348e+00
2.379999999999999893e+00 3.936409795079231166e+00
2.390000000000000124e+00 3.936455600500107010e+00
2.399999999999999911e+00 3.936481893393993570e+00
2.410000000000000142e+00 3.936531120655536675e+00
2.419999999999999929e+00 3.936843962757587523e+00
2.430000000000000160e+00 3.936899388477802297e+00
2.439999999999999947e+00 3.936957783551215950e+00
2.450000000000000178e+00 3.937315738759040951e+00
2.459999999999999964e+00 3.937689047136306630e+00
2.470000000000000195e+00 3.937701510734558319e+00
2.479999999999999982e+00 3.937824701273441530e+00
2.490000000000000213e+00 3.937921249563693937e+00
2.500000000000000000e+00 3.937939769926070976e+00
2.510000000000000231e+00 3.937969354767799413e+00
2.520000000000000018e+00 3.937978411309718929e+00
2.530000000000000249e+00 3.937995942995548226e+00
2.540000000000000036e+00 3.938012763714790143e+00
2.550000000000000266e+00 3.938041023530959972e+00
2.560000000000000053e+00 3.938051134529113817e+00
2.569999999999999840e+00 3.938040830645561208e+00
2.580000000000000071e+00 3.938021862030029130e+00
2.589999999999999858e+00 3.937973850414752786e+00
2.600000000000000089e+00 3.937952874956130778e+00
2.609999999999999876e+00 3.937926700477599962e+00
2.620000000000000107e+00 3.938034453313350891e+00
2.629999999999999893e+00 3.938076035537719566e+00
2.640000000000000124e+00 3.938066337103843573e+00
2.649999999999999911e+00 3.938031592428684391e+00
2.660000000000000142e+00 3.938037763063907626e+00
2.669999999999999929e+00 3.938031435534953939e+00
2.680000000000000160e+00 3.938083073370456599e+00
2.689999999999999947e+00 3.938063296029567617e+00
2.700000000000000178e+00 3.938062699828147828e+00
2.709999999999999964e+00 3.938050202932357635e+00
2.720000000000000195e+00 3.938050109636783702e+00
2.729999999999999982e+00 3.938059898669719505e+00
2.740000000000000213e+00 3.938100527803897855e+00
2.750000000000000000e+00 3.938095822145939007e+00
2.760000000000000231e+00 3.938096236758231949e+00
2.770000000000000018e+00 3.938106572284698625e+00
2.780000000000000249e+00 3.938113816485405039e+00
2.790000000000000036e+00 3.938115194435119815e+00
2.800000000000000266e+00 3.938109306468963844e+00
2.810000000000000053e+00 3.938110079126357910e+00
2.819999999999999840e+00 3.938109365727901601e+00
2.830000000000000071e+00 3.938107382798194944e+00
2.839999999999999858e+00 3.938119322409630030e+00
2.850000000000000089e+00 3.938120242784023173e+00
2.859999999999999876e+00 3.938125099337101087e+00
2.870000000000000107e+00 3.938129949049949730e+00
2.879999999999999893e+00 3.938135755608081823e+00
2.890000000000000124e+00 3.938148488194942676e+00
2.899999999999999911e+00 3.938154804675578990e+00
2.910000000000000142e+00 3.938152664935588909e+00
2.919999999999999929e+00 3.938162682843208362e+00
2.930000000000000160e+00 3.938163393073081942e+00
2.939999999999999947e+00 3.938165710747242088e+00
2.950000000000000178e+00 3.938168600435256739e+00
2.959999999999999964e+00 3.938182427709102651e+00
2.970000000000000195e+00 3.938175786614418250e+00
2.979999999999999982e+00 3.938176370863914588e+00
2.990000000000000213e+00 3.938168949756622350e+00
3.000000000000000000e+00 3.938163984496593439e+00
