0.000000000000000000e+00 1.339654560158848762e+00
1.000000000000000021e-02 1.338842920800447533e+00
2.000000000000000042e-02 1.349611182816624622e+00
2.999999999999999889e-02 1.533529447070956175e+00
4.000000000000000083e-02 1.974132574145794017e+00
5.000000000000000278e-02 2.200437416716813921e+00
5.999999999999999778e-02 2.274738902611732616e+00
7.000000000000000666e-02 2.279129496995210502e+00
8.000000000000000167e-02 2.317116213109493117e+00
8.999999999999999667e-02 2.482861964141130251e+00
1.000000000000000056e-01 2.986014693931341224e+00
1.100000000000000006e-01 3.596090165271759176e+00
1.199999999999999956e-01 3.811149793934822227e+00
1.300000000000000044e-01 3.858595576212406009e+00
1.400000000000000133e-01 3.865507282555103341e+00
1.499999999999999944e-01 3.866469054160118102e+00
1.600000000000000033e-01 3.866488587906360408e+00
1.700000000000000122e-01 3.865564327337741801e+00
1.799999999999999933e-01 3.865379798636436437e+00
1.900000000000000022e-01 3.864550791499614668e+00
2.000000000000000111e-01 3.863804809885024838e+00
2.099999999999999922e-01 3.862093718833923273e+00
2.200000000000000011e-01 3.860119523477554271e+00
2.300000000000000100e-01 3.843323869988918506e+00
2.399999999999999911e-01 3.786606068935394198e+00
2.500000000000000000e-01 3.629368214807510373e+00
2.600000000000000089e-01 3.420081580801010102e+00
2.700000000000000178e-01 3.291925026814937372e+00
2.800000000000000266e-01 3.219602964687347413e+00
2.899999999999999800e-01 3.202315821566581899e+00
2.999999999999999889e-01 3.192452966797351799e+00
3.099999999999999978e-01 3.186948130412101676e+00
3.200000000000000067e-01 3.182908779268264876e+00
3.300000000000000155e-01 3.183956158118248059e+00
3.400000000000000244e-01 3.184358364722728929e+00
3.500000000000000333e-01 3.184696576969623383e+00
3.599999999999999867e-01 3.185539328289031857e+00
3.699999999999999956e-01 3.185774201643467141e+00
3.800000000000000044e-01 3.186213300077915367e+00
3.900000000000000133e-01 3.186367675693035029e+00
4.000000000000000222e-01 3.186436064877510077e+00
4.100000000000000311e-01 3.186436064877510077e+00
4.199999999999999845e-01 3.186443726446628766e+00
4.299999999999999933e-01 3.186461591682434147e+00
4.400000000000000022e-01 3.186480885894298343e+00
4.500000000000000111e-01 3.186523270370960059e+00
4.600000000000000200e-01 3.186577969927787635e+00
4.700000000000000289e-01 3.186600653326511434e+00
4.799999999999999822e-01 3.186616658453941486e+00
4.899999999999999911e-01 3.186637763581276150e+00
5.000000000000000000e-01 3.186673877539634603e+00
5.100000000000000089e-01 3.186697778785228863e+00
5.200000000000000178e-01 3.186704299392700168e+00
5.300000000000000266e-01 3.186714431233406142e+00
5.400000000000000355e-01 3.186714431233406142e+00
5.500000000000000444e-01 3.186714431233406142e+00
5.600000000000000533e-01 3.186714431233406142e+00
5.700000000000000622e-01 3.186714431233406142e+00
5.799999999999999600e-01 3.186718290982246238e+00
5.899999999999999689e-01 3.186718290982246238e+00
5.999999999999999778e-01 3.186718290982246238e+00
6.099999999999999867e-01 3.186718290982246238e+00
6.199999999999999956e-01 3.186718290982246238e+00
6.300000000000000044e-01 3.186718290982246238e+00
6.400000000000000133e-01 3.186718290982246238e+00
6.500000000000000222e-01 3.186718290982246238e+00
6.600000000000000311e-01 3.186718290982246238e+00
6.700000000000000400e-01 3.186718290982246238e+00
6.800000000000000488e-01 3.186718290982246238e+00
6.900000000000000577e-01 3.186718290982246238e+00
7.000000000000000666e-01 3.186718290982246238e+00
7.099999999999999645e-01 3.186718290982246238e+00
7.199999999999999734e-01 3.186718290982246238e+00
7.299999999999999822e-01 3.186718372209071948e+00
7.399999999999999911e-01 3.186718372209071948e+00
7.500000000000000000e-01 3.186718372209071948e+00
7.600000000000000089e-01 3.186718372209071948e+00
7.700000000000000178e-01 3.186718372209071948e+00
7.800000000000000266e-01 3.186718372209071948e+00
7.900000000000000355e-01 3.186718372209071948e+00
8.000000000000000444e-01 3.186718372209071948e+00
8.100000000000000533e-01 3.186718372209071948e+00
8.200000000000000622e-01 3.186718372209071948e+00
8.300000000000000711e-01 3.186718372209071948e+00
8.399999999999999689e-01 3.186718372209071948e+00
8.499999999999999778e-01 3.186718372209071948e+00
8.599999999999999867e-01 3.186718372209071948e+00
8.699999999999999956e-01 3.186718372209071948e+00
8.800000000000000044e-01 3.186718372209071948e+00
8.900000000000000133e-01 3.186718372209071948e+00
9.000000000000000222e-01 3.186718372209071948e+00
9.100000000000000311e-01 3.186718372209071948e+00
9.200000000000000400e-01 3.186718372209071948e+00
9.300000000000000488e-01 3.186718372209071948e+00
9.400000000000000577e-01 3.186718372209071948e+00
9.500000000000000666e-01 3.186718372209071948e+00
9.599999999999999645e-01 3.186718372209071948e+00
9.699999999999999734e-01 3.186718372209071948e+00
9.799999999999999822e-01 3.186718372209071948e+00
9.899999999999999911e-01 3.186718372209071948e+00
1.000000000000000000e+00 3.186718372209071948e+00
1.010000000000000009e+00 3.186718372209071948e+00
1.020000000000000018e+00 3.186718372209071948e+00
1.030000000000000027e+00 3.186718372209071948e+00
1.040000000000000036e+00 3.186719870710372771e+00
1.050000000000000044e+00 3.186719870710372771e+00
1.060000000000000053e+00 3.186720196490287815e+00
1.070000000000000062e+00 3.186724636738300198e+00
1.080000000000000071e+00 3.186726941204070851e+00
1.090000000000000080e+00 3.186733770234584817e+00
1.100000000000000089e+00 3.186734246072769228e+00
1.110000000000000098e+00 3.186748936166763357e+00
1.120000000000000107e+00 3.186751487202644562e+00
1.130000000000000115e+00 3.186754319617748354e+00
1.140000000000000124e+00 3.186759069955348966e+00
1.150000000000000133e+00 3.186773656847476932e+00
1.159999999999999920e+00 3.186799984114169870e+00
1.169999999999999929e+00 3.186837827322483108e+00
1.179999999999999938e+00 3.186884940099716346e+00
1.189999999999999947e+00 3.186931538417339116e+00
1.199999999999999956e+00 3.186944306409358774e+00
1.209999999999999964e+00 3.186948369758129118e+00
1.219999999999999973e+00 3.186961783962249939e+00
1.229999999999999982e+00 3.186980927596092084e+00
1.239999999999999991e+00 3.186998610386848618e+00
1.250000000000000000e+00 3.187038472821712709e+00
1.260000000000000009e+00 3.187076454780101820e+00
1.270000000000000018e+00 3.187087619771957314e+00
1.280000000000000027e+00 3.187138152048587969e+00
1.290000000000000036e+00 3.187153875029086869e+00
1.300000000000000044e+00 3.187191102802753306e+00
1.310000000000000053e+00 3.187273402695655733e+00
1.320000000000000062e+00 3.187301910326481025e+00
1.330000000000000071e+00 3.187348843796253384e+00
1.340000000000000080e+00 3.187363346807956521e+00
1.350000000000000089e+00 3.187372706036567749e+00
1.360000000000000098e+00 3.187387634184360330e+00
1.370000000000000107e+00 3.187409686300754608e+00
1.380000000000000115e+00 3.187432531080245823e+00
1.390000000000000124e+00 3.187468360712528259e+00
1.400000000000000133e+00 3.187484446144103867e+00
1.409999999999999920e+00 3.187488551383018454e+00
1.419999999999999929e+00 3.187493001797199188e+00
1.429999999999999938e+00 3.187504810063838789e+00
1.439999999999999947e+00 3.187511601219177315e+00
1.449999999999999956e+00 3.187514647536277668e+00
1.459999999999999964e+00 3.187520240740775890e+00
1.469999999999999973e+00 3.187566075000762833e+00
1.479999999999999982e+00 3.187655822250842874e+00
1.489999999999999991e+00 3.187688095161914870e+00
1.500000000000000000e+00 3.187779154741764209e+00
1.510000000000000009e+00 3.187883769993781868e+00
1.520000000000000018e+00 3.188005497322082604e+00
1.530000000000000027e+00 3.188052532470226463e+00
1.540000000000000036e+00 3.188071909070015142e+00
1.550000000000000044e+00 3.188108215913772803e+00
1.560000000000000053e+00 3.188157736890316230e+00
1.570000000000000062e+00 3.188180605144500745e+00
1.580000000000000071e+00 3.188218243107795669e+00
1.590000000000000080e+00 3.188320165925025762e+00
1.600000000000000089e+00 3.188394432873725926e+00
1.610000000000000098e+00 3.188556205937862487e+00
1.620000000000000107e+00 3.188993693664074147e+00
1.630000000000000115e+00 3.189193455278873657e+00
1.640000000000000124e+00 3.189543347771167880e+00
1.650000000000000133e+00 3.190228546967506240e+00
1.660000000000000142e+00 3.191541164638996175e+00
1.669999999999999929e+00 3.193212643678188467e+00
1.679999999999999938e+00 3.195343998615741921e+00
1.689999999999999947e+00 3.196532300255298775e+00
1.699999999999999956e+00 3.196980587892532366e+00
1.709999999999999964e+00 3.196257471826076557e+00
1.719999999999999973e+00 3.195522646341323991e+00
1.729999999999999982e+00 3.195811328816414054e+00
1.739999999999999991e+00 3.196619206309318617e+00
1.750000000000000000e+00 3.197671174104213865e+00
1.760000000000000009e+00 3.198732127842903061e+00
1.770000000000000018e+00 3.200158741405010332e+00
1.780000000000000027e+00 3.200952582087516873e+00
1.790000000000000036e+00 3.201525582683086402e+00
1.800000000000000044e+00 3.202859275000095263e+00
1.810000000000000053e+00 3.203609116761684472e+00
1.820000000000000062e+00 3.204414139611721168e+00
1.830000000000000071e+00 3.205069446108341324e+00
1.840000000000000080e+00 3.205691678905487230e+00
1.850000000000000089e+00 3.206257374410629080e+00
1.860000000000000098e+00 3.206873778469562453e+00
1.870000000000000107e+00 3.207761216456890274e+00
1.880000000000000115e+00 3.208972676448822003e+00
1.890000000000000124e+00 3.210467573215961323e+00
1.900000000000000133e+00 3.212372390093803265e+00
1.910000000000000142e+00 3.213804769198894462e+00
1.919999999999999929e+00 3.216174696834087410e+00
1.929999999999999938e+00 3.221339334690570766e+00
1.939999999999999947e+00 3.226003664398193305e+00
1.949999999999999956e+00 3.231227516179084880e+00
1.959999999999999964e+00 3.238773064246177835e+00
1.969999999999999973e+00 3.248950563566684657e+00
1.979999999999999982e+00 3.259584820709228392e+00
1.989999999999999991e+00 3.274041710765361657e+00
2.000000000000000000e+00 3.292278360686302197e+00
2.010000000000000231e+00 3.310830051348209402e+00
2.020000000000000018e+00 3.331311876683235251e+00
2.030000000000000249e+00 3.361727037308216204e+00
2.040000000000000036e+00 3.390786094093322767e+00
2.049999999999999822e+00 3.420965950577258941e+00
2.060000000000000053e+00 3.456724216690063578e+00
2.069999999999999840e+00 3.491526991279125358e+00
2.080000000000000071e+00 3.529892806146144757e+00
2.089999999999999858e+00 3.569816916725635725e+00
2.100000000000000089e+00 3.596793997085094396e+00
2.109999999999999876e+00 3.631190632936954543e+00
2.120000000000000107e+00 3.661461888649463869e+00
2.129999999999999893e+00 3.691688953549861818e+00
2.140000000000000124e+00 3.712311979243755555e+00
2.149999999999999911e+00 3.725403718116283347e+00
2.160000000000000142e+00 3.742985511860847492e+00
2.169999999999999929e+00 3.754698946471214160e+00
2.180000000000000160e+00 3.759083261768817685e+00
2.189999999999999947e+00 3.766478401489257610e+00
2.200000000000000178e+00 3.772641231987476473e+00
2.209999999999999964e+00 3.775897187707424330e+00
2.220000000000000195e+00 3.776704900271892651e+00
2.229999999999999982e+00 3.778517474520206587e+00
2.240000000000000213e+00 3.782620866892338007e+00
2.250000000000000000e+00 3.784689497871398967e+00
2.260000000000000231e+00 3.786296689047813580e+00
2.270000000000000018e+00 3.786261413590907843e+00
2.280000000000000249e+00 3.786572037224769538e+00
2.290000000000000036e+00 3.786448798041343711e+00
2.300000000000000266e+00 3.786004877836704363e+00
2.310000000000000053e+00 3.785424824600219562e+00
2.319999999999999840e+00 3.783658128345012805e+00
2.330000000000000071e+00 3.778309921832084584e+00
2.339999999999999858e+00 3.771681456298828117e+00
2.350000000000000089e+00 3.766885067198276538e+00
2.359999999999999876e+00 3.720131155792474775e+00
2.370000000000000107e+00 3.698336347092390231e+00
2.379999999999999893e+00 3.693505695692300694e+00
2.390000000000000124e+00 3.683246103104353075e+00
2.399999999999999911e+00 3.655730980166196797e+00
2.410000000000000142e+00 3.633959236831664885e+00
2.419999999999999929e+00 3.575866389422416525e+00
2.430000000000000160e+00 3.392964713202714755e+00
2.439999999999999947e+00 3.093879801889658054e+00
2.450000000000000178e+00 2.728016890720128984e+00
2.459999999999999964e+00 2.368607494467497077e+00
2.470000000000000195e+00 2.308495099412202656e+00
2.479999999999999982e+00 2.300110825175047058e+00
2.490000000000000213e+00 2.339172775655984804e+00
2.500000000000000000e+00 2.540333937542438303e+00
2.510000000000000231e+00 2.863135640529394177e+00
2.520000000000000018e+00 3.136555383507013239e+00
2.530000000000000249e+00 3.327147488884925952e+00
2.540000000000000036e+00 3.423142050011157789e+00
2.550000000000000266e+00 3.488435404224395686e+00
2.560000000000000053e+00 3.527433201906680971e+00
2.569999999999999840e+00 3.536799846673011949e+00
2.580000000000000071e+00 3.539720169620514056e+00
2.589999999999999858e+00 3.548063686680793971e+00
2.600000000000000089e+00 3.555432097470760500e+00
2.609999999999999876e+00 3.560025577583313172e+00
2.620000000000000107e+00 3.562011337110996045e+00
2.629999999999999893e+00 3.565352801432609464e+00
2.640000000000000124e+00 3.568134171378612329e+00
2.649999999999999911e+00 3.569557231929302077e+00
2.660000000000000142e+00 3.571173204407692037e+00
2.669999999999999929e+00 3.571486955380439809e+00
2.680000000000000160e+00 3.571510188572406985e+00
2.689999999999999947e+00 3.571317543404102235e+00
2.700000000000000178e+00 3.571076486356258517e+00
2.709999999999999964e+00 3.570983786935806314e+00
2.720000000000000195e+00 3.570752670137882223e+00
2.729999999999999982e+00 3.570486991829872281e+00
2.740000000000000213e+00 3.570233063881397051e+00
2.750000000000000000e+00 3.570160528147220624e+00
2.760000000000000231e+00 3.570147484467029564e+00
2.770000000000000018e+00 3.570090825982093818e+00
2.780000000000000249e+00 3.569835646712780086e+00
2.790000000000000036e+00 3.569772309048175885e+00
2.800000000000000266e+00 3.569599866838454982e+00
2.810000000000000053e+00 3.569570169196128795e+00
2.819999999999999840e+00 3.569499873480797003e+00
2.830000000000000071e+00 3.569431395666599283e+00
2.839999999999999858e+00 3.569293754835128674e+00
2.850000000000000089e+00 3.569251871972084267e+00
2.859999999999999876e+00 3.569242834672927689e+00
2.870000000000000107e+00 3.569229725580215451e+00
2.879999999999999893e+00 3.569229725580215451e+00
2.890000000000000124e+00 3.569229725580215451e+00
2.899999999999999911e+00 3.569229725580215451e+00
2.910000000000000142e+00 3.569229725580215451e+00
2.919999999999999929e+00 3.569229725580215451e+00
2.930000000000000160e+00 3.569229725580215451e+00
2.939999999999999947e+00 3.569227906537055794e+00
2.950000000000000178e+00 3.569226360349655014e+00
2.959999999999999964e+00 3.569222388353347597e+00
2.970000000000000195e+00 3.569221049163341597e+00
2.979999999999999982e+00 3.569215035829544025e+00
2.990000000000000213e+00 3.569215035829544025e+00
3.000000000000000000e+00 3.569215035829544025e+00
