0.000000000000000000e+00 8.311853051357404043e-01 9.318986180682048426e-01
1.000000000000000021e-02 8.610317287101119099e-01 9.153183694742352827e-01
2.000000000000000042e-02 8.610314376746148746e-01 9.153177972961932252e-01
2.999999999999999889e-02 8.606372561580165614e-01 9.153488528007046598e-01
4.000000000000000083e-02 2.299314819242143315e+00 3.032450672112322110e+00
5.000000000000000278e-02 2.304698424196923501e+00 3.034543278941427946e+00
5.999999999999999778e-02 2.366135809480141461e+00 3.059019533973742710e+00
7.000000000000000666e-02 2.435080989678105823e+00 3.140177695364751997e+00
8.000000000000000167e-02 2.501738619671217911e+00 3.203424542197831570e+00
8.999999999999999667e-02 2.694972564324530584e+00 3.360578544884530228e+00
1.000000000000000056e-01 2.894583455206638511e+00 3.388979213112110145e+00
1.100000000000000006e-01 2.908079108540891689e+00 3.389361870248437825e+00
1.199999999999999956e-01 2.960191659474066039e+00 3.385643748936959962e+00
1.300000000000000044e-01 2.966938327250856489e+00 3.385455664815526511e+00
1.400000000000000133e-01 2.974909948735089404e+00 3.384596734671740048e+00
1.499999999999999944e-01 3.006545149114116633e+00 3.377461724674716947e+00
1.600000000000000033e-01 3.020162384454216475e+00 3.362300930846724878e+00
1.700000000000000122e-01 3.036839599759034058e+00 3.330104641740867066e+00
1.799999999999999933e-01 3.057708470441522053e+00 3.285012135694800328e+00
1.900000000000000022e-01 3.094469641085641598e+00 3.226512423795683482e+00
2.000000000000000111e-01 3.113906436645573095e+00 3.205515606801921713e+00
2.099999999999999922e-01 3.119395146094218862e+00 3.201652708901508770e+00
2.200000000000000011e-01 3.121773857497232907e+00 3.200325985818845087e+00
2.300000000000000100e-01 3.123121426111587162e+00 3.199743958719841075e+00
2.399999999999999911e-01 3.124753656799183155e+00 3.199061569016589779e+00
2.500000000000000000e-01 3.125563229837726276e+00 3.198817511100460642e+00
2.600000000000000089e-01 3.126405598617989501e+00 3.198573274153273527e+00
2.700000000000000178e-01 3.127293123444557121e+00 3.198585827890396249e+00
2.800000000000000266e-01 3.129248983186737387e+00 3.198160829821570683e+00
2.899999999999999800e-01 3.131273071865039448e+00 3.197867243166966134e+00
2.999999999999999889e-01 3.133243757310478106e+00 3.197750359243781926e+00
3.099999999999999978e-01 3.135082274679632075e+00 3.197751884856729898e+00
3.200000000000000067e-01 3.135642412692721592e+00 3.198744553039852612e+00
3.300000000000000155e-01 3.136347374001580590e+00 3.200072061375540677e+00
3.400000000000000244e-01 3.135495559316601621e+00 3.202794355477366572e+00
3.500000000000000333e-01 3.134817122713161375e+00 3.204598006624149065e+00
3.599999999999999867e-01 3.134099913856993158e+00 3.206531253483285493e+00
3.699999999999999956e-01 3.132496697073626102e+00 3.209101083716702441e+00
3.800000000000000044e-01 3.129134197931908279e+00 3.211943599061347410e+00
3.900000000000000133e-01 3.121504079853659963e+00 3.215695134528511634e+00
4.000000000000000222e-01 3.111626726862522396e+00 3.219612057507900360e+00
4.100000000000000311e-01 3.098920149467002449e+00 3.222156585953224184e+00
4.199999999999999845e-01 3.092674999143745218e+00 3.225206336443756427e+00
4.299999999999999933e-01 3.088665984482647620e+00 3.227142454333422616e+00
4.400000000000000022e-01 3.078766037631963659e+00 3.232611385115648606e+00
4.500000000000000111e-01 3.073913800220292813e+00 3.235144668932157686e+00
4.600000000000000200e-01 3.074781548107926810e+00 3.234822587701017937e+00
4.700000000000000289e-01 3.080368919473377431e+00 3.231926253756793876e+00
4.799999999999999822e-01 3.087653578950670052e+00 3.227860848892423640e+00
4.899999999999999911e-01 3.096406686357139115e+00 3.222769553786636543e+00
5.000000000000000000e-01 3.105542729198459639e+00 3.217386240842815326e+00
5.100000000000000089e-01 3.112917536203219537e+00 3.212711190384075710e+00
5.200000000000000178e-01 3.123354189721123664e+00 3.205588299077971381e+00
5.300000000000000266e-01 3.129705165780305443e+00 3.201710171577215824e+00
5.400000000000000355e-01 3.136640281304414746e+00 3.197536903344099013e+00
5.500000000000000444e-01 3.141385169651566223e+00 3.194581986792029760e+00
5.600000000000000533e-01 3.143737466181395934e+00 3.193171011964203831e+00
5.700000000000000622e-01 3.146482277500534774e+00 3.191532743094061875e+00
5.799999999999999600e-01 3.148527193083879183e+00 3.190296416177633709e+00
5.899999999999999689e-01 3.150354986892217379e+00 3.189194082521921825e+00
5.999999999999999778e-01 3.150813213940190760e+00 3.188970792173815294e+00
6.099999999999999867e-01 3.150989520613452388e+00 3.188939926036099326e+00
6.199999999999999956e-01 3.151084243215075187e+00 3.188958854023465239e+00
6.300000000000000044e-01 3.151187840298773413e+00 3.188985750037072631e+00
6.400000000000000133e-01 3.151248238519053224e+00 3.189007603317875805e+00
6.500000000000000222e-01 3.151289813351026314e+00 3.189020530682215249e+00
6.600000000000000311e-01 3.151357283565860090e+00 3.189050114739079067e+00
6.700000000000000400e-01 3.151428126575065214e+00 3.189084733599114152e+00
6.800000000000000488e-01 3.151467122251817798e+00 3.189100869939497152e+00
6.900000000000000577e-01 3.151529471633917279e+00 3.189130115177148728e+00
7.000000000000000666e-01 3.151572137981184962e+00 3.189147298969498667e+00
7.099999999999999645e-01 3.151586144261132372e+00 3.189162434153784975e+00
7.199999999999999734e-01 3.151665119959265571e+00 3.189209732140153353e+00
7.299999999999999822e-01 3.151703460522119471e+00 3.189228979878004466e+00
7.399999999999999911e-01 3.151754289912097828e+00 3.189272439347393462e+00
7.500000000000000000e-01 3.151816406208186372e+00 3.189328824576230126e+00
7.600000000000000089e-01 3.151876533635817434e+00 3.189389402519501981e+00
7.700000000000000178e-01 3.151925932608118597e+00 3.189464442510136610e+00
7.800000000000000266e-01 3.151971111443125029e+00 3.189502301657117567e+00
7.900000000000000355e-01 3.152010004377043373e+00 3.189537188034379689e+00
8.000000000000000444e-01 3.152051597512731895e+00 3.189579108482828218e+00
8.100000000000000533e-01 3.152080734838759390e+00 3.189609211083138440e+00
8.200000000000000622e-01 3.152138704001365976e+00 3.189707823980392210e+00
8.300000000000000711e-01 3.152179311825107355e+00 3.189756370776821726e+00
8.399999999999999689e-01 3.152222409619068078e+00 3.189824749995495257e+00
8.499999999999999778e-01 3.152269170600274339e+00 3.189899818447730073e+00
8.599999999999999867e-01 3.152316192366092285e+00 3.189964565042049838e+00
8.699999999999999956e-01 3.152353410903251607e+00 3.190056812323295965e+00
8.800000000000000044e-01 3.152386339238998580e+00 3.190195539470794373e+00
8.900000000000000133e-01 3.152423986357267616e+00 3.190339588061753773e+00
9.000000000000000222e-01 3.152447753044999246e+00 3.190603822391592459e+00
9.100000000000000311e-01 3.152424816786491224e+00 3.190911633871353015e+00
9.200000000000000400e-01 3.152437010596778055e+00 3.191287270766709039e+00
9.300000000000000488e-01 3.152466624374453463e+00 3.191696156849797017e+00
9.400000000000000577e-01 3.152424327992134678e+00 3.192137239018745021e+00
9.500000000000000666e-01 3.152415381356577395e+00 3.192800198262830680e+00
9.599999999999999645e-01 3.152391160010567184e+00 3.193615565243491439e+00
9.699999999999999734e-01 3.152269839064986812e+00 3.194324712054817716e+00
9.799999999999999822e-01 3.152383314330193809e+00 3.195087269518759765e+00
9.899999999999999911e-01 3.152233047171025593e+00 3.195866992249102534e+00
1.000000000000000000e+00 3.152050381020090608e+00 3.196787359568097120e+00
1.010000000000000009e+00 3.152037263218457674e+00 3.197597935651247170e+00
1.020000000000000018e+00 3.151905052664903284e+00 3.198783936063619660e+00
1.030000000000000027e+00 3.152043190606416800e+00 3.199841567508397766e+00
1.040000000000000036e+00 3.151340725713025481e+00 3.201282664336908557e+00
1.050000000000000044e+00 3.148680401725027167e+00 3.204393063874986680e+00
1.060000000000000053e+00 3.144500442612403468e+00 3.208821585275894783e+00
1.070000000000000062e+00 3.145312305972685074e+00 3.210019124519716271e+00
1.080000000000000071e+00 3.144656561918910409e+00 3.212563275579754407e+00
1.090000000000000080e+00 3.128181628224940614e+00 3.226669136269001203e+00
1.100000000000000089e+00 3.123089791193516707e+00 3.232022164926020569e+00
1.110000000000000098e+00 3.144615291057609507e+00 3.219882457059837666e+00
1.120000000000000107e+00 3.152992177370811167e+00 3.215525501009201204e+00
1.130000000000000115e+00 3.153127052226928573e+00 3.216997551540466294e+00
1.140000000000000124e+00 3.153358158437149061e+00 3.218546635340316708e+00
1.150000000000000133e+00 3.153606097323165880e+00 3.220009736450446969e+00
1.159999999999999920e+00 3.153908285467395878e+00 3.221566640351047006e+00
1.169999999999999929e+00 3.154198140116012183e+00 3.223092680306160140e+00
1.179999999999999938e+00 3.154435163793941843e+00 3.224421513676265061e+00
1.189999999999999947e+00 3.154688428408628287e+00 3.225854910548204391e+00
1.199999999999999956e+00 3.155055399691272022e+00 3.227509435671162663e+00
1.209999999999999964e+00 3.155333683908513986e+00 3.228846285812326133e+00
1.219999999999999973e+00 3.155583249256900036e+00 3.230026906106183038e+00
1.229999999999999982e+00 3.155841972676003415e+00 3.231258562840735316e+00
1.239999999999999991e+00 3.156071395203648322e+00 3.232391575324954580e+00
1.250000000000000000e+00 3.156240047627036471e+00 3.233266940273697099e+00
1.260000000000000009e+00 3.156418796818106554e+00 3.234231931107193869e+00
1.270000000000000018e+00 3.156596231723934665e+00 3.235213130706637408e+00
1.280000000000000027e+00 3.156808091399606386e+00 3.236400390837256058e+00
1.290000000000000036e+00 3.157024877944437424e+00 3.237535106806310292e+00
1.300000000000000044e+00 3.157179120694166841e+00 3.238468793000214951e+00
1.310000000000000053e+00 3.157350328000968265e+00 3.239388289657646691e+00
1.320000000000000062e+00 3.157572996220382233e+00 3.240516130833832609e+00
1.330000000000000071e+00 3.157764738387007331e+00 3.242034322539429692e+00
1.340000000000000080e+00 3.158020919511279612e+00 3.243401559689083502e+00
1.350000000000000089e+00 3.158265495160393233e+00 3.244688795711227147e+00
1.360000000000000098e+00 3.158542681282386688e+00 3.246116430093421990e+00
1.370000000000000107e+00 3.158805274853096368e+00 3.247436800485267394e+00
1.380000000000000115e+00 3.159038011043579619e+00 3.248607727000205170e+00
1.390000000000000124e+00 3.159312903407617945e+00 3.250117321320966646e+00
1.400000000000000133e+00 3.158442279418059773e+00 3.253560793482712210e+00
1.409999999999999920e+00 3.156016681113707367e+00 3.259597299646867175e+00
1.419999999999999929e+00 3.155933232681133571e+00 3.262394361293933454e+00
1.429999999999999938e+00 3.155800886328400612e+00 3.265833735568343332e+00
1.439999999999999947e+00 3.158832397076672294e+00 3.264900070364886275e+00
1.449999999999999956e+00 3.161498893295711543e+00 3.264290348194652136e+00
1.459999999999999964e+00 3.162147739464654439e+00 3.266788580725775493e+00
1.469999999999999973e+00 3.162969818472062045e+00 3.268871579199637445e+00
1.479999999999999982e+00 3.164261372819639817e+00 3.270512254432938803e+00
1.489999999999999991e+00 3.165282691516650093e+00 3.273286794181096138e+00
1.500000000000000000e+00 3.166238643379124973e+00 3.276102573590365274e+00
1.510000000000000009e+00 3.167229061459748696e+00 3.278772146206648141e+00
1.520000000000000018e+00 3.168533103236264026e+00 3.281588620229655362e+00
1.530000000000000027e+00 3.169915170749790345e+00 3.284828469763629410e+00
1.540000000000000036e+00 3.170832220601562668e+00 3.288390348954673748e+00
1.550000000000000044e+00 3.171995576012073048e+00 3.291936388089717891e+00
1.560000000000000053e+00 3.173304104472402631e+00 3.295939990695711419e+00
1.570000000000000062e+00 3.174331541058315054e+00 3.300256393731342719e+00
1.580000000000000071e+00 3.174955757036893367e+00 3.305219587153704452e+00
1.590000000000000080e+00 3.174647985785667537e+00 3.312085050260360930e+00
1.600000000000000089e+00 3.169093807635104731e+00 3.323898809509479690e+00
1.610000000000000098e+00 3.160634490528873464e+00 3.336853063816257681e+00
1.620000000000000107e+00 3.156033628307043148e+00 3.346063389992059545e+00
1.630000000000000115e+00 3.152413206693008618e+00 3.356235075501128762e+00
1.640000000000000124e+00 3.137552531244917731e+00 3.369456597101525119e+00
1.650000000000000133e+00 3.129364474789556372e+00 3.379646133955064524e+00
1.660000000000000142e+00 3.122385248198524810e+00 3.387424286427482389e+00
1.669999999999999929e+00 3.122015980104074107e+00 3.390925439201727176e+00
1.679999999999999938e+00 3.124130029700089128e+00 3.394147332212638535e+00
1.689999999999999947e+00 3.133197330658951341e+00 3.394526870319328093e+00
1.699999999999999956e+00 3.153976883808653486e+00 3.391497221845109156e+00
1.709999999999999964e+00 3.170784191700505961e+00 3.389563766449403825e+00
1.719999999999999973e+00 3.199249143384605532e+00 3.383703780967086239e+00
1.729999999999999982e+00 3.208110115013877550e+00 3.383017578686912774e+00
1.739999999999999991e+00 3.209884758866793586e+00 3.383916503054134939e+00
1.750000000000000000e+00 3.211053774513662695e+00 3.386309341049729582e+00
1.760000000000000009e+00 3.215862845749036136e+00 3.387262471638544437e+00
1.770000000000000018e+00 3.217025962957575036e+00 3.388319940033719835e+00
1.780000000000000027e+00 3.218194097913479990e+00 3.389361592003130585e+00
1.790000000000000036e+00 3.221837739554066271e+00 3.390242714657169198e+00
1.800000000000000044e+00 3.228681908396137779e+00 3.390211516353236476e+00
1.810000000000000053e+00 3.231835000760338694e+00 3.390712858960845288e+00
1.820000000000000062e+00 3.237180147326690793e+00 3.391051065975921652e+00
1.830000000000000071e+00 3.242594885519351156e+00 3.390940293127690186e+00
1.840000000000000080e+00 3.245860703494595434e+00 3.391209893681956800e+00
1.850000000000000089e+00 3.247442917395401363e+00 3.391593808917236164e+00
1.860000000000000098e+00 3.248364461467168063e+00 3.390544149930574847e+00
1.870000000000000107e+00 3.249270672098523161e+00 3.388767342208498956e+00
1.880000000000000115e+00 3.249987304283486367e+00 3.388804215434683798e+00
1.890000000000000124e+00 3.250567049900889849e+00 3.389015688212513311e+00
1.900000000000000133e+00 3.251086983159801491e+00 3.389090471440532326e+00
1.910000000000000142e+00 3.251348176358641595e+00 3.389104290706216105e+00
1.919999999999999929e+00 3.251593715838908771e+00 3.388820516696453566e+00
1.929999999999999938e+00 3.251209263013095541e+00 3.387882986900119686e+00
1.939999999999999947e+00 3.251276331474876269e+00 3.387035900604629557e+00
1.949999999999999956e+00 3.251431538749025130e+00 3.385662230066968981e+00
1.959999999999999964e+00 3.251173523321000847e+00 3.384694650488051071e+00
1.969999999999999973e+00 3.249651440029797556e+00 3.385022593221011178e+00
1.979999999999999982e+00 3.248516484875958010e+00 3.385159123210627730e+00
1.989999999999999991e+00 3.247877314016925254e+00 3.385133013341320662e+00
2.000000000000000000e+00 3.247454067204766481e+00 3.385028909227080440e+00
2.010000000000000231e+00 3.246923115466624488e+00 3.384687836476772738e+00
2.020000000000000018e+00 3.246288057694763474e+00 3.384910722670226413e+00
2.030000000000000249e+00 3.245477578424937892e+00 3.384895949583522690e+00
2.040000000000000036e+00 3.244671859806400160e+00 3.385254043528217682e+00
2.049999999999999822e+00 3.244021883769443004e+00 3.384793485784122868e+00
2.060000000000000053e+00 3.243895324244242317e+00 3.383779958563107648e+00
2.069999999999999840e+00 3.243583059007542957e+00 3.383762049887758749e+00
2.080000000000000071e+00 3.242655294352790651e+00 3.383943917812088475e+00
2.089999999999999858e+00 3.242109025860060001e+00 3.383554086227190005e+00
2.100000000000000089e+00 3.241442738471353113e+00 3.383292258371984662e+00
2.109999999999999876e+00 3.240181351014305822e+00 3.382820953496764371e+00
2.120000000000000107e+00 3.239134466559024705e+00 3.382483787487415849e+00
2.129999999999999893e+00 3.237948286704622092e+00 3.382615206952490183e+00
2.140000000000000124e+00 3.236930893828857680e+00 3.382450666272651230e+00
2.149999999999999911e+00 3.235902716734365026e+00 3.382357393934771306e+00
2.160000000000000142e+00 3.233114944880050690e+00 3.383092489564376582e+00
2.169999999999999929e+00 3.227698640171687394e+00 3.385075807660419933e+00
2.180000000000000160e+00 3.225791863063395493e+00 3.385937309571682707e+00
2.189999999999999947e+00 3.224455186783361516e+00 3.386549402197312819e+00
2.200000000000000178e+00 3.223362918512816755e+00 3.387019762933258349e+00
2.209999999999999964e+00 3.222717805424252902e+00 3.387343876666506048e+00
2.220000000000000195e+00 3.222327458004845102e+00 3.387636642727958058e+00
2.229999999999999982e+00 3.221777241451347251e+00 3.387817637484467070e+00
2.240000000000000213e+00 3.221366672045949286e+00 3.388043445189234504e+00
2.250000000000000000e+00 3.216224197988991396e+00 3.390849600748534254e+00
2.260000000000000231e+00 3.208374312308170051e+00 3.395282428052090129e+00
2.270000000000000018e+00 3.199473161427045742e+00 3.400135714190934966e+00
2.280000000000000249e+00 3.184209970833694392e+00 3.408392921798790276e+00
2.290000000000000036e+00 3.171995646815581882e+00 3.416529043841080249e+00
2.300000000000000266e+00 3.165058119785537194e+00 3.422354574206123878e+00
2.310000000000000053e+00 3.163584595927598553e+00 3.425297903352376938e+00
2.319999999999999840e+00 3.163398990952218437e+00 3.427377913325583503e+00
2.330000000000000071e+00 3.165552290047400685e+00 3.430284241400963996e+00
2.339999999999999858e+00 3.166245247575810495e+00 3.432830972421595739e+00
2.350000000000000089e+00 3.173289925633455244e+00 3.433296143855069982e+00
2.359999999999999876e+00 3.196266764051157949e+00 3.426865742204945775e+00
2.370000000000000107e+00 3.214796076605690889e+00 3.421943342153654921e+00
2.379999999999999893e+00 3.227271007909361167e+00 3.419504992356714013e+00
2.390000000000000124e+00 3.238407919671617563e+00 3.417703124248899549e+00
2.399999999999999911e+00 3.242005770242424312e+00 3.418227721617011383e+00
2.410000000000000142e+00 3.243518281552348448e+00 3.421818330667462327e+00
2.419999999999999929e+00 3.243254069995321398e+00 3.425389751506410452e+00
2.430000000000000160e+00 3.243850093211528396e+00 3.430117144184712252e+00
2.439999999999999947e+00 3.243009973976387794e+00 3.433273761446700600e+00
2.450000000000000178e+00 3.242320927946863662e+00 3.437394277412595400e+00
2.459999999999999964e+00 3.242340930043683400e+00 3.442006437963022414e+00
2.470000000000000195e+00 3.242499449699148162e+00 3.446814073407427070e+00
2.479999999999999982e+00 3.242948587338662758e+00 3.451016817834638761e+00
2.490000000000000213e+00 3.243086402967442439e+00 3.454605876814852650e+00
2.500000000000000000e+00 3.241024507458007520e+00 3.458242289693558291e+00
2.510000000000000231e+00 3.239901732877425999e+00 3.462202828413315281e+00
2.520000000000000018e+00 3.239193102142040814e+00 3.466660948599154857e+00
2.530000000000000249e+00 3.237372757069943763e+00 3.470458477041841849e+00
2.540000000000000036e+00 3.235801036968952271e+00 3.474729973916286685e+00
2.550000000000000266e+00 3.235154799103836076e+00 3.478740540842911066e+00
2.560000000000000053e+00 3.236356784717015156e+00 3.483668395985194177e+00
2.569999999999999840e+00 3.238716971503357467e+00 3.489591335967917818e+00
2.580000000000000071e+00 3.240535392570756290e+00 3.495184203181005866e+00
2.589999999999999858e+00 3.242016071012020273e+00 3.500517706468105228e+00
2.600000000000000089e+00 3.244029480556322564e+00 3.506382112322973033e+00
2.609999999999999876e+00 3.245080979393510923e+00 3.511114679118604975e+00
2.620000000000000107e+00 3.247836322904881445e+00 3.516244212764445098e+00
2.629999999999999893e+00 3.248973320523176334e+00 3.520786330260362362e+00
2.640000000000000124e+00 3.251293320268944242e+00 3.525766233354254986e+00
2.649999999999999911e+00 3.244141019453675945e+00 3.534923227773039578e+00
2.660000000000000142e+00 3.251222012836342490e+00 3.536248729651565004e+00
2.669999999999999929e+00 3.263477066345493949e+00 3.536930063900668220e+00
2.680000000000000160e+00 3.267196147107340742e+00 3.540777782049916667e+00
2.689999999999999947e+00 3.271476166996632351e+00 3.544586316824283045e+00
2.700000000000000178e+00 3.277365792573705416e+00 3.548640235949739985e+00
2.709999999999999964e+00 3.282334914451744634e+00 3.552714447082374161e+00
2.720000000000000195e+00 3.286184166689865016e+00 3.556473892768867273e+00
2.729999999999999982e+00 3.289550813699964493e+00 3.560393638795610549e+00
2.740000000000000213e+00 3.293379304588251344e+00 3.563789403612203088e+00
2.750000000000000000e+00 3.298365240992208403e+00 3.567195843545297951e+00
2.760000000000000231e+00 3.303841034307875457e+00 3.570763375105462156e+00
2.770000000000000018e+00 3.310778140834730543e+00 3.573875975109178427e+00
2.780000000000000249e+00 3.320038252582211857e+00 3.576387954492906918e+00
2.790000000000000036e+00 3.328138017250537040e+00 3.579425794857503007e+00
2.800000000000000266e+00 3.335821055382724776e+00 3.582133477288250045e+00
2.810000000000000053e+00 3.343667878177371655e+00 3.583641962811741521e+00
2.819999999999999840e+00 3.314988476092370018e+00 3.611549354002920875e+00
2.830000000000000071e+00 3.267460425001230018e+00 3.648626298469457740e+00
2.839999999999999858e+00 3.264013369380224017e+00 3.656141939905893867e+00
2.850000000000000089e+00 3.338171673615950130e+00 3.613535562762243192e+00
2.859999999999999876e+00 3.367096433168762282e+00 3.599551162465697729e+00
2.870000000000000107e+00 3.387735861611586241e+00 3.591978658275384095e+00
2.879999999999999893e+00 3.395247542233641003e+00 3.592602484893624659e+00
2.890000000000000124e+00 3.401181936539985351e+00 3.594388553820274446e+00
2.899999999999999911e+00 3.383791455354510980e+00 3.613732896721542964e+00
2.910000000000000142e+00 3.375094905065793238e+00 3.627634813423853632e+00
2.919999999999999929e+00 3.438460252471315037e+00 3.584608241314542809e+00
2.930000000000000160e+00 3.450071601359571360e+00 3.581099808576380106e+00
2.939999999999999947e+00 3.461437864362838290e+00 3.577023866975662436e+00
2.950000000000000178e+00 3.470190199347717108e+00 3.574440362628716006e+00
2.959999999999999964e+00 3.478542670343132137e+00 3.571848836657791182e+00
2.970000000000000195e+00 3.485297641197036445e+00 3.569792538026977713e+00
2.979999999999999982e+00 3.494491186711512043e+00 3.566102337091245467e+00
2.990000000000000213e+00 3.504570063846470962e+00 3.561347620751498244e+00
3.000000000000000000e+00 3.516163620317893201e+00 3.554594039303345721e+00
