0.000000000000000000e+00 2.542754954994618899e+00
1.000000000000000021e-02 3.071474261518716720e+00
2.000000000000000042e-02 3.176845916182994944e+00
2.999999999999999889e-02 3.261035937056541378e+00
4.000000000000000083e-02 3.346097289206981795e+00
5.000000000000000278e-02 3.407989857511520171e+00
5.999999999999999778e-02 3.463955941846370568e+00
7.000000000000000666e-02 3.499550686166286617e+00
8.000000000000000167e-02 3.520320039267539780e+00
8.999999999999999667e-02 3.517131195518970355e+00
1.000000000000000056e-01 3.494825537240505042e+00
1.100000000000000006e-01 3.459910220949649950e+00
1.199999999999999956e-01 3.396869860453605838e+00
1.300000000000000044e-01 3.321301240096092400e+00
1.400000000000000133e-01 3.265571910833120484e+00
1.499999999999999944e-01 3.209486731393337067e+00
1.600000000000000033e-01 3.144690097930431527e+00
1.700000000000000122e-01 3.080437064223289667e+00
1.799999999999999933e-01 3.019376770150661304e+00
1.900000000000000022e-01 2.950630970575809364e+00
2.000000000000000111e-01 2.896881715822219761e+00
2.099999999999999922e-01 2.857603469541072805e+00
2.200000000000000011e-01 2.821835157899856394e+00
2.300000000000000100e-01 2.781200398249626282e+00
2.399999999999999911e-01 2.749798370660543334e+00
2.500000000000000000e-01 2.727873550707101913e+00
2.600000000000000089e-01 2.721184656308889505e+00
2.700000000000000178e-01 2.725601891605854199e+00
2.800000000000000266e-01 2.745268302636146629e+00
2.899999999999999800e-01 2.764267634539604224e+00
2.999999999999999889e-01 2.770429123129844573e+00
3.099999999999999978e-01 2.773423662686347768e+00
3.200000000000000067e-01 2.774087295920848906e+00
3.300000000000000155e-01 2.774480627603530980e+00
3.400000000000000244e-01 2.774749453043937830e+00
3.500000000000000333e-01 2.775256624236106973e+00
3.599999999999999867e-01 2.781658939249515683e+00
3.699999999999999956e-01 2.792249438815116669e+00
3.800000000000000044e-01 2.803929153096675897e+00
3.900000000000000133e-01 2.818916860730647844e+00
4.000000000000000222e-01 2.839372148935794815e+00
4.100000000000000311e-01 2.854697256197929356e+00
4.199999999999999845e-01 2.864285995759964010e+00
4.299999999999999933e-01 2.875251717123985085e+00
4.400000000000000022e-01 2.885414770162105569e+00
4.500000000000000111e-01 2.884360708220004899e+00
4.600000000000000200e-01 2.893385300930738424e+00
4.700000000000000289e-01 2.908305137431621556e+00
4.799999999999999822e-01 2.915850278959274178e+00
4.899999999999999911e-01 2.921825044522285530e+00
5.000000000000000000e-01 2.929914013326167854e+00
5.100000000000000089e-01 2.936675045614242752e+00
5.200000000000000178e-01 2.946502812492847401e+00
5.300000000000000266e-01 2.958499031732082507e+00
5.400000000000000355e-01 2.969976706261634902e+00
5.500000000000000444e-01 2.981171075484752464e+00
5.600000000000000533e-01 2.991445014286041371e+00
5.700000000000000622e-01 3.002113538374900692e+00
5.799999999999999600e-01 3.011187306420803012e+00
5.899999999999999689e-01 3.017349263210296506e+00
5.999999999999999778e-01 3.022243629658222019e+00
6.099999999999999867e-01 3.025926660912036770e+00
6.199999999999999956e-01 3.029730943522453313e+00
6.300000000000000044e-01 3.033302296767234729e+00
6.400000000000000133e-01 3.037921998670101154e+00
6.500000000000000222e-01 3.043055624649524837e+00
6.600000000000000311e-01 3.047512843697071094e+00
6.700000000000000400e-01 3.052063682603836092e+00
6.800000000000000488e-01 3.056500603678226291e+00
6.900000000000000577e-01 3.060125021286010938e+00
7.000000000000000666e-01 3.064456063916683348e+00
7.099999999999999645e-01 3.067750398857593375e+00
7.199999999999999734e-01 3.071063778910636977e+00
7.299999999999999822e-01 3.075132872362136727e+00
7.399999999999999911e-01 3.079064216737747106e+00
7.500000000000000000e-01 3.082462308518886474e+00
7.600000000000000089e-01 3.085231690220832768e+00
7.700000000000000178e-01 3.088799102246761130e+00
7.800000000000000266e-01 3.091166911695003350e+00
7.900000000000000355e-01 3.094356844718456401e+00
8.000000000000000444e-01 3.102013250958919333e+00
8.100000000000000533e-01 3.106489825603961918e+00
8.200000000000000622e-01 3.109163517496585705e+00
8.300000000000000711e-01 3.117501112589835977e+00
8.399999999999999689e-01 3.134350081591606330e+00
8.499999999999999778e-01 3.145823719079494651e+00
8.599999999999999867e-01 3.149054816415310043e+00
8.699999999999999956e-01 3.149790954797267784e+00
8.800000000000000044e-01 3.150705210366249176e+00
8.900000000000000133e-01 3.151671166687011638e+00
9.000000000000000222e-01 3.152699024436473874e+00
9.100000000000000311e-01 3.153352983214855243e+00
9.200000000000000400e-01 3.154817449903488225e+00
9.300000000000000488e-01 3.156183812038898306e+00
9.400000000000000577e-01 3.158056540961265757e+00
9.500000000000000666e-01 3.158812197332382166e+00
9.599999999999999645e-01 3.158932188069820235e+00
9.699999999999999734e-01 3.158855909814834551e+00
9.799999999999999822e-01 3.158849341127872634e+00
9.899999999999999911e-01 3.156823058323860121e+00
1.000000000000000000e+00 3.153776876318454825e+00
1.010000000000000009e+00 3.151224257266521445e+00
1.020000000000000018e+00 3.147881029706001144e+00
1.030000000000000027e+00 3.145195261032581513e+00
1.040000000000000036e+00 3.138739490661621279e+00
1.050000000000000044e+00 3.135964150252342098e+00
1.060000000000000053e+00 3.131767976415157140e+00
1.070000000000000062e+00 3.130468381025790947e+00
1.080000000000000071e+00 3.129767156915664650e+00
1.090000000000000080e+00 3.128628158638477430e+00
1.100000000000000089e+00 3.127490490179062110e+00
1.110000000000000098e+00 3.126876657927036174e+00
1.120000000000000107e+00 3.126634543814659217e+00
1.130000000000000115e+00 3.126568251216411465e+00
1.140000000000000124e+00 3.126500431692600390e+00
1.150000000000000133e+00 3.126220860536098378e+00
1.159999999999999920e+00 3.125995626215934742e+00
1.169999999999999929e+00 3.125869281539916944e+00
1.179999999999999938e+00 3.125504852392673616e+00
1.189999999999999947e+00 3.125296457815170292e+00
1.199999999999999956e+00 3.125121503541469448e+00
1.209999999999999964e+00 3.124921503884792173e+00
1.219999999999999973e+00 3.124610255248546409e+00
1.229999999999999982e+00 3.124102773535251565e+00
1.239999999999999991e+00 3.123795196959972209e+00
1.250000000000000000e+00 3.123310339334011143e+00
1.260000000000000009e+00 3.122385873992443273e+00
1.270000000000000018e+00 3.120713664460182279e+00
1.280000000000000027e+00 3.119144704825878023e+00
1.290000000000000036e+00 3.117304709849357813e+00
1.300000000000000044e+00 3.115742472598552748e+00
1.310000000000000053e+00 3.114189225294590191e+00
1.320000000000000062e+00 3.112720382113456807e+00
1.330000000000000071e+00 3.111803790600299990e+00
1.340000000000000080e+00 3.110827041416168282e+00
1.350000000000000089e+00 3.109991421709060511e+00
1.360000000000000098e+00 3.109141949043273900e+00
1.370000000000000107e+00 3.108503389942645967e+00
1.380000000000000115e+00 3.107909931666851033e+00
1.390000000000000124e+00 3.107280702171325792e+00
1.400000000000000133e+00 3.107047971291541977e+00
1.409999999999999920e+00 3.106825336792469194e+00
1.419999999999999929e+00 3.106637806813716818e+00
1.429999999999999938e+00 3.106440546863078911e+00
1.439999999999999947e+00 3.106369155294895101e+00
1.449999999999999956e+00 3.106285322980880892e+00
1.459999999999999964e+00 3.106116385216712850e+00
1.469999999999999973e+00 3.105906559581756543e+00
1.479999999999999982e+00 3.105744500148296172e+00
1.489999999999999991e+00 3.105573378715515087e+00
1.500000000000000000e+00 3.105290679602623172e+00
1.510000000000000009e+00 3.105121505239009760e+00
1.520000000000000018e+00 3.104816791098117701e+00
1.530000000000000027e+00 3.104429621868133538e+00
1.540000000000000036e+00 3.104387467031478831e+00
1.550000000000000044e+00 3.104225139219761065e+00
1.560000000000000053e+00 3.104191638946533160e+00
1.570000000000000062e+00 3.103856728460788528e+00
1.580000000000000071e+00 3.103682855913639127e+00
1.590000000000000080e+00 3.103659089286327166e+00
1.600000000000000089e+00 3.103658149816989731e+00
1.610000000000000098e+00 3.103649866497516729e+00
1.620000000000000107e+00 3.103639969604015558e+00
1.630000000000000115e+00 3.103634895591735887e+00
1.640000000000000124e+00 3.103627882230281632e+00
1.650000000000000133e+00 3.103622282016277101e+00
1.660000000000000142e+00 3.103626519799232319e+00
1.669999999999999929e+00 3.103623911805152957e+00
1.679999999999999938e+00 3.103639668304920107e+00
1.689999999999999947e+00 3.103641253385543752e+00
1.699999999999999956e+00 3.103728841257095361e+00
1.709999999999999964e+00 3.103950586183071181e+00
1.719999999999999973e+00 3.103985081281662062e+00
1.729999999999999982e+00 3.104214861378669532e+00
1.739999999999999991e+00 3.104319792392253863e+00
1.750000000000000000e+00 3.104533878018855830e+00
1.760000000000000009e+00 3.104732008724212733e+00
1.770000000000000018e+00 3.105008965678214938e+00
1.780000000000000027e+00 3.105350996170043842e+00
1.790000000000000036e+00 3.105636228177547586e+00
1.800000000000000044e+00 3.105760704939365180e+00
1.810000000000000053e+00 3.106033625254631225e+00
1.820000000000000062e+00 3.106123006041050072e+00
1.830000000000000071e+00 3.106331741380691458e+00
1.840000000000000080e+00 3.106505714259147677e+00
1.850000000000000089e+00 3.106620394172668664e+00
1.860000000000000098e+00 3.106950592813491951e+00
1.870000000000000107e+00 3.107154624977111812e+00
1.880000000000000115e+00 3.107329770808219926e+00
1.890000000000000124e+00 3.107524326999187458e+00
1.900000000000000133e+00 3.107775787994861538e+00
1.910000000000000142e+00 3.108631147375106707e+00
1.919999999999999929e+00 3.109241261096000741e+00
1.929999999999999938e+00 3.110126654341220931e+00
1.939999999999999947e+00 3.110610091481208705e+00
1.949999999999999956e+00 3.111095835852622837e+00
1.959999999999999964e+00 3.111750952701568540e+00
1.969999999999999973e+00 3.112128415446281604e+00
1.979999999999999982e+00 3.113122000448703908e+00
1.989999999999999991e+00 3.114507924728393551e+00
2.000000000000000000e+00 3.115957826182842449e+00
2.010000000000000231e+00 3.119988032486438634e+00
2.020000000000000018e+00 3.125141369714736772e+00
2.030000000000000249e+00 3.130527941377162726e+00
2.040000000000000036e+00 3.136439241285323920e+00
2.049999999999999822e+00 3.138603699221611087e+00
2.060000000000000053e+00 3.141484387469291484e+00
2.069999999999999840e+00 3.151090199196338482e+00
2.080000000000000071e+00 3.164140335618257360e+00
2.089999999999999858e+00 3.179546967287063541e+00
2.100000000000000089e+00 3.188323544931411568e+00
2.109999999999999876e+00 3.197580498039722663e+00
2.120000000000000107e+00 3.213747701227664955e+00
2.129999999999999893e+00 3.232912566339969818e+00
2.140000000000000124e+00 3.253647096982002385e+00
2.149999999999999911e+00 3.279882620437145402e+00
2.160000000000000142e+00 3.306459861226081820e+00
2.169999999999999929e+00 3.334435544610023339e+00
2.180000000000000160e+00 3.365963848099708500e+00
2.189999999999999947e+00 3.394184003169536723e+00
2.200000000000000178e+00 3.422963252384662702e+00
2.209999999999999964e+00 3.448903338894844239e+00
2.220000000000000195e+00 3.473047351913451930e+00
2.229999999999999982e+00 3.491733724081516055e+00
2.240000000000000213e+00 3.511055953576564637e+00
2.250000000000000000e+00 3.526005326490402325e+00
2.260000000000000231e+00 3.537949282686710273e+00
2.270000000000000018e+00 3.547540830461978878e+00
2.280000000000000249e+00 3.556472879869938097e+00
2.290000000000000036e+00 3.565045107381343836e+00
2.300000000000000266e+00 3.571435060126781469e+00
2.310000000000000053e+00 3.577863602321147862e+00
2.319999999999999840e+00 3.582830009136199756e+00
2.330000000000000071e+00 3.585813421282768143e+00
2.339999999999999858e+00 3.587758551404476304e+00
2.350000000000000089e+00 3.589150808684825833e+00
2.359999999999999876e+00 3.590150005476474782e+00
2.370000000000000107e+00 3.591166015331745065e+00
2.379999999999999893e+00 3.592302876811027446e+00
2.390000000000000124e+00 3.593259047920704052e+00
2.399999999999999911e+00 3.593893651554584512e+00
2.410000000000000142e+00 3.594360769927501753e+00
2.419999999999999929e+00 3.594679423878192726e+00
2.430000000000000160e+00 3.594833255386352455e+00
2.439999999999999947e+00 3.595219972982406809e+00
2.450000000000000178e+00 3.595654145481586461e+00
2.459999999999999964e+00 3.596188523232936696e+00
2.470000000000000195e+00 3.596703363983630997e+00
2.479999999999999982e+00 3.596992737655639427e+00
2.490000000000000213e+00 3.597300117154121235e+00
2.500000000000000000e+00 3.597725945105552547e+00
2.510000000000000231e+00 3.597965282547473720e+00
2.520000000000000018e+00 3.598131251747608061e+00
2.530000000000000249e+00 3.598334272243976617e+00
2.540000000000000036e+00 3.598473421161174635e+00
2.550000000000000266e+00 3.598663346774578109e+00
2.560000000000000053e+00 3.598737210800647901e+00
2.569999999999999840e+00 3.598763231689929842e+00
2.580000000000000071e+00 3.598845826790332936e+00
2.589999999999999858e+00 3.598906959760189039e+00
2.600000000000000089e+00 3.599040603725910170e+00
2.609999999999999876e+00 3.599115524003505762e+00
2.620000000000000107e+00 3.599179976260661995e+00
2.629999999999999893e+00 3.599230216178893826e+00
2.640000000000000124e+00 3.599286061463355946e+00
2.649999999999999911e+00 3.599343294110298075e+00
2.660000000000000142e+00 3.599389749670028671e+00
2.669999999999999929e+00 3.599422008216381030e+00
2.680000000000000160e+00 3.599436158673763320e+00
2.689999999999999947e+00 3.599445904285907716e+00
2.700000000000000178e+00 3.599450214316844754e+00
2.709999999999999964e+00 3.599451816046237873e+00
2.720000000000000195e+00 3.599434606282711169e+00
2.729999999999999982e+00 3.599419589447975021e+00
2.740000000000000213e+00 3.599413665599823009e+00
2.750000000000000000e+00 3.599405277764797351e+00
2.760000000000000231e+00 3.599406997797489183e+00
2.770000000000000018e+00 3.599433847587108826e+00
2.780000000000000249e+00 3.599447030594348895e+00
2.790000000000000036e+00 3.599449228599071571e+00
2.800000000000000266e+00 3.599452244641780929e+00
2.810000000000000053e+00 3.599460180342197280e+00
2.819999999999999840e+00 3.599465639088153868e+00
2.830000000000000071e+00 3.599461574754715176e+00
2.839999999999999858e+00 3.599471269295215770e+00
2.850000000000000089e+00 3.599482331819534142e+00
2.859999999999999876e+00 3.599484659962654209e+00
2.870000000000000107e+00 3.599490358414649815e+00
2.879999999999999893e+00 3.599494741828441757e+00
2.890000000000000124e+00 3.599501100909709983e+00
2.899999999999999911e+00 3.599503596086502277e+00
2.910000000000000142e+00 3.599503543336391331e+00
2.919999999999999929e+00 3.599503437836170328e+00
2.930000000000000160e+00 3.599503422572612799e+00
2.939999999999999947e+00 3.599503422572612799e+00
2.950000000000000178e+00 3.599503422572612799e+00
2.959999999999999964e+00 3.599503422572612799e+00
2.970000000000000195e+00 3.599503422572612799e+00
2.979999999999999982e+00 3.599503422572612799e+00
2.990000000000000213e+00 3.599503422572612799e+00
3.000000000000000000e+00 3.599503422572612799e+00
