0.000000000000000000e+00 9.318680679868700245e-02 1.646034946741556926e-01
1.000000000000000021e-02 1.231057315538499897e-01 5.301022893993880825e-01
2.000000000000000042e-02 1.076160108611733834e+00 1.176058127481787396e+00
2.999999999999999889e-02 1.076160108611733834e+00 1.176058127481787396e+00
4.000000000000000083e-02 1.076160108611733834e+00 1.176058127481787396e+00
5.000000000000000278e-02 1.076141470674501832e+00 1.176088409021867509e+00
5.999999999999999778e-02 1.075958634395181024e+00 1.176383679397524640e+00
7.000000000000000666e-02 6.484888974371112447e-01 3.148264705120070950e+00
8.000000000000000167e-02 3.502221263800851414e+00 4.299573671826132149e+00
8.999999999999999667e-02 3.925774895984224244e+00 3.996515756491132443e+00
1.000000000000000056e-01 3.925774895984224244e+00 3.996515756491132443e+00
1.100000000000000006e-01 3.925774895984224244e+00 3.996515756491132443e+00
1.199999999999999956e-01 3.925774895984224244e+00 3.996515756491132443e+00
1.300000000000000044e-01 3.925774895984224244e+00 3.996515756491132443e+00
1.400000000000000133e-01 3.925774895984224244e+00 3.996515756491132443e+00
1.499999999999999944e-01 3.925774895984224244e+00 3.996515756491132443e+00
1.600000000000000033e-01 3.925774895984224244e+00 3.996515756491132443e+00
1.700000000000000122e-01 3.925774895984224244e+00 3.996515756491132443e+00
1.799999999999999933e-01 3.925774895984224244e+00 3.996515756491132443e+00
1.900000000000000022e-01 3.925774895984224244e+00 3.996515756491132443e+00
2.000000000000000111e-01 3.925774895984224244e+00 3.996515756491132443e+00
2.099999999999999922e-01 3.925774895984224244e+00 3.996515756491132443e+00
2.200000000000000011e-01 3.925774895984224244e+00 3.996515756491132443e+00
2.300000000000000100e-01 3.925774895984224244e+00 3.996515756491132443e+00
2.399999999999999911e-01 3.925774895984224244e+00 3.996515756491132443e+00
2.500000000000000000e-01 3.925774895984224244e+00 3.996515756491132443e+00
2.600000000000000089e-01 3.925774895984224244e+00 3.996515756491132443e+00
2.700000000000000178e-01 3.925774895984224244e+00 3.996515756491132443e+00
2.800000000000000266e-01 3.925774895984224244e+00 3.996515756491132443e+00
2.899999999999999800e-01 3.925746319644811688e+00 3.996520777852174522e+00
2.999999999999999889e-01 3.925653894325217941e+00 3.996538190173187566e+00
3.099999999999999978e-01 3.925866539874853789e+00 3.996647538065133620e+00
3.200000000000000067e-01 3.925895657707651143e+00 3.996724457467596192e+00
3.300000000000000155e-01 3.925998811369451502e+00 3.996799262380090312e+00
3.400000000000000244e-01 3.925300642397819395e+00 3.997076123311104290e+00
3.500000000000000333e-01 3.925251780171516103e+00 3.997142791352150226e+00
3.599999999999999867e-01 3.925209162523046302e+00 3.997171741007074175e+00
3.699999999999999956e-01 3.924726543487338848e+00 3.997326974416942402e+00
3.800000000000000044e-01 3.924642144111059050e+00 3.997356380979158796e+00
3.900000000000000133e-01 3.924573754711078166e+00 3.997375438118053737e+00
4.000000000000000222e-01 3.924573649260356234e+00 3.997375292494938392e+00
4.100000000000000311e-01 3.924573649260356234e+00 3.997375292494938392e+00
4.199999999999999845e-01 3.924574134076167731e+00 3.997375498253773252e+00
4.299999999999999933e-01 3.924574560594436878e+00 3.997375659046295215e+00
4.400000000000000022e-01 3.924575721637379111e+00 3.997380973099101453e+00
4.500000000000000111e-01 3.908296537719507580e+00 4.011689675907354591e+00
4.600000000000000200e-01 3.749730418622452266e+00 4.122412740418952559e+00
4.700000000000000289e-01 3.630017901132472691e+00 4.182037943555942938e+00
4.799999999999999822e-01 3.427128031877185066e+00 4.237861004792546460e+00
4.899999999999999911e-01 3.070897520251105295e+00 4.242223426475693060e+00
5.000000000000000000e-01 2.745670316924868182e+00 4.129844012761296312e+00
5.100000000000000089e-01 2.455010817330808059e+00 3.893084140516787528e+00
5.200000000000000178e-01 2.246855636457035565e+00 3.574178952127864406e+00
5.300000000000000266e-01 2.147511966560530894e+00 3.123592092944932119e+00
5.400000000000000355e-01 2.216442454883319257e+00 2.745533301447171226e+00
5.500000000000000444e-01 2.252759504062332940e+00 2.661998307369552119e+00
5.600000000000000533e-01 2.298138792788445350e+00 2.580477316921294673e+00
5.700000000000000622e-01 2.297880267256044551e+00 2.580385363861776415e+00
5.799999999999999600e-01 2.277518093799796972e+00 2.621052687426360883e+00
5.899999999999999689e-01 2.244769957925773607e+00 2.731124891732239046e+00
5.999999999999999778e-01 2.218754357267371358e+00 2.833932109164245983e+00
6.099999999999999867e-01 2.152616294680055109e+00 3.068684078981462893e+00
6.199999999999999956e-01 2.292197228818540822e+00 3.299779664615983599e+00
6.300000000000000044e-01 2.405290356874553837e+00 3.448340124668987094e+00
6.400000000000000133e-01 2.617016880177223115e+00 3.600815347482002160e+00
6.500000000000000222e-01 2.819603671457670657e+00 3.671662760369874157e+00
6.600000000000000311e-01 2.997252664805826416e+00 3.712494157227102409e+00
6.700000000000000400e-01 3.078098094632921278e+00 3.719708075196447528e+00
6.800000000000000488e-01 3.160083927413087412e+00 3.713467169493574804e+00
6.900000000000000577e-01 3.260633813810189352e+00 3.690349082284132720e+00
7.000000000000000666e-01 3.341609946914620100e+00 3.660488010696463679e+00
7.099999999999999645e-01 3.378349143639455932e+00 3.643581696399797565e+00
7.199999999999999734e-01 3.386793312313327586e+00 3.639348319437732737e+00
7.299999999999999822e-01 3.386697323091989897e+00 3.639709625345700861e+00
7.399999999999999911e-01 3.386622443860510145e+00 3.639978360444566796e+00
7.500000000000000000e-01 3.386347620188953744e+00 3.640837015249965614e+00
7.600000000000000089e-01 3.392885746632089194e+00 3.639204579667578265e+00
7.700000000000000178e-01 3.405016829955004098e+00 3.635672275298215794e+00
7.800000000000000266e-01 3.411931363429312469e+00 3.633820889511818919e+00
7.900000000000000355e-01 3.419922824945336171e+00 3.625068469967955398e+00
8.000000000000000444e-01 3.427904097633879488e+00 3.611262476787049813e+00
8.100000000000000533e-01 3.436679924132508557e+00 3.595522244932966682e+00
8.200000000000000622e-01 3.443002453504251825e+00 3.583382404345822891e+00
8.300000000000000711e-01 3.443953174983171994e+00 3.581484538053365529e+00
8.399999999999999689e-01 3.445270827109830236e+00 3.578606559402926379e+00
8.499999999999999778e-01 3.447658190987083149e+00 3.573521082794693715e+00
8.599999999999999867e-01 3.449233406131875235e+00 3.570332696954596763e+00
8.699999999999999956e-01 3.451466486181286264e+00 3.565183161326380912e+00
8.800000000000000044e-01 3.452039434337970558e+00 3.563632184919956369e+00
8.900000000000000133e-01 3.453592095469301348e+00 3.559309737812215602e+00
9.000000000000000222e-01 3.455629731094930435e+00 3.554525254619028019e+00
9.100000000000000311e-01 3.456844764938588721e+00 3.551774398455385562e+00
9.200000000000000400e-01 3.457932148790884952e+00 3.549479151129196985e+00
9.300000000000000488e-01 3.458181104687494400e+00 3.548866848732191048e+00
9.400000000000000577e-01 3.458181104687494400e+00 3.548866848732191048e+00
9.500000000000000666e-01 3.458181104687494400e+00 3.548866848732191048e+00
9.599999999999999645e-01 3.458181104687494400e+00 3.548866848732191048e+00
9.699999999999999734e-01 3.458181104687494400e+00 3.548866848732191048e+00
9.799999999999999822e-01 3.458181104687494400e+00 3.548866848732191048e+00
9.899999999999999911e-01 3.458181104687494400e+00 3.548866848732191048e+00
1.000000000000000000e+00 3.458181104687494400e+00 3.548866848732191048e+00
1.010000000000000009e+00 3.458181104687494400e+00 3.548866848732191048e+00
1.020000000000000018e+00 3.458181104687494400e+00 3.548866848732191048e+00
1.030000000000000027e+00 3.458181104687494400e+00 3.548866848732191048e+00
1.040000000000000036e+00 3.458181104687494400e+00 3.548866848732191048e+00
1.050000000000000044e+00 3.458181104687494400e+00 3.548866848732191048e+00
1.060000000000000053e+00 3.458181104687494400e+00 3.548866848732191048e+00
1.070000000000000062e+00 3.458181104687494400e+00 3.548866848732191048e+00
1.080000000000000071e+00 3.458181104687494400e+00 3.548866848732191048e+00
1.090000000000000080e+00 3.458181104687494400e+00 3.548866848732191048e+00
1.100000000000000089e+00 3.458181104687494400e+00 3.548866848732191048e+00
1.110000000000000098e+00 3.458181104687494400e+00 3.548866848732191048e+00
1.120000000000000107e+00 3.458181104687494400e+00 3.548866848732191048e+00
1.130000000000000115e+00 3.458181104687494400e+00 3.548866848732191048e+00
1.140000000000000124e+00 3.458181104687494400e+00 3.548866848732191048e+00
1.150000000000000133e+00 3.458181104687494400e+00 3.548866848732191048e+00
1.159999999999999920e+00 3.458181104687494400e+00 3.548866848732191048e+00
1.169999999999999929e+00 3.458181104687494400e+00 3.548866848732191048e+00
1.179999999999999938e+00 3.458163956250258853e+00 3.548853540435722653e+00
1.189999999999999947e+00 3.458103015537044911e+00 3.548817379293659258e+00
1.199999999999999956e+00 3.458056217274559252e+00 3.548791410980331129e+00
1.209999999999999964e+00 3.458051929000946156e+00 3.548790599747566166e+00
1.219999999999999973e+00 3.458007422857190427e+00 3.548775432806109187e+00
1.229999999999999982e+00 3.457947654040251173e+00 3.548760558530893228e+00
1.239999999999999991e+00 3.457908562226987392e+00 3.548734463142657169e+00
1.250000000000000000e+00 3.457885640088738111e+00 3.548719252780257793e+00
1.260000000000000009e+00 3.457887441126927364e+00 3.548719117596522032e+00
1.270000000000000018e+00 3.457850074972381282e+00 3.548701698375472890e+00
1.280000000000000027e+00 3.457840379835367628e+00 3.548696330093145335e+00
1.290000000000000036e+00 3.457839949942867808e+00 3.548695795553882260e+00
1.300000000000000044e+00 3.457838741814111216e+00 3.548690253189588972e+00
1.310000000000000053e+00 3.457838518588043364e+00 3.548689591053031833e+00
1.320000000000000062e+00 3.457838518588043364e+00 3.548689591053031833e+00
1.330000000000000071e+00 3.457838518588043364e+00 3.548689591053031833e+00
1.340000000000000080e+00 3.457838518588043364e+00 3.548689591053031833e+00
1.350000000000000089e+00 3.457838518588043364e+00 3.548689591053031833e+00
1.360000000000000098e+00 3.457838503127393270e+00 3.548689543914500089e+00
1.370000000000000107e+00 3.454011586328431527e+00 3.551694399260595603e+00
1.380000000000000115e+00 3.435419458851066477e+00 3.565444274607452169e+00
1.390000000000000124e+00 3.361022651606581757e+00 3.608058838967301174e+00
1.400000000000000133e+00 3.292650479955219645e+00 3.634093460278964294e+00
1.409999999999999920e+00 3.282241850171609521e+00 3.634128156704382384e+00
1.419999999999999929e+00 3.276526023691528344e+00 3.633240184499389791e+00
1.429999999999999938e+00 3.273552956582827189e+00 3.632421216514783335e+00
1.439999999999999947e+00 3.266932639641272562e+00 3.632357097859871597e+00
1.449999999999999956e+00 3.261983629634330306e+00 3.631762872707893663e+00
1.459999999999999964e+00 3.268725695062499437e+00 3.627575650104660543e+00
1.469999999999999973e+00 3.278647897792445143e+00 3.620903260387791534e+00
1.479999999999999982e+00 3.291839155558934138e+00 3.612736170378337164e+00
1.489999999999999991e+00 3.302029043714944212e+00 3.606273765347059790e+00
1.500000000000000000e+00 3.322357335612824425e+00 3.595968461043784092e+00
1.510000000000000009e+00 3.335256347333843685e+00 3.591968604467456139e+00
1.520000000000000018e+00 3.343466326023745605e+00 3.590007860768628323e+00
1.530000000000000027e+00 3.349074956540408543e+00 3.588478338027653258e+00
1.540000000000000036e+00 3.360233622142078325e+00 3.585696304429768055e+00
1.550000000000000044e+00 3.372473463369709101e+00 3.582554151400226594e+00
1.560000000000000053e+00 3.374420009391080111e+00 3.581725288350809944e+00
1.570000000000000062e+00 3.378710147076970927e+00 3.579960386408441941e+00
1.580000000000000071e+00 3.407285801835936212e+00 3.568246267789918491e+00
1.590000000000000080e+00 3.428673750355094363e+00 3.557162245810181034e+00
1.600000000000000089e+00 3.444244539833870355e+00 3.548344038204345630e+00
1.610000000000000098e+00 3.445872620213364268e+00 3.547223344957495694e+00
1.620000000000000107e+00 3.445672438073166699e+00 3.547269575104704753e+00
1.630000000000000115e+00 3.445424589676420624e+00 3.547326186705071827e+00
1.640000000000000124e+00 3.445097217570995074e+00 3.547391464694286345e+00
1.650000000000000133e+00 3.443739730283026823e+00 3.547734019025559071e+00
1.660000000000000142e+00 3.443206878942250082e+00 3.547850728303195478e+00
1.669999999999999929e+00 3.442662736799781520e+00 3.547998964183266324e+00
1.679999999999999938e+00 3.442523370887556222e+00 3.548037666590890371e+00
1.689999999999999947e+00 3.442187005566474944e+00 3.548115972286346675e+00
1.699999999999999956e+00 3.442165375081494449e+00 3.548120750368639609e+00
1.709999999999999964e+00 3.441913459118142615e+00 3.548177463566526857e+00
1.719999999999999973e+00 3.441693765716189457e+00 3.548232185559636154e+00
1.729999999999999982e+00 3.441693765716189457e+00 3.548232185559636154e+00
1.739999999999999991e+00 3.441607119975911733e+00 3.548252488965166318e+00
1.750000000000000000e+00 3.438281933942292756e+00 3.548986993073965923e+00
1.760000000000000009e+00 3.429703136007557607e+00 3.552185715592135917e+00
1.770000000000000018e+00 3.418967940095838376e+00 3.555680310727182825e+00
1.780000000000000027e+00 3.414377222221887553e+00 3.557419859672986906e+00
1.790000000000000036e+00 3.402533679973215541e+00 3.559702609089284486e+00
1.800000000000000044e+00 3.390242310196065922e+00 3.561312953065729481e+00
1.810000000000000053e+00 3.386180784525350873e+00 3.561557613821549673e+00
1.820000000000000062e+00 3.381563665587141720e+00 3.563067511366173612e+00
1.830000000000000071e+00 3.377749792495647885e+00 3.562770640615542828e+00
1.840000000000000080e+00 3.374575319172847809e+00 3.564949543798457743e+00
1.850000000000000089e+00 3.372209219447074080e+00 3.569037697972359258e+00
1.860000000000000098e+00 3.368894329361262763e+00 3.570989328847584687e+00
1.870000000000000107e+00 3.361041038341141096e+00 3.574403167057418784e+00
1.880000000000000115e+00 3.350277833937628902e+00 3.582434433752075709e+00
1.890000000000000124e+00 3.331019441225920641e+00 3.590323357565010642e+00
1.900000000000000133e+00 3.321744212009077657e+00 3.593448294399613552e+00
1.910000000000000142e+00 3.313184121385147396e+00 3.596069423303077439e+00
1.919999999999999929e+00 3.306896868386425936e+00 3.598513842744670121e+00
1.929999999999999938e+00 3.303563569636537522e+00 3.599896735386655777e+00
1.939999999999999947e+00 3.297998018044646873e+00 3.601070262003723155e+00
1.949999999999999956e+00 3.285982221498051192e+00 3.603301138830623085e+00
1.959999999999999964e+00 3.236526661020291407e+00 3.625430423397051349e+00
1.969999999999999973e+00 3.210914398792485969e+00 3.633132325755854097e+00
1.979999999999999982e+00 3.187872612402891104e+00 3.644273083283449122e+00
1.989999999999999991e+00 3.153706044934077912e+00 3.661601967827991633e+00
2.000000000000000000e+00 3.149109531919973115e+00 3.665740605313761336e+00
2.010000000000000231e+00 3.142721858389571299e+00 3.675224888827606673e+00
2.020000000000000018e+00 3.135875484645783917e+00 3.679617527324735793e+00
2.030000000000000249e+00 3.095144002630334512e+00 3.697149585967440366e+00
2.040000000000000036e+00 3.010312183458352386e+00 3.719908246727442247e+00
2.049999999999999822e+00 2.827576548749556107e+00 3.743891357670674491e+00
2.060000000000000053e+00 2.782460493221863729e+00 3.737739318615809658e+00
2.069999999999999840e+00 2.716274485309402298e+00 3.719556399287899051e+00
2.080000000000000071e+00 2.648850932461920493e+00 3.699360024488266951e+00
2.089999999999999858e+00 2.578414989982725558e+00 3.679484928494809459e+00
2.100000000000000089e+00 2.483610070470015252e+00 3.661485129308064579e+00
2.109999999999999876e+00 2.354819061580656570e+00 3.600290391024591141e+00
2.120000000000000107e+00 2.274742919899396032e+00 3.544326820150442980e+00
2.129999999999999893e+00 2.238140456802421241e+00 3.514960850422806260e+00
2.140000000000000124e+00 2.255769300117531184e+00 3.538084731039962794e+00
2.149999999999999911e+00 2.200612543164186530e+00 3.535940892128057289e+00
2.160000000000000142e+00 2.017168363283003973e+00 3.506147245983754157e+00
2.169999999999999929e+00 2.012975564824738939e+00 3.545443789330324336e+00
2.180000000000000160e+00 2.104818718711232606e+00 3.655603367336893506e+00
2.189999999999999947e+00 2.382249575357567650e+00 3.857142400462496568e+00
2.200000000000000178e+00 2.652372103800950676e+00 3.962345883257212265e+00
2.209999999999999964e+00 2.890685652442006592e+00 4.013537186689348779e+00
2.220000000000000195e+00 3.071307198466794119e+00 4.029160120492441877e+00
2.229999999999999982e+00 3.208040372939716001e+00 4.020379551615108404e+00
2.240000000000000213e+00 3.323662490698332306e+00 3.997839529427056782e+00
2.250000000000000000e+00 3.405076914846617786e+00 3.977091154244225546e+00
2.260000000000000231e+00 3.436485563507036822e+00 3.968956092920346457e+00
2.270000000000000018e+00 3.463799141477820420e+00 3.960593246608498319e+00
2.280000000000000249e+00 3.450356989100406668e+00 3.964737075712253311e+00
2.290000000000000036e+00 3.443378766761030274e+00 3.967746507177148718e+00
2.300000000000000266e+00 3.421982445553496177e+00 3.977413072587296483e+00
2.310000000000000053e+00 3.390944910071648888e+00 3.997576866533003592e+00
2.319999999999999840e+00 3.369924514028513673e+00 4.009593878462827554e+00
2.330000000000000071e+00 3.357723835243382027e+00 4.015617766381106790e+00
2.339999999999999858e+00 3.327844205514226328e+00 4.026643883579935412e+00
2.350000000000000089e+00 3.341329666713366287e+00 4.024458973776211757e+00
2.359999999999999876e+00 3.383091589801877852e+00 4.011895977389245971e+00
2.370000000000000107e+00 3.396364199480546020e+00 4.010224636035429668e+00
2.379999999999999893e+00 3.444562062054472573e+00 3.991392812318010019e+00
2.390000000000000124e+00 3.475552592138141605e+00 3.981304566947132528e+00
2.399999999999999911e+00 3.482120491215724201e+00 3.981265299261075086e+00
2.410000000000000142e+00 3.489929986120484884e+00 3.980789649270750630e+00
2.419999999999999929e+00 3.497757494975765713e+00 3.980190447614947669e+00
2.430000000000000160e+00 3.507861411355232661e+00 3.979237228004241622e+00
2.439999999999999947e+00 3.517097375407095772e+00 3.976038817005280723e+00
2.450000000000000178e+00 3.538910140959250938e+00 3.967906508415710576e+00
2.459999999999999964e+00 3.588709251370150621e+00 3.943437274389546499e+00
2.470000000000000195e+00 3.659960605668866052e+00 3.900965146417773255e+00
2.479999999999999982e+00 3.679483128269084968e+00 3.887527030179134702e+00
2.490000000000000213e+00 3.679477768549599848e+00 3.887517261228880638e+00
2.500000000000000000e+00 3.679477768549599848e+00 3.887517261228880638e+00
2.510000000000000231e+00 3.679484046183036927e+00 3.887520126146866151e+00
2.520000000000000018e+00 3.679537849159876473e+00 3.887573621305783433e+00
2.530000000000000249e+00 3.679610676051499940e+00 3.887639011024114577e+00
2.540000000000000036e+00 3.679699340761192872e+00 3.887720974480620484e+00
2.550000000000000266e+00 3.680018897774503195e+00 3.888080917136385040e+00
2.560000000000000053e+00 3.680459188064873377e+00 3.888580292516409909e+00
2.569999999999999840e+00 3.680610169014506994e+00 3.888760453067249934e+00
2.580000000000000071e+00 3.680815872348255802e+00 3.888989746214442711e+00
2.589999999999999858e+00 3.681185530977522102e+00 3.889252018966402158e+00
2.600000000000000089e+00 3.683862702849926674e+00 3.888971277719913022e+00
2.609999999999999876e+00 3.685543336062545805e+00 3.889036008400802658e+00
2.620000000000000107e+00 3.691238923253987281e+00 3.888098502311732041e+00
2.629999999999999893e+00 3.695209704657643535e+00 3.887325811237245965e+00
2.640000000000000124e+00 3.696051886815072685e+00 3.887086650191305282e+00
2.649999999999999911e+00 3.708650007910567314e+00 3.883072678308648218e+00
2.660000000000000142e+00 3.725499530989206054e+00 3.877622404864752514e+00
2.669999999999999929e+00 3.748810055465948032e+00 3.867031455268610252e+00
2.680000000000000160e+00 3.755320661440550989e+00 3.863626081790268341e+00
2.689999999999999947e+00 3.756987526079788253e+00 3.862818325560913202e+00
2.700000000000000178e+00 3.762494692997700341e+00 3.859984872923129195e+00
2.709999999999999964e+00 3.769168682768758050e+00 3.856260269615237046e+00
2.720000000000000195e+00 3.772194200233521144e+00 3.854572382265029518e+00
2.729999999999999982e+00 3.777838068690487994e+00 3.851174600224307021e+00
2.740000000000000213e+00 3.781302511984179660e+00 3.849000800865819194e+00
2.750000000000000000e+00 3.781302476611080543e+00 3.849000805673655989e+00
2.760000000000000231e+00 3.781302476611080543e+00 3.849000805673655989e+00
2.770000000000000018e+00 3.781302476611080543e+00 3.849000805673655989e+00
2.780000000000000249e+00 3.781302476611080543e+00 3.849000805673655989e+00
2.790000000000000036e+00 3.781302476611080543e+00 3.849000805673655989e+00
2.800000000000000266e+00 3.781302476611080543e+00 3.849000805673655989e+00
2.810000000000000053e+00 3.781302476611080543e+00 3.849000805673655989e+00
2.819999999999999840e+00 3.781302476611080543e+00 3.849000805673655989e+00
2.830000000000000071e+00 3.781302476611080543e+00 3.849000805673655989e+00
2.839999999999999858e+00 3.781302476611080543e+00 3.849000805673655989e+00
2.850000000000000089e+00 3.781302476611080543e+00 3.849000805673655989e+00
2.859999999999999876e+00 3.781302476611080543e+00 3.849000805673655989e+00
2.870000000000000107e+00 3.781302476611080543e+00 3.849000805673655989e+00
2.879999999999999893e+00 3.781302476611080543e+00 3.849000805673655989e+00
2.890000000000000124e+00 3.781302476611080543e+00 3.849000805673655989e+00
2.899999999999999911e+00 3.781302476611080543e+00 3.849000805673655989e+00
2.910000000000000142e+00 3.781302476611080543e+00 3.849000805673655989e+00
2.919999999999999929e+00 3.781302476611080543e+00 3.849000805673655989e+00
2.930000000000000160e+00 3.781302476611080543e+00 3.849000805673655989e+00
2.939999999999999947e+00 3.781302476611080543e+00 3.849000805673655989e+00
2.950000000000000178e+00 3.781302476611080543e+00 3.849000805673655989e+00
2.959999999999999964e+00 3.781302476611080543e+00 3.849000805673655989e+00
2.970000000000000195e+00 3.781302476611080543e+00 3.849000805673655989e+00
2.979999999999999982e+00 3.781302476611080543e+00 3.849000805673655989e+00
2.990000000000000213e+00 3.781302476611080543e+00 3.849000805673655989e+00
3.000000000000000000e+00 3.781302476611080543e+00 3.849000805673655989e+00
