0.000000000000000000e+00 5.959166921236418446e-01 6.682496745476820266e-01
1.000000000000000021e-02 5.959166921236418446e-01 6.682496745476820266e-01
2.000000000000000042e-02 1.126317063598317070e+00 1.221766836667376399e+00
2.999999999999999889e-02 1.126317063598317070e+00 1.221766836667376399e+00
4.000000000000000083e-02 1.126317063598317070e+00 1.221766836667376399e+00
5.000000000000000278e-02 1.126317063598317070e+00 1.221766836667376399e+00
5.999999999999999778e-02 1.214984482521605180e+00 2.380906515119481259e+00
7.000000000000000666e-02 2.338929580619692139e+00 2.486280545875668935e+00
8.000000000000000167e-02 2.338841946618691381e+00 2.486197164208754806e+00
8.999999999999999667e-02 2.338811784863281229e+00 2.486182966056060817e+00
1.000000000000000056e-01 2.338651878572771903e+00 2.486101539906193647e+00
1.100000000000000006e-01 2.338495306066254553e+00 2.486047327858230016e+00
1.199999999999999956e-01 2.336697820855991647e+00 2.489966107657535677e+00
1.300000000000000044e-01 2.328398547738694813e+00 2.513504872208929708e+00
1.400000000000000133e-01 2.324563150554257884e+00 2.524556259645861278e+00
1.499999999999999944e-01 2.322154817376599123e+00 2.531180478891864372e+00
1.600000000000000033e-01 2.315526692098353934e+00 2.548098123704220619e+00
1.700000000000000122e-01 2.282755116723513833e+00 2.600767927834057414e+00
1.799999999999999933e-01 2.232468215395095879e+00 2.694176842464325095e+00
1.900000000000000022e-01 2.161761340423742794e+00 2.889211990765412352e+00
2.000000000000000111e-01 2.152682219932689378e+00 3.327858764340267506e+00
2.099999999999999922e-01 2.418889645383465847e+00 3.788925109093081112e+00
2.200000000000000011e-01 2.732845291985739777e+00 4.030902551565896275e+00
2.300000000000000100e-01 3.165033158519388934e+00 4.139003956701635012e+00
2.399999999999999911e-01 3.532862755552269807e+00 4.070911217435858376e+00
2.500000000000000000e-01 3.613321014202022674e+00 4.041309091393565645e+00
2.600000000000000089e-01 3.669043845730977083e+00 4.017154778908533785e+00
2.700000000000000178e-01 3.747174496279933820e+00 3.976305157569667514e+00
2.800000000000000266e-01 3.761739241332642703e+00 3.968784147916205374e+00
2.899999999999999800e-01 3.767056118556019406e+00 3.966262490591052625e+00
2.999999999999999889e-01 3.771141860357005715e+00 3.964277804459850341e+00
3.099999999999999978e-01 3.771141795339936209e+00 3.964277732963210177e+00
3.200000000000000067e-01 3.771146487350791610e+00 3.964210002793937981e+00
3.300000000000000155e-01 3.759904883865872183e+00 3.969947810516795794e+00
3.400000000000000244e-01 3.712997714508065261e+00 3.991881177818289661e+00
3.500000000000000333e-01 3.605197112876315391e+00 4.019232190650562586e+00
3.599999999999999867e-01 3.449193564512392562e+00 4.018698525622228068e+00
3.699999999999999956e-01 3.242195070506901811e+00 3.942826562832026038e+00
3.800000000000000044e-01 3.102060394705844271e+00 3.816792253547596214e+00
3.900000000000000133e-01 3.037933647526456227e+00 3.705234777723597439e+00
4.000000000000000222e-01 3.007568530068980728e+00 3.590845305156124212e+00
4.100000000000000311e-01 3.005857846521219567e+00 3.526727491818586468e+00
4.199999999999999845e-01 3.021781989791721301e+00 3.406315131837994059e+00
4.299999999999999933e-01 3.050987651831319702e+00 3.322251249574014409e+00
4.400000000000000022e-01 3.074633296567643281e+00 3.271365331238066165e+00
4.500000000000000111e-01 3.090243764397762494e+00 3.244996086948253033e+00
4.600000000000000200e-01 3.141553130172925368e+00 3.178211755462450494e+00
4.700000000000000289e-01 3.141553130172925368e+00 3.178211755462450494e+00
4.799999999999999822e-01 3.141553130172925368e+00 3.178211755462450494e+00
4.899999999999999911e-01 3.141553130172925368e+00 3.178211755462450494e+00
5.000000000000000000e-01 3.141553130172925368e+00 3.178211755462450494e+00
5.100000000000000089e-01 3.141553130172925368e+00 3.178211755462450494e+00
5.200000000000000178e-01 3.141553130172925368e+00 3.178211755462450494e+00
5.300000000000000266e-01 3.141553130172925368e+00 3.178211755462450494e+00
5.400000000000000355e-01 3.141553130172925368e+00 3.178211755462450494e+00
5.500000000000000444e-01 3.141553130172925368e+00 3.178211755462450494e+00
5.600000000000000533e-01 3.141553130172925368e+00 3.178211755462450494e+00
5.700000000000000622e-01 3.141553130172925368e+00 3.178211755462450494e+00
5.799999999999999600e-01 3.141553130172925368e+00 3.178211755462450494e+00
5.899999999999999689e-01 3.141553130172925368e+00 3.178211755462450494e+00
5.999999999999999778e-01 3.141553130172925368e+00 3.178211755462450494e+00
6.099999999999999867e-01 3.141553130172925368e+00 3.178211755462450494e+00
6.199999999999999956e-01 3.141553130172925368e+00 3.178211755462450494e+00
6.300000000000000044e-01 3.141553130172925368e+00 3.178211755462450494e+00
6.400000000000000133e-01 3.141553130172925368e+00 3.178211755462450494e+00
6.500000000000000222e-01 3.141553130172925368e+00 3.178211755462450494e+00
6.600000000000000311e-01 3.141553133863217440e+00 3.178211767011873690e+00
6.700000000000000400e-01 3.141551333669744484e+00 3.178208033276475941e+00
6.800000000000000488e-01 3.141550639765343877e+00 3.178206439478315826e+00
6.900000000000000577e-01 3.141549867735531354e+00 3.178205025829646591e+00
7.000000000000000666e-01 3.141544730527341400e+00 3.178194320318758592e+00
7.099999999999999645e-01 3.141542010428898912e+00 3.178189027969843927e+00
7.199999999999999734e-01 3.141533777627222079e+00 3.178171869965322749e+00
7.299999999999999822e-01 3.141610160874064750e+00 3.177661315995518709e+00
7.399999999999999911e-01 3.141650808562973740e+00 3.177189638266822325e+00
7.500000000000000000e-01 3.142130584951831729e+00 3.175949852326915845e+00
7.600000000000000089e-01 3.142334004391713620e+00 3.175411162396387432e+00
7.700000000000000178e-01 3.142650243538485100e+00 3.175458115121259084e+00
7.800000000000000266e-01 3.142959743465017386e+00 3.175621465631891294e+00
7.900000000000000355e-01 3.143692786212938906e+00 3.176168089450818854e+00
8.000000000000000444e-01 3.144272791303289072e+00 3.176681218420374098e+00
8.100000000000000533e-01 3.144449664585166726e+00 3.176988500569290164e+00
8.200000000000000622e-01 3.144523079496599927e+00 3.177186967672131601e+00
8.300000000000000711e-01 3.144638612742015393e+00 3.177459733243396922e+00
8.399999999999999689e-01 3.144841631009202665e+00 3.177826994121450532e+00
8.499999999999999778e-01 3.144903156175306691e+00 3.177950380206414849e+00
8.599999999999999867e-01 3.144903156175306691e+00 3.177950380206414849e+00
8.699999999999999956e-01 3.144903156175306691e+00 3.177950380206414849e+00
8.800000000000000044e-01 3.144903156175306691e+00 3.177950380206414849e+00
8.900000000000000133e-01 3.144903156175306691e+00 3.177950380206414849e+00
9.000000000000000222e-01 3.144903156175306691e+00 3.177950380206414849e+00
9.100000000000000311e-01 3.144903156175306691e+00 3.177950380206414849e+00
9.200000000000000400e-01 3.144888364662454805e+00 3.177955045381261279e+00
9.300000000000000488e-01 3.144884211217518821e+00 3.177956226995829692e+00
9.400000000000000577e-01 3.144884211217518821e+00 3.177956226995829692e+00
9.500000000000000666e-01 3.144884211217518821e+00 3.177956226995829692e+00
9.599999999999999645e-01 3.144884211217518821e+00 3.177956226995829692e+00
9.699999999999999734e-01 3.144884211217518821e+00 3.177956226995829692e+00
9.799999999999999822e-01 3.144884211217518821e+00 3.177956226995829692e+00
9.899999999999999911e-01 3.144883889421527190e+00 3.177956204133923546e+00
1.000000000000000000e+00 3.144883889421527190e+00 3.177956204133923546e+00
1.010000000000000009e+00 3.144883889421527190e+00 3.177956204133923546e+00
1.020000000000000018e+00 3.144883889421527190e+00 3.177956204133923546e+00
1.030000000000000027e+00 3.144883889421527190e+00 3.177956204133923546e+00
1.040000000000000036e+00 3.144883889421527190e+00 3.177956204133923546e+00
1.050000000000000044e+00 3.144883889421527190e+00 3.177956204133923546e+00
1.060000000000000053e+00 3.144883889421527190e+00 3.177956204133923546e+00
1.070000000000000062e+00 3.144883889421527190e+00 3.177956204133923546e+00
1.080000000000000071e+00 3.144883889421527190e+00 3.177956204133923546e+00
1.090000000000000080e+00 3.144883889421527190e+00 3.177956204133923546e+00
1.100000000000000089e+00 3.144883889421527190e+00 3.177956204133923546e+00
1.110000000000000098e+00 3.144883889421527190e+00 3.177956204133923546e+00
1.120000000000000107e+00 3.144883889421527190e+00 3.177956204133923546e+00
1.130000000000000115e+00 3.144883889421527190e+00 3.177956204133923546e+00
1.140000000000000124e+00 3.144883889421527190e+00 3.177956204133923546e+00
1.150000000000000133e+00 3.144883889421527190e+00 3.177956204133923546e+00
1.159999999999999920e+00 3.144883889421527190e+00 3.177956204133923546e+00
1.169999999999999929e+00 3.144883889421527190e+00 3.177956204133923546e+00
1.179999999999999938e+00 3.144883889421527190e+00 3.177956204133923546e+00
1.189999999999999947e+00 3.144883889421527190e+00 3.177956204133923546e+00
1.199999999999999956e+00 3.144883889421527190e+00 3.177956204133923546e+00
1.209999999999999964e+00 3.144883889421527190e+00 3.177956204133923546e+00
1.219999999999999973e+00 3.144885528421360821e+00 3.177957639608424589e+00
1.229999999999999982e+00 3.144887769394792976e+00 3.177960671972356543e+00
1.239999999999999991e+00 3.144889599603293284e+00 3.177963123012902180e+00
1.250000000000000000e+00 3.144889599603293284e+00 3.177963123012902180e+00
1.260000000000000009e+00 3.144889599603293284e+00 3.177963123012902180e+00
1.270000000000000018e+00 3.144889599603293284e+00 3.177963123012902180e+00
1.280000000000000027e+00 3.144888857041887142e+00 3.177962940534063918e+00
1.290000000000000036e+00 3.144888857041887142e+00 3.177962940534063918e+00
1.300000000000000044e+00 3.144888713987191053e+00 3.177962838189284156e+00
1.310000000000000053e+00 3.144927844077017198e+00 3.177953702420327708e+00
1.320000000000000062e+00 3.144932701507158423e+00 3.177952828206472180e+00
1.330000000000000071e+00 3.144946992629964466e+00 3.177950492402116911e+00
1.340000000000000080e+00 3.144961523255943359e+00 3.177947953954101568e+00
1.350000000000000089e+00 3.144973861559841044e+00 3.177945789924648157e+00
1.360000000000000098e+00 3.144982790729906608e+00 3.177944302237126539e+00
1.370000000000000107e+00 3.144977348003326068e+00 3.177953514585556416e+00
1.380000000000000115e+00 3.144976461340258655e+00 3.177955016482998385e+00
1.390000000000000124e+00 3.144992418065161832e+00 3.177926347484497871e+00
1.400000000000000133e+00 3.144989857917338760e+00 3.177930179109066167e+00
1.409999999999999920e+00 3.144983072756088127e+00 3.177942133084976639e+00
1.419999999999999929e+00 3.140048268133420084e+00 3.184308903897982379e+00
1.429999999999999938e+00 3.135361254458419289e+00 3.190937500839241103e+00
1.439999999999999947e+00 3.127099396590328428e+00 3.202381707545184586e+00
1.449999999999999956e+00 3.120401268272775752e+00 3.213443356799703388e+00
1.459999999999999964e+00 3.117350784114222506e+00 3.216209029876370806e+00
1.469999999999999973e+00 3.115674847867420105e+00 3.219180223848888467e+00
1.479999999999999982e+00 3.114830511857136219e+00 3.220410423363582186e+00
1.489999999999999991e+00 3.113425752253812906e+00 3.221316201142984337e+00
1.500000000000000000e+00 3.112338293886427465e+00 3.221742085709329295e+00
1.510000000000000009e+00 3.110483141518968875e+00 3.223095413445097090e+00
1.520000000000000018e+00 3.108878132992066945e+00 3.224029882158957250e+00
1.530000000000000027e+00 3.108021944589248520e+00 3.224165022936233527e+00
1.540000000000000036e+00 3.107910931066097948e+00 3.224186893826899603e+00
1.550000000000000044e+00 3.107467277358771263e+00 3.224273454862832011e+00
1.560000000000000053e+00 3.106663061941097315e+00 3.224364136120846158e+00
1.570000000000000062e+00 3.106039331544916404e+00 3.224401923280675764e+00
1.580000000000000071e+00 3.105616232609461402e+00 3.224445836015034761e+00
1.590000000000000080e+00 3.104402760944113382e+00 3.224576406660332850e+00
1.600000000000000089e+00 3.103755349280295395e+00 3.224631076314988132e+00
1.610000000000000098e+00 3.102335081547237028e+00 3.224729254552387570e+00
1.620000000000000107e+00 3.101548452089001540e+00 3.224114943396876765e+00
1.630000000000000115e+00 3.098425610458895196e+00 3.220070354893163067e+00
1.640000000000000124e+00 3.094229015265224092e+00 3.214281060156109149e+00
1.650000000000000133e+00 3.091451808676708435e+00 3.207956329441082222e+00
1.660000000000000142e+00 3.089668291497532859e+00 3.203094670223887608e+00
1.669999999999999929e+00 3.087810861700935217e+00 3.200998347097473218e+00
1.679999999999999938e+00 3.086790170559239321e+00 3.200887252221750856e+00
1.689999999999999947e+00 3.083659199373190773e+00 3.201451857698494941e+00
1.699999999999999956e+00 3.072405671529829352e+00 3.204743547258317893e+00
1.709999999999999964e+00 3.059676522507840168e+00 3.207441557287997291e+00
1.719999999999999973e+00 3.049700059695999776e+00 3.209346540898520672e+00
1.729999999999999982e+00 3.042269931784553627e+00 3.210603158997612283e+00
1.739999999999999991e+00 3.030321922510267107e+00 3.211602649237512708e+00
1.750000000000000000e+00 3.027001509743184382e+00 3.211656667923480146e+00
1.760000000000000009e+00 3.025138810721840432e+00 3.211676116593871644e+00
1.770000000000000018e+00 3.023046042155433266e+00 3.211643126335930187e+00
1.780000000000000027e+00 3.021751801896528811e+00 3.211445611109300380e+00
1.790000000000000036e+00 3.019617799966863636e+00 3.211020929934449875e+00
1.800000000000000044e+00 3.014724327410151616e+00 3.214301620041440266e+00
1.810000000000000053e+00 3.005238771451043789e+00 3.216131558200788554e+00
1.820000000000000062e+00 3.002424216052284933e+00 3.218548272579917047e+00
1.830000000000000071e+00 3.000708715369777124e+00 3.220728790371341965e+00
1.840000000000000080e+00 2.999159106016611176e+00 3.223137518672491098e+00
1.850000000000000089e+00 3.002418167923396997e+00 3.224715001093441114e+00
1.860000000000000098e+00 3.004481946462126185e+00 3.226856195184259146e+00
1.870000000000000107e+00 3.003384360467376446e+00 3.239377939327773959e+00
1.880000000000000115e+00 3.010470398562653749e+00 3.251717456247106952e+00
1.890000000000000124e+00 3.010365031230672006e+00 3.257467100217119604e+00
1.900000000000000133e+00 3.009000538066941122e+00 3.261832315460127862e+00
1.910000000000000142e+00 3.007143719431537576e+00 3.268032723816257423e+00
1.919999999999999929e+00 3.006218431372692734e+00 3.272664463310191785e+00
1.929999999999999938e+00 3.005365345555988998e+00 3.278115546825679072e+00
1.939999999999999947e+00 3.003878325628687840e+00 3.284126522675107296e+00
1.949999999999999956e+00 3.002355373825068785e+00 3.290192742467884290e+00
1.959999999999999964e+00 3.001979923127338523e+00 3.292374509269549776e+00
1.969999999999999973e+00 3.000629922398083238e+00 3.298880672832972927e+00
1.979999999999999982e+00 2.996804086890159091e+00 3.318134419574799487e+00
1.989999999999999991e+00 2.991253959987604016e+00 3.363695190465009421e+00
2.000000000000000000e+00 2.981499938137635475e+00 3.405044325721159559e+00
2.010000000000000231e+00 2.976871746052581091e+00 3.436747017470521026e+00
2.020000000000000018e+00 2.980801228758296340e+00 3.467210674723187225e+00
2.030000000000000249e+00 2.986813018080560767e+00 3.485254334519536812e+00
2.040000000000000036e+00 2.983543780861690919e+00 3.505408144802257375e+00
2.049999999999999822e+00 2.959144448978690889e+00 3.551667176406593462e+00
2.060000000000000053e+00 2.948208564467730053e+00 3.607762323693929130e+00
2.069999999999999840e+00 2.964279622159565086e+00 3.667014535641109241e+00
2.080000000000000071e+00 2.995319073823700773e+00 3.729428725172270642e+00
2.089999999999999858e+00 3.089238637631272155e+00 3.806266019408369949e+00
2.100000000000000089e+00 3.165193873352599052e+00 3.860349980845856788e+00
2.109999999999999876e+00 3.199359493998839010e+00 3.887116107993767944e+00
2.120000000000000107e+00 3.221592341508157986e+00 3.907692855230084916e+00
2.129999999999999893e+00 3.249412784422917255e+00 3.930944109087901595e+00
2.140000000000000124e+00 3.297996420464353484e+00 3.963295477790994781e+00
2.149999999999999911e+00 3.348211235469179314e+00 3.992011299559278470e+00
2.160000000000000142e+00 3.410964407798946496e+00 4.018033471873104112e+00
2.169999999999999929e+00 3.496123753886417163e+00 4.037681676678463560e+00
2.180000000000000160e+00 3.578446898005683163e+00 4.042681468645850984e+00
2.189999999999999947e+00 3.662349983974168222e+00 4.034184323481848189e+00
2.200000000000000178e+00 3.710978266800089909e+00 4.023844680024938114e+00
2.209999999999999964e+00 3.729748633997808760e+00 4.020376108424295047e+00
2.220000000000000195e+00 3.729729440020786768e+00 4.023902957034839467e+00
2.229999999999999982e+00 3.726150733127728820e+00 4.027352085347041033e+00
2.240000000000000213e+00 3.727674539863400138e+00 4.028493991144366682e+00
2.250000000000000000e+00 3.731685971477009645e+00 4.027800275352023007e+00
2.260000000000000231e+00 3.732662001984742961e+00 4.027880401894423201e+00
2.270000000000000018e+00 3.741543979840288081e+00 4.024788076930036596e+00
2.280000000000000249e+00 3.750433080127417718e+00 4.021204907438576726e+00
2.290000000000000036e+00 3.755966775892082055e+00 4.019822774378952523e+00
2.300000000000000266e+00 3.760758491135687720e+00 4.017658756841568923e+00
2.310000000000000053e+00 3.770273587797076331e+00 4.013447978703587715e+00
2.319999999999999840e+00 3.791824910171201157e+00 4.003240152799913965e+00
2.330000000000000071e+00 3.810190128904923590e+00 3.994143476584807395e+00
2.339999999999999858e+00 3.817612444701723007e+00 3.990349630464979036e+00
2.350000000000000089e+00 3.817752158399646767e+00 3.990381411689693181e+00
2.359999999999999876e+00 3.817752158399646767e+00 3.990381411689693181e+00
2.370000000000000107e+00 3.817752158399646767e+00 3.990381411689693181e+00
2.379999999999999893e+00 3.817752158399646767e+00 3.990381411689693181e+00
2.390000000000000124e+00 3.817752158399646767e+00 3.990381411689693181e+00
2.399999999999999911e+00 3.817752158399646767e+00 3.990381411689693181e+00
2.410000000000000142e+00 3.817752158399646767e+00 3.990381411689693181e+00
2.419999999999999929e+00 3.817752158399646767e+00 3.990381411689693181e+00
2.430000000000000160e+00 3.817752158399646767e+00 3.990381411689693181e+00
2.439999999999999947e+00 3.817752158399646767e+00 3.990381411689693181e+00
2.450000000000000178e+00 3.817752158399646767e+00 3.990381411689693181e+00
2.459999999999999964e+00 3.817994296376874708e+00 3.990440819651911220e+00
2.470000000000000195e+00 3.818227056605439707e+00 3.990501383974928373e+00
2.479999999999999982e+00 3.818725319079968372e+00 3.990644698205378482e+00
2.490000000000000213e+00 3.819204493435802039e+00 3.990944273840007828e+00
2.500000000000000000e+00 3.819666563279221716e+00 3.991971086910177657e+00
2.510000000000000231e+00 3.819815892288135117e+00 3.992335582526280291e+00
2.520000000000000018e+00 3.820003179339109156e+00 3.992532178694071288e+00
2.530000000000000249e+00 3.820099147112014926e+00 3.992646747687217612e+00
2.540000000000000036e+00 3.820732995142773092e+00 3.993263995647594378e+00
2.550000000000000266e+00 3.821580410468144784e+00 3.993829985864596033e+00
2.560000000000000053e+00 3.822868226892329524e+00 3.994331708372257594e+00
2.569999999999999840e+00 3.823470348490245030e+00 3.994594904319279216e+00
2.580000000000000071e+00 3.823936565566123935e+00 3.994825044984756435e+00
2.589999999999999858e+00 3.825025679609004747e+00 3.995424785245235810e+00
2.600000000000000089e+00 3.826317624779426829e+00 3.996170824584281966e+00
2.609999999999999876e+00 3.826898432830605934e+00 3.996544432955946746e+00
2.620000000000000107e+00 3.827479847868067164e+00 3.997074789926427396e+00
2.629999999999999893e+00 3.827553162144665677e+00 3.997198822847361832e+00
2.640000000000000124e+00 3.827576571911929459e+00 3.997215044308544574e+00
2.649999999999999911e+00 3.827615418303152772e+00 3.997330165202477303e+00
2.660000000000000142e+00 3.827589200994339969e+00 3.997248853376540012e+00
2.669999999999999929e+00 3.827587900525045939e+00 3.997236059660004948e+00
2.680000000000000160e+00 3.827619359099142304e+00 3.997308799732454343e+00
2.689999999999999947e+00 3.827634880318794952e+00 3.997460591206397407e+00
2.700000000000000178e+00 3.827609798503824212e+00 3.997461670550398249e+00
2.709999999999999964e+00 3.827602646963294664e+00 3.997459318120780924e+00
2.720000000000000195e+00 3.827602667190736163e+00 3.997459385173613100e+00
2.729999999999999982e+00 3.827634108091991560e+00 3.997520718172390186e+00
2.740000000000000213e+00 3.827679559538975873e+00 3.997643894197329573e+00
2.750000000000000000e+00 3.827735996756345127e+00 3.997791980343073259e+00
2.760000000000000231e+00 3.827784679931848899e+00 3.997930586562902455e+00
2.770000000000000018e+00 3.827804049666530428e+00 3.997987028681629251e+00
2.780000000000000249e+00 3.827815629540647802e+00 3.998021497558389203e+00
2.790000000000000036e+00 3.827815426163960755e+00 3.998021467547129060e+00
2.800000000000000266e+00 3.816363059315342365e+00 4.005726802268366527e+00
2.810000000000000053e+00 3.794989513803266767e+00 4.019346542219377483e+00
2.819999999999999840e+00 3.784018181205327291e+00 4.025509845294421574e+00
2.830000000000000071e+00 3.260361501120784489e+00 4.342618773468276849e+00
2.839999999999999858e+00 3.253260778572313328e+00 4.338888980417497265e+00
2.850000000000000089e+00 3.696983709547430497e+00 4.045390990111917162e+00
2.859999999999999876e+00 3.681743810800187422e+00 4.049929623261816047e+00
2.870000000000000107e+00 2.227718177778369668e+00 4.464841059183234151e+00
2.879999999999999893e+00 2.933812024155443288e-01 2.036872229844015170e+00
2.890000000000000124e+00 2.402997351737442777e+00 4.104140277458008690e+00
2.899999999999999911e+00 3.049500676054198944e+00 3.937322194987098900e+00
2.910000000000000142e+00 3.287187221123011760e+00 3.805183071411816442e+00
2.919999999999999929e+00 3.282940460783283498e+00 3.805826736806590560e+00
2.930000000000000160e+00 3.267002790656049704e+00 3.807405858702699319e+00
2.939999999999999947e+00 3.085666828156684804e+00 3.917344977707887477e+00
2.950000000000000178e+00 3.001677897015131435e+00 3.982282909525119763e+00
2.959999999999999964e+00 3.449317829407053448e+00 3.720614942237538525e+00
2.970000000000000195e+00 3.503471907507933025e+00 3.683158781297646733e+00
2.979999999999999982e+00 3.512007666114686621e+00 3.676840570264936936e+00
2.990000000000000213e+00 3.530626427467571826e+00 3.662435245086444358e+00
3.000000000000000000e+00 3.572965179457149087e+00 3.626288008676090246e+00
