0.000000000000000000e+00 6.211575470626353734e-01
1.000000000000000021e-02 6.209524848139286179e-01
2.000000000000000042e-02 6.209518231695890789e-01
2.999999999999999889e-02 1.595142129676341947e+00
4.000000000000000083e-02 1.595173143612146349e+00
5.000000000000000278e-02 1.595188714649677264e+00
5.999999999999999778e-02 1.595189961597919481e+00
7.000000000000000666e-02 1.595234190791845252e+00
8.000000000000000167e-02 1.595326179553270274e+00
8.999999999999999667e-02 2.988146001276970054e+00
1.000000000000000056e-01 3.228329896247386976e+00
1.100000000000000006e-01 3.228381821897029713e+00
1.199999999999999956e-01 3.228523011443614976e+00
1.300000000000000044e-01 3.229160152544975126e+00
1.400000000000000133e-01 3.229675501255989012e+00
1.499999999999999944e-01 3.229918779821395969e+00
1.600000000000000033e-01 3.230015615339279389e+00
1.700000000000000122e-01 3.230172810873985334e+00
1.799999999999999933e-01 3.230274630386829493e+00
1.900000000000000022e-01 3.230392159430980570e+00
2.000000000000000111e-01 3.230447142043113562e+00
2.099999999999999922e-01 3.230489497783183950e+00
2.200000000000000011e-01 3.230520998470783223e+00
2.300000000000000100e-01 3.230628566005230073e+00
2.399999999999999911e-01 3.230643384242057881e+00
2.500000000000000000e-01 3.230743468434810417e+00
2.600000000000000089e-01 3.230844342112541234e+00
2.700000000000000178e-01 3.230928794724941433e+00
2.800000000000000266e-01 3.230999896187782383e+00
2.899999999999999800e-01 3.231016036748886044e+00
2.999999999999999889e-01 3.230972963838577350e+00
3.099999999999999978e-01 3.230946126005649788e+00
3.200000000000000067e-01 3.230868164288997590e+00
3.300000000000000155e-01 3.230793456492424109e+00
3.400000000000000244e-01 3.230707773265838689e+00
3.500000000000000333e-01 3.230592392489910036e+00
3.599999999999999867e-01 3.230413052296638554e+00
3.699999999999999956e-01 3.230335697872638523e+00
3.800000000000000044e-01 3.230130775220394046e+00
3.900000000000000133e-01 3.229781570718288641e+00
4.000000000000000222e-01 3.229364988355636790e+00
4.100000000000000311e-01 3.228876481592655168e+00
4.199999999999999845e-01 3.228203408393859775e+00
4.299999999999999933e-01 3.227600036883354395e+00
4.400000000000000022e-01 3.227215621960163094e+00
4.500000000000000111e-01 3.226835928797721742e+00
4.600000000000000200e-01 3.226117345123291180e+00
4.700000000000000289e-01 3.225644045474529431e+00
4.799999999999999822e-01 3.225488528642654451e+00
4.899999999999999911e-01 3.225077131524086038e+00
5.000000000000000000e-01 3.224721968364715696e+00
5.100000000000000089e-01 3.224507600901126647e+00
5.200000000000000178e-01 3.224403478391170363e+00
5.300000000000000266e-01 3.224273379521370053e+00
5.400000000000000355e-01 3.224262328140735434e+00
5.500000000000000444e-01 3.224213179264068696e+00
5.600000000000000533e-01 3.224109141719341487e+00
5.700000000000000622e-01 3.223891762907505232e+00
5.799999999999999600e-01 3.223654880192279748e+00
5.899999999999999689e-01 3.223460194227695474e+00
5.999999999999999778e-01 3.223295225791931173e+00
6.099999999999999867e-01 3.223055547752380345e+00
6.199999999999999956e-01 3.222819138765335101e+00
6.300000000000000044e-01 3.222729707832336477e+00
6.400000000000000133e-01 3.222575396873951004e+00
6.500000000000000222e-01 3.222448553919792236e+00
6.600000000000000311e-01 3.222227253069877673e+00
6.700000000000000400e-01 3.221998760809898332e+00
6.800000000000000488e-01 3.220368931460380502e+00
6.900000000000000577e-01 3.215848814322948446e+00
7.000000000000000666e-01 3.210226971349716241e+00
7.099999999999999645e-01 3.194444447638988382e+00
7.199999999999999734e-01 3.153508635139465444e+00
7.299999999999999822e-01 3.064961351687907953e+00
7.399999999999999911e-01 2.903875572261810145e+00
7.500000000000000000e-01 2.692163189623355990e+00
7.600000000000000089e-01 2.563573986883163514e+00
7.700000000000000178e-01 2.490268034007549147e+00
7.800000000000000266e-01 2.467198403227329084e+00
7.900000000000000355e-01 2.463626458635330252e+00
8.000000000000000444e-01 2.461819167628288341e+00
8.100000000000000533e-01 2.459159289909601309e+00
8.200000000000000622e-01 2.536263073002099855e+00
8.300000000000000711e-01 2.820502203164100496e+00
8.399999999999999689e-01 3.061384013578891672e+00
8.499999999999999778e-01 3.181917459053993369e+00
8.599999999999999867e-01 3.237511381468773042e+00
8.699999999999999956e-01 3.266443032739162255e+00
8.800000000000000044e-01 3.274252294087410142e+00
8.900000000000000133e-01 3.281354508693218097e+00
9.000000000000000222e-01 3.290492197792529883e+00
9.100000000000000311e-01 3.296754078576564773e+00
9.200000000000000400e-01 3.303093786466121617e+00
9.300000000000000488e-01 3.304660969779491531e+00
9.400000000000000577e-01 3.305341806628704138e+00
9.500000000000000666e-01 3.305341806628704138e+00
9.599999999999999645e-01 3.305341806628704138e+00
9.699999999999999734e-01 3.305341806628704138e+00
9.799999999999999822e-01 3.305341806628704138e+00
9.899999999999999911e-01 3.305341806628704138e+00
1.000000000000000000e+00 3.305341806628704138e+00
1.010000000000000009e+00 3.305341806628704138e+00
1.020000000000000018e+00 3.305341806628704138e+00
1.030000000000000027e+00 3.305341806628704138e+00
1.040000000000000036e+00 3.305341806628704138e+00
1.050000000000000044e+00 3.305341806628704138e+00
1.060000000000000053e+00 3.305341806628704138e+00
1.070000000000000062e+00 3.305341806628704138e+00
1.080000000000000071e+00 3.305341806628704138e+00
1.090000000000000080e+00 3.305341806628704138e+00
1.100000000000000089e+00 3.305341806628704138e+00
1.110000000000000098e+00 3.305341806628704138e+00
1.120000000000000107e+00 3.305341806628704138e+00
1.130000000000000115e+00 3.305341806628704138e+00
1.140000000000000124e+00 3.305341806628704138e+00
1.150000000000000133e+00 3.305341806628704138e+00
1.159999999999999920e+00 3.305341806628704138e+00
1.169999999999999929e+00 3.305341806628704138e+00
1.179999999999999938e+00 3.305341806628704138e+00
1.189999999999999947e+00 3.305341806628704138e+00
1.199999999999999956e+00 3.305341806628704138e+00
1.209999999999999964e+00 3.305341806628704138e+00
1.219999999999999973e+00 3.305341806628704138e+00
1.229999999999999982e+00 3.305341806628704138e+00
1.239999999999999991e+00 3.305341806628704138e+00
1.250000000000000000e+00 3.305341806628704138e+00
1.260000000000000009e+00 3.305341806628704138e+00
1.270000000000000018e+00 3.305341806628704138e+00
1.280000000000000027e+00 3.305341806628704138e+00
1.290000000000000036e+00 3.305341806628704138e+00
1.300000000000000044e+00 3.305341806628704138e+00
1.310000000000000053e+00 3.305341806628704138e+00
1.320000000000000062e+00 3.305341806628704138e+00
1.330000000000000071e+00 3.305341806628704138e+00
1.340000000000000080e+00 3.305341806628704138e+00
1.350000000000000089e+00 3.305341806628704138e+00
1.360000000000000098e+00 3.305341806628704138e+00
1.370000000000000107e+00 3.305341806628704138e+00
1.380000000000000115e+00 3.305341806628704138e+00
1.390000000000000124e+00 3.305341806628704138e+00
1.400000000000000133e+00 3.305341806628704138e+00
1.409999999999999920e+00 3.305341806628704138e+00
1.419999999999999929e+00 3.305341806628704138e+00
1.429999999999999938e+00 3.305341806628704138e+00
1.439999999999999947e+00 3.305341806628704138e+00
1.449999999999999956e+00 3.305341806628704138e+00
1.459999999999999964e+00 3.305341806628704138e+00
1.469999999999999973e+00 3.305341806628704138e+00
1.479999999999999982e+00 3.305341806628704138e+00
1.489999999999999991e+00 3.305341806628704138e+00
1.500000000000000000e+00 3.305341806628704138e+00
1.510000000000000009e+00 3.305341806628704138e+00
1.520000000000000018e+00 3.305341806628704138e+00
1.530000000000000027e+00 3.305341806628704138e+00
1.540000000000000036e+00 3.305341806628704138e+00
1.550000000000000044e+00 3.305341806628704138e+00
1.560000000000000053e+00 3.305341806628704138e+00
1.570000000000000062e+00 3.305341806628704138e+00
1.580000000000000071e+00 3.305341806628704138e+00
1.590000000000000080e+00 3.305341806628704138e+00
1.600000000000000089e+00 3.305341806628704138e+00
1.610000000000000098e+00 3.305341806628704138e+00
1.620000000000000107e+00 3.305341806628704138e+00
1.630000000000000115e+00 3.305341806628704138e+00
1.640000000000000124e+00 3.305341806628704138e+00
1.650000000000000133e+00 3.305341806628704138e+00
1.660000000000000142e+00 3.305341806628704138e+00
1.669999999999999929e+00 3.305341806628704138e+00
1.679999999999999938e+00 3.305341806628704138e+00
1.689999999999999947e+00 3.305341806628704138e+00
1.699999999999999956e+00 3.305341806628704138e+00
1.709999999999999964e+00 3.305341806628704138e+00
1.719999999999999973e+00 3.305341806628704138e+00
1.729999999999999982e+00 3.305341806628704138e+00
1.739999999999999991e+00 3.305342232899665778e+00
1.750000000000000000e+00 3.305343998141288875e+00
1.760000000000000009e+00 3.305345434589385789e+00
1.770000000000000018e+00 3.305346213963031854e+00
1.780000000000000027e+00 3.305347553250789439e+00
1.790000000000000036e+00 3.305347658040523662e+00
1.800000000000000044e+00 3.305348088982105192e+00
1.810000000000000053e+00 3.305348088982105192e+00
1.820000000000000062e+00 3.305348096294403071e+00
1.830000000000000071e+00 3.305348455412387754e+00
1.840000000000000080e+00 3.305348924417495837e+00
1.850000000000000089e+00 3.305349073123931891e+00
1.860000000000000098e+00 3.305348238346576650e+00
1.870000000000000107e+00 3.305351385786533314e+00
1.880000000000000115e+00 3.305355707654952901e+00
1.890000000000000124e+00 3.305359611485004567e+00
1.900000000000000133e+00 3.305362615728378195e+00
1.910000000000000142e+00 3.305361937899589542e+00
1.919999999999999929e+00 3.305362245762348383e+00
1.929999999999999938e+00 3.305361017189025752e+00
1.939999999999999947e+00 3.305357918090820135e+00
1.949999999999999956e+00 3.305342725439071483e+00
1.959999999999999964e+00 3.305332957487106427e+00
1.969999999999999973e+00 3.305330136547088404e+00
1.979999999999999982e+00 3.305329742250442404e+00
1.989999999999999991e+00 3.305319633474349761e+00
2.000000000000000000e+00 3.305299080171585135e+00
2.010000000000000231e+00 3.305281930031776394e+00
2.020000000000000018e+00 3.305257984211444899e+00
2.030000000000000249e+00 3.305247799561023658e+00
2.040000000000000036e+00 3.305238165950775020e+00
2.049999999999999822e+00 3.305228220508098502e+00
2.060000000000000053e+00 3.305226260266303839e+00
2.069999999999999840e+00 3.305221331801414308e+00
2.080000000000000071e+00 3.305214347116947060e+00
2.089999999999999858e+00 3.305211004314422496e+00
2.100000000000000089e+00 3.305209737732410336e+00
2.109999999999999876e+00 3.305196609594821755e+00
2.120000000000000107e+00 3.305181889441013432e+00
2.129999999999999893e+00 3.305172132287025555e+00
2.140000000000000124e+00 3.305166309742927577e+00
2.149999999999999911e+00 3.305154747600555609e+00
2.160000000000000142e+00 3.305149522171020315e+00
2.169999999999999929e+00 3.305143147397041403e+00
2.180000000000000160e+00 3.305134908885955625e+00
2.189999999999999947e+00 3.305133984863758201e+00
2.200000000000000178e+00 3.305132258481979335e+00
2.209999999999999964e+00 3.305132885079383964e+00
2.220000000000000195e+00 3.305129344093799659e+00
2.229999999999999982e+00 3.305127837140560132e+00
2.240000000000000213e+00 3.305126631700992412e+00
2.250000000000000000e+00 3.305126937029361667e+00
2.260000000000000231e+00 3.305130776140690063e+00
2.270000000000000018e+00 3.305130850415229915e+00
2.280000000000000249e+00 3.305137801747322079e+00
2.290000000000000036e+00 3.305139296250343417e+00
2.300000000000000266e+00 3.305141324353217946e+00
2.310000000000000053e+00 3.305156234712600671e+00
2.319999999999999840e+00 3.305159899864196671e+00
2.330000000000000071e+00 3.305163675346374674e+00
2.339999999999999858e+00 3.305166999208926981e+00
2.350000000000000089e+00 3.305166999208926981e+00
2.359999999999999876e+00 3.305166999208926981e+00
2.370000000000000107e+00 3.305166526427269158e+00
2.379999999999999893e+00 3.305161124608516854e+00
2.390000000000000124e+00 3.305116095993518854e+00
2.399999999999999911e+00 3.305041762883663026e+00
2.410000000000000142e+00 3.304840635390281722e+00
2.419999999999999929e+00 3.304698575716018549e+00
2.430000000000000160e+00 3.304617149288654243e+00
2.439999999999999947e+00 3.304328728709220897e+00
2.450000000000000178e+00 3.303862556538581963e+00
2.459999999999999964e+00 3.303481786243915419e+00
2.470000000000000195e+00 3.303292053492069336e+00
2.479999999999999982e+00 3.302843061592578788e+00
2.490000000000000213e+00 3.302562332711219906e+00
2.500000000000000000e+00 3.302317747478485277e+00
2.510000000000000231e+00 3.302118263781070873e+00
2.520000000000000018e+00 3.301919548254013126e+00
2.530000000000000249e+00 3.301309245750903898e+00
2.540000000000000036e+00 3.300561337163448350e+00
2.550000000000000266e+00 3.299460821359157414e+00
2.560000000000000053e+00 3.298455096375942031e+00
2.569999999999999840e+00 3.297275330169200824e+00
2.580000000000000071e+00 3.295716693985462076e+00
2.589999999999999858e+00 3.293894923787116902e+00
2.600000000000000089e+00 3.293279539916515564e+00
2.609999999999999876e+00 3.292597424075603296e+00
2.620000000000000107e+00 3.292244958252906972e+00
2.629999999999999893e+00 3.291014558184147010e+00
2.640000000000000124e+00 3.290599947559833538e+00
2.649999999999999911e+00 3.289988597946166937e+00
2.660000000000000142e+00 3.290585836648940887e+00
2.669999999999999929e+00 3.292259111268520222e+00
2.680000000000000160e+00 3.294579898223876757e+00
2.689999999999999947e+00 3.296327125861644891e+00
2.700000000000000178e+00 3.298335783104896723e+00
2.709999999999999964e+00 3.300397019977569624e+00
2.720000000000000195e+00 3.301021447105407791e+00
2.729999999999999982e+00 3.302615358903408183e+00
2.740000000000000213e+00 3.304158830575942840e+00
2.750000000000000000e+00 3.305330301599502363e+00
2.760000000000000231e+00 3.306611393065452376e+00
2.770000000000000018e+00 3.308451756372451591e+00
2.780000000000000249e+00 3.310023829133510453e+00
2.790000000000000036e+00 3.311132246682643832e+00
2.800000000000000266e+00 3.312579235649109055e+00
2.810000000000000053e+00 3.314249264490604308e+00
2.819999999999999840e+00 3.316079656627178185e+00
2.830000000000000071e+00 3.319316937892437203e+00
2.839999999999999858e+00 3.322495693356990909e+00
2.850000000000000089e+00 3.326423385088443929e+00
2.859999999999999876e+00 3.331512507946491120e+00
2.870000000000000107e+00 3.337223608832359467e+00
2.879999999999999893e+00 3.343608351707458404e+00
2.890000000000000124e+00 3.350993555166721372e+00
2.899999999999999911e+00 3.359042722804546521e+00
2.910000000000000142e+00 3.367472533874511509e+00
2.919999999999999929e+00 3.375136119294166459e+00
2.930000000000000160e+00 3.384263499679565523e+00
2.939999999999999947e+00 3.394339695155620618e+00
2.950000000000000178e+00 3.403768343820571918e+00
2.959999999999999964e+00 3.414027989864349522e+00
2.970000000000000195e+00 3.425899212419986739e+00
2.979999999999999982e+00 3.438300573527813153e+00
2.990000000000000213e+00 3.450579754641056152e+00
3.000000000000000000e+00 3.465471309182643900e+00
