0.000000000000000000e+00 2.783914116637177805e-01 4.453914838478199578e-01
1.000000000000000021e-02 3.655475309369935477e-01 5.623389752205238956e-01
2.000000000000000042e-02 6.792971852747989869e-01 1.692415810122053443e+00
2.999999999999999889e-02 1.348668053468005334e+00 1.548840713242752853e+00
4.000000000000000083e-02 1.348700743550913295e+00 1.548481002850873534e+00
5.000000000000000278e-02 1.348702853237891963e+00 1.548483697491382705e+00
5.999999999999999778e-02 1.348699165420358170e+00 1.548484049675638907e+00
7.000000000000000666e-02 1.348660935014159623e+00 1.548473573843567319e+00
8.000000000000000167e-02 1.348647250595104596e+00 1.548462297372806384e+00
8.999999999999999667e-02 1.243392709066178048e+00 1.695901916034911361e+00
1.000000000000000056e-01 1.005168057817768856e+00 2.529231057971167651e+00
1.100000000000000006e-01 1.546724893999593675e+00 3.811674815875989886e+00
1.199999999999999956e-01 2.341812165984523908e+00 4.207733814914810466e+00
1.300000000000000044e-01 3.286296170218840906e+00 4.095302984196290019e+00
1.400000000000000133e-01 3.625919055967402382e+00 3.908431587667393625e+00
1.499999999999999944e-01 3.642530537426420079e+00 3.898771992104105077e+00
1.600000000000000033e-01 3.644100781930648569e+00 3.898388323718345649e+00
1.700000000000000122e-01 3.646404035989909698e+00 3.897894722640842691e+00
1.799999999999999933e-01 3.648830536272328562e+00 3.897164029472071523e+00
1.900000000000000022e-01 3.649419134993463043e+00 3.896944603567213949e+00
2.000000000000000111e-01 3.650566456550475625e+00 3.896755820571068174e+00
2.099999999999999922e-01 3.651594672514879569e+00 3.896527253726041806e+00
2.200000000000000011e-01 3.652959001809170214e+00 3.896251057628581815e+00
2.300000000000000100e-01 3.654380747336325008e+00 3.895970349227014573e+00
2.399999999999999911e-01 3.655793675648434160e+00 3.895642570079105305e+00
2.500000000000000000e-01 3.656078754978183465e+00 3.895576615772243567e+00
2.600000000000000089e-01 3.656051318969369301e+00 3.895555580807089857e+00
2.700000000000000178e-01 3.655876620848012237e+00 3.895524076221155596e+00
2.800000000000000266e-01 3.655678605597280306e+00 3.895474917566514872e+00
2.899999999999999800e-01 3.655502237840812185e+00 3.895444174283821503e+00
2.999999999999999889e-01 3.655136521181622911e+00 3.895311541710337444e+00
3.099999999999999978e-01 3.654875242115079637e+00 3.895243553203523668e+00
3.200000000000000067e-01 3.654382646416885816e+00 3.895067619496124234e+00
3.300000000000000155e-01 3.653813217731603835e+00 3.894828284548631281e+00
3.400000000000000244e-01 3.652723088077334701e+00 3.894584991317959322e+00
3.500000000000000333e-01 3.648118967632590692e+00 3.895503514824570690e+00
3.599999999999999867e-01 3.605982349933522180e+00 3.901127065349681011e+00
3.699999999999999956e-01 3.502276819716692469e+00 3.894002580422162740e+00
3.800000000000000044e-01 3.412762192939166717e+00 3.864793273793812212e+00
3.900000000000000133e-01 3.342474187846204092e+00 3.827329272360781243e+00
4.000000000000000222e-01 3.275038758380692805e+00 3.777853784229475487e+00
4.100000000000000311e-01 3.209289770609280001e+00 3.705367587684253561e+00
4.199999999999999845e-01 3.097271228029198298e+00 3.632640490115218945e+00
4.299999999999999933e-01 3.077309354609488512e+00 3.551114321657181438e+00
4.400000000000000022e-01 3.110466799970958540e+00 3.458711554406788125e+00
4.500000000000000111e-01 3.135684402349695254e+00 3.387243608633771608e+00
4.600000000000000200e-01 3.141880577112953432e+00 3.351296468971450615e+00
4.700000000000000289e-01 3.151482626736043180e+00 3.316042661702753414e+00
4.799999999999999822e-01 3.163547703459272054e+00 3.285822701590051853e+00
4.899999999999999911e-01 3.174857539137738716e+00 3.263870646353823179e+00
5.000000000000000000e-01 3.183779747052305709e+00 3.249305820317155202e+00
5.100000000000000089e-01 3.188799263824628749e+00 3.241715251169992928e+00
5.200000000000000178e-01 3.193714501396977656e+00 3.234819497249758147e+00
5.300000000000000266e-01 3.198208167969316396e+00 3.229068083041578330e+00
5.400000000000000355e-01 3.201769547475529443e+00 3.224912380720423855e+00
5.500000000000000444e-01 3.203757269186232826e+00 3.222772814589287549e+00
5.600000000000000533e-01 3.204751770649153286e+00 3.221715235705178593e+00
5.700000000000000622e-01 3.204896129754209344e+00 3.221618362290239457e+00
5.799999999999999600e-01 3.204990290584122548e+00 3.221568842912161834e+00
5.899999999999999689e-01 3.205149079659399991e+00 3.221506984173836852e+00
5.999999999999999778e-01 3.205484308437842156e+00 3.221343046460610982e+00
6.099999999999999867e-01 3.205747981354217568e+00 3.221223279093284209e+00
6.199999999999999956e-01 3.205989914048464673e+00 3.221091107026783806e+00
6.300000000000000044e-01 3.206281409165370189e+00 3.220929595401776258e+00
6.400000000000000133e-01 3.206373494951035408e+00 3.220834862526153142e+00
6.500000000000000222e-01 3.206388318136927928e+00 3.220803578754665608e+00
6.600000000000000311e-01 3.206403020471616738e+00 3.220780438419298175e+00
6.700000000000000400e-01 3.206419097949390284e+00 3.220767412098521909e+00
6.800000000000000488e-01 3.206454569423521583e+00 3.220752543646966615e+00
6.900000000000000577e-01 3.206477033182619341e+00 3.220732628792287944e+00
7.000000000000000666e-01 3.206488400376870107e+00 3.220714776784346700e+00
7.099999999999999645e-01 3.206493736087270729e+00 3.220701205781511423e+00
7.199999999999999734e-01 3.206515774948968556e+00 3.220683173420058054e+00
7.299999999999999822e-01 3.206598974710299199e+00 3.220669079269574464e+00
7.399999999999999911e-01 3.206693058168746724e+00 3.220651848290107644e+00
7.500000000000000000e-01 3.206747882544751072e+00 3.220643159001117084e+00
7.600000000000000089e-01 3.206772561281901801e+00 3.220644218784588730e+00
7.700000000000000178e-01 3.206808783634738980e+00 3.220644288326663940e+00
7.800000000000000266e-01 3.206834827059041881e+00 3.220647050782907694e+00
7.900000000000000355e-01 3.206885898913249378e+00 3.220644717990055916e+00
8.000000000000000444e-01 3.206928298771878350e+00 3.220660039970378197e+00
8.100000000000000533e-01 3.206971299251988317e+00 3.220671388903185939e+00
8.200000000000000622e-01 3.207000428940483427e+00 3.220681153643897954e+00
8.300000000000000711e-01 3.207020046052091899e+00 3.220686467138177633e+00
8.399999999999999689e-01 3.207035244026603671e+00 3.220695528611717151e+00
8.499999999999999778e-01 3.207044845099642494e+00 3.220702948174283264e+00
8.599999999999999867e-01 3.207059450241473986e+00 3.220716193617435774e+00
8.699999999999999956e-01 3.207074041118255447e+00 3.220729351530441154e+00
8.800000000000000044e-01 3.207101602815766839e+00 3.220744989782194700e+00
8.900000000000000133e-01 3.207119157181837821e+00 3.220756663426301181e+00
9.000000000000000222e-01 3.207149670070017944e+00 3.220766484996472112e+00
9.100000000000000311e-01 3.207190952207657375e+00 3.220779939263251457e+00
9.200000000000000400e-01 3.207210553696344224e+00 3.220798326113035071e+00
9.300000000000000488e-01 3.207231699895155330e+00 3.220808892098176557e+00
9.400000000000000577e-01 3.207251628375736630e+00 3.220819378909381747e+00
9.500000000000000666e-01 3.207254673538287193e+00 3.220822652482906889e+00
9.599999999999999645e-01 3.207266120012440158e+00 3.220830780531726223e+00
9.699999999999999734e-01 3.207273845144393842e+00 3.220843856228706503e+00
9.799999999999999822e-01 3.207282234924083486e+00 3.220854272901767512e+00
9.899999999999999911e-01 3.207289827990075004e+00 3.220871436381797182e+00
1.000000000000000000e+00 3.207293036711537315e+00 3.220882357942736807e+00
1.010000000000000009e+00 3.207298004118106505e+00 3.220894484857418583e+00
1.020000000000000018e+00 3.207300712647461527e+00 3.220902086677527532e+00
1.030000000000000027e+00 3.207309332569373783e+00 3.220925008870827444e+00
1.040000000000000036e+00 3.207315208208386892e+00 3.220942136228258867e+00
1.050000000000000044e+00 3.207317448698568718e+00 3.220962112391900334e+00
1.060000000000000053e+00 3.207318454259703078e+00 3.220965804296663126e+00
1.070000000000000062e+00 3.207319139015886389e+00 3.220968696524885377e+00
1.080000000000000071e+00 3.207319809795297072e+00 3.220973123587690612e+00
1.090000000000000080e+00 3.207318589300840461e+00 3.220984170189173046e+00
1.100000000000000089e+00 3.207319086210761672e+00 3.220991042115654235e+00
1.110000000000000098e+00 3.207323102758509847e+00 3.220999458853619046e+00
1.120000000000000107e+00 3.207334095182934330e+00 3.221023856172046340e+00
1.130000000000000115e+00 3.207321712450824425e+00 3.221030170517124258e+00
1.140000000000000124e+00 3.207308754841234677e+00 3.221068414529416390e+00
1.150000000000000133e+00 3.207295860275224619e+00 3.221111456776663218e+00
1.159999999999999920e+00 3.207285551682945268e+00 3.221147884000305162e+00
1.169999999999999929e+00 3.207271212591104703e+00 3.221199242874212221e+00
1.179999999999999938e+00 3.207254795415895199e+00 3.221207217709524340e+00
1.189999999999999947e+00 3.207234184737427274e+00 3.221241977453009664e+00
1.199999999999999956e+00 3.207193795060907959e+00 3.221325795512402834e+00
1.209999999999999964e+00 3.207140683377108115e+00 3.221400863358655275e+00
1.219999999999999973e+00 3.207093932222384147e+00 3.221428154712659087e+00
1.229999999999999982e+00 3.207019204270388002e+00 3.221517776682828682e+00
1.239999999999999991e+00 3.206945729990855476e+00 3.221617176293476881e+00
1.250000000000000000e+00 3.206836166835027591e+00 3.221733654904169519e+00
1.260000000000000009e+00 3.206604526624324603e+00 3.222053537645695354e+00
1.270000000000000018e+00 3.206562454656624261e+00 3.222113474107718645e+00
1.280000000000000027e+00 3.206535483018615462e+00 3.222158080900451527e+00
1.290000000000000036e+00 3.206524737363818378e+00 3.222192972373005393e+00
1.300000000000000044e+00 3.206545129375073966e+00 3.222201600494768226e+00
1.310000000000000053e+00 3.206594814807449012e+00 3.222171066835846531e+00
1.320000000000000062e+00 3.206613263272396708e+00 3.222158548227199049e+00
1.330000000000000071e+00 3.205915587849491821e+00 3.222971817188388322e+00
1.340000000000000080e+00 3.205617026599585362e+00 3.223299310513795479e+00
1.350000000000000089e+00 3.204433373252156603e+00 3.224659757755991674e+00
1.360000000000000098e+00 3.201392624686654198e+00 3.228217843066756298e+00
1.370000000000000107e+00 3.199950626512111818e+00 3.229925926808772552e+00
1.380000000000000115e+00 3.199476098912970912e+00 3.230506951524002801e+00
1.390000000000000124e+00 3.197063911763867061e+00 3.233233467458049404e+00
1.400000000000000133e+00 3.192512556599683915e+00 3.238430577059678850e+00
1.409999999999999920e+00 3.188517917706214622e+00 3.243300081351554898e+00
1.419999999999999929e+00 3.186804214139072666e+00 3.245102953295619930e+00
1.429999999999999938e+00 3.188191769675589704e+00 3.243612704315804507e+00
1.439999999999999947e+00 3.187450920054365255e+00 3.244900802329134137e+00
1.449999999999999956e+00 3.185698809083872263e+00 3.246977434235638782e+00
1.459999999999999964e+00 3.180713790916879447e+00 3.252980805264036768e+00
1.469999999999999973e+00 3.180993840672705186e+00 3.252721922219064421e+00
1.479999999999999982e+00 3.193045774009949600e+00 3.238379643995040080e+00
1.489999999999999991e+00 3.198141208090119925e+00 3.232770249491400349e+00
1.500000000000000000e+00 3.200754109145671045e+00 3.229630293043583400e+00
1.510000000000000009e+00 3.202326209809900792e+00 3.227719459130643731e+00
1.520000000000000018e+00 3.204082256092028125e+00 3.225630411206289239e+00
1.530000000000000027e+00 3.203810685195362051e+00 3.225940728345478181e+00
1.540000000000000036e+00 3.204037024180760973e+00 3.225685902278551787e+00
1.550000000000000044e+00 3.204661410187312320e+00 3.224938790804317890e+00
1.560000000000000053e+00 3.205949978101697351e+00 3.223434454080614575e+00
1.570000000000000062e+00 3.206391361797458206e+00 3.222942627517574987e+00
1.580000000000000071e+00 3.206460451578046822e+00 3.222877944804285022e+00
1.590000000000000080e+00 3.206449372828245714e+00 3.222896124579667898e+00
1.600000000000000089e+00 3.201633414063550287e+00 3.227420218844316846e+00
1.610000000000000098e+00 3.194453667957783960e+00 3.233920971925257515e+00
1.620000000000000107e+00 3.176649723218952115e+00 3.248939566646541710e+00
1.630000000000000115e+00 3.155685022755088998e+00 3.264967681350288142e+00
1.640000000000000124e+00 3.147271075718393707e+00 3.270710616157063821e+00
1.650000000000000133e+00 3.139679855400819175e+00 3.275361449387770296e+00
1.660000000000000142e+00 3.136012064942211630e+00 3.277582417350917154e+00
1.669999999999999929e+00 3.134915968743069659e+00 3.278089806460635192e+00
1.679999999999999938e+00 3.134359129521185228e+00 3.278355374057954297e+00
1.689999999999999947e+00 3.133530060357930580e+00 3.278702006301997152e+00
1.699999999999999956e+00 3.133222562368809694e+00 3.278778823305666723e+00
1.709999999999999964e+00 3.133730518420458466e+00 3.278447208744763586e+00
1.719999999999999973e+00 3.141113055175049240e+00 3.274886992036598166e+00
1.729999999999999982e+00 3.155415989330113025e+00 3.268263330614268991e+00
1.739999999999999991e+00 3.126911541279003615e+00 3.292497881888701627e+00
1.750000000000000000e+00 3.110689370422898836e+00 3.305502945963800787e+00
1.760000000000000009e+00 3.110181438125665832e+00 3.305746192105714965e+00
1.770000000000000018e+00 3.109175901967947020e+00 3.306158237505491648e+00
1.780000000000000027e+00 3.127669126809636158e+00 3.293183785473307257e+00
1.790000000000000036e+00 3.148071804985972388e+00 3.279553912935284199e+00
1.800000000000000044e+00 3.149106802151066198e+00 3.278721026017803020e+00
1.810000000000000053e+00 3.150422366681984165e+00 3.278043847879478001e+00
1.820000000000000062e+00 3.152093868961332035e+00 3.277580830764772912e+00
1.830000000000000071e+00 3.152926704279368497e+00 3.277696776264722001e+00
1.840000000000000080e+00 3.153359307306098813e+00 3.278268706738662885e+00
1.850000000000000089e+00 3.155098278184748306e+00 3.277991109990262775e+00
1.860000000000000098e+00 3.159394417071824002e+00 3.276519094490523365e+00
1.870000000000000107e+00 3.163587232124762672e+00 3.275133338391823301e+00
1.880000000000000115e+00 3.167514397488764732e+00 3.274549205449887257e+00
1.890000000000000124e+00 3.170974196191669758e+00 3.274559179185985602e+00
1.900000000000000133e+00 3.172334366434256481e+00 3.275212042471726370e+00
1.910000000000000142e+00 3.172517615972132443e+00 3.275447296304135225e+00
1.919999999999999929e+00 3.172424241532357136e+00 3.275667730565993807e+00
1.929999999999999938e+00 3.172349786224858637e+00 3.275876803793413838e+00
1.939999999999999947e+00 3.172319376704330729e+00 3.275988048785094975e+00
1.949999999999999956e+00 3.172270600904855797e+00 3.276153428831663383e+00
1.959999999999999964e+00 3.172213038238810512e+00 3.276304143262578350e+00
1.969999999999999973e+00 3.172173288591777940e+00 3.276533216082180289e+00
1.979999999999999982e+00 3.171846494040404085e+00 3.277338602404679779e+00
1.989999999999999991e+00 3.171327592202803025e+00 3.278446067865709246e+00
2.000000000000000000e+00 3.169960831685859404e+00 3.281650786017578092e+00
2.010000000000000231e+00 3.167195019902490749e+00 3.288719964166380016e+00
2.020000000000000018e+00 3.162902949070720116e+00 3.301602120657177952e+00
2.030000000000000249e+00 3.157394514647879902e+00 3.323773357552131991e+00
2.040000000000000036e+00 3.154601616252550755e+00 3.351952191273084303e+00
2.049999999999999822e+00 3.156496315595502367e+00 3.386150837314730211e+00
2.060000000000000053e+00 3.163507693362966666e+00 3.421325984448655877e+00
2.069999999999999840e+00 3.176367859988065590e+00 3.456464408927110377e+00
2.080000000000000071e+00 3.191605106458395458e+00 3.484965618987352354e+00
2.089999999999999858e+00 3.212982633579901659e+00 3.511563732940026661e+00
2.100000000000000089e+00 3.231747493276404093e+00 3.538520025153352400e+00
2.109999999999999876e+00 3.254241329059676779e+00 3.558062228107376157e+00
2.120000000000000107e+00 3.279939149718128721e+00 3.571112371182597389e+00
2.129999999999999893e+00 3.316452445681810968e+00 3.574849546281575474e+00
2.140000000000000124e+00 3.359204545150972887e+00 3.569299648689054028e+00
2.149999999999999911e+00 3.388067524460119273e+00 3.566158047630029415e+00
2.160000000000000142e+00 3.415909505045219063e+00 3.559766743638710373e+00
2.169999999999999929e+00 3.435114136325031708e+00 3.553414651779025490e+00
2.180000000000000160e+00 3.450260634754624522e+00 3.547085690571341043e+00
2.189999999999999947e+00 3.460997100992997844e+00 3.541798764633337093e+00
2.200000000000000178e+00 3.470491587059930438e+00 3.536510417081877300e+00
2.209999999999999964e+00 3.477027529050281007e+00 3.532385210937091902e+00
2.220000000000000195e+00 3.481157087539917150e+00 3.529592935524695996e+00
2.229999999999999982e+00 3.483614243116945897e+00 3.527884371752171955e+00
2.240000000000000213e+00 3.485658797770462503e+00 3.526491019462623111e+00
2.250000000000000000e+00 3.487348696984757357e+00 3.525259285412321919e+00
2.260000000000000231e+00 3.488722085637299575e+00 3.524311331840308537e+00
2.270000000000000018e+00 3.489603402045332814e+00 3.523702758147156722e+00
2.280000000000000249e+00 3.490267885872623044e+00 3.523244984505871091e+00
2.290000000000000036e+00 3.490533902032303182e+00 3.523058661258293256e+00
2.300000000000000266e+00 3.490906324415365525e+00 3.522797917718728300e+00
2.310000000000000053e+00 3.491176695624140347e+00 3.522612300137730745e+00
2.319999999999999840e+00 3.491220031314155925e+00 3.522572991504409501e+00
2.330000000000000071e+00 3.491357940457376241e+00 3.522437185761419176e+00
2.339999999999999858e+00 3.491384759234096968e+00 3.522388069363925567e+00
2.350000000000000089e+00 3.491403617445162144e+00 3.522360914143392474e+00
2.359999999999999876e+00 3.491414719572151437e+00 3.522339471182739157e+00
2.370000000000000107e+00 3.491423054811941373e+00 3.522323518164170775e+00
2.379999999999999893e+00 3.491460445330950346e+00 3.522319798061040341e+00
2.390000000000000124e+00 3.491460499404178464e+00 3.522319648315204610e+00
2.399999999999999911e+00 3.491461271924766852e+00 3.522320782537665895e+00
2.410000000000000142e+00 3.491461278729785622e+00 3.522320700549732120e+00
2.419999999999999929e+00 3.491462748858686460e+00 3.522321197149995697e+00
2.430000000000000160e+00 3.491464350952010243e+00 3.522324430080551849e+00
2.439999999999999947e+00 3.491465786962133944e+00 3.522325232077019752e+00
2.450000000000000178e+00 3.491465439969951401e+00 3.522327154510562774e+00
2.459999999999999964e+00 3.491466495776679224e+00 3.522327267007325347e+00
2.470000000000000195e+00 3.491470127015590563e+00 3.522313439983844496e+00
2.479999999999999982e+00 3.491471157405051429e+00 3.522304042013016279e+00
2.490000000000000213e+00 3.491474421470719403e+00 3.522279964525145690e+00
2.500000000000000000e+00 3.491475704050661211e+00 3.522269963211416499e+00
2.510000000000000231e+00 3.491477665251554896e+00 3.522259864488778369e+00
2.520000000000000018e+00 3.491478107632876693e+00 3.522256820431469926e+00
2.530000000000000249e+00 3.491479095839630897e+00 3.522249450751174127e+00
2.540000000000000036e+00 3.491480182712797031e+00 3.522247583519693137e+00
2.550000000000000266e+00 3.491480712588857394e+00 3.522244344154764839e+00
2.560000000000000053e+00 3.491483600011314081e+00 3.522243498477493517e+00
2.569999999999999840e+00 3.491484520654406953e+00 3.522240405550274733e+00
2.580000000000000071e+00 3.491483704871813476e+00 3.522233030805905774e+00
2.589999999999999858e+00 3.491486305013322244e+00 3.522208133711195899e+00
2.600000000000000089e+00 3.491488486887150966e+00 3.522190125635928037e+00
2.609999999999999876e+00 3.491489267289524800e+00 3.522183164594287152e+00
2.620000000000000107e+00 3.491492088734945654e+00 3.522181667440095865e+00
2.629999999999999893e+00 3.491495667070292352e+00 3.522179870201207041e+00
2.640000000000000124e+00 3.491496955158635451e+00 3.522180752761438605e+00
2.649999999999999911e+00 3.491497532459543418e+00 3.522180464161588365e+00
2.660000000000000142e+00 3.491497779309360450e+00 3.522177792404086905e+00
2.669999999999999929e+00 3.491498465874970591e+00 3.522172680198370820e+00
2.680000000000000160e+00 3.491498192553682767e+00 3.522169682383375022e+00
2.689999999999999947e+00 3.491498565681390165e+00 3.522167973477431158e+00
2.700000000000000178e+00 3.491498979030912775e+00 3.522168633197480414e+00
2.709999999999999964e+00 3.491499129584784367e+00 3.522168698588852731e+00
2.720000000000000195e+00 3.491499849942874434e+00 3.522161742626476411e+00
2.729999999999999982e+00 3.491502397288724691e+00 3.522162222338274251e+00
2.740000000000000213e+00 3.491503179115327704e+00 3.522161541033712595e+00
2.750000000000000000e+00 3.491503574460000703e+00 3.522162337977438273e+00
2.760000000000000231e+00 3.491503453541438429e+00 3.522160756339390186e+00
2.770000000000000018e+00 3.491503453541438429e+00 3.522160756339390186e+00
2.780000000000000249e+00 3.491503453541438429e+00 3.522160756339390186e+00
2.790000000000000036e+00 3.491503730339843070e+00 3.522161814832848403e+00
2.800000000000000266e+00 3.491503820914467759e+00 3.522161971941748959e+00
2.810000000000000053e+00 3.491503870167369961e+00 3.522162138648395668e+00
2.819999999999999840e+00 3.491503962798550464e+00 3.522162138952776633e+00
2.830000000000000071e+00 3.491504447646234688e+00 3.522161828050519361e+00
2.839999999999999858e+00 3.491504489525527166e+00 3.522161921750336600e+00
2.850000000000000089e+00 3.491504699823729574e+00 3.522161904757149742e+00
2.859999999999999876e+00 3.491504334122095266e+00 3.522161771577444256e+00
2.870000000000000107e+00 3.491503416355424605e+00 3.522161474601453790e+00
2.879999999999999893e+00 3.491503416355424605e+00 3.522161474601453790e+00
2.890000000000000124e+00 3.491503416355424605e+00 3.522161474601453790e+00
2.899999999999999911e+00 3.491503416355424605e+00 3.522161474601453790e+00
2.910000000000000142e+00 3.491503416355424605e+00 3.522161474601453790e+00
2.919999999999999929e+00 3.491508665112153853e+00 3.522162520514829698e+00
2.930000000000000160e+00 3.491511720975510435e+00 3.522162522760756254e+00
2.939999999999999947e+00 3.491515628672371641e+00 3.522162634371985845e+00
2.950000000000000178e+00 3.491516316734680991e+00 3.522162881349196972e+00
2.959999999999999964e+00 3.491516316734680991e+00 3.522162881349196972e+00
2.970000000000000195e+00 3.491516316734680991e+00 3.522162881349196972e+00
2.979999999999999982e+00 3.491516316734680991e+00 3.522162881349196972e+00
2.990000000000000213e+00 3.491516316734680991e+00 3.522162881349196972e+00
3.000000000000000000e+00 3.491516316734680991e+00 3.522162881349196972e+00
