0.000000000000000000e+00 1.017809265593092594e+00 1.108852920644480822e+00
1.000000000000000021e-02 1.017811779125162186e+00 1.108821183214954154e+00
2.000000000000000042e-02 1.017806839449401757e+00 1.108815757554773462e+00
2.999999999999999889e-02 1.017806935972275451e+00 1.108798255049882275e+00
4.000000000000000083e-02 1.017809412345743070e+00 1.108731772011661842e+00
5.000000000000000278e-02 1.017809898006757141e+00 1.108629195808330969e+00
5.999999999999999778e-02 1.017655233604980891e+00 1.108655286289380593e+00
7.000000000000000666e-02 1.017518667568442670e+00 1.108591943776133348e+00
8.000000000000000167e-02 1.005680000410798636e+00 1.115377080079790639e+00
8.999999999999999667e-02 1.626994056237696329e+00 4.318712325647116934e+00
1.000000000000000056e-01 3.141200458663722106e+00 4.420277694812993374e+00
1.100000000000000006e-01 3.874924436860307519e+00 3.993299386291280673e+00
1.199999999999999956e-01 3.875223982468063877e+00 3.993370318951194431e+00
1.300000000000000044e-01 3.875395810880269742e+00 3.993421840696726122e+00
1.400000000000000133e-01 3.875705309359757766e+00 3.993420995042593180e+00
1.499999999999999944e-01 3.875963178733123016e+00 3.993456170446144426e+00
1.600000000000000033e-01 3.876218836434827786e+00 3.993508751150621094e+00
1.700000000000000122e-01 3.876354347530219790e+00 3.993550140389587888e+00
1.799999999999999933e-01 3.876285402188246021e+00 3.993563254823739417e+00
1.900000000000000022e-01 3.876143353456291685e+00 3.993606158982482057e+00
2.000000000000000111e-01 3.875859230755028584e+00 3.993704721481146969e+00
2.099999999999999922e-01 3.875486358247643093e+00 3.993781604098434190e+00
2.200000000000000011e-01 3.875446987843157221e+00 3.993842367964147488e+00
2.300000000000000100e-01 3.875203279642520204e+00 3.993949609642567733e+00
2.399999999999999911e-01 3.874960878433462597e+00 3.994056233354333685e+00
2.500000000000000000e-01 3.874986827661508926e+00 3.994076381996159775e+00
2.600000000000000089e-01 3.874948659849578814e+00 3.994133196577613898e+00
2.700000000000000178e-01 3.874859718996849445e+00 3.994180524972113844e+00
2.800000000000000266e-01 3.874687830666268873e+00 3.994235092741285520e+00
2.899999999999999800e-01 3.874524874861413171e+00 3.994260829360312126e+00
2.999999999999999889e-01 3.874319388638789441e+00 3.994314497035687417e+00
3.099999999999999978e-01 3.873286284137581692e+00 3.994617100519324726e+00
3.200000000000000067e-01 3.872262939482260524e+00 3.994930458597611977e+00
3.300000000000000155e-01 3.871495160782632894e+00 3.995163721573057103e+00
3.400000000000000244e-01 3.871045138581480138e+00 3.995279794279848140e+00
3.500000000000000333e-01 3.870840701398968076e+00 3.995265287928462694e+00
3.599999999999999867e-01 3.870564231810340594e+00 3.995328077645530662e+00
3.699999999999999956e-01 3.870402099620714242e+00 3.995348563569173894e+00
3.800000000000000044e-01 3.870419668827902893e+00 3.995338009723770956e+00
3.900000000000000133e-01 3.870422540847351378e+00 3.995327205656478142e+00
4.000000000000000222e-01 3.870422165468436315e+00 3.995327419435280358e+00
4.100000000000000311e-01 3.870414984722801766e+00 3.995317124251654750e+00
4.199999999999999845e-01 3.870390877508020466e+00 3.995303873077535428e+00
4.299999999999999933e-01 3.848090225134791265e+00 4.011646086148320300e+00
4.400000000000000022e-01 3.758534982672682823e+00 4.067063202103623709e+00
4.500000000000000111e-01 3.587276972996832125e+00 4.134298874867319284e+00
4.600000000000000200e-01 3.396367206163706687e+00 4.164083714427647465e+00
4.700000000000000289e-01 3.205780556055761288e+00 4.155768976085924216e+00
4.799999999999999822e-01 2.984573452203455712e+00 4.099767050483044351e+00
4.899999999999999911e-01 2.751814501121506051e+00 3.988391075627342186e+00
5.000000000000000000e-01 2.395999338475167661e+00 3.768091172434389513e+00
5.100000000000000089e-01 2.219477507468714528e+00 3.463641540151582099e+00
5.200000000000000178e-01 2.157368166239097107e+00 3.233715291733906483e+00
5.300000000000000266e-01 2.214648112165362281e+00 3.180079038980573092e+00
5.400000000000000355e-01 2.213565777317600514e+00 3.018251039005202863e+00
5.500000000000000444e-01 2.227587712060907776e+00 2.927611733406087602e+00
5.600000000000000533e-01 2.243106536084136238e+00 2.858855629204788862e+00
5.700000000000000622e-01 2.250303454499763323e+00 2.839873589815574473e+00
5.799999999999999600e-01 2.252635181657412389e+00 2.845330061052701254e+00
5.899999999999999689e-01 2.263024737318630297e+00 2.894155935932521739e+00
5.999999999999999778e-01 2.293711316396159106e+00 2.989975269883710318e+00
6.099999999999999867e-01 2.321500955592658233e+00 3.057652481420967572e+00
6.199999999999999956e-01 2.347448613921763183e+00 3.108633410786031170e+00
6.300000000000000044e-01 2.378252235199283859e+00 3.163050173715282298e+00
6.400000000000000133e-01 2.458180735683697993e+00 3.262027296752672445e+00
6.500000000000000222e-01 2.542941000742017454e+00 3.340848505779207667e+00
6.600000000000000311e-01 2.600981806359733195e+00 3.390606548385177721e+00
6.700000000000000400e-01 2.666159800485362830e+00 3.434404268332729160e+00
6.800000000000000488e-01 2.720474847340592195e+00 3.462796418104163276e+00
6.900000000000000577e-01 2.780162245558053691e+00 3.493104834763258282e+00
7.000000000000000666e-01 2.823495024282919985e+00 3.513113196055901000e+00
7.099999999999999645e-01 2.875955492432493710e+00 3.532587162677865766e+00
7.199999999999999734e-01 2.941936457575305308e+00 3.551306799222485377e+00
7.299999999999999822e-01 2.980386635412427321e+00 3.559717011967447942e+00
7.399999999999999911e-01 3.016875412185682670e+00 3.565598670064912490e+00
7.500000000000000000e-01 3.054898891647596315e+00 3.569741173779229726e+00
7.600000000000000089e-01 3.085045988463486655e+00 3.571548188711081817e+00
7.700000000000000178e-01 3.103322617109835591e+00 3.572340832663952526e+00
7.800000000000000266e-01 3.124472834232032259e+00 3.573897938287079246e+00
7.900000000000000355e-01 3.143606669708474577e+00 3.575617270778433721e+00
8.000000000000000444e-01 3.184196191456169611e+00 3.577382691280990290e+00
8.100000000000000533e-01 3.200476199365273722e+00 3.578860976309164776e+00
8.200000000000000622e-01 3.223871929841219508e+00 3.575906101050198682e+00
8.300000000000000711e-01 3.246549805083273732e+00 3.570349849972726197e+00
8.399999999999999689e-01 3.280594884043380066e+00 3.560582165150001810e+00
8.499999999999999778e-01 3.309803761930095511e+00 3.550910936637294846e+00
8.599999999999999867e-01 3.329781312997414755e+00 3.543589566056655205e+00
8.699999999999999956e-01 3.339083990557884629e+00 3.539124779907966367e+00
8.800000000000000044e-01 3.344691095601453057e+00 3.537620511931048206e+00
8.900000000000000133e-01 3.348970356869738207e+00 3.536324356398541813e+00
9.000000000000000222e-01 3.350559289807592211e+00 3.536085530429567303e+00
9.100000000000000311e-01 3.351447582214531984e+00 3.535887839695753598e+00
9.200000000000000400e-01 3.352242442363567942e+00 3.535445024062327857e+00
9.300000000000000488e-01 3.352842755005462028e+00 3.535544423167603423e+00
9.400000000000000577e-01 3.353579641236734243e+00 3.535242421584654071e+00
9.500000000000000666e-01 3.354288590064621101e+00 3.534536448230170880e+00
9.599999999999999645e-01 3.355409902996120408e+00 3.532254009452763022e+00
9.699999999999999734e-01 3.356625139030651184e+00 3.529751845484539352e+00
9.799999999999999822e-01 3.356949374102084604e+00 3.528847522279293436e+00
9.899999999999999911e-01 3.357108947725925940e+00 3.528230873002376367e+00
1.000000000000000000e+00 3.357296626006399443e+00 3.527642928398813105e+00
1.010000000000000009e+00 3.357422789510070782e+00 3.527084494530380088e+00
1.020000000000000018e+00 3.357713433743867437e+00 3.526159099272337283e+00
1.030000000000000027e+00 3.357703452544885003e+00 3.526123335689825389e+00
1.040000000000000036e+00 3.358340528305950645e+00 3.524569520164546166e+00
1.050000000000000044e+00 3.359022501011502460e+00 3.522697404965746681e+00
1.060000000000000053e+00 3.358711856759983405e+00 3.523313980008166979e+00
1.070000000000000062e+00 3.358690727617044569e+00 3.523055262568692836e+00
1.080000000000000071e+00 3.358395041057466557e+00 3.523929147399068817e+00
1.090000000000000080e+00 3.358470738803419842e+00 3.524097431276764780e+00
1.100000000000000089e+00 3.358647130505810541e+00 3.524799845040072821e+00
1.110000000000000098e+00 3.359339453265470343e+00 3.524379546859460977e+00
1.120000000000000107e+00 3.360470944292325512e+00 3.524041070735674630e+00
1.130000000000000115e+00 3.361038005491842728e+00 3.524700142920861534e+00
1.140000000000000124e+00 3.362046955311990715e+00 3.524213559471868429e+00
1.150000000000000133e+00 3.362624992493354892e+00 3.523948901182448967e+00
1.159999999999999920e+00 3.363086640971836072e+00 3.523758791581454997e+00
1.169999999999999929e+00 3.363542475148744604e+00 3.523502796090535849e+00
1.179999999999999938e+00 3.363849695965159814e+00 3.523197369769703879e+00
1.189999999999999947e+00 3.363991363763834119e+00 3.523199922313664967e+00
1.199999999999999956e+00 3.364022991139420604e+00 3.523319244907370695e+00
1.209999999999999964e+00 3.363833205910820912e+00 3.523870025423865737e+00
1.219999999999999973e+00 3.363736503386004717e+00 3.524067350273625276e+00
1.229999999999999982e+00 3.364047575724014916e+00 3.523779577372184502e+00
1.239999999999999991e+00 3.363856558294718635e+00 3.524193739800030922e+00
1.250000000000000000e+00 3.363773491961479678e+00 3.524446159556388736e+00
1.260000000000000009e+00 3.363623583330243250e+00 3.524720509415537606e+00
1.270000000000000018e+00 3.363515694381694843e+00 3.524828666770954300e+00
1.280000000000000027e+00 3.363540117125274342e+00 3.524609903488395979e+00
1.290000000000000036e+00 3.363969848884249991e+00 3.523287243949268621e+00
1.300000000000000044e+00 3.364181752885618604e+00 3.522276011153420594e+00
1.310000000000000053e+00 3.364973476783224893e+00 3.519221950515321051e+00
1.320000000000000062e+00 3.365516489058352878e+00 3.517656467556141475e+00
1.330000000000000071e+00 3.365565791687179509e+00 3.517351014309715307e+00
1.340000000000000080e+00 3.365553624735554195e+00 3.517187120413104218e+00
1.350000000000000089e+00 3.365493417277767296e+00 3.516489042639301399e+00
1.360000000000000098e+00 3.365482013417245621e+00 3.515286903089521520e+00
1.370000000000000107e+00 3.365445856382523360e+00 3.513977464135016326e+00
1.380000000000000115e+00 3.365209794985192904e+00 3.510675250185590901e+00
1.390000000000000124e+00 3.364925252253812449e+00 3.507789771697718439e+00
1.400000000000000133e+00 3.364701816459261252e+00 3.505696682805456099e+00
1.409999999999999920e+00 3.364536747314006426e+00 3.504351780246227399e+00
1.419999999999999929e+00 3.364411020995436985e+00 3.503643729079903402e+00
1.429999999999999938e+00 3.364302732532685525e+00 3.502627176472479675e+00
1.439999999999999947e+00 3.364308388509812175e+00 3.501196132340369083e+00
1.449999999999999956e+00 3.364107063822699306e+00 3.499411614208268073e+00
1.459999999999999964e+00 3.364407974325505535e+00 3.496970376323374374e+00
1.469999999999999973e+00 3.364100865602010160e+00 3.493088368731028126e+00
1.479999999999999982e+00 3.363359815392740870e+00 3.490996078386060297e+00
1.489999999999999991e+00 3.362223210977655530e+00 3.488207354422467876e+00
1.500000000000000000e+00 3.360853644347357783e+00 3.484827487749886377e+00
1.510000000000000009e+00 3.359531050300616162e+00 3.481682815914135976e+00
1.520000000000000018e+00 3.358558279919396483e+00 3.479395166416396457e+00
1.530000000000000027e+00 3.356695774315434200e+00 3.477021066600245902e+00
1.540000000000000036e+00 3.355283889473914538e+00 3.476524753337860485e+00
1.550000000000000044e+00 3.354740272501076870e+00 3.476311538659964118e+00
1.560000000000000053e+00 3.353773687118015268e+00 3.476256582685985919e+00
1.570000000000000062e+00 3.351985051748998412e+00 3.476208424660913732e+00
1.580000000000000071e+00 3.349442449214480533e+00 3.476469696848370816e+00
1.590000000000000080e+00 3.346259191634037400e+00 3.477312802127025648e+00
1.600000000000000089e+00 3.344859892830095660e+00 3.477529217677869156e+00
1.610000000000000098e+00 3.343612615580516145e+00 3.477689401865048158e+00
1.620000000000000107e+00 3.343030867773614023e+00 3.477718045886435849e+00
1.630000000000000115e+00 3.342570261335576554e+00 3.477732195529734227e+00
1.640000000000000124e+00 3.342201708889556588e+00 3.477759788336204583e+00
1.650000000000000133e+00 3.341868654992631527e+00 3.477828307611891212e+00
1.660000000000000142e+00 3.341402339038017644e+00 3.477893694029685179e+00
1.669999999999999929e+00 3.340054341419622208e+00 3.478299965569094265e+00
1.679999999999999938e+00 3.338506917873230062e+00 3.478881750902328651e+00
1.689999999999999947e+00 3.337696056810693701e+00 3.479029192646665880e+00
1.699999999999999956e+00 3.336577408240271048e+00 3.479447290236520551e+00
1.709999999999999964e+00 3.336030958903510424e+00 3.479386045638840130e+00
1.719999999999999973e+00 3.335108012442871583e+00 3.479476272639945300e+00
1.729999999999999982e+00 3.334524329710121027e+00 3.479401619076614605e+00
1.739999999999999991e+00 3.333703841055848827e+00 3.479514254823706132e+00
1.750000000000000000e+00 3.333365985158946998e+00 3.479288883362743334e+00
1.760000000000000009e+00 3.332845721448455922e+00 3.478987865191901729e+00
1.770000000000000018e+00 3.332154695799081079e+00 3.478807390978606140e+00
1.780000000000000027e+00 3.331930042961925409e+00 3.478519139505535485e+00
1.790000000000000036e+00 3.330303227940023980e+00 3.478842551126061444e+00
1.800000000000000044e+00 3.314923550910984673e+00 3.488808403887714071e+00
1.810000000000000053e+00 3.324190291617367787e+00 3.481964203412081904e+00
1.820000000000000062e+00 3.326435626740242846e+00 3.480426796221945729e+00
1.830000000000000071e+00 3.325127307499688545e+00 3.481095315085607655e+00
1.840000000000000080e+00 3.324020144506598218e+00 3.481353912004327089e+00
1.850000000000000089e+00 3.320365582978784591e+00 3.483043927996099409e+00
1.860000000000000098e+00 3.313768836428522047e+00 3.486618766267896685e+00
1.870000000000000107e+00 3.307867663867477326e+00 3.489739502480026623e+00
1.880000000000000115e+00 3.301091259348093221e+00 3.492344741957487120e+00
1.890000000000000124e+00 3.298241643907922072e+00 3.492521951110464595e+00
1.900000000000000133e+00 3.295735387872792188e+00 3.492466821928881693e+00
1.910000000000000142e+00 3.289164886511488639e+00 3.496322239190416070e+00
1.919999999999999929e+00 3.265238670700496559e+00 3.511058946258121427e+00
1.929999999999999938e+00 3.217763786769899603e+00 3.538857528108564132e+00
1.939999999999999947e+00 3.195016168862526929e+00 3.551330727633291939e+00
1.949999999999999956e+00 3.169648139654545727e+00 3.566819466465564137e+00
1.959999999999999964e+00 3.158619718380216934e+00 3.577064419908281057e+00
1.969999999999999973e+00 3.146070768478232527e+00 3.584201443936508635e+00
1.979999999999999982e+00 3.122679848625927512e+00 3.596618843126029752e+00
1.989999999999999991e+00 3.133864887129619969e+00 3.594657917774364275e+00
2.000000000000000000e+00 3.157301524463417497e+00 3.589636413726088993e+00
2.010000000000000231e+00 3.183566298786033144e+00 3.580443919943939513e+00
2.020000000000000018e+00 3.229824183822518791e+00 3.561697298931234990e+00
2.030000000000000249e+00 3.237500665885073126e+00 3.561736224273579943e+00
2.040000000000000036e+00 3.232504895873458572e+00 3.570921287769882824e+00
2.049999999999999822e+00 3.234760028758246531e+00 3.575262477323811527e+00
2.060000000000000053e+00 3.248887557195025977e+00 3.573640712253254748e+00
2.069999999999999840e+00 3.230285803080723994e+00 3.594949159542395023e+00
2.080000000000000071e+00 3.260640165812478397e+00 3.580786500928892391e+00
2.089999999999999858e+00 3.261691445921948596e+00 3.583833360753962527e+00
2.100000000000000089e+00 3.257867586929036108e+00 3.591203614815043466e+00
2.109999999999999876e+00 3.248197006513245277e+00 3.600029118002288087e+00
2.120000000000000107e+00 3.240848805472873018e+00 3.608716586730458253e+00
2.129999999999999893e+00 3.243504792412229776e+00 3.611285583070806382e+00
2.140000000000000124e+00 3.241686684381658523e+00 3.617355395155255948e+00
2.149999999999999911e+00 3.245949461936615155e+00 3.617103819687702337e+00
2.160000000000000142e+00 3.210413988044357847e+00 3.642165056478881002e+00
2.169999999999999929e+00 3.207930709954328830e+00 3.646279729362897459e+00
2.180000000000000160e+00 3.207432423172609681e+00 3.649212210306508553e+00
2.189999999999999947e+00 3.271280736256667154e+00 3.618094114049843490e+00
2.200000000000000178e+00 3.306385886891712200e+00 3.599347615176807569e+00
2.209999999999999964e+00 3.318349772480778448e+00 3.593194389330096605e+00
2.220000000000000195e+00 3.319681491425162889e+00 3.592600132114761813e+00
2.229999999999999982e+00 3.322039368950743032e+00 3.592107180989366100e+00
2.240000000000000213e+00 3.323578880316354844e+00 3.591791408036611788e+00
2.250000000000000000e+00 3.323314227742374616e+00 3.591545478034793515e+00
2.260000000000000231e+00 3.323091482343309533e+00 3.591461677685148235e+00
2.270000000000000018e+00 3.323037663959274912e+00 3.591084553486098674e+00
2.280000000000000249e+00 3.315170128396400351e+00 3.595303296591392694e+00
2.290000000000000036e+00 3.277556754025988894e+00 3.615557254565186618e+00
2.300000000000000266e+00 3.245590381820459669e+00 3.631868036839704494e+00
2.310000000000000053e+00 3.215866120396329020e+00 3.646684422542380677e+00
2.319999999999999840e+00 3.276923811682103338e+00 3.606009601070047754e+00
2.330000000000000071e+00 3.296887127707018639e+00 3.591143755245194580e+00
2.339999999999999858e+00 3.313898999279647040e+00 3.579095760690063965e+00
2.350000000000000089e+00 3.323160088169575310e+00 3.571702979295253044e+00
2.359999999999999876e+00 3.323549819071671241e+00 3.570832900893309958e+00
2.370000000000000107e+00 3.321888665195877000e+00 3.570686964744156366e+00
2.379999999999999893e+00 3.323327028818654494e+00 3.569551422929240214e+00
2.390000000000000124e+00 3.326794905884530973e+00 3.569505098015997024e+00
2.399999999999999911e+00 3.328724513462133050e+00 3.570740328070574510e+00
2.410000000000000142e+00 3.333067533097654689e+00 3.571420593289941436e+00
2.419999999999999929e+00 3.333723656669801194e+00 3.573646093877608010e+00
2.430000000000000160e+00 3.335910628283563106e+00 3.575992774054465251e+00
2.439999999999999947e+00 3.338609058025186371e+00 3.577123220355207245e+00
2.450000000000000178e+00 3.340102815465574970e+00 3.578985492887849063e+00
2.459999999999999964e+00 3.341095823730325876e+00 3.580343261781835373e+00
2.470000000000000195e+00 3.341275619059060897e+00 3.582228107380414972e+00
2.479999999999999982e+00 3.343327802661509640e+00 3.583996993099598516e+00
2.490000000000000213e+00 3.345503260146948321e+00 3.586313704269555203e+00
2.500000000000000000e+00 3.349522758675356648e+00 3.588266457661847042e+00
2.510000000000000231e+00 3.351733140970457825e+00 3.590017640007745037e+00
2.520000000000000018e+00 3.353206146340218741e+00 3.592632835521849533e+00
2.530000000000000249e+00 3.355655372182401841e+00 3.595728223727670425e+00
2.540000000000000036e+00 3.356996827929336291e+00 3.599161001479309618e+00
2.550000000000000266e+00 3.359812816043433514e+00 3.602935269894066650e+00
2.560000000000000053e+00 3.363392852624804696e+00 3.607082542811482107e+00
2.569999999999999840e+00 3.365756637118628269e+00 3.611194225508401523e+00
2.580000000000000071e+00 3.369842240203011485e+00 3.616290938097845853e+00
2.589999999999999858e+00 3.372661694818842371e+00 3.621990189202916710e+00
2.600000000000000089e+00 3.376041507702584710e+00 3.628376030854467693e+00
2.609999999999999876e+00 3.381816599391672895e+00 3.635903131924894005e+00
2.620000000000000107e+00 3.387873659889205857e+00 3.644055955579772910e+00
2.629999999999999893e+00 3.393628421732966860e+00 3.651656700528080446e+00
2.640000000000000124e+00 3.400259268790052136e+00 3.659684533552363117e+00
2.649999999999999911e+00 3.407626179207343675e+00 3.667682775012474750e+00
2.660000000000000142e+00 3.415621918075754326e+00 3.675652758766935424e+00
2.669999999999999929e+00 3.424328086041616537e+00 3.683530150643182566e+00
2.680000000000000160e+00 3.434081995302042500e+00 3.691112103466191563e+00
2.689999999999999947e+00 3.444594059542428699e+00 3.697797270365942079e+00
2.700000000000000178e+00 3.455074854525019834e+00 3.703450911900113329e+00
2.709999999999999964e+00 3.466717405708029887e+00 3.709436103102967230e+00
2.720000000000000195e+00 3.479731586991538173e+00 3.714809682983170269e+00
2.729999999999999982e+00 3.490779479713848499e+00 3.718998612165042683e+00
2.740000000000000213e+00 3.502335495539090182e+00 3.723168784975626977e+00
2.750000000000000000e+00 3.513451842991847318e+00 3.726630956228237590e+00
2.760000000000000231e+00 3.524183122227692255e+00 3.729595080759024572e+00
2.770000000000000018e+00 3.535006668689987031e+00 3.731630269619682139e+00
2.780000000000000249e+00 3.545260154593886437e+00 3.732982150160370605e+00
2.790000000000000036e+00 3.556429791057405421e+00 3.733791793610753640e+00
2.800000000000000266e+00 3.565804116837453019e+00 3.734023683679629446e+00
2.810000000000000053e+00 3.573684172688581739e+00 3.733703142498872474e+00
2.819999999999999840e+00 3.580636894389719771e+00 3.733278700683980489e+00
2.830000000000000071e+00 3.587497693155066614e+00 3.732516228272659831e+00
2.839999999999999858e+00 3.594123023505569225e+00 3.731552747058510366e+00
2.850000000000000089e+00 3.600260418110911687e+00 3.730366798776562298e+00
2.859999999999999876e+00 3.606136996292463426e+00 3.729050650063165495e+00
2.870000000000000107e+00 3.611024002173111036e+00 3.727752250258758338e+00
2.879999999999999893e+00 3.616162341218782217e+00 3.726297219561742757e+00
2.890000000000000124e+00 3.621112635501298804e+00 3.724714910704221893e+00
2.899999999999999911e+00 3.626116267639543533e+00 3.722979165633771625e+00
2.910000000000000142e+00 3.629789982314938879e+00 3.721611071457033848e+00
2.919999999999999929e+00 3.632868148729716307e+00 3.720493933980549617e+00
2.930000000000000160e+00 3.635840257165409817e+00 3.719365100286029069e+00
2.939999999999999947e+00 3.637587627529658363e+00 3.718707908196888567e+00
2.950000000000000178e+00 3.639271689339476534e+00 3.718056607069176511e+00
2.959999999999999964e+00 3.641398879301393610e+00 3.717260480373060449e+00
2.970000000000000195e+00 3.643322289492844757e+00 3.716543940832854442e+00
2.979999999999999982e+00 3.645205390782397803e+00 3.715857004446941669e+00
2.990000000000000213e+00 3.647407978922140970e+00 3.714924963649498757e+00
3.000000000000000000e+00 3.648817449837009619e+00 3.714345744242389280e+00
