0.000000000000000000e+00 1.063331093118786708e+00
1.000000000000000021e-02 1.063316481170058170e+00
2.000000000000000042e-02 1.063311298502087610e+00
2.999999999999999889e-02 1.063302595511078863e+00
4.000000000000000083e-02 1.063270592178702456e+00
5.000000000000000278e-02 1.063219546907544055e+00
5.999999999999999778e-02 1.063155259947180742e+00
7.000000000000000666e-02 1.063055305672288009e+00
8.000000000000000167e-02 1.060528540245294638e+00
8.999999999999999667e-02 2.972853190942406520e+00
1.000000000000000056e-01 3.780739076738357518e+00
1.100000000000000006e-01 3.934111911575794096e+00
1.199999999999999956e-01 3.934297150709629154e+00
1.300000000000000044e-01 3.934408825788497932e+00
1.400000000000000133e-01 3.934563152201175473e+00
1.499999999999999944e-01 3.934709674589633721e+00
1.600000000000000033e-01 3.934863793792724440e+00
1.700000000000000122e-01 3.934952243959903839e+00
1.799999999999999933e-01 3.934924328505992719e+00
1.900000000000000022e-01 3.934874756219386871e+00
2.000000000000000111e-01 3.934781976118087776e+00
2.099999999999999922e-01 3.934633981173038642e+00
2.200000000000000011e-01 3.934644677903652354e+00
2.300000000000000100e-01 3.934576444642543969e+00
2.399999999999999911e-01 3.934508555893898141e+00
2.500000000000000000e-01 3.934531604828834350e+00
2.600000000000000089e-01 3.934540928213596356e+00
2.700000000000000178e-01 3.934520121984481644e+00
2.800000000000000266e-01 3.934461461703777196e+00
2.899999999999999800e-01 3.934392852110862648e+00
2.999999999999999889e-01 3.934316942837238429e+00
3.099999999999999978e-01 3.933951692328453209e+00
3.200000000000000067e-01 3.933596699039936251e+00
3.300000000000000155e-01 3.933329441177844998e+00
3.400000000000000244e-01 3.933162466430664139e+00
3.500000000000000333e-01 3.933052994663715385e+00
3.599999999999999867e-01 3.932946154727935628e+00
3.699999999999999956e-01 3.932875331594944068e+00
3.800000000000000044e-01 3.932878839275836924e+00
3.900000000000000133e-01 3.932874873251914760e+00
4.000000000000000222e-01 3.932874792451858337e+00
4.100000000000000311e-01 3.932866054487228258e+00
4.199999999999999845e-01 3.932847375292777947e+00
4.299999999999999933e-01 3.929868155641556005e+00
4.400000000000000022e-01 3.912799092388153266e+00
4.500000000000000111e-01 3.860787923932075483e+00
4.600000000000000200e-01 3.780225460295677298e+00
4.700000000000000289e-01 3.680774766070842752e+00
4.799999999999999822e-01 3.542170251343250253e+00
4.899999999999999911e-01 3.370102788374424119e+00
5.000000000000000000e-01 3.082045255454778587e+00
5.100000000000000089e-01 2.841559523810148313e+00
5.200000000000000178e-01 2.695541728986501795e+00
5.300000000000000266e-01 2.697363575572967687e+00
5.400000000000000355e-01 2.615908408161401688e+00
5.500000000000000444e-01 2.577599722733497689e+00
5.600000000000000533e-01 2.550981082644462550e+00
5.700000000000000622e-01 2.545088522157668898e+00
5.799999999999999600e-01 2.548982621355056821e+00
5.899999999999999689e-01 2.578590336625576018e+00
5.999999999999999778e-01 2.641843293139934712e+00
6.099999999999999867e-01 2.689576718506812902e+00
6.199999999999999956e-01 2.728041012353897177e+00
6.300000000000000044e-01 2.770651204457283079e+00
6.400000000000000133e-01 2.860104016218185219e+00
6.500000000000000222e-01 2.941894753260612561e+00
6.600000000000000311e-01 2.995794177372455458e+00
6.700000000000000400e-01 3.050282034409045995e+00
6.800000000000000488e-01 3.091635632722377736e+00
6.900000000000000577e-01 3.136633540160655986e+00
7.000000000000000666e-01 3.168304110169410492e+00
7.099999999999999645e-01 3.204271327555179738e+00
7.199999999999999734e-01 3.246621628398895343e+00
7.299999999999999822e-01 3.270051823689937631e+00
7.399999999999999911e-01 3.291237041125297580e+00
7.500000000000000000e-01 3.312320032713413021e+00
7.600000000000000089e-01 3.328297088587284236e+00
7.700000000000000178e-01 3.337831724886894058e+00
7.800000000000000266e-01 3.349185386259555752e+00
7.900000000000000355e-01 3.359611970243454149e+00
8.000000000000000444e-01 3.380789441368579951e+00
8.100000000000000533e-01 3.389668587837219249e+00
8.200000000000000622e-01 3.399889015445709095e+00
8.300000000000000711e-01 3.408449827527999965e+00
8.399999999999999689e-01 3.420588524596690938e+00
8.499999999999999778e-01 3.430357349283695179e+00
8.599999999999999867e-01 3.436685439527034980e+00
8.699999999999999956e-01 3.439104385232925498e+00
8.800000000000000044e-01 3.441155803766250632e+00
8.900000000000000133e-01 3.442647356634140010e+00
9.000000000000000222e-01 3.443322410118579757e+00
9.100000000000000311e-01 3.443667710955142791e+00
9.200000000000000400e-01 3.443843733212947900e+00
9.300000000000000488e-01 3.444193589086532725e+00
9.400000000000000577e-01 3.444411031410694157e+00
9.500000000000000666e-01 3.444412519147395990e+00
9.599999999999999645e-01 3.443831956224441715e+00
9.699999999999999734e-01 3.443188492257595268e+00
9.799999999999999822e-01 3.442898448190689020e+00
9.899999999999999911e-01 3.442669910364151153e+00
1.000000000000000000e+00 3.442469777202606274e+00
1.010000000000000009e+00 3.442253642020225435e+00
1.020000000000000018e+00 3.441936266508102360e+00
1.030000000000000027e+00 3.441913394117355196e+00
1.040000000000000036e+00 3.441455024235248406e+00
1.050000000000000044e+00 3.440859952988624570e+00
1.060000000000000053e+00 3.441012918384075192e+00
1.070000000000000062e+00 3.440872995092868702e+00
1.080000000000000071e+00 3.441162094228267687e+00
1.090000000000000080e+00 3.441284085040092311e+00
1.100000000000000089e+00 3.441723487772941681e+00
1.110000000000000098e+00 3.441859500062465660e+00
1.120000000000000107e+00 3.442256007514000071e+00
1.130000000000000115e+00 3.442869074206352131e+00
1.140000000000000124e+00 3.443130257391929572e+00
1.150000000000000133e+00 3.443286946837901930e+00
1.159999999999999920e+00 3.443422716276645534e+00
1.169999999999999929e+00 3.443522635619640226e+00
1.179999999999999938e+00 3.443523532867431847e+00
1.189999999999999947e+00 3.443595643038749543e+00
1.199999999999999956e+00 3.443671118023395650e+00
1.209999999999999964e+00 3.443851615667343324e+00
1.219999999999999973e+00 3.443901926829814997e+00
1.229999999999999982e+00 3.443913576548099709e+00
1.239999999999999991e+00 3.444025149047374779e+00
1.250000000000000000e+00 3.444109825758934207e+00
1.260000000000000009e+00 3.444172046372890428e+00
1.270000000000000018e+00 3.444172180576324571e+00
1.280000000000000027e+00 3.444075010306835161e+00
1.290000000000000036e+00 3.443628546416759306e+00
1.300000000000000044e+00 3.443228882019519599e+00
1.310000000000000053e+00 3.442097713649272972e+00
1.320000000000000062e+00 3.441586478307247177e+00
1.330000000000000071e+00 3.441458402998447408e+00
1.340000000000000080e+00 3.441370372574329206e+00
1.350000000000000089e+00 3.440991229958534348e+00
1.360000000000000098e+00 3.440384458253383571e+00
1.370000000000000107e+00 3.439711660258769843e+00
1.380000000000000115e+00 3.437942522585391902e+00
1.390000000000000124e+00 3.436357511975765444e+00
1.400000000000000133e+00 3.435199249632358676e+00
1.409999999999999920e+00 3.434444263780116913e+00
1.419999999999999929e+00 3.434027375037670193e+00
1.429999999999999938e+00 3.433464954502582600e+00
1.439999999999999947e+00 3.432752260425090629e+00
1.449999999999999956e+00 3.431759339015483690e+00
1.459999999999999964e+00 3.430689175324439955e+00
1.469999999999999973e+00 3.428594617166519143e+00
1.479999999999999982e+00 3.427177946889400584e+00
1.489999999999999991e+00 3.425215282700061703e+00
1.500000000000000000e+00 3.422840566048622080e+00
1.510000000000000009e+00 3.420606933107376069e+00
1.520000000000000018e+00 3.418976723167896470e+00
1.530000000000000027e+00 3.416858420457840051e+00
1.540000000000000036e+00 3.415904321405887512e+00
1.550000000000000044e+00 3.415525905580520494e+00
1.560000000000000053e+00 3.415015134902000593e+00
1.570000000000000062e+00 3.414096738204956072e+00
1.580000000000000071e+00 3.412956073031425674e+00
1.590000000000000080e+00 3.411785996880531524e+00
1.600000000000000089e+00 3.411194555253982408e+00
1.610000000000000098e+00 3.410651008722782151e+00
1.620000000000000107e+00 3.410374456830024936e+00
1.630000000000000115e+00 3.410151228432655390e+00
1.640000000000000124e+00 3.409980748612880586e+00
1.650000000000000133e+00 3.409848481302261369e+00
1.660000000000000142e+00 3.409648016533851411e+00
1.669999999999999929e+00 3.409177153494358237e+00
1.679999999999999938e+00 3.408694334387779357e+00
1.689999999999999947e+00 3.408362624728679791e+00
1.699999999999999956e+00 3.408012349238395799e+00
1.709999999999999964e+00 3.407708502271175277e+00
1.719999999999999973e+00 3.407292142541408442e+00
1.729999999999999982e+00 3.406962974393367816e+00
1.739999999999999991e+00 3.406609047939777479e+00
1.750000000000000000e+00 3.406327434260845166e+00
1.760000000000000009e+00 3.405916793320178826e+00
1.770000000000000018e+00 3.405481043388843609e+00
1.780000000000000027e+00 3.405224591233730447e+00
1.790000000000000036e+00 3.404572889533042712e+00
1.800000000000000044e+00 3.401865977399349372e+00
1.810000000000000053e+00 3.403077247514724846e+00
1.820000000000000062e+00 3.403431211481094287e+00
1.830000000000000071e+00 3.403111311292648100e+00
1.840000000000000080e+00 3.402687028255462653e+00
1.850000000000000089e+00 3.401704755487442000e+00
1.860000000000000098e+00 3.400193801348209366e+00
1.870000000000000107e+00 3.398803583173751974e+00
1.880000000000000115e+00 3.396718000652790170e+00
1.890000000000000124e+00 3.395381797509193333e+00
1.900000000000000133e+00 3.394101104900836940e+00
1.910000000000000142e+00 3.392743562850952355e+00
1.919999999999999929e+00 3.388148808479308993e+00
1.929999999999999938e+00 3.378310657439231868e+00
1.939999999999999947e+00 3.373173448247909434e+00
1.949999999999999956e+00 3.368233803060054932e+00
1.959999999999999964e+00 3.367842069144248995e+00
1.969999999999999973e+00 3.365136106207370581e+00
1.979999999999999982e+00 3.359649345875978632e+00
1.989999999999999991e+00 3.364261402451992122e+00
2.000000000000000000e+00 3.373468969094753245e+00
2.010000000000000231e+00 3.382005109364986328e+00
2.020000000000000018e+00 3.395760741376876890e+00
2.030000000000000249e+00 3.399618445079326534e+00
2.040000000000000036e+00 3.401713091821670698e+00
2.049999999999999822e+00 3.405011253041029029e+00
2.060000000000000053e+00 3.411264134724140362e+00
2.069999999999999840e+00 3.412617481311559509e+00
2.080000000000000071e+00 3.420713333370685394e+00
2.089999999999999858e+00 3.422762403337955561e+00
2.100000000000000089e+00 3.424535600872039787e+00
2.109999999999999876e+00 3.424113062257766682e+00
2.120000000000000107e+00 3.424782696101665636e+00
2.129999999999999893e+00 3.427395187741518079e+00
2.140000000000000124e+00 3.429521039768457236e+00
2.149999999999999911e+00 3.431526640812158746e+00
2.160000000000000142e+00 3.426289522261619425e+00
2.169999999999999929e+00 3.427105219658613144e+00
2.180000000000000160e+00 3.428322316739559117e+00
2.189999999999999947e+00 3.444687425153255322e+00
2.200000000000000178e+00 3.452866751034259885e+00
2.209999999999999964e+00 3.455772080905437527e+00
2.220000000000000195e+00 3.456140811769962351e+00
2.229999999999999982e+00 3.457073274970054566e+00
2.240000000000000213e+00 3.457685144176483316e+00
2.250000000000000000e+00 3.457429852888584065e+00
2.260000000000000231e+00 3.457276580014228884e+00
2.270000000000000018e+00 3.457061108722686793e+00
2.280000000000000249e+00 3.455236712493896523e+00
2.290000000000000036e+00 3.446557004295587756e+00
2.300000000000000266e+00 3.438729209330082082e+00
2.310000000000000053e+00 3.431275271469354848e+00
2.319999999999999840e+00 3.441466706376075546e+00
2.330000000000000071e+00 3.444015441476106609e+00
2.339999999999999858e+00 3.446497379984855502e+00
2.350000000000000089e+00 3.447431533732414177e+00
2.359999999999999876e+00 3.447191359982490599e+00
2.370000000000000107e+00 3.446287814970016683e+00
2.379999999999999893e+00 3.446439225873947354e+00
2.390000000000000124e+00 3.448150001950263999e+00
2.399999999999999911e+00 3.449732420766353780e+00
2.410000000000000142e+00 3.452244063193798063e+00
2.419999999999999929e+00 3.453684875273704602e+00
2.430000000000000160e+00 3.455951701169014179e+00
2.439999999999999947e+00 3.457866139190196808e+00
2.450000000000000178e+00 3.459544154176712016e+00
2.459999999999999964e+00 3.460719542756080624e+00
2.470000000000000195e+00 3.461751863219737935e+00
2.479999999999999982e+00 3.463662397880554078e+00
2.490000000000000213e+00 3.465908482208251762e+00
2.500000000000000000e+00 3.468894608168601845e+00
2.510000000000000231e+00 3.470875390489101431e+00
2.520000000000000018e+00 3.472919490931034137e+00
2.530000000000000249e+00 3.475691797955036133e+00
2.540000000000000036e+00 3.478078914704322955e+00
2.550000000000000266e+00 3.481374042968750082e+00
2.560000000000000053e+00 3.485237697718143401e+00
2.569999999999999840e+00 3.488475431313514896e+00
2.580000000000000071e+00 3.493066589150428669e+00
2.589999999999999858e+00 3.497325942010879540e+00
2.600000000000000089e+00 3.502208769278526201e+00
2.609999999999999876e+00 3.508859865658283450e+00
2.620000000000000107e+00 3.515964807734489384e+00
2.629999999999999893e+00 3.522642561130523653e+00
2.640000000000000124e+00 3.529971901171207627e+00
2.649999999999999911e+00 3.537654477109909212e+00
2.660000000000000142e+00 3.545637338421344875e+00
2.669999999999999929e+00 3.553929118342399551e+00
2.680000000000000160e+00 3.562597049384117032e+00
2.689999999999999947e+00 3.571195664954185389e+00
2.700000000000000178e+00 3.579262883212566582e+00
2.709999999999999964e+00 3.588076754405498558e+00
2.720000000000000195e+00 3.597270634987354221e+00
2.729999999999999982e+00 3.604889045939445591e+00
2.740000000000000213e+00 3.612752140257358580e+00
2.750000000000000000e+00 3.620041399610042454e+00
2.760000000000000231e+00 3.626889101493358414e+00
2.770000000000000018e+00 3.633318469154834585e+00
2.780000000000000249e+00 3.639121152377128521e+00
2.790000000000000036e+00 3.645110792334079530e+00
2.800000000000000266e+00 3.649913900258541233e+00
2.810000000000000053e+00 3.653693657593727107e+00
2.819999999999999840e+00 3.656957797536850130e+00
2.830000000000000071e+00 3.660006960713863222e+00
2.839999999999999858e+00 3.662837885282039796e+00
2.850000000000000089e+00 3.665313608443736992e+00
2.859999999999999876e+00 3.667593823177814460e+00
2.870000000000000107e+00 3.669388126215934687e+00
2.879999999999999893e+00 3.671229780390262487e+00
2.890000000000000124e+00 3.672913773102760349e+00
2.899999999999999911e+00 3.674547716636657579e+00
2.910000000000000142e+00 3.675700526885986363e+00
2.919999999999999929e+00 3.676681041355132962e+00
2.930000000000000160e+00 3.677602678725719443e+00
2.939999999999999947e+00 3.678147767863273465e+00
2.950000000000000178e+00 3.678664148204326523e+00
2.959999999999999964e+00 3.679329679837227030e+00
2.970000000000000195e+00 3.679933115162849599e+00
2.979999999999999982e+00 3.680531197614669736e+00
2.990000000000000213e+00 3.681166471285819863e+00
3.000000000000000000e+00 3.681581597039699449e+00
