0.000000000000000000e+00 3.028933933129919209e-01 3.333460763862716725e-01
1.000000000000000021e-02 7.936630257806823741e-01 9.826720447184994489e-01
2.000000000000000042e-02 8.344647099798607748e-01 9.591403469890666944e-01
2.999999999999999889e-02 8.418999696334458216e-01 9.337816340044878816e-01
4.000000000000000083e-02 1.736699379325507886e+00 4.432213845471741465e+00
5.000000000000000278e-02 3.864799859966514983e+00 3.996296156883956119e+00
5.999999999999999778e-02 3.864816201634917459e+00 3.996300530418838814e+00
7.000000000000000666e-02 3.864958103043596882e+00 3.996280341484982568e+00
8.000000000000000167e-02 3.864974437072632441e+00 3.996282971951606200e+00
8.999999999999999667e-02 3.865025329087096395e+00 3.996288818871659210e+00
1.000000000000000056e-01 3.865017803281562081e+00 3.996310473839027821e+00
1.100000000000000006e-01 3.864120953801135627e+00 3.996734014427204329e+00
1.199999999999999956e-01 3.861223608855554712e+00 3.998266797786405480e+00
1.300000000000000044e-01 3.859653776420813198e+00 3.999148634959001303e+00
1.400000000000000133e-01 3.855293124190549481e+00 4.001792943691034665e+00
1.499999999999999944e-01 3.820408735552647705e+00 4.023482518180987455e+00
1.600000000000000033e-01 3.584057335365159691e+00 4.150251615430967433e+00
1.700000000000000122e-01 3.265525672064183205e+00 4.228248831100108518e+00
1.799999999999999933e-01 3.333593340317950293e+00 4.149212954967274491e+00
1.900000000000000022e-01 3.211969677861015615e+00 4.109289097158630000e+00
2.000000000000000111e-01 2.981194510183704072e+00 4.049580343517886760e+00
2.099999999999999922e-01 2.816571643602426622e+00 3.945390113747541339e+00
2.200000000000000011e-01 2.821921249149058397e+00 3.839197750422742139e+00
2.300000000000000100e-01 2.636123274727176558e+00 3.734927174567867603e+00
2.399999999999999911e-01 2.600896477797111750e+00 3.636767322411456504e+00
2.500000000000000000e-01 2.577588855939495716e+00 3.540852487806689375e+00
2.600000000000000089e-01 2.591563419051273520e+00 3.438479371788398353e+00
2.700000000000000178e-01 2.605857175022251226e+00 3.408786699055545988e+00
2.800000000000000266e-01 2.661193753244767812e+00 3.399184138224233820e+00
2.899999999999999800e-01 2.772951819865321799e+00 3.383115958712482385e+00
2.999999999999999889e-01 2.820166527190274941e+00 3.355641453137331531e+00
3.099999999999999978e-01 2.863862113560650791e+00 3.356583961473490696e+00
3.200000000000000067e-01 2.892679846805448651e+00 3.361238595787172212e+00
3.300000000000000155e-01 2.905196607226879557e+00 3.363776586471050045e+00
3.400000000000000244e-01 2.931654376669336148e+00 3.360755785770010551e+00
3.500000000000000333e-01 2.952391389828559642e+00 3.358087117170456271e+00
3.599999999999999867e-01 3.008943485938145201e+00 3.343845147441791177e+00
3.699999999999999956e-01 3.045851059467262534e+00 3.329667660968833598e+00
3.800000000000000044e-01 3.062942063244270763e+00 3.315761329580856120e+00
3.900000000000000133e-01 3.070810511570179813e+00 3.306772233333384214e+00
4.000000000000000222e-01 3.093751126221964576e+00 3.273966565890957803e+00
4.100000000000000311e-01 3.115446182169122391e+00 3.248517856870489329e+00
4.199999999999999845e-01 3.125806893578075396e+00 3.237350505456424443e+00
4.299999999999999933e-01 3.132468325637808970e+00 3.234029784713753575e+00
4.400000000000000022e-01 3.135025849554490041e+00 3.233197889883566933e+00
4.500000000000000111e-01 3.137878660816673992e+00 3.232377426724906577e+00
4.600000000000000200e-01 3.143065717026864103e+00 3.230322280686225067e+00
4.700000000000000289e-01 3.150951869615013390e+00 3.226913378373687191e+00
4.799999999999999822e-01 3.156024618551129368e+00 3.225267013800745541e+00
4.899999999999999911e-01 3.158000700885256418e+00 3.224792938660184571e+00
5.000000000000000000e-01 3.159303517674623585e+00 3.224657718158544739e+00
5.100000000000000089e-01 3.160888812925638724e+00 3.224412641647038669e+00
5.200000000000000178e-01 3.161827168323724901e+00 3.224216181261807979e+00
5.300000000000000266e-01 3.162530200281325587e+00 3.223902487454231913e+00
5.400000000000000355e-01 3.163170202401623943e+00 3.223754435874476076e+00
5.500000000000000444e-01 3.163697927646132779e+00 3.223708889508751785e+00
5.600000000000000533e-01 3.164106409727839520e+00 3.223711996701450921e+00
5.700000000000000622e-01 3.164445350299116555e+00 3.223622124676469802e+00
5.799999999999999600e-01 3.164939183996035243e+00 3.223544374477552044e+00
5.899999999999999689e-01 3.165315428258023367e+00 3.223423359989085135e+00
5.999999999999999778e-01 3.165885839943416435e+00 3.223349542031757942e+00
6.099999999999999867e-01 3.166554946309199536e+00 3.223295230406651335e+00
6.199999999999999956e-01 3.167131489978047831e+00 3.223265601310519202e+00
6.300000000000000044e-01 3.167659948147394378e+00 3.223178156939886296e+00
6.400000000000000133e-01 3.168284658492710459e+00 3.223124385248515633e+00
6.500000000000000222e-01 3.168700932368239354e+00 3.222993381844559746e+00
6.600000000000000311e-01 3.168961349226104396e+00 3.222939868706596656e+00
6.700000000000000400e-01 3.169245514566940258e+00 3.222934861185509092e+00
6.800000000000000488e-01 3.169581341424709375e+00 3.222920343584293246e+00
6.900000000000000577e-01 3.169944330867244808e+00 3.222888650580928882e+00
7.000000000000000666e-01 3.170386387046351118e+00 3.222670441080556003e+00
7.099999999999999645e-01 3.170817006156260831e+00 3.222348172433560087e+00
7.199999999999999734e-01 3.171372256167324988e+00 3.221847100917903273e+00
7.299999999999999822e-01 3.171797959892081131e+00 3.221403006423188664e+00
7.399999999999999911e-01 3.172097868918860808e+00 3.221158905263459271e+00
7.500000000000000000e-01 3.172228124142866257e+00 3.221150773733873152e+00
7.600000000000000089e-01 3.172522738605308312e+00 3.220838163527679932e+00
7.700000000000000178e-01 3.172840793795575820e+00 3.220371499366770252e+00
7.800000000000000266e-01 3.172941047663787373e+00 3.220317405319114812e+00
7.900000000000000355e-01 3.173054655086332776e+00 3.220184512794678877e+00
8.000000000000000444e-01 3.173184821217852836e+00 3.220103698350590626e+00
8.100000000000000533e-01 3.173272892968850734e+00 3.219886301572127074e+00
8.200000000000000622e-01 3.173345940432728884e+00 3.219636428928195127e+00
8.300000000000000711e-01 3.173417988223088404e+00 3.219364388228404206e+00
8.399999999999999689e-01 3.173597417849333358e+00 3.218891342931954558e+00
8.499999999999999778e-01 3.173885752437454411e+00 3.218115595705169252e+00
8.599999999999999867e-01 3.174008395570446783e+00 3.217595987521479461e+00
8.699999999999999956e-01 3.174163202170924958e+00 3.217029545379085587e+00
8.800000000000000044e-01 3.174420070747456801e+00 3.216328602338709874e+00
8.900000000000000133e-01 3.174611307832527096e+00 3.215818403266143655e+00
9.000000000000000222e-01 3.174602176136692933e+00 3.215597354746142500e+00
9.100000000000000311e-01 3.174609348304325174e+00 3.215364061686939223e+00
9.200000000000000400e-01 3.174442279251354471e+00 3.215213429495555886e+00
9.300000000000000488e-01 3.174150077273891757e+00 3.215095526359034839e+00
9.400000000000000577e-01 3.173955134565680680e+00 3.215047916290910024e+00
9.500000000000000666e-01 3.173543510460297590e+00 3.215099530673582784e+00
9.599999999999999645e-01 3.173216570570918549e+00 3.215235008112934167e+00
9.699999999999999734e-01 3.172771065781755606e+00 3.215361455079869923e+00
9.799999999999999822e-01 3.172241562502435386e+00 3.215570258395620939e+00
9.899999999999999911e-01 3.171813254795061265e+00 3.215766052832616406e+00
1.000000000000000000e+00 3.171272842324736274e+00 3.215898314329622032e+00
1.010000000000000009e+00 3.170610697744033146e+00 3.216028970291474387e+00
1.020000000000000018e+00 3.170067362157604318e+00 3.216124947651126664e+00
1.030000000000000027e+00 3.169059665918423363e+00 3.216421526708529655e+00
1.040000000000000036e+00 3.167967521014714016e+00 3.216758254069781664e+00
1.050000000000000044e+00 3.167187049695643797e+00 3.217075080312099988e+00
1.060000000000000053e+00 3.166645689839126199e+00 3.217202738867996459e+00
1.070000000000000062e+00 3.165595287007453518e+00 3.217469179335472607e+00
1.080000000000000071e+00 3.164801654103964523e+00 3.217663259621888372e+00
1.090000000000000080e+00 3.163674479264346751e+00 3.218220782895954812e+00
1.100000000000000089e+00 3.162654154625756941e+00 3.218705063823835477e+00
1.110000000000000098e+00 3.161373191063577615e+00 3.219925580494230388e+00
1.120000000000000107e+00 3.159384055952027204e+00 3.221660683342024711e+00
1.130000000000000115e+00 3.158698206093925265e+00 3.222084592272621784e+00
1.140000000000000124e+00 3.158522373551535978e+00 3.220543727813553581e+00
1.150000000000000133e+00 3.157523649868290594e+00 3.220491560278613274e+00
1.159999999999999920e+00 3.155664626631347058e+00 3.221176813221367841e+00
1.169999999999999929e+00 3.153237571659367688e+00 3.222184690494257708e+00
1.179999999999999938e+00 3.151558820093057545e+00 3.222850358993627484e+00
1.189999999999999947e+00 3.149231567077776184e+00 3.223733356461385924e+00
1.199999999999999956e+00 3.146627822651895112e+00 3.224897193484274727e+00
1.209999999999999964e+00 3.145544809538112219e+00 3.225441167429699441e+00
1.219999999999999973e+00 3.144446860724608328e+00 3.225965463208039452e+00
1.229999999999999982e+00 3.144073736999248858e+00 3.226158051059032417e+00
1.239999999999999991e+00 3.143376820293251050e+00 3.226438890489753852e+00
1.250000000000000000e+00 3.142285816301261914e+00 3.226968259135329919e+00
1.260000000000000009e+00 3.140585024376613354e+00 3.227755249647396241e+00
1.270000000000000018e+00 3.137667797148518734e+00 3.228732824713893113e+00
1.280000000000000027e+00 3.134186594373733481e+00 3.229998152902572972e+00
1.290000000000000036e+00 3.131542105787074259e+00 3.230843647086346859e+00
1.300000000000000044e+00 3.129852491467282949e+00 3.231287057392313589e+00
1.310000000000000053e+00 3.128347888994081227e+00 3.231756336851255629e+00
1.320000000000000062e+00 3.127066525782656203e+00 3.232113106861997043e+00
1.330000000000000071e+00 3.125865327793925896e+00 3.232540769856602214e+00
1.340000000000000080e+00 3.123965301589826105e+00 3.233347193336626901e+00
1.350000000000000089e+00 3.122123677928875018e+00 3.234111717969944344e+00
1.360000000000000098e+00 3.121093051392843876e+00 3.234542164495179506e+00
1.370000000000000107e+00 3.120773676897772297e+00 3.234625754535905173e+00
1.380000000000000115e+00 3.120730885747489580e+00 3.234686630679550312e+00
1.390000000000000124e+00 3.120620609164737047e+00 3.234746151470639042e+00
1.400000000000000133e+00 3.120607482181289694e+00 3.234821532034179992e+00
1.409999999999999920e+00 3.120375147952958006e+00 3.234872667894439058e+00
1.419999999999999929e+00 3.120211275708888010e+00 3.234954811155583698e+00
1.429999999999999938e+00 3.119950790959913789e+00 3.235147191332261585e+00
1.439999999999999947e+00 3.118499793718193303e+00 3.239534211318161105e+00
1.449999999999999956e+00 3.115592199626673775e+00 3.247510480899105545e+00
1.459999999999999964e+00 3.111277268790012318e+00 3.258166953169101543e+00
1.469999999999999973e+00 3.107822805252534515e+00 3.270466761235731212e+00
1.479999999999999982e+00 3.104450857801250407e+00 3.282997597489544006e+00
1.489999999999999991e+00 3.101804912105639023e+00 3.296195154990117171e+00
1.500000000000000000e+00 3.100343404774551725e+00 3.304562842240447385e+00
1.510000000000000009e+00 3.098094953970707000e+00 3.314755756726466718e+00
1.520000000000000018e+00 3.098208040291166920e+00 3.327284061335229470e+00
1.530000000000000027e+00 3.098821385955627505e+00 3.337323638100807344e+00
1.540000000000000036e+00 3.099642916489751432e+00 3.347062556346742657e+00
1.550000000000000044e+00 3.099931946231620383e+00 3.358770286200745137e+00
1.560000000000000053e+00 3.093309607418764706e+00 3.376539896069775892e+00
1.570000000000000062e+00 3.074911426380086077e+00 3.406183112513613942e+00
1.580000000000000071e+00 3.071278214974029641e+00 3.441578508115188395e+00
1.590000000000000080e+00 3.095874931223956406e+00 3.470245263893040555e+00
1.600000000000000089e+00 3.110289818905990433e+00 3.502894691196281496e+00
1.610000000000000098e+00 3.136826607236494091e+00 3.544305508695017259e+00
1.620000000000000107e+00 3.168266800985921616e+00 3.586459333891283574e+00
1.630000000000000115e+00 3.207960560139415218e+00 3.624431903592350235e+00
1.640000000000000124e+00 3.254730571102177894e+00 3.658313823438609003e+00
1.650000000000000133e+00 3.299158274712416627e+00 3.677026345644143213e+00
1.660000000000000142e+00 3.337590605425509782e+00 3.688246625314083982e+00
1.669999999999999929e+00 3.376043209220688457e+00 3.695051269863326215e+00
1.679999999999999938e+00 3.406968541170181553e+00 3.697058218144355202e+00
1.689999999999999947e+00 3.439248105422838542e+00 3.695734125683920013e+00
1.699999999999999956e+00 3.472353076853966769e+00 3.690803204459929709e+00
1.709999999999999964e+00 3.495595204925152188e+00 3.684735369058040000e+00
1.719999999999999973e+00 3.507892251668441652e+00 3.680813468603622240e+00
1.729999999999999982e+00 3.513180604013625086e+00 3.679098609128770292e+00
1.739999999999999991e+00 3.512651016340678556e+00 3.679914237083965478e+00
1.750000000000000000e+00 3.512631755454919347e+00 3.680530923125365117e+00
1.760000000000000009e+00 3.510827405383720734e+00 3.682943141271934007e+00
1.770000000000000018e+00 3.506138897731217341e+00 3.687316292889205371e+00
1.780000000000000027e+00 3.484020972931762827e+00 3.702791625210861248e+00
1.790000000000000036e+00 3.478398101101014994e+00 3.706456965556051308e+00
1.800000000000000044e+00 3.473339533719052685e+00 3.709615942364702601e+00
1.810000000000000053e+00 3.468706737890402181e+00 3.712762199811776576e+00
1.820000000000000062e+00 3.468714713788391801e+00 3.713234234728453931e+00
1.830000000000000071e+00 3.468896044764839814e+00 3.713574576458610110e+00
1.840000000000000080e+00 3.468673680663878045e+00 3.714229021715349077e+00
1.850000000000000089e+00 3.468363087123153221e+00 3.715265475918533511e+00
1.860000000000000098e+00 3.469317407590871039e+00 3.715681524751658582e+00
1.870000000000000107e+00 3.480894018883583740e+00 3.712271160760047373e+00
1.880000000000000115e+00 3.508365552151206046e+00 3.702128764913079628e+00
1.890000000000000124e+00 3.517367772069054599e+00 3.699895476159972052e+00
1.900000000000000133e+00 3.526486926580836734e+00 3.697264999068806457e+00
1.910000000000000142e+00 3.531888050648414268e+00 3.695225135110176584e+00
1.919999999999999929e+00 3.537656194498997486e+00 3.692757829339045728e+00
1.929999999999999938e+00 3.541777847164797599e+00 3.690908904444050620e+00
1.939999999999999947e+00 3.547007185727913736e+00 3.688590053799788215e+00
1.949999999999999956e+00 3.550217952720545078e+00 3.687258461187459702e+00
1.959999999999999964e+00 3.551665820332637225e+00 3.686938753770718336e+00
1.969999999999999973e+00 3.553734460100643755e+00 3.687423952394015547e+00
1.979999999999999982e+00 3.556603258705969051e+00 3.688601025399332212e+00
1.989999999999999991e+00 3.559639444284918408e+00 3.689524905890939177e+00
2.000000000000000000e+00 3.561679014326650794e+00 3.690069520672243364e+00
2.010000000000000231e+00 3.563688906549387525e+00 3.690260078579015612e+00
2.020000000000000018e+00 3.566341808958915838e+00 3.690603213266463900e+00
2.030000000000000249e+00 3.568398448400738499e+00 3.690629740485903643e+00
2.040000000000000036e+00 3.569621795250597973e+00 3.690649485338505453e+00
2.049999999999999822e+00 3.570405432455832972e+00 3.690643969027703086e+00
2.060000000000000053e+00 3.570744640559773142e+00 3.690680388298412051e+00
2.069999999999999840e+00 3.570960234928527210e+00 3.690711594042382249e+00
2.080000000000000071e+00 3.570979650016732343e+00 3.690589033302359212e+00
2.089999999999999858e+00 3.570975576888580694e+00 3.690538385523300047e+00
2.100000000000000089e+00 3.570969320671981695e+00 3.690474181963974143e+00
2.109999999999999876e+00 3.570966042268679086e+00 3.690455708710744798e+00
2.120000000000000107e+00 3.570966916583952599e+00 3.690349051104607536e+00
2.129999999999999893e+00 3.570968852960489048e+00 3.690266690767385338e+00
2.140000000000000124e+00 3.570975168827154711e+00 3.690205078627488255e+00
2.149999999999999911e+00 3.570977362744692574e+00 3.690070363404866161e+00
2.160000000000000142e+00 3.570985407688713753e+00 3.689972107698821002e+00
2.169999999999999929e+00 3.571018405648343830e+00 3.689748107384569487e+00
2.180000000000000160e+00 3.571055359705789023e+00 3.689553416496412552e+00
2.189999999999999947e+00 3.571164198444158444e+00 3.689270451910227067e+00
2.200000000000000178e+00 3.571199944941851001e+00 3.689111277640012787e+00
2.209999999999999964e+00 3.571203832099535180e+00 3.689064908893011197e+00
2.220000000000000195e+00 3.571362910059069140e+00 3.688572531210805305e+00
2.229999999999999982e+00 3.571499975278248584e+00 3.688154212701449275e+00
2.240000000000000213e+00 3.571563702678501873e+00 3.687819229135691490e+00
2.250000000000000000e+00 3.571603448439101491e+00 3.687600370974083219e+00
2.260000000000000231e+00 3.571739857517413075e+00 3.687201526593038015e+00
2.270000000000000018e+00 3.571718314409628725e+00 3.687052807159051149e+00
2.280000000000000249e+00 3.571708928624586665e+00 3.687004825585885381e+00
2.290000000000000036e+00 3.571788880935534927e+00 3.686695391210689898e+00
2.300000000000000266e+00 3.571850688199978308e+00 3.686421302399653932e+00
2.310000000000000053e+00 3.572449438173201486e+00 3.685099934580895464e+00
2.319999999999999840e+00 3.572605810947823368e+00 3.684697362951827149e+00
2.330000000000000071e+00 3.573153142791917869e+00 3.683468489073583374e+00
2.339999999999999858e+00 3.573613004037678564e+00 3.682495579765498128e+00
2.350000000000000089e+00 3.574004219183933184e+00 3.681590600934017576e+00
2.359999999999999876e+00 3.574456819669973751e+00 3.680693366234529140e+00
2.370000000000000107e+00 3.575329632092858034e+00 3.679013271053885425e+00
2.379999999999999893e+00 3.576335255475830088e+00 3.677027061256576523e+00
2.390000000000000124e+00 3.577536789847379328e+00 3.674748838237757109e+00
2.399999999999999911e+00 3.578889000420001132e+00 3.672205307074162484e+00
2.410000000000000142e+00 3.579988652978382202e+00 3.670206170229473042e+00
2.419999999999999929e+00 3.581063309513131454e+00 3.668249448994596928e+00
2.430000000000000160e+00 3.582272211999026457e+00 3.666023599382313147e+00
2.439999999999999947e+00 3.583800582289551340e+00 3.663355330133582388e+00
2.450000000000000178e+00 3.584508080937651719e+00 3.662150366084786057e+00
2.459999999999999964e+00 3.585462905480092388e+00 3.660508256896311430e+00
2.470000000000000195e+00 3.586527390917035873e+00 3.658633993393686445e+00
2.479999999999999982e+00 3.587123612841484732e+00 3.657609285322310999e+00
2.490000000000000213e+00 3.587855574944309289e+00 3.656391329238124932e+00
2.500000000000000000e+00 3.588296499152333840e+00 3.655646418981401968e+00
2.510000000000000231e+00 3.588584902919148334e+00 3.655143354674960321e+00
2.520000000000000018e+00 3.589404549565224034e+00 3.653776771764846831e+00
2.530000000000000249e+00 3.590228401648424050e+00 3.652442416527845293e+00
2.540000000000000036e+00 3.590759009377970656e+00 3.651560291101918487e+00
2.550000000000000266e+00 3.591405730191538304e+00 3.650468413776089882e+00
2.560000000000000053e+00 3.591569016719720953e+00 3.650204832123853382e+00
2.569999999999999840e+00 3.591603191468064615e+00 3.650142792752440357e+00
2.580000000000000071e+00 3.591715046663410238e+00 3.649910696554057754e+00
2.589999999999999858e+00 3.592222332713112642e+00 3.649000973356261390e+00
2.600000000000000089e+00 3.592647741490108348e+00 3.648176332377689679e+00
2.609999999999999876e+00 3.593161844453239162e+00 3.647150162358856917e+00
2.620000000000000107e+00 3.593559450332007632e+00 3.646358943504013350e+00
2.629999999999999893e+00 3.594073198960445303e+00 3.645295935670711529e+00
2.640000000000000124e+00 3.594801693909387197e+00 3.644012270419378474e+00
2.649999999999999911e+00 3.595389574607270156e+00 3.642881738869292008e+00
2.660000000000000142e+00 3.596641113722041538e+00 3.640558040969654741e+00
2.669999999999999929e+00 3.598248715391519248e+00 3.637790592889425412e+00
2.680000000000000160e+00 3.599843525655249898e+00 3.635233284785766905e+00
2.689999999999999947e+00 3.600497512310982362e+00 3.634000675707816708e+00
2.700000000000000178e+00 3.601017577838326211e+00 3.633075051670646261e+00
2.709999999999999964e+00 3.601215469628472832e+00 3.632759996408323921e+00
2.720000000000000195e+00 3.601700054657168248e+00 3.632079526188664698e+00
2.729999999999999982e+00 3.601889316147618203e+00 3.631807189785189571e+00
2.740000000000000213e+00 3.602007255917516026e+00 3.631626919964823230e+00
2.750000000000000000e+00 3.602189099934384853e+00 3.631371507985308167e+00
2.760000000000000231e+00 3.602215874590094735e+00 3.631328604241196523e+00
2.770000000000000018e+00 3.602240018459174742e+00 3.631288111290123410e+00
2.780000000000000249e+00 3.602242357040276399e+00 3.631279793213973317e+00
2.790000000000000036e+00 3.602242772473054355e+00 3.631279898172659504e+00
2.800000000000000266e+00 3.602242787992202100e+00 3.631279897430695680e+00
2.810000000000000053e+00 3.602242955657526835e+00 3.631279901998952120e+00
2.819999999999999840e+00 3.602243315838523419e+00 3.631280907880119369e+00
2.830000000000000071e+00 3.602244623844689020e+00 3.631280801222259047e+00
2.839999999999999858e+00 3.602248594346279642e+00 3.631273822846179389e+00
2.850000000000000089e+00 3.602255543720771502e+00 3.631274713222931272e+00
2.859999999999999876e+00 3.602257301310855198e+00 3.631274525986355250e+00
2.870000000000000107e+00 3.602258875221418855e+00 3.631274796729875298e+00
2.879999999999999893e+00 3.602263473733276822e+00 3.631279160715728427e+00
2.890000000000000124e+00 3.602273525314525493e+00 3.631278371105000069e+00
2.899999999999999911e+00 3.602411539109056093e+00 3.631180876624281240e+00
2.910000000000000142e+00 3.602683229521952857e+00 3.631009704719341702e+00
2.919999999999999929e+00 3.603095134016947476e+00 3.630765031550450495e+00
2.930000000000000160e+00 3.603487105127793466e+00 3.630525082901495448e+00
2.939999999999999947e+00 3.603730131689471872e+00 3.630400078443126954e+00
2.950000000000000178e+00 3.603795997191013178e+00 3.630366132487712783e+00
2.959999999999999964e+00 3.603822493975672447e+00 3.630352566058125507e+00
2.970000000000000195e+00 3.603824131018049659e+00 3.630352563999764914e+00
2.979999999999999982e+00 3.603824131018049659e+00 3.630352563999764914e+00
2.990000000000000213e+00 3.603824695739849648e+00 3.630352504238978373e+00
3.000000000000000000e+00 3.603825430134876218e+00 3.630352866335765594e+00
