0.000000000000000000e+00 4.810919695699215071e-01
1.000000000000000021e-02 4.810862012526392895e-01
2.000000000000000042e-02 1.628201926504373453e+00
2.999999999999999889e-02 1.627599321389198384e+00
4.000000000000000083e-02 1.624405927591323850e+00
5.000000000000000278e-02 1.614036367911100278e+00
5.999999999999999778e-02 1.623405162492990383e+00
7.000000000000000666e-02 1.957911908355951303e+00
8.000000000000000167e-02 3.019188965711593564e+00
8.999999999999999667e-02 3.121643317804336348e+00
1.000000000000000056e-01 3.122595950357914152e+00
1.100000000000000006e-01 3.122628365757465385e+00
1.199999999999999956e-01 3.122618133802414153e+00
1.300000000000000044e-01 3.122615994486808599e+00
1.400000000000000133e-01 3.122592004945277999e+00
1.499999999999999944e-01 3.119921587049961254e+00
1.600000000000000033e-01 3.118327073512077163e+00
1.700000000000000122e-01 3.116761807541847062e+00
1.799999999999999933e-01 3.115629190115928537e+00
1.900000000000000022e-01 3.114497013146877435e+00
2.000000000000000111e-01 3.114521241202354407e+00
2.099999999999999922e-01 3.113986086666583830e+00
2.200000000000000011e-01 3.114126304490566266e+00
2.300000000000000100e-01 3.114134836282730134e+00
2.399999999999999911e-01 3.114176939797401289e+00
2.500000000000000000e-01 3.114554732785224989e+00
2.600000000000000089e-01 3.114774313604831590e+00
2.700000000000000178e-01 3.115130274498462803e+00
2.800000000000000266e-01 3.115163922796249540e+00
2.899999999999999800e-01 3.115360084023475640e+00
2.999999999999999889e-01 3.115535563058853263e+00
3.099999999999999978e-01 3.115660388941764669e+00
3.200000000000000067e-01 3.115702500603199088e+00
3.300000000000000155e-01 3.115764021499157099e+00
3.400000000000000244e-01 3.115876492760181637e+00
3.500000000000000333e-01 3.116066937208175514e+00
3.599999999999999867e-01 3.116302654232979030e+00
3.699999999999999956e-01 3.116334290785789385e+00
3.800000000000000044e-01 3.116427086980342764e+00
3.900000000000000133e-01 3.116579512317180445e+00
4.000000000000000222e-01 3.116845594103336392e+00
4.100000000000000311e-01 3.117030982723235866e+00
4.199999999999999845e-01 3.117077922861576145e+00
4.299999999999999933e-01 3.117143182651996636e+00
4.400000000000000022e-01 3.117395967652797584e+00
4.500000000000000111e-01 3.117418038804530944e+00
4.600000000000000200e-01 3.117443047327995487e+00
4.700000000000000289e-01 3.117464572348594753e+00
4.799999999999999822e-01 3.117480294959545262e+00
4.899999999999999911e-01 3.117485457382202174e+00
5.000000000000000000e-01 3.117509291698932650e+00
5.100000000000000089e-01 3.117565084080696103e+00
5.200000000000000178e-01 3.117592071599960324e+00
5.300000000000000266e-01 3.117650771749019611e+00
5.400000000000000355e-01 3.117689154515266292e+00
5.500000000000000444e-01 3.117706592514514874e+00
5.600000000000000533e-01 3.117729526805877782e+00
5.700000000000000622e-01 3.117811187455654220e+00
5.799999999999999600e-01 3.117848684940338178e+00
5.899999999999999689e-01 3.117991539382934718e+00
5.999999999999999778e-01 3.118096498348712942e+00
6.099999999999999867e-01 3.118179925303459221e+00
6.199999999999999956e-01 3.118257444968223435e+00
6.300000000000000044e-01 3.118326754732132056e+00
6.400000000000000133e-01 3.118419741523265731e+00
6.500000000000000222e-01 3.118454386374950538e+00
6.600000000000000311e-01 3.118504450941085970e+00
6.700000000000000400e-01 3.118554075717926199e+00
6.800000000000000488e-01 3.118630523784160502e+00
6.900000000000000577e-01 3.118681645035743522e+00
7.000000000000000666e-01 3.118813837394714295e+00
7.099999999999999645e-01 3.118854947628975083e+00
7.199999999999999734e-01 3.118838178894519864e+00
7.299999999999999822e-01 3.118828165249824647e+00
7.399999999999999911e-01 3.118850961432456881e+00
7.500000000000000000e-01 3.118852433636188692e+00
7.600000000000000089e-01 3.118855176267623985e+00
7.700000000000000178e-01 3.119012805409431266e+00
7.800000000000000266e-01 3.119026070537567197e+00
7.900000000000000355e-01 3.119043172938823716e+00
8.000000000000000444e-01 3.119088972849846098e+00
8.100000000000000533e-01 3.119096261024475236e+00
8.200000000000000622e-01 3.119175320866108159e+00
8.300000000000000711e-01 3.119341134431361962e+00
8.399999999999999689e-01 3.119788647453785035e+00
8.499999999999999778e-01 3.120172570803165346e+00
8.599999999999999867e-01 3.120494537687301673e+00
8.699999999999999956e-01 3.121184424316882922e+00
8.800000000000000044e-01 3.121789867496490345e+00
8.900000000000000133e-01 3.120865082454681527e+00
9.000000000000000222e-01 3.119973424065113132e+00
9.100000000000000311e-01 3.119868069045543812e+00
9.200000000000000400e-01 3.119798904306888776e+00
9.300000000000000488e-01 3.119760099360942895e+00
9.400000000000000577e-01 3.119776019210815488e+00
9.500000000000000666e-01 3.119811771712303283e+00
9.599999999999999645e-01 3.119859935612678381e+00
9.699999999999999734e-01 3.119915994751453425e+00
9.799999999999999822e-01 3.119969385879039603e+00
9.899999999999999911e-01 3.120022906370162996e+00
1.000000000000000000e+00 3.120099474337100887e+00
1.010000000000000009e+00 3.120203534445762816e+00
1.020000000000000018e+00 3.120361783993244043e+00
1.030000000000000027e+00 3.120562366671562060e+00
1.040000000000000036e+00 3.120804148082733320e+00
1.050000000000000044e+00 3.120893391516208482e+00
1.060000000000000053e+00 3.121024669516086369e+00
1.070000000000000062e+00 3.121219573378562817e+00
1.080000000000000071e+00 3.121384022910595135e+00
1.090000000000000080e+00 3.121607906348705441e+00
1.100000000000000089e+00 3.121822603130340656e+00
1.110000000000000098e+00 3.122079305341243671e+00
1.120000000000000107e+00 3.122358401191234645e+00
1.130000000000000115e+00 3.122639895579814695e+00
1.140000000000000124e+00 3.122994912180900418e+00
1.150000000000000133e+00 3.123363824548721190e+00
1.159999999999999920e+00 3.123721425833702270e+00
1.169999999999999929e+00 3.124203004436493014e+00
1.179999999999999938e+00 3.124594974782466839e+00
1.189999999999999947e+00 3.124803533229827845e+00
1.199999999999999956e+00 3.125089873571395671e+00
1.209999999999999964e+00 3.125769174110889281e+00
1.219999999999999973e+00 3.126198859536647667e+00
1.229999999999999982e+00 3.126814927887916706e+00
1.239999999999999991e+00 3.127235681281089974e+00
1.250000000000000000e+00 3.127687918062210137e+00
1.260000000000000009e+00 3.128027749681472791e+00
1.270000000000000018e+00 3.128388800888061372e+00
1.280000000000000027e+00 3.128818216800689722e+00
1.290000000000000036e+00 3.129122099103927468e+00
1.300000000000000044e+00 3.129710617289543251e+00
1.310000000000000053e+00 3.129927964222431136e+00
1.320000000000000062e+00 3.130415636224746834e+00
1.330000000000000071e+00 3.131072243888378015e+00
1.340000000000000080e+00 3.131704973738193676e+00
1.350000000000000089e+00 3.132367808423042188e+00
1.360000000000000098e+00 3.133995471115112341e+00
1.370000000000000107e+00 3.134882008771896267e+00
1.380000000000000115e+00 3.135780627503395035e+00
1.390000000000000124e+00 3.136775153656005788e+00
1.400000000000000133e+00 3.137824000225067245e+00
1.409999999999999920e+00 3.138734932141304057e+00
1.419999999999999929e+00 3.139652068736553225e+00
1.429999999999999938e+00 3.141137799603939129e+00
1.439999999999999947e+00 3.142841568267345398e+00
1.449999999999999956e+00 3.144513355844020808e+00
1.459999999999999964e+00 3.146664290046691903e+00
1.469999999999999973e+00 3.148526421377658924e+00
1.479999999999999982e+00 3.150386860616207318e+00
1.489999999999999991e+00 3.152161048381328712e+00
1.500000000000000000e+00 3.153700849406719353e+00
1.510000000000000009e+00 3.156387458388805189e+00
1.520000000000000018e+00 3.157958059828281261e+00
1.530000000000000027e+00 3.160380636410712984e+00
1.540000000000000036e+00 3.161242176446914520e+00
1.550000000000000044e+00 3.162994564111232698e+00
1.560000000000000053e+00 3.164985279536247198e+00
1.570000000000000062e+00 3.168091882328987197e+00
1.580000000000000071e+00 3.170024892742633771e+00
1.590000000000000080e+00 3.172787495293617255e+00
1.600000000000000089e+00 3.175324780800342417e+00
1.610000000000000098e+00 3.176577158524990008e+00
1.620000000000000107e+00 3.179085935058593826e+00
1.630000000000000115e+00 3.181800581481456724e+00
1.640000000000000124e+00 3.186173812465667776e+00
1.650000000000000133e+00 3.191146358222961332e+00
1.660000000000000142e+00 3.202055668861865989e+00
1.669999999999999929e+00 3.217142022733688211e+00
1.679999999999999938e+00 3.236574096746444695e+00
1.689999999999999947e+00 3.262623314087390813e+00
1.699999999999999956e+00 3.296453816480636512e+00
1.709999999999999964e+00 3.334209293737411706e+00
1.719999999999999973e+00 3.369814558961391260e+00
1.729999999999999982e+00 3.407984750301837895e+00
1.739999999999999991e+00 3.445505010011196134e+00
1.750000000000000000e+00 3.476466452972888810e+00
1.760000000000000009e+00 3.502478751375674992e+00
1.770000000000000018e+00 3.523591576163768835e+00
1.780000000000000027e+00 3.542041365928649821e+00
1.790000000000000036e+00 3.557612998828887818e+00
1.800000000000000044e+00 3.570958187997341327e+00
1.810000000000000053e+00 3.581021493208408568e+00
1.820000000000000062e+00 3.588670673246383558e+00
1.830000000000000071e+00 3.594283428268432612e+00
1.840000000000000080e+00 3.599950607476234410e+00
1.850000000000000089e+00 3.604267033505439866e+00
1.860000000000000098e+00 3.607235818114280512e+00
1.870000000000000107e+00 3.610672940342426251e+00
1.880000000000000115e+00 3.613721929717063741e+00
1.890000000000000124e+00 3.616011741766929521e+00
1.900000000000000133e+00 3.617840855245590070e+00
1.910000000000000142e+00 3.619921002099514062e+00
1.919999999999999929e+00 3.621765866622924879e+00
1.929999999999999938e+00 3.624075096423625908e+00
1.939999999999999947e+00 3.627033325827121679e+00
1.949999999999999956e+00 3.629483165175914738e+00
1.959999999999999964e+00 3.631122110965252059e+00
1.969999999999999973e+00 3.632955623435974335e+00
1.979999999999999982e+00 3.634195460536480127e+00
1.989999999999999991e+00 3.635685829906463606e+00
2.000000000000000000e+00 3.637611142661571595e+00
2.010000000000000231e+00 3.638728061854839435e+00
2.020000000000000018e+00 3.639365305526256478e+00
2.030000000000000249e+00 3.639720126452445914e+00
2.040000000000000036e+00 3.640444103496074835e+00
2.049999999999999822e+00 3.640863120603561320e+00
2.060000000000000053e+00 3.641248938553333314e+00
2.069999999999999840e+00 3.641649241671562010e+00
2.080000000000000071e+00 3.642341252458095369e+00
2.089999999999999858e+00 3.642963351168632347e+00
2.100000000000000089e+00 3.643649841861724692e+00
2.109999999999999876e+00 3.644155525825023556e+00
2.120000000000000107e+00 3.644518801307678135e+00
2.129999999999999893e+00 3.644954349389076143e+00
2.140000000000000124e+00 3.645507779119014913e+00
2.149999999999999911e+00 3.646197453930378085e+00
2.160000000000000142e+00 3.646717613940238856e+00
2.169999999999999929e+00 3.647321206147670747e+00
2.180000000000000160e+00 3.647891825063228399e+00
2.189999999999999947e+00 3.648344349954128152e+00
2.200000000000000178e+00 3.648799398572444730e+00
2.209999999999999964e+00 3.649712982954978813e+00
2.220000000000000195e+00 3.650216028199195772e+00
2.229999999999999982e+00 3.650790553238391745e+00
2.240000000000000213e+00 3.650941496105194251e+00
2.250000000000000000e+00 3.651426299674510823e+00
2.260000000000000231e+00 3.651664304842948905e+00
2.270000000000000018e+00 3.652107231857776526e+00
2.280000000000000249e+00 3.652506044039726341e+00
2.290000000000000036e+00 3.652687852299213223e+00
2.300000000000000266e+00 3.653037101764678773e+00
2.310000000000000053e+00 3.653239613404274166e+00
2.319999999999999840e+00 3.653320036804676096e+00
2.330000000000000071e+00 3.653450487599372742e+00
2.339999999999999858e+00 3.653551967785358290e+00
2.350000000000000089e+00 3.653601464097499640e+00
2.359999999999999876e+00 3.653660806975364661e+00
2.370000000000000107e+00 3.653732957439422613e+00
2.379999999999999893e+00 3.653823676078319593e+00
2.390000000000000124e+00 3.654067981190681547e+00
2.399999999999999911e+00 3.654196599614620400e+00
2.410000000000000142e+00 3.654193087253570393e+00
2.419999999999999929e+00 3.654215656661987222e+00
2.430000000000000160e+00 3.654183056056499623e+00
2.439999999999999947e+00 3.654167881057262424e+00
2.450000000000000178e+00 3.654292263307571620e+00
2.459999999999999964e+00 3.654291273806095308e+00
2.470000000000000195e+00 3.654363333451748019e+00
2.479999999999999982e+00 3.654437335071563542e+00
2.490000000000000213e+00 3.654524621896743763e+00
2.500000000000000000e+00 3.654743056280612912e+00
2.510000000000000231e+00 3.654894820034503944e+00
2.520000000000000018e+00 3.655017287373542700e+00
2.530000000000000249e+00 3.655104049015045042e+00
2.540000000000000036e+00 3.655247110083103212e+00
2.550000000000000266e+00 3.655326986117362953e+00
2.560000000000000053e+00 3.655547470555305267e+00
2.569999999999999840e+00 3.655641095979213606e+00
2.580000000000000071e+00 3.655808311300277502e+00
2.589999999999999858e+00 3.655963229308128337e+00
2.600000000000000089e+00 3.656067072801589823e+00
2.609999999999999876e+00 3.656220853641033219e+00
2.620000000000000107e+00 3.656413553347587442e+00
2.629999999999999893e+00 3.656569539172649375e+00
2.640000000000000124e+00 3.656746952626705127e+00
2.649999999999999911e+00 3.656835692582130370e+00
2.660000000000000142e+00 3.656910291593074902e+00
2.669999999999999929e+00 3.657133835194110727e+00
2.680000000000000160e+00 3.657251762778758852e+00
2.689999999999999947e+00 3.657507571659088352e+00
2.700000000000000178e+00 3.657583074722289940e+00
2.709999999999999964e+00 3.657742297360897066e+00
2.720000000000000195e+00 3.657880304403305249e+00
2.729999999999999982e+00 3.657997998504638471e+00
2.740000000000000213e+00 3.658139505386352575e+00
2.750000000000000000e+00 3.658282799060344814e+00
2.760000000000000231e+00 3.658428247635364450e+00
2.770000000000000018e+00 3.658528223195076201e+00
2.780000000000000249e+00 3.658653935024738235e+00
2.790000000000000036e+00 3.658757741189003099e+00
2.800000000000000266e+00 3.658860366001129183e+00
2.810000000000000053e+00 3.658924203426837884e+00
2.819999999999999840e+00 3.659047447664737884e+00
2.830000000000000071e+00 3.659119168658256704e+00
2.839999999999999858e+00 3.659224982244968505e+00
2.850000000000000089e+00 3.659322049219608353e+00
2.859999999999999876e+00 3.659441221265792965e+00
2.870000000000000107e+00 3.659477292666435400e+00
2.879999999999999893e+00 3.659490201220512606e+00
2.890000000000000124e+00 3.659542929866313798e+00
2.899999999999999911e+00 3.659586440231799909e+00
2.910000000000000142e+00 3.659619667127132381e+00
2.919999999999999929e+00 3.659621228554248873e+00
2.930000000000000160e+00 3.659643173186779119e+00
2.939999999999999947e+00 3.659653484158515990e+00
2.950000000000000178e+00 3.659682392208576385e+00
2.959999999999999964e+00 3.659711239056587129e+00
2.970000000000000195e+00 3.659711239056587129e+00
2.979999999999999982e+00 3.659721484217643539e+00
2.990000000000000213e+00 3.659726869821548600e+00
3.000000000000000000e+00 3.659732641425132549e+00
