0.000000000000000000e+00 1.067937748796939923e+00
1.000000000000000021e-02 1.067937748796939923e+00
2.000000000000000042e-02 1.067937748796939923e+00
2.999999999999999889e-02 1.298847167125940283e+00
4.000000000000000083e-02 3.066617376956939811e+00
5.000000000000000278e-02 3.135533382897377042e+00
5.999999999999999778e-02 3.135164698967933816e+00
7.000000000000000666e-02 3.135245098657608143e+00
8.000000000000000167e-02 3.134792543818950783e+00
8.999999999999999667e-02 3.134861927530765424e+00
1.000000000000000056e-01 3.134938929634094151e+00
1.100000000000000006e-01 3.135476266334056739e+00
1.199999999999999956e-01 3.135770957975387407e+00
1.300000000000000044e-01 3.136631250860691278e+00
1.400000000000000133e-01 3.137744747378826027e+00
1.499999999999999944e-01 3.139152910814285491e+00
1.600000000000000033e-01 3.139921673614978648e+00
1.700000000000000122e-01 3.140933677999973472e+00
1.799999999999999933e-01 3.143382453901767626e+00
1.900000000000000022e-01 3.144660919497013207e+00
2.000000000000000111e-01 3.146907330017089777e+00
2.099999999999999922e-01 3.147996004810333037e+00
2.200000000000000011e-01 3.148858539941310930e+00
2.300000000000000100e-01 3.150344553475379783e+00
2.399999999999999911e-01 3.151432487716674835e+00
2.500000000000000000e-01 3.152670701577663603e+00
2.600000000000000089e-01 3.153779876580238284e+00
2.700000000000000178e-01 3.154834227790832557e+00
2.800000000000000266e-01 3.155540420074463004e+00
2.899999999999999800e-01 3.156677783839702656e+00
2.999999999999999889e-01 3.157952568473815891e+00
3.099999999999999978e-01 3.159239814219474862e+00
3.200000000000000067e-01 3.160241075489520934e+00
3.300000000000000155e-01 3.161013697671890110e+00
3.400000000000000244e-01 3.161926058628559133e+00
3.500000000000000333e-01 3.162747889826297953e+00
3.599999999999999867e-01 3.163508654456138824e+00
3.699999999999999956e-01 3.164008485403060789e+00
3.800000000000000044e-01 3.164551669600009998e+00
3.900000000000000133e-01 3.164991997640132837e+00
4.000000000000000222e-01 3.165220131807327419e+00
4.100000000000000311e-01 3.165670108196735555e+00
4.199999999999999845e-01 3.165984243855476166e+00
4.299999999999999933e-01 3.166350513436794412e+00
4.400000000000000022e-01 3.166642604289054752e+00
4.500000000000000111e-01 3.166938978905677882e+00
4.600000000000000200e-01 3.167277926292419554e+00
4.700000000000000289e-01 3.167494466097354966e+00
4.799999999999999822e-01 3.167840534131526997e+00
4.899999999999999911e-01 3.168075263535976571e+00
5.000000000000000000e-01 3.168305717945099076e+00
5.100000000000000089e-01 3.168519851701259604e+00
5.200000000000000178e-01 3.168769262907504825e+00
5.300000000000000266e-01 3.168926320514679151e+00
5.400000000000000355e-01 3.169171032006740774e+00
5.500000000000000444e-01 3.169311472198963031e+00
5.600000000000000533e-01 3.169553186945915257e+00
5.700000000000000622e-01 3.169800242011547198e+00
5.799999999999999600e-01 3.170090252127647279e+00
5.899999999999999689e-01 3.170321787905693078e+00
5.999999999999999778e-01 3.170571886250972860e+00
6.099999999999999867e-01 3.170841651122569882e+00
6.199999999999999956e-01 3.171162768836021328e+00
6.300000000000000044e-01 3.171344830605983933e+00
6.400000000000000133e-01 3.171647386424541359e+00
6.500000000000000222e-01 3.171864784982204366e+00
6.600000000000000311e-01 3.172000262820720451e+00
6.700000000000000400e-01 3.172203732907771911e+00
6.800000000000000488e-01 3.172365374872684551e+00
6.900000000000000577e-01 3.172671913602352234e+00
7.000000000000000666e-01 3.172863235752582334e+00
7.099999999999999645e-01 3.173093034200668239e+00
7.199999999999999734e-01 3.173304631381034913e+00
7.299999999999999822e-01 3.173398249478339928e+00
7.399999999999999911e-01 3.173568122422695037e+00
7.500000000000000000e-01 3.174012235825061978e+00
7.600000000000000089e-01 3.174187235450744549e+00
7.700000000000000178e-01 3.174426820187568499e+00
7.800000000000000266e-01 3.174679993946552425e+00
7.900000000000000355e-01 3.175012891478538712e+00
8.000000000000000444e-01 3.175246306221485071e+00
8.100000000000000533e-01 3.175631724026203084e+00
8.200000000000000622e-01 3.176246120767593162e+00
8.300000000000000711e-01 3.177207647962570380e+00
8.399999999999999689e-01 3.178307786858082018e+00
8.499999999999999778e-01 3.180667100036144390e+00
8.599999999999999867e-01 3.180184867274761018e+00
8.699999999999999956e-01 3.180564186892509415e+00
8.800000000000000044e-01 3.180727766716480165e+00
8.900000000000000133e-01 3.180807812812328272e+00
9.000000000000000222e-01 3.181003952260017531e+00
9.100000000000000311e-01 3.181132910590172003e+00
9.200000000000000400e-01 3.181317786366939515e+00
9.300000000000000488e-01 3.182953210537433630e+00
9.400000000000000577e-01 3.185451498491763900e+00
9.500000000000000666e-01 3.187304958007335820e+00
9.599999999999999645e-01 3.188610236866474157e+00
9.699999999999999734e-01 3.189508938262462401e+00
9.799999999999999822e-01 3.191469362418651645e+00
9.899999999999999911e-01 3.193789247674942100e+00
1.000000000000000000e+00 3.194423314592838459e+00
1.010000000000000009e+00 3.192400649292468806e+00
1.020000000000000018e+00 3.191139441177845093e+00
1.030000000000000027e+00 3.189422275767326287e+00
1.040000000000000036e+00 3.186628634865284138e+00
1.050000000000000044e+00 3.184714408414363707e+00
1.060000000000000053e+00 3.183927982540130763e+00
1.070000000000000062e+00 3.184182001907825299e+00
1.080000000000000071e+00 3.183796981351375788e+00
1.090000000000000080e+00 3.185284952397346547e+00
1.100000000000000089e+00 3.188094397413730796e+00
1.110000000000000098e+00 3.189957942752838171e+00
1.120000000000000107e+00 3.191530563120842157e+00
1.130000000000000115e+00 3.191526656486987967e+00
1.140000000000000124e+00 3.191762335350513347e+00
1.150000000000000133e+00 3.190689832122326042e+00
1.159999999999999920e+00 3.190030909869670861e+00
1.169999999999999929e+00 3.186926129686832532e+00
1.179999999999999938e+00 3.184967782683372661e+00
1.189999999999999947e+00 3.184995279772281584e+00
1.199999999999999956e+00 3.184689644477367576e+00
1.209999999999999964e+00 3.184918573212623727e+00
1.219999999999999973e+00 3.184799319674968654e+00
1.229999999999999982e+00 3.184952414901256468e+00
1.239999999999999991e+00 3.185320532553196138e+00
1.250000000000000000e+00 3.185649038507938346e+00
1.260000000000000009e+00 3.186000962738990694e+00
1.270000000000000018e+00 3.186487703824043116e+00
1.280000000000000027e+00 3.187001245987415299e+00
1.290000000000000036e+00 3.187615244362354439e+00
1.300000000000000044e+00 3.187834542181491759e+00
1.310000000000000053e+00 3.188112806854248138e+00
1.320000000000000062e+00 3.188328872315883800e+00
1.330000000000000071e+00 3.188819815781116507e+00
1.340000000000000080e+00 3.188880868508815691e+00
1.350000000000000089e+00 3.189234255735874157e+00
1.360000000000000098e+00 3.189530434849262353e+00
1.370000000000000107e+00 3.190032248356342137e+00
1.380000000000000115e+00 3.190401328754425059e+00
1.390000000000000124e+00 3.190912809793949201e+00
1.400000000000000133e+00 3.191458066985607189e+00
1.409999999999999920e+00 3.191885939359664803e+00
1.419999999999999929e+00 3.192298839201927141e+00
1.429999999999999938e+00 3.192693139469623631e+00
1.439999999999999947e+00 3.193369376564025863e+00
1.449999999999999956e+00 3.194072691683769172e+00
1.459999999999999964e+00 3.194950048418045085e+00
1.469999999999999973e+00 3.195598707876205591e+00
1.479999999999999982e+00 3.196139962055683181e+00
1.489999999999999991e+00 3.197091263518333282e+00
1.500000000000000000e+00 3.197411397225856877e+00
1.510000000000000009e+00 3.198094251186847536e+00
1.520000000000000018e+00 3.199196385636329687e+00
1.530000000000000027e+00 3.199755847945213283e+00
1.540000000000000036e+00 3.200525540907383171e+00
1.550000000000000044e+00 3.201217313337326065e+00
1.560000000000000053e+00 3.201937141723632863e+00
1.570000000000000062e+00 3.202421684982776462e+00
1.580000000000000071e+00 3.203019248383045081e+00
1.590000000000000080e+00 3.203344717092514227e+00
1.600000000000000089e+00 3.203654205756187423e+00
1.610000000000000098e+00 3.203941885864734829e+00
1.620000000000000107e+00 3.204559103832244737e+00
1.630000000000000115e+00 3.204953390207290642e+00
1.640000000000000124e+00 3.205801423668861450e+00
1.650000000000000133e+00 3.206269456691742015e+00
1.660000000000000142e+00 3.207139327836036724e+00
1.669999999999999929e+00 3.208025316252708592e+00
1.679999999999999938e+00 3.208612593436241056e+00
1.689999999999999947e+00 3.209959048221111111e+00
1.699999999999999956e+00 3.211139588654041255e+00
1.709999999999999964e+00 3.212021445541382025e+00
1.719999999999999973e+00 3.213323025498389995e+00
1.729999999999999982e+00 3.213999273231029630e+00
1.739999999999999991e+00 3.214402168204784527e+00
1.750000000000000000e+00 3.215342670948505344e+00
1.760000000000000009e+00 3.215607838420867726e+00
1.770000000000000018e+00 3.216150610139369981e+00
1.780000000000000027e+00 3.216453960149288083e+00
1.790000000000000036e+00 3.217073000099659019e+00
1.800000000000000044e+00 3.217095893964767583e+00
1.810000000000000053e+00 3.218535032391548256e+00
1.820000000000000062e+00 3.221229863538741967e+00
1.830000000000000071e+00 3.223854985435008924e+00
1.840000000000000080e+00 3.227301653895378042e+00
1.850000000000000089e+00 3.232005736169814902e+00
1.860000000000000098e+00 3.238698008847236576e+00
1.870000000000000107e+00 3.245151071147918564e+00
1.880000000000000115e+00 3.252735945863723721e+00
1.890000000000000124e+00 3.263082225699424743e+00
1.900000000000000133e+00 3.273211673882007400e+00
1.910000000000000142e+00 3.284109960963725872e+00
1.919999999999999929e+00 3.296081780385970994e+00
1.929999999999999938e+00 3.304428032624721734e+00
1.939999999999999947e+00 3.324779537601470825e+00
1.949999999999999956e+00 3.334248822712898352e+00
1.959999999999999964e+00 3.339855825760364549e+00
1.969999999999999973e+00 3.349908508346080893e+00
1.979999999999999982e+00 3.364462785606384454e+00
1.989999999999999991e+00 3.382386235661506646e+00
2.000000000000000000e+00 3.393652371962070369e+00
2.010000000000000231e+00 3.404003371670246025e+00
2.020000000000000018e+00 3.388641567928790899e+00
2.030000000000000249e+00 3.401527068504095030e+00
2.040000000000000036e+00 3.416782892658710491e+00
2.049999999999999822e+00 3.439227660987377089e+00
2.060000000000000053e+00 3.444904778211116625e+00
2.069999999999999840e+00 3.450569063858985874e+00
2.080000000000000071e+00 3.455182945458889154e+00
2.089999999999999858e+00 3.460339758317470427e+00
2.100000000000000089e+00 3.465505051569938821e+00
2.109999999999999876e+00 3.468014592063426882e+00
2.120000000000000107e+00 3.470850757255554253e+00
2.129999999999999893e+00 3.475398351149558973e+00
2.140000000000000124e+00 3.477367326076030718e+00
2.149999999999999911e+00 3.478831499285698126e+00
2.160000000000000142e+00 3.480809616491794767e+00
2.169999999999999929e+00 3.482496489672660900e+00
2.180000000000000160e+00 3.483647903368472853e+00
2.189999999999999947e+00 3.485179238085746700e+00
2.200000000000000178e+00 3.486400344650745442e+00
2.209999999999999964e+00 3.487525641291141731e+00
2.220000000000000195e+00 3.488669482126236066e+00
2.229999999999999982e+00 3.489817856264114226e+00
2.240000000000000213e+00 3.491226729507446169e+00
2.250000000000000000e+00 3.492233933579921512e+00
2.260000000000000231e+00 3.493494915752410890e+00
2.270000000000000018e+00 3.494403188292980023e+00
2.280000000000000249e+00 3.495105103263854929e+00
2.290000000000000036e+00 3.495939689741134782e+00
2.300000000000000266e+00 3.497513357262611589e+00
2.310000000000000053e+00 3.498154399528503600e+00
2.319999999999999840e+00 3.498854704239368285e+00
2.330000000000000071e+00 3.499402954998016568e+00
2.339999999999999858e+00 3.499971015543937636e+00
2.350000000000000089e+00 3.500681636166572464e+00
2.359999999999999876e+00 3.501131162021160037e+00
2.370000000000000107e+00 3.501706470205783628e+00
2.379999999999999893e+00 3.502261977515220615e+00
2.390000000000000124e+00 3.502597118165493129e+00
2.399999999999999911e+00 3.502924014816284348e+00
2.410000000000000142e+00 3.503203485782146576e+00
2.419999999999999929e+00 3.503610246722698385e+00
2.430000000000000160e+00 3.503808001775741587e+00
2.439999999999999947e+00 3.504021185588836573e+00
2.450000000000000178e+00 3.504364111869335385e+00
2.459999999999999964e+00 3.504877421438694185e+00
2.470000000000000195e+00 3.505055929358005695e+00
2.479999999999999982e+00 3.505336287155151442e+00
2.490000000000000213e+00 3.505482754323482553e+00
2.500000000000000000e+00 3.505736911754607998e+00
2.510000000000000231e+00 3.505994064586162473e+00
2.520000000000000018e+00 3.506392860708236636e+00
2.530000000000000249e+00 3.506758329591751266e+00
2.540000000000000036e+00 3.507069520373344407e+00
2.550000000000000266e+00 3.507252405254841054e+00
2.560000000000000053e+00 3.507289703409671944e+00
2.569999999999999840e+00 3.507415364348888343e+00
2.580000000000000071e+00 3.507568646705150783e+00
2.589999999999999858e+00 3.507758931815624148e+00
2.600000000000000089e+00 3.507968266687393033e+00
2.609999999999999876e+00 3.508088339905738984e+00
2.620000000000000107e+00 3.508183520576953818e+00
2.629999999999999893e+00 3.508306283321380725e+00
2.640000000000000124e+00 3.508323876535892616e+00
2.649999999999999911e+00 3.508425306024551382e+00
2.660000000000000142e+00 3.508503344998359808e+00
2.669999999999999929e+00 3.508656722829341934e+00
2.680000000000000160e+00 3.508740213158130672e+00
2.689999999999999947e+00 3.508851624894142152e+00
2.700000000000000178e+00 3.508887434911728054e+00
2.709999999999999964e+00 3.508950259535312810e+00
2.720000000000000195e+00 3.509013018987178878e+00
2.729999999999999982e+00 3.509092708294391461e+00
2.740000000000000213e+00 3.509132467842102088e+00
2.750000000000000000e+00 3.509213832926750154e+00
2.760000000000000231e+00 3.509256329126357876e+00
2.770000000000000018e+00 3.509330057473182496e+00
2.780000000000000249e+00 3.509358874840736497e+00
2.790000000000000036e+00 3.509426225967407387e+00
2.800000000000000266e+00 3.509506980910300999e+00
2.810000000000000053e+00 3.509630005176067158e+00
2.819999999999999840e+00 3.509683576886653888e+00
2.830000000000000071e+00 3.509720276753902635e+00
2.839999999999999858e+00 3.509752051045894827e+00
2.850000000000000089e+00 3.509790702295303433e+00
2.859999999999999876e+00 3.509889552609920305e+00
2.870000000000000107e+00 3.509909616990089631e+00
2.879999999999999893e+00 3.509939425318241213e+00
2.890000000000000124e+00 3.509977430074215032e+00
2.899999999999999911e+00 3.510082968962192407e+00
2.910000000000000142e+00 3.510135945117473621e+00
2.919999999999999929e+00 3.510199469494819535e+00
2.930000000000000160e+00 3.510270946946143944e+00
2.939999999999999947e+00 3.510298364946842220e+00
2.950000000000000178e+00 3.510317419807910788e+00
2.959999999999999964e+00 3.510383301780223952e+00
2.970000000000000195e+00 3.510414744415283117e+00
2.979999999999999982e+00 3.510460018250942227e+00
2.990000000000000213e+00 3.510507341368198198e+00
3.000000000000000000e+00 3.510559885768890442e+00
