0.000000000000000000e+00 3.618914477557688691e-01
1.000000000000000021e-02 4.639432530787587217e-01
2.000000000000000042e-02 1.185856497698426271e+00
2.999999999999999889e-02 1.448754383355379094e+00
4.000000000000000083e-02 1.448590873200893414e+00
5.000000000000000278e-02 1.448593275364637334e+00
5.999999999999999778e-02 1.448591607547998539e+00
7.000000000000000666e-02 1.448567254428863471e+00
8.000000000000000167e-02 1.448554773983955490e+00
8.999999999999999667e-02 1.469647312550544704e+00
1.000000000000000056e-01 1.767199557894468365e+00
1.100000000000000006e-01 2.679199854937791780e+00
1.199999999999999956e-01 3.274772990449667187e+00
1.300000000000000044e-01 3.690799577207565463e+00
1.400000000000000133e-01 3.767175321817398004e+00
1.499999999999999944e-01 3.770651264765262578e+00
1.600000000000000033e-01 3.771244552824497109e+00
1.700000000000000122e-01 3.772149379315376194e+00
1.799999999999999933e-01 3.772997282872200042e+00
1.900000000000000022e-01 3.773181869280338496e+00
2.000000000000000111e-01 3.773661138560771899e+00
2.099999999999999922e-01 3.774060963120460688e+00
2.200000000000000011e-01 3.774605029718876015e+00
2.300000000000000100e-01 3.775175548281669791e+00
2.399999999999999911e-01 3.775718122863769732e+00
2.500000000000000000e-01 3.775827685375213516e+00
2.600000000000000089e-01 3.775803449888229579e+00
2.700000000000000178e-01 3.775700348534583917e+00
2.800000000000000266e-01 3.775576761581897589e+00
2.899999999999999800e-01 3.775473206062316844e+00
2.999999999999999889e-01 3.775224031445980177e+00
3.099999999999999978e-01 3.775059397659301652e+00
3.200000000000000067e-01 3.774725132956505025e+00
3.300000000000000155e-01 3.774320751140117558e+00
3.400000000000000244e-01 3.773654039697647011e+00
3.500000000000000333e-01 3.771811241228580691e+00
3.599999999999999867e-01 3.753554707641601595e+00
3.699999999999999956e-01 3.698139700069427604e+00
3.800000000000000044e-01 3.638777733366489464e+00
3.900000000000000133e-01 3.584901730103492667e+00
4.000000000000000222e-01 3.526446271305084146e+00
4.100000000000000311e-01 3.457328679146766781e+00
4.199999999999999845e-01 3.364955859072208622e+00
4.299999999999999933e-01 3.314211838133334975e+00
4.400000000000000022e-01 3.284589177188873332e+00
4.500000000000000111e-01 3.261464005491733431e+00
4.600000000000000200e-01 3.246588523042202024e+00
4.700000000000000289e-01 3.233762644219398297e+00
4.799999999999999822e-01 3.224685202524661953e+00
4.899999999999999911e-01 3.219364092745780948e+00
5.000000000000000000e-01 3.216542783684730455e+00
5.100000000000000089e-01 3.215257257497310839e+00
5.200000000000000178e-01 3.214266999323367902e+00
5.300000000000000266e-01 3.213638125505447363e+00
5.400000000000000355e-01 3.213340964097976649e+00
5.500000000000000444e-01 3.213265041887760187e+00
5.600000000000000533e-01 3.213233503177165939e+00
5.700000000000000622e-01 3.213257246022224400e+00
5.799999999999999600e-01 3.213279566748142191e+00
5.899999999999999689e-01 3.213328031916618421e+00
5.999999999999999778e-01 3.213413677449226569e+00
6.099999999999999867e-01 3.213485630223750888e+00
6.199999999999999956e-01 3.213540510537624240e+00
6.300000000000000044e-01 3.213605502283573223e+00
6.400000000000000133e-01 3.213604178738594275e+00
6.500000000000000222e-01 3.213595948445796768e+00
6.600000000000000311e-01 3.213591729445457457e+00
6.700000000000000400e-01 3.213593255023956097e+00
6.800000000000000488e-01 3.213603556535244099e+00
6.900000000000000577e-01 3.213604830987453642e+00
7.000000000000000666e-01 3.213601588580608404e+00
7.099999999999999645e-01 3.213597470934391076e+00
7.199999999999999734e-01 3.213599474184513305e+00
7.299999999999999822e-01 3.213634026989936832e+00
7.399999999999999911e-01 3.213672453229427184e+00
7.500000000000000000e-01 3.213695520772934078e+00
7.600000000000000089e-01 3.213708390033245266e+00
7.700000000000000178e-01 3.213726535980701460e+00
7.800000000000000266e-01 3.213740938920974788e+00
7.900000000000000355e-01 3.213765308451652647e+00
8.000000000000000444e-01 3.213794169371128273e+00
8.100000000000000533e-01 3.213821344077587128e+00
8.200000000000000622e-01 3.213840791292190691e+00
8.300000000000000711e-01 3.213853256595134766e+00
8.399999999999999689e-01 3.213865386319160411e+00
8.499999999999999778e-01 3.213873896636962879e+00
8.599999999999999867e-01 3.213887821929454880e+00
8.699999999999999956e-01 3.213901696324348300e+00
8.800000000000000044e-01 3.213923296298980770e+00
8.900000000000000133e-01 3.213937910304069501e+00
9.000000000000000222e-01 3.213958077533245028e+00
9.100000000000000311e-01 3.213985445735454416e+00
9.200000000000000400e-01 3.214004439904689647e+00
9.300000000000000488e-01 3.214020295996665944e+00
9.400000000000000577e-01 3.214035503642559188e+00
9.500000000000000666e-01 3.214038663010597041e+00
9.599999999999999645e-01 3.214048450272083191e+00
9.699999999999999734e-01 3.214058850686550173e+00
9.799999999999999822e-01 3.214068253912925499e+00
9.899999999999999911e-01 3.214080632185936093e+00
1.000000000000000000e+00 3.214087697327137061e+00
1.010000000000000009e+00 3.214096244487762544e+00
1.020000000000000018e+00 3.214101399662494529e+00
1.030000000000000027e+00 3.214117170720100614e+00
1.040000000000000036e+00 3.214128672218322880e+00
1.050000000000000044e+00 3.214139780545234526e+00
1.060000000000000053e+00 3.214142129278183102e+00
1.070000000000000062e+00 3.214143917770385883e+00
1.080000000000000071e+00 3.214146466691493842e+00
1.090000000000000080e+00 3.214151379745006754e+00
1.100000000000000089e+00 3.214155064163207953e+00
1.110000000000000098e+00 3.214161280806064447e+00
1.120000000000000107e+00 3.214178975677490335e+00
1.130000000000000115e+00 3.214175941483974341e+00
1.140000000000000124e+00 3.214188584685325534e+00
1.150000000000000133e+00 3.214203658525943919e+00
1.159999999999999920e+00 3.214216717841625215e+00
1.169999999999999929e+00 3.214235227732658462e+00
1.179999999999999938e+00 3.214231006562709769e+00
1.189999999999999947e+00 3.214238081095218469e+00
1.199999999999999956e+00 3.214259795286655397e+00
1.209999999999999964e+00 3.214270773367881695e+00
1.219999999999999973e+00 3.214261043467521617e+00
1.229999999999999982e+00 3.214268490476608342e+00
1.239999999999999991e+00 3.214281453142166178e+00
1.250000000000000000e+00 3.214284910869598555e+00
1.260000000000000009e+00 3.214329032135009978e+00
1.270000000000000018e+00 3.214337964382171453e+00
1.280000000000000027e+00 3.214346781959533494e+00
1.290000000000000036e+00 3.214358854868411886e+00
1.300000000000000044e+00 3.214373364934921096e+00
1.310000000000000053e+00 3.214382940821647772e+00
1.320000000000000062e+00 3.214385905749797878e+00
1.330000000000000071e+00 3.214443702518940071e+00
1.340000000000000080e+00 3.214458168556690421e+00
1.350000000000000089e+00 3.214546565504074138e+00
1.360000000000000098e+00 3.214805233876705248e+00
1.370000000000000107e+00 3.214938276660442185e+00
1.380000000000000115e+00 3.214991525218486856e+00
1.390000000000000124e+00 3.215148689610958233e+00
1.400000000000000133e+00 3.215471566829681382e+00
1.409999999999999920e+00 3.215908999528884760e+00
1.419999999999999929e+00 3.215953583717346298e+00
1.429999999999999938e+00 3.215902236995697105e+00
1.439999999999999947e+00 3.216175861191749696e+00
1.449999999999999956e+00 3.216338121659755522e+00
1.459999999999999964e+00 3.216847298090458107e+00
1.469999999999999973e+00 3.216857881445884804e+00
1.479999999999999982e+00 3.215712709002494840e+00
1.489999999999999991e+00 3.215455728790760137e+00
1.500000000000000000e+00 3.215192201094627222e+00
1.510000000000000009e+00 3.215022834470272262e+00
1.520000000000000018e+00 3.214856333649158682e+00
1.530000000000000027e+00 3.214875706770420116e+00
1.540000000000000036e+00 3.214861463229656380e+00
1.550000000000000044e+00 3.214800100495815105e+00
1.560000000000000053e+00 3.214692216091155963e+00
1.570000000000000062e+00 3.214666994657516597e+00
1.580000000000000071e+00 3.214669198191165922e+00
1.590000000000000080e+00 3.214672748703956806e+00
1.600000000000000089e+00 3.214526816453933566e+00
1.610000000000000098e+00 3.214187319941520737e+00
1.620000000000000107e+00 3.212794644932746913e+00
1.630000000000000115e+00 3.210326352052688570e+00
1.640000000000000124e+00 3.208990845937728764e+00
1.650000000000000133e+00 3.207520652394294736e+00
1.660000000000000142e+00 3.206797241146564392e+00
1.669999999999999929e+00 3.206502887601852425e+00
1.679999999999999938e+00 3.206357251789569762e+00
1.689999999999999947e+00 3.206116033329963866e+00
1.699999999999999956e+00 3.206000692837238208e+00
1.709999999999999964e+00 3.206088863582611026e+00
1.719999999999999973e+00 3.208000023605823703e+00
1.729999999999999982e+00 3.211839659972191008e+00
1.739999999999999991e+00 3.209704711583852621e+00
1.750000000000000000e+00 3.208096158193349812e+00
1.760000000000000009e+00 3.207963815115690398e+00
1.770000000000000018e+00 3.207667069736719334e+00
1.780000000000000027e+00 3.210426456141471707e+00
1.790000000000000036e+00 3.213812858960628294e+00
1.800000000000000044e+00 3.213913914084434609e+00
1.810000000000000053e+00 3.214233107280731083e+00
1.820000000000000062e+00 3.214837349863052474e+00
1.830000000000000071e+00 3.215311740272045249e+00
1.840000000000000080e+00 3.215814007022380849e+00
1.850000000000000089e+00 3.216544694087505540e+00
1.860000000000000098e+00 3.217956755781173683e+00
1.870000000000000107e+00 3.219360285258292986e+00
1.880000000000000115e+00 3.221031801469325995e+00
1.890000000000000124e+00 3.222766687688827680e+00
1.900000000000000133e+00 3.223773204452991425e+00
1.910000000000000142e+00 3.223982456138133834e+00
1.919999999999999929e+00 3.224045986049175472e+00
1.929999999999999938e+00 3.224113295009136237e+00
1.939999999999999947e+00 3.224153712744712852e+00
1.949999999999999956e+00 3.224212014868259590e+00
1.959999999999999964e+00 3.224258590750694431e+00
1.969999999999999973e+00 3.224353252336979114e+00
1.979999999999999982e+00 3.224592548222541932e+00
1.989999999999999991e+00 3.224886830034256135e+00
2.000000000000000000e+00 3.225805808851718748e+00
2.010000000000000231e+00 3.227957492034435383e+00
2.020000000000000018e+00 3.232252534863949034e+00
2.030000000000000249e+00 3.240583936100005946e+00
2.040000000000000036e+00 3.253276903762817529e+00
2.049999999999999822e+00 3.271323576455116289e+00
2.060000000000000053e+00 3.292416838905811272e+00
2.069999999999999840e+00 3.316416134457587983e+00
2.080000000000000071e+00 3.338285362722873906e+00
2.089999999999999858e+00 3.362273183259964160e+00
2.100000000000000089e+00 3.385133759214878246e+00
2.109999999999999876e+00 3.406151778583526468e+00
2.120000000000000107e+00 3.425525760450363055e+00
2.129999999999999893e+00 3.445650995981693221e+00
2.140000000000000124e+00 3.464252096920013457e+00
2.149999999999999911e+00 3.477112786045074344e+00
2.160000000000000142e+00 3.487838124341964718e+00
2.169999999999999929e+00 3.494264394052028599e+00
2.180000000000000160e+00 3.498673162662982783e+00
2.189999999999999947e+00 3.501397932813167468e+00
2.200000000000000178e+00 3.503501002070903869e+00
2.209999999999999964e+00 3.504706369993686454e+00
2.220000000000000195e+00 3.505375011532306573e+00
2.229999999999999982e+00 3.505749307434558926e+00
2.240000000000000213e+00 3.506074908616542807e+00
2.250000000000000000e+00 3.506303991198539638e+00
2.260000000000000231e+00 3.506516708738804056e+00
2.270000000000000018e+00 3.506653080096244768e+00
2.280000000000000249e+00 3.506756435189247068e+00
2.290000000000000036e+00 3.506796281645298219e+00
2.300000000000000266e+00 3.506852121067046912e+00
2.310000000000000053e+00 3.506894497880935546e+00
2.319999999999999840e+00 3.506896511409282713e+00
2.330000000000000071e+00 3.506897563109397709e+00
2.339999999999999858e+00 3.506886414299011268e+00
2.350000000000000089e+00 3.506882265794277309e+00
2.359999999999999876e+00 3.506877095377445297e+00
2.370000000000000107e+00 3.506873286488056074e+00
2.379999999999999893e+00 3.506890121695995344e+00
2.390000000000000124e+00 3.506890073859691537e+00
2.399999999999999911e+00 3.506891027231216373e+00
2.410000000000000142e+00 3.506890989639758871e+00
2.419999999999999929e+00 3.506891973004341079e+00
2.430000000000000160e+00 3.506894390516281046e+00
2.439999999999999947e+00 3.506895509519576848e+00
2.450000000000000178e+00 3.506896297240257088e+00
2.459999999999999964e+00 3.506896881392002285e+00
2.470000000000000195e+00 3.506891783499717530e+00
2.479999999999999982e+00 3.506887599709033854e+00
2.490000000000000213e+00 3.506877192997932546e+00
2.500000000000000000e+00 3.506872833631038855e+00
2.510000000000000231e+00 3.506868764870166633e+00
2.520000000000000018e+00 3.506867464032173309e+00
2.530000000000000249e+00 3.506864273295402512e+00
2.540000000000000036e+00 3.506863883116245084e+00
2.550000000000000266e+00 3.506862528371811116e+00
2.560000000000000053e+00 3.506863549244403799e+00
2.569999999999999840e+00 3.506862463102340843e+00
2.580000000000000071e+00 3.506858367838859625e+00
2.589999999999999858e+00 3.506847219362259072e+00
2.600000000000000089e+00 3.506839306261539502e+00
2.609999999999999876e+00 3.506836215941905976e+00
2.620000000000000107e+00 3.506836878087520759e+00
2.629999999999999893e+00 3.506837768635749697e+00
2.640000000000000124e+00 3.506838853960037028e+00
2.649999999999999911e+00 3.506838998310565891e+00
2.660000000000000142e+00 3.506837785856723677e+00
2.669999999999999929e+00 3.506835573036670706e+00
2.680000000000000160e+00 3.506833937468528894e+00
2.689999999999999947e+00 3.506833269579410661e+00
2.700000000000000178e+00 3.506833806114196594e+00
2.709999999999999964e+00 3.506833914086818549e+00
2.720000000000000195e+00 3.506830796284675422e+00
2.729999999999999982e+00 3.506832309813499471e+00
2.740000000000000213e+00 3.506832360074520150e+00
2.750000000000000000e+00 3.506832956218719488e+00
2.760000000000000231e+00 3.506832104940414307e+00
2.770000000000000018e+00 3.506832104940414307e+00
2.780000000000000249e+00 3.506832104940414307e+00
2.790000000000000036e+00 3.506832772586345737e+00
2.800000000000000266e+00 3.506832896428108359e+00
2.810000000000000053e+00 3.506833004407882814e+00
2.819999999999999840e+00 3.506833050875663549e+00
2.830000000000000071e+00 3.506833137848377024e+00
2.839999999999999858e+00 3.506833205637931883e+00
2.850000000000000089e+00 3.506833302290439658e+00
2.859999999999999876e+00 3.506833052849769761e+00
2.870000000000000107e+00 3.506832445478439197e+00
2.879999999999999893e+00 3.506832445478439197e+00
2.890000000000000124e+00 3.506832445478439197e+00
2.899999999999999911e+00 3.506832445478439197e+00
2.910000000000000142e+00 3.506832445478439197e+00
2.919999999999999929e+00 3.506835592813491775e+00
2.930000000000000160e+00 3.506837121868133345e+00
2.939999999999999947e+00 3.506839131522178743e+00
2.950000000000000178e+00 3.506839599041938982e+00
2.959999999999999964e+00 3.506839599041938982e+00
2.970000000000000195e+00 3.506839599041938982e+00
2.979999999999999982e+00 3.506839599041938982e+00
2.990000000000000213e+00 3.506839599041938982e+00
3.000000000000000000e+00 3.506839599041938982e+00
