0.000000000000000000e+00 4.559132296952317365e-01 5.062707094446112777e-01
1.000000000000000021e-02 4.559069648542969921e-01 5.062654376509816423e-01
2.000000000000000042e-02 1.559774146157589803e+00 1.696629706851157104e+00
2.999999999999999889e-02 1.560494139500834931e+00 1.694704503277561836e+00
4.000000000000000083e-02 1.559751553679396663e+00 1.689060301503251038e+00
5.000000000000000278e-02 1.537527994169529455e+00 1.690544741652671101e+00
5.999999999999999778e-02 1.470793104734961387e+00 1.776017220251019380e+00
7.000000000000000666e-02 1.344951486692945508e+00 2.570872330018957097e+00
8.000000000000000167e-02 2.646121768644302374e+00 3.392256162778884754e+00
8.999999999999999667e-02 3.060338818086755008e+00 3.182947817521917688e+00
1.000000000000000056e-01 3.066519698674508465e+00 3.178672202041319839e+00
1.100000000000000006e-01 3.066567439543013585e+00 3.178689291971917186e+00
1.199999999999999956e-01 3.066613293745713786e+00 3.178622973859114520e+00
1.300000000000000044e-01 3.066611487195774810e+00 3.178620501777842389e+00
1.400000000000000133e-01 3.066636399194187401e+00 3.178547610696368597e+00
1.499999999999999944e-01 3.069828752572077768e+00 3.170014421527844739e+00
1.600000000000000033e-01 3.072440026124457546e+00 3.164214120899696780e+00
1.700000000000000122e-01 3.074807851780424262e+00 3.158715763303269863e+00
1.799999999999999933e-01 3.077336739868859805e+00 3.153921640362997270e+00
1.900000000000000022e-01 3.079331749926285777e+00 3.149662276367469094e+00
2.000000000000000111e-01 3.079467265096174966e+00 3.149575217308533848e+00
2.099999999999999922e-01 3.080621169921712088e+00 3.147351003411455572e+00
2.200000000000000011e-01 3.081442043991642343e+00 3.146810564989490189e+00
2.300000000000000100e-01 3.081539442180740274e+00 3.146730230384719995e+00
2.399999999999999911e-01 3.081846384280825912e+00 3.146507495313976666e+00
2.500000000000000000e-01 3.084426855782671506e+00 3.144682609787778471e+00
2.600000000000000089e-01 3.085668584420889538e+00 3.143880042788773643e+00
2.700000000000000178e-01 3.088047193757312847e+00 3.142213355239612760e+00
2.800000000000000266e-01 3.088112944965032192e+00 3.142214900627466889e+00
2.899999999999999800e-01 3.089183110814681665e+00 3.141537057232269614e+00
2.999999999999999889e-01 3.090321713553688010e+00 3.140749412564018517e+00
3.099999999999999978e-01 3.091072119655060568e+00 3.140248658228468770e+00
3.200000000000000067e-01 3.091173687911063173e+00 3.140231313295335003e+00
3.300000000000000155e-01 3.091344992425680616e+00 3.140183050572633583e+00
3.400000000000000244e-01 3.091648520217984863e+00 3.140104465302378411e+00
3.500000000000000333e-01 3.092501125656053507e+00 3.139632748760297520e+00
3.599999999999999867e-01 3.093947093525513115e+00 3.138658214940444946e+00
3.699999999999999956e-01 3.094046001892174491e+00 3.138622579679404279e+00
3.800000000000000044e-01 3.094240242118278861e+00 3.138613931842406668e+00
3.900000000000000133e-01 3.094505764730465458e+00 3.138653259903895432e+00
4.000000000000000222e-01 3.096115682591526586e+00 3.137575505615146199e+00
4.100000000000000311e-01 3.097349100275304412e+00 3.136712865171167319e+00
4.199999999999999845e-01 3.097404888613841223e+00 3.136750957109311067e+00
4.299999999999999933e-01 3.097514971177890875e+00 3.136771394126102397e+00
4.400000000000000022e-01 3.099108053351815606e+00 3.135683881953779562e+00
4.500000000000000111e-01 3.099136986639268176e+00 3.135699090969793712e+00
4.600000000000000200e-01 3.099171207870490274e+00 3.135714886785500699e+00
4.700000000000000289e-01 3.099207003324418341e+00 3.135722141372771166e+00
4.799999999999999822e-01 3.099232844959726396e+00 3.135727744959364127e+00
4.899999999999999911e-01 3.099237043396994462e+00 3.135733871367409886e+00
5.000000000000000000e-01 3.099271534233734027e+00 3.135747049164131273e+00
5.100000000000000089e-01 3.099352604693485169e+00 3.135777563467907036e+00
5.200000000000000178e-01 3.099380704401831554e+00 3.135803438798089093e+00
5.300000000000000266e-01 3.099497690594446908e+00 3.135803852903592315e+00
5.400000000000000355e-01 3.099574973195725391e+00 3.135803335834807193e+00
5.500000000000000444e-01 3.099595009154437975e+00 3.135818175874591773e+00
5.600000000000000533e-01 3.099651897120140553e+00 3.135807156491615011e+00
5.700000000000000622e-01 3.099742881169947673e+00 3.135879493741360768e+00
5.799999999999999600e-01 3.099786305201921888e+00 3.135911064678754467e+00
5.899999999999999689e-01 3.099992978052800829e+00 3.135990100713068607e+00
5.999999999999999778e-01 3.100125705026755885e+00 3.136067291670669999e+00
6.099999999999999867e-01 3.100252841661258252e+00 3.136107008945660191e+00
6.199999999999999956e-01 3.100289317444626214e+00 3.136225572491820657e+00
6.300000000000000044e-01 3.100383192329283055e+00 3.136270317134981056e+00
6.400000000000000133e-01 3.100482149292505429e+00 3.136357333754026033e+00
6.500000000000000222e-01 3.100484305591216572e+00 3.136424467158684504e+00
6.600000000000000311e-01 3.100542057660049533e+00 3.136466844222122408e+00
6.700000000000000400e-01 3.100595196712601975e+00 3.136512954723250424e+00
6.800000000000000488e-01 3.100645966019162980e+00 3.136615081549158024e+00
6.900000000000000577e-01 3.100635344014757155e+00 3.136727946056729888e+00
7.000000000000000666e-01 3.100389701261732522e+00 3.137237973527696067e+00
7.099999999999999645e-01 3.100471454867428811e+00 3.137238440390521355e+00
7.199999999999999734e-01 3.100599971972120006e+00 3.137076385816919721e+00
7.299999999999999822e-01 3.100665984546704834e+00 3.136990345952944459e+00
7.399999999999999911e-01 3.100676736040656412e+00 3.137025186824257350e+00
7.500000000000000000e-01 3.100664497254144170e+00 3.137040370018233215e+00
7.600000000000000089e-01 3.100666341067013221e+00 3.137044011468234750e+00
7.700000000000000178e-01 3.100100017604356495e+00 3.137925593214506037e+00
7.800000000000000266e-01 3.100097942719110211e+00 3.137954198356024182e+00
7.900000000000000355e-01 3.100076873981165271e+00 3.138009471896482161e+00
8.000000000000000444e-01 3.099981010636065903e+00 3.138196935063626292e+00
8.100000000000000533e-01 3.100006435277868011e+00 3.138186086771082461e+00
8.200000000000000622e-01 3.099616217694515452e+00 3.138734424037700865e+00
8.300000000000000711e-01 3.098375307751585428e+00 3.140306961111138495e+00
8.399999999999999689e-01 3.094612668789017196e+00 3.144964626118552875e+00
8.499999999999999778e-01 3.091752057751009364e+00 3.148593083855321328e+00
8.599999999999999867e-01 3.088879907102397127e+00 3.152109168272206219e+00
8.699999999999999956e-01 3.082894886184260663e+00 3.159473962449505180e+00
8.800000000000000044e-01 3.078639934442574777e+00 3.164939800550405913e+00
8.900000000000000133e-01 3.086643920681916953e+00 3.155086244227446102e+00
9.000000000000000222e-01 3.097178559930961139e+00 3.142768288199265125e+00
9.100000000000000311e-01 3.099330579362271632e+00 3.140405558728815993e+00
9.200000000000000400e-01 3.100289774922942332e+00 3.139308033690835220e+00
9.300000000000000488e-01 3.101083880131486836e+00 3.138436318590398955e+00
9.400000000000000577e-01 3.101117056109695458e+00 3.138434982311935517e+00
9.500000000000000666e-01 3.101105566783311840e+00 3.138517976641294727e+00
9.599999999999999645e-01 3.101074121670711836e+00 3.138645749554644926e+00
9.699999999999999734e-01 3.101064445666095626e+00 3.138767543836811225e+00
9.799999999999999822e-01 3.101016347540786811e+00 3.138922424217292395e+00
9.899999999999999911e-01 3.101003293984204046e+00 3.139042518756121947e+00
1.000000000000000000e+00 3.100946412974014965e+00 3.139252535700186808e+00
1.010000000000000009e+00 3.100795521475936845e+00 3.139611547415588788e+00
1.020000000000000018e+00 3.100684850085200672e+00 3.140038717901287413e+00
1.030000000000000027e+00 3.100459138655007774e+00 3.140665594688116347e+00
1.040000000000000036e+00 3.100276974257089702e+00 3.141331321908376939e+00
1.050000000000000044e+00 3.100236053868455688e+00 3.141550729163961275e+00
1.060000000000000053e+00 3.100159938409388083e+00 3.141889400622784656e+00
1.070000000000000062e+00 3.099900748383192184e+00 3.142538398373933450e+00
1.080000000000000071e+00 3.099649859978183208e+00 3.143118185843007062e+00
1.090000000000000080e+00 3.099469454089702758e+00 3.143746358607708125e+00
1.100000000000000089e+00 3.099107101106323814e+00 3.144538105154357499e+00
1.110000000000000098e+00 3.098817929751253253e+00 3.145340680931234090e+00
1.120000000000000107e+00 3.098243885465581382e+00 3.146472916916887907e+00
1.130000000000000115e+00 3.097815729802524398e+00 3.147464061357104992e+00
1.140000000000000124e+00 3.097327107097390009e+00 3.148662717264410826e+00
1.150000000000000133e+00 3.096813953978488243e+00 3.149913695118954138e+00
1.159999999999999920e+00 3.096213245846899831e+00 3.151229605820504709e+00
1.169999999999999929e+00 3.095274861281381185e+00 3.153131147591604844e+00
1.179999999999999938e+00 3.094641785479617102e+00 3.154548164085316575e+00
1.189999999999999947e+00 3.094034265856584476e+00 3.155572800603071215e+00
1.199999999999999956e+00 3.093468308059235561e+00 3.156711439083555781e+00
1.209999999999999964e+00 3.092129531773293305e+00 3.159408816448485258e+00
1.219999999999999973e+00 3.091333205636116244e+00 3.161064513437179091e+00
1.229999999999999982e+00 3.090474531083093002e+00 3.163155324692740411e+00
1.239999999999999991e+00 3.090179940241986056e+00 3.164291422320193892e+00
1.250000000000000000e+00 3.089759875317560578e+00 3.165615960806859697e+00
1.260000000000000009e+00 3.089554047801843950e+00 3.166501451561101632e+00
1.270000000000000018e+00 3.089165538345390427e+00 3.167612063430732317e+00
1.280000000000000027e+00 3.088751912156179280e+00 3.168884521445200164e+00
1.290000000000000036e+00 3.088530708410863745e+00 3.169713489796991190e+00
1.300000000000000044e+00 3.088053643668695614e+00 3.171367590910390888e+00
1.310000000000000053e+00 3.087819617603894784e+00 3.172036310840967488e+00
1.320000000000000062e+00 3.087170319361090431e+00 3.173660953088403236e+00
1.330000000000000071e+00 3.086280647824137358e+00 3.175863839952618672e+00
1.340000000000000080e+00 3.085227176465662691e+00 3.178182771010724661e+00
1.350000000000000089e+00 3.084270527854165334e+00 3.180465088991919043e+00
1.360000000000000098e+00 3.080212682452796003e+00 3.187778259777428680e+00
1.370000000000000107e+00 3.079014443458376604e+00 3.190749574085415929e+00
1.380000000000000115e+00 3.077908547230820968e+00 3.193652707775969102e+00
1.390000000000000124e+00 3.076176449947638059e+00 3.197373857364373517e+00
1.400000000000000133e+00 3.075372535725731105e+00 3.200275464724403385e+00
1.409999999999999920e+00 3.074251481148287723e+00 3.203218383134320391e+00
1.419999999999999929e+00 3.073970108874684026e+00 3.205334028598422424e+00
1.429999999999999938e+00 3.073377279611417823e+00 3.208898319596460436e+00
1.439999999999999947e+00 3.072142855729380617e+00 3.213540280805310179e+00
1.449999999999999956e+00 3.070808205620949582e+00 3.218218506067092033e+00
1.459999999999999964e+00 3.068769996034090397e+00 3.224558584059293409e+00
1.469999999999999973e+00 3.067879549320020161e+00 3.229173293435297687e+00
1.479999999999999982e+00 3.066956824692486538e+00 3.233816896539928099e+00
1.489999999999999991e+00 3.065168169731645076e+00 3.239153927031012348e+00
1.500000000000000000e+00 3.063223211113803579e+00 3.244178487699635127e+00
1.510000000000000009e+00 3.060905816944947677e+00 3.251869099832662702e+00
1.520000000000000018e+00 3.059906326181167202e+00 3.256009793475395320e+00
1.530000000000000027e+00 3.058627104538554686e+00 3.262134168282871283e+00
1.540000000000000036e+00 3.058166267055224541e+00 3.264318085838604500e+00
1.550000000000000044e+00 3.057083306606439788e+00 3.268905821616025609e+00
1.560000000000000053e+00 3.055972878078382138e+00 3.273997680994112258e+00
1.570000000000000062e+00 3.054428873619372986e+00 3.281754891038601407e+00
1.580000000000000071e+00 3.053512116031182444e+00 3.286537669454085098e+00
1.590000000000000080e+00 3.052475751991869934e+00 3.293099238595364575e+00
1.600000000000000089e+00 3.051767597670188348e+00 3.298881963930496486e+00
1.610000000000000098e+00 3.051560312451095491e+00 3.301594004598884524e+00
1.620000000000000107e+00 3.050472136534389644e+00 3.307699733582798007e+00
1.630000000000000115e+00 3.049636234900954257e+00 3.313964928061959192e+00
1.640000000000000124e+00 3.048093430854617480e+00 3.324254194076718072e+00
1.650000000000000133e+00 3.046747229060446926e+00 3.335545487385475738e+00
1.660000000000000142e+00 3.044471163993802243e+00 3.359640173729929735e+00
1.669999999999999929e+00 3.043819799075921484e+00 3.390464246391454939e+00
1.679999999999999938e+00 3.046230965448845307e+00 3.426917228044044084e+00
1.689999999999999947e+00 3.055283570456627018e+00 3.469963057718154609e+00
1.699999999999999956e+00 3.072302281405777435e+00 3.520605351555495588e+00
1.709999999999999964e+00 3.098187200592863011e+00 3.570231386881960400e+00
1.719999999999999973e+00 3.127937782004179823e+00 3.611691335918602697e+00
1.729999999999999982e+00 3.165638569141559167e+00 3.650330931462116624e+00
1.739999999999999991e+00 3.208159981350663603e+00 3.682850038671728665e+00
1.750000000000000000e+00 3.247405450840630703e+00 3.705527455105146917e+00
1.760000000000000009e+00 3.284211754563775898e+00 3.720745748187574087e+00
1.770000000000000018e+00 3.315823349048729440e+00 3.731359803278808229e+00
1.780000000000000027e+00 3.345799225535516452e+00 3.738283506321783189e+00
1.790000000000000036e+00 3.373455146840142138e+00 3.741770850817633498e+00
1.800000000000000044e+00 3.398960439583308624e+00 3.742955936411374029e+00
1.810000000000000053e+00 3.420196236298601811e+00 3.741846750118215326e+00
1.820000000000000062e+00 3.435934545309766719e+00 3.741406801183000397e+00
1.830000000000000071e+00 3.447471251505511702e+00 3.741095605031353521e+00
1.840000000000000080e+00 3.459907280786521433e+00 3.739993934165947387e+00
1.850000000000000089e+00 3.469721622098540514e+00 3.738812444912339217e+00
1.860000000000000098e+00 3.476381114029741148e+00 3.738090522198819876e+00
1.870000000000000107e+00 3.484404514042910073e+00 3.736941366641942430e+00
1.880000000000000115e+00 3.491400316087562405e+00 3.736043543346565077e+00
1.890000000000000124e+00 3.496826674327545792e+00 3.735196809206313251e+00
1.900000000000000133e+00 3.501133201139678963e+00 3.734548509351501178e+00
1.910000000000000142e+00 3.506162510538227473e+00 3.733679493660800652e+00
1.919999999999999929e+00 3.510932770241919965e+00 3.732598963003929793e+00
1.929999999999999938e+00 3.516862160605390031e+00 3.731288032241861785e+00
1.939999999999999947e+00 3.524739684638073189e+00 3.729326967016170169e+00
1.949999999999999956e+00 3.531674298413201463e+00 3.727292031938628014e+00
1.959999999999999964e+00 3.536618200234820986e+00 3.725626021695683132e+00
1.969999999999999973e+00 3.541729513084877823e+00 3.724181733787070847e+00
1.979999999999999982e+00 3.545526933237888922e+00 3.722863987835071331e+00
1.989999999999999991e+00 3.550280797144114597e+00 3.721090862668812616e+00
2.000000000000000000e+00 3.556549983629549327e+00 3.718672301693593862e+00
2.010000000000000231e+00 3.560399438971425301e+00 3.717056684738253569e+00
2.020000000000000018e+00 3.562625349504093819e+00 3.716105261548419136e+00
2.030000000000000249e+00 3.563933232811514973e+00 3.715507020093376855e+00
2.040000000000000036e+00 3.566128192061471136e+00 3.714760014930678533e+00
2.049999999999999822e+00 3.567514456890027219e+00 3.714211784317095422e+00
2.060000000000000053e+00 3.568863056543325918e+00 3.713634820563340710e+00
2.069999999999999840e+00 3.570467664277178432e+00 3.712830819065945587e+00
2.080000000000000071e+00 3.572595754198288898e+00 3.712086750717901840e+00
2.089999999999999858e+00 3.574405074316241215e+00 3.711521628021023478e+00
2.100000000000000089e+00 3.576738343522273045e+00 3.710561340201176339e+00
2.109999999999999876e+00 3.578494546931984210e+00 3.709816504718062902e+00
2.120000000000000107e+00 3.579641543812504878e+00 3.709396058802851392e+00
2.129999999999999893e+00 3.581200196282009696e+00 3.708708502496142589e+00
2.140000000000000124e+00 3.582995965787572956e+00 3.708019592450456869e+00
2.149999999999999911e+00 3.585469692520904417e+00 3.706925215339851754e+00
2.160000000000000142e+00 3.587466678152813948e+00 3.705968549727663763e+00
2.169999999999999929e+00 3.589782615145578060e+00 3.704859797149763434e+00
2.180000000000000160e+00 3.591939662080833262e+00 3.703843988045623536e+00
2.189999999999999947e+00 3.593837281718521570e+00 3.702851418189734733e+00
2.200000000000000178e+00 3.595639267281971918e+00 3.701959529862917542e+00
2.209999999999999964e+00 3.599192258543407963e+00 3.700233707366549663e+00
2.220000000000000195e+00 3.601344682943978359e+00 3.699087373454413186e+00
2.229999999999999982e+00 3.603934604150017762e+00 3.697646502326765727e+00
2.240000000000000213e+00 3.604853459352155731e+00 3.697029532858232770e+00
2.250000000000000000e+00 3.607056357668504631e+00 3.695796241680517014e+00
2.260000000000000231e+00 3.607970950241651931e+00 3.695357659444245879e+00
2.270000000000000018e+00 3.609780750319440124e+00 3.694433713396112928e+00
2.280000000000000249e+00 3.611679936825927140e+00 3.693332151253525542e+00
2.290000000000000036e+00 3.612442467414292313e+00 3.692933237184134132e+00
2.300000000000000266e+00 3.613896537210812721e+00 3.692177666318544826e+00
2.310000000000000053e+00 3.614763719468095715e+00 3.691715507340452618e+00
2.319999999999999840e+00 3.615567584212102670e+00 3.691072489397249523e+00
2.330000000000000071e+00 3.616319330540350041e+00 3.690581644658395444e+00
2.339999999999999858e+00 3.616750951871293029e+00 3.690352983699423550e+00
2.350000000000000089e+00 3.617136281938885922e+00 3.690066646256113359e+00
2.359999999999999876e+00 3.617356369660103432e+00 3.689965244290625890e+00
2.370000000000000107e+00 3.617608035006104839e+00 3.689857879872740387e+00
2.379999999999999893e+00 3.617941728979571892e+00 3.689705623177067295e+00
2.390000000000000124e+00 3.619019491911194653e+00 3.689116470470168441e+00
2.399999999999999911e+00 3.619622470413285775e+00 3.688770728815955025e+00
2.410000000000000142e+00 3.619873417989935671e+00 3.688512756517205116e+00
2.419999999999999929e+00 3.620091611023621869e+00 3.688339702300352574e+00
2.430000000000000160e+00 3.620323128910565735e+00 3.688042983202433511e+00
2.439999999999999947e+00 3.620419970614024319e+00 3.687915791500500529e+00
2.450000000000000178e+00 3.620856315616482579e+00 3.687728210998660661e+00
2.459999999999999964e+00 3.621018551690592613e+00 3.687563995921598003e+00
2.470000000000000195e+00 3.621334120339420704e+00 3.687392546564075335e+00
2.479999999999999982e+00 3.621748902809389659e+00 3.687125767333737425e+00
2.490000000000000213e+00 3.622080851057045248e+00 3.686968392736442279e+00
2.500000000000000000e+00 3.622797297679001716e+00 3.686688814882224108e+00
2.510000000000000231e+00 3.623363767516133649e+00 3.686425872552874239e+00
2.520000000000000018e+00 3.623754459943072437e+00 3.686280114804012964e+00
2.530000000000000249e+00 3.624030692806453402e+00 3.686177405223636683e+00
2.540000000000000036e+00 3.624445496680099854e+00 3.686048723486106571e+00
2.550000000000000266e+00 3.624699271782704013e+00 3.685954700452021893e+00
2.560000000000000053e+00 3.625394287251824110e+00 3.685700653858786424e+00
2.569999999999999840e+00 3.625635404125262973e+00 3.685646787833164240e+00
2.580000000000000071e+00 3.626150245218333623e+00 3.685466377382221381e+00
2.589999999999999858e+00 3.626744007443147400e+00 3.685182451173109275e+00
2.600000000000000089e+00 3.627007921808867330e+00 3.685126223794312317e+00
2.609999999999999876e+00 3.627424977800930872e+00 3.685016729481135567e+00
2.620000000000000107e+00 3.627985513383268579e+00 3.684841593311906305e+00
2.629999999999999893e+00 3.628565029367391670e+00 3.684574048977907079e+00
2.640000000000000124e+00 3.629193521934598543e+00 3.684300383318811711e+00
2.649999999999999911e+00 3.629552321070637522e+00 3.684119064093623219e+00
2.660000000000000142e+00 3.629806523046037903e+00 3.684014060140111901e+00
2.669999999999999929e+00 3.630539607638167965e+00 3.683728062750053489e+00
2.680000000000000160e+00 3.630940934535647813e+00 3.683562591021869892e+00
2.689999999999999947e+00 3.631860517758156437e+00 3.683154625560020268e+00
2.700000000000000178e+00 3.632111279039389018e+00 3.683054870405190862e+00
2.709999999999999964e+00 3.632754008796428291e+00 3.682730585925365840e+00
2.720000000000000195e+00 3.633287742031319656e+00 3.682472866775290843e+00
2.729999999999999982e+00 3.633812060317754611e+00 3.682183936691522330e+00
2.740000000000000213e+00 3.634256148272497988e+00 3.682022862500207161e+00
2.750000000000000000e+00 3.634851546165134728e+00 3.681714051955554901e+00
2.760000000000000231e+00 3.635398146535515185e+00 3.681458348735213715e+00
2.770000000000000018e+00 3.635837669666505789e+00 3.681218776723646613e+00
2.780000000000000249e+00 3.636296027109728435e+00 3.681011842939748036e+00
2.790000000000000036e+00 3.636709044682538305e+00 3.680806437695467892e+00
2.800000000000000266e+00 3.637074971401887069e+00 3.680645760600371297e+00
2.810000000000000053e+00 3.637278443954152340e+00 3.680569962899523428e+00
2.819999999999999840e+00 3.637846672987867791e+00 3.680248222341607978e+00
2.830000000000000071e+00 3.638184783547034673e+00 3.680053553769478736e+00
2.839999999999999858e+00 3.638697236704184323e+00 3.679752727785752686e+00
2.850000000000000089e+00 3.639168469242266113e+00 3.679475629196950592e+00
2.859999999999999876e+00 3.639721792527443878e+00 3.679160650004142052e+00
2.870000000000000107e+00 3.639916328708690418e+00 3.679038256624180381e+00
2.879999999999999893e+00 3.639974086995078739e+00 3.679006315445946473e+00
2.890000000000000124e+00 3.640159060166752614e+00 3.678926799565874983e+00
2.899999999999999911e+00 3.640352992408959043e+00 3.678819888054640774e+00
2.910000000000000142e+00 3.640479390238994029e+00 3.678759944015270733e+00
2.919999999999999929e+00 3.640484457717248823e+00 3.678757999391248923e+00
2.930000000000000160e+00 3.640575396025885535e+00 3.678710950347672703e+00
2.939999999999999947e+00 3.640632329922139476e+00 3.678674638394892504e+00
2.950000000000000178e+00 3.640803064043753867e+00 3.678561720373398902e+00
2.959999999999999964e+00 3.640953800188996059e+00 3.678468677924178198e+00
2.970000000000000195e+00 3.640953800188996059e+00 3.678468677924178198e+00
2.979999999999999982e+00 3.640977137995110358e+00 3.678465830440176720e+00
2.990000000000000213e+00 3.641009674756249037e+00 3.678444064886848164e+00
3.000000000000000000e+00 3.641041727626168623e+00 3.678423555224096475e+00
