0.000000000000000000e+00 5.043000925915087640e-01 5.562356529922639625e-01
1.000000000000000021e-02 5.043000925915087640e-01 5.562356529922639625e-01
2.000000000000000042e-02 5.042999983914501216e-01 5.562355261067740697e-01
2.999999999999999889e-02 9.949814570117694323e-01 2.042230141549040479e+00
4.000000000000000083e-02 1.715349006362493434e+00 1.905454935278360296e+00
5.000000000000000278e-02 1.731525574763813191e+00 1.901199706546268464e+00
5.999999999999999778e-02 1.731201860887568333e+00 1.900695747256714974e+00
7.000000000000000666e-02 1.731225279068142386e+00 1.900705707107394504e+00
8.000000000000000167e-02 1.733408036461709933e+00 1.910755512918592469e+00
8.999999999999999667e-02 1.719096058636536695e+00 1.967173225092062827e+00
1.000000000000000056e-01 1.719361298533278015e+00 1.968777658161324995e+00
1.100000000000000006e-01 1.622402320861019209e+00 2.122373614395462127e+00
1.199999999999999956e-01 2.352295977078870948e+00 4.046397420149847157e+00
1.300000000000000044e-01 3.426625827847858297e+00 4.005216103037456676e+00
1.400000000000000133e-01 3.665473168936570936e+00 3.857776625060240328e+00
1.499999999999999944e-01 3.665473168936570936e+00 3.857776625060240328e+00
1.600000000000000033e-01 3.665469195523535895e+00 3.857798103193962547e+00
1.700000000000000122e-01 3.665466688427151620e+00 3.857812657905398179e+00
1.799999999999999933e-01 3.665466905618690596e+00 3.857790229352928257e+00
1.900000000000000022e-01 3.665484595613301089e+00 3.857679452262103403e+00
2.000000000000000111e-01 3.665486302406461228e+00 3.857613059423296242e+00
2.099999999999999922e-01 3.665916892950501271e+00 3.857681250784430915e+00
2.200000000000000011e-01 3.666933706541835924e+00 3.857721814750850520e+00
2.300000000000000100e-01 3.667549762030164029e+00 3.857612198857744534e+00
2.399999999999999911e-01 3.668266956073657603e+00 3.857621426575764012e+00
2.500000000000000000e-01 3.669701278187402327e+00 3.857684084733358443e+00
2.600000000000000089e-01 3.669633631530983653e+00 3.857112348107115896e+00
2.700000000000000178e-01 3.669612731391412641e+00 3.856713593882101332e+00
2.800000000000000266e-01 3.669454454494224027e+00 3.856252278398766276e+00
2.899999999999999800e-01 3.669272847856420494e+00 3.856017890945536042e+00
2.999999999999999889e-01 3.669011781272647266e+00 3.855646285362484438e+00
3.099999999999999978e-01 3.668825810091790984e+00 3.855654431106748881e+00
3.200000000000000067e-01 3.668921572332831005e+00 3.855246802644280990e+00
3.300000000000000155e-01 3.668916154507091854e+00 3.854857261582919747e+00
3.400000000000000244e-01 3.668753315976124529e+00 3.854533053042430435e+00
3.500000000000000333e-01 3.663962398961353450e+00 3.856077045742702047e+00
3.599999999999999867e-01 3.631235940800031425e+00 3.863020150460878543e+00
3.699999999999999956e-01 3.573088411752233906e+00 3.867612660387506285e+00
3.800000000000000044e-01 3.485589499847796091e+00 3.856826620695684049e+00
3.900000000000000133e-01 3.393216112381852945e+00 3.821997117388807652e+00
4.000000000000000222e-01 3.305050571044509056e+00 3.759407732879098241e+00
4.100000000000000311e-01 3.248215351519593508e+00 3.693174483451834522e+00
4.199999999999999845e-01 3.213431943830465709e+00 3.628721676727319601e+00
4.299999999999999933e-01 3.191319145356943388e+00 3.558180669692228015e+00
4.400000000000000022e-01 3.184116469091740065e+00 3.506394218397769436e+00
4.500000000000000111e-01 3.183480014767261501e+00 3.463184516616252928e+00
4.600000000000000200e-01 3.187070967604126004e+00 3.427168807447944943e+00
4.700000000000000289e-01 3.195198050155946046e+00 3.389502398085288082e+00
4.799999999999999822e-01 3.204678743256820450e+00 3.360882656894431886e+00
4.899999999999999911e-01 3.214438420981049482e+00 3.338874930282950793e+00
5.000000000000000000e-01 3.223237611886090370e+00 3.321665919493609564e+00
5.100000000000000089e-01 3.229514617218370631e+00 3.310460726700429568e+00
5.200000000000000178e-01 3.235898532375956371e+00 3.300033097353314737e+00
5.300000000000000266e-01 3.239755096001000645e+00 3.294280554972319308e+00
5.400000000000000355e-01 3.244840308667846784e+00 3.287216456049255164e+00
5.500000000000000444e-01 3.248967022630346868e+00 3.281873851273881648e+00
5.600000000000000533e-01 3.251359510158526867e+00 3.278958565841686656e+00
5.700000000000000622e-01 3.252274432752152222e+00 3.277871322863082248e+00
5.799999999999999600e-01 3.253069437375178730e+00 3.276929428014645040e+00
5.899999999999999689e-01 3.253999323129249444e+00 3.275830595899032804e+00
5.999999999999999778e-01 3.254026317196153872e+00 3.275803564662671530e+00
6.099999999999999867e-01 3.254051100257546736e+00 3.275754121075957315e+00
6.199999999999999956e-01 3.254076699970458897e+00 3.275746213061118794e+00
6.300000000000000044e-01 3.254081733129872145e+00 3.275742327038394297e+00
6.400000000000000133e-01 3.254099351128866946e+00 3.275733039379784994e+00
6.500000000000000222e-01 3.254106487914341095e+00 3.275721428636295229e+00
6.600000000000000311e-01 3.254131712459522596e+00 3.275710450612109526e+00
6.700000000000000400e-01 3.254159033389830924e+00 3.275699015464042851e+00
6.800000000000000488e-01 3.254187144452711067e+00 3.275685751727442252e+00
6.900000000000000577e-01 3.254272644980176210e+00 3.275657112419382955e+00
7.000000000000000666e-01 3.254297868954443729e+00 3.275651039512848861e+00
7.099999999999999645e-01 3.254319279220130756e+00 3.275645418498489558e+00
7.199999999999999734e-01 3.254321180503593869e+00 3.275640250203383896e+00
7.299999999999999822e-01 3.254362377621547342e+00 3.275608252270802101e+00
7.399999999999999911e-01 3.254415015250893717e+00 3.275587759831694257e+00
7.500000000000000000e-01 3.254442759517009787e+00 3.275579074985210060e+00
7.600000000000000089e-01 3.254466689445694616e+00 3.275567655213156737e+00
7.700000000000000178e-01 3.254503715989201407e+00 3.275542106984050239e+00
7.800000000000000266e-01 3.254585958985907634e+00 3.275475930323975771e+00
7.900000000000000355e-01 3.254613738449184446e+00 3.275447468602092904e+00
8.000000000000000444e-01 3.254638177287663137e+00 3.275403297688876503e+00
8.100000000000000533e-01 3.254677862180520798e+00 3.275373436576078490e+00
8.200000000000000622e-01 3.254725329939439415e+00 3.275324816745207368e+00
8.300000000000000711e-01 3.254815808516868803e+00 3.275306932042708841e+00
8.399999999999999689e-01 3.254868029743269275e+00 3.275290934409066601e+00
8.499999999999999778e-01 3.254901725829549619e+00 3.275270635720781698e+00
8.599999999999999867e-01 3.254939097997562758e+00 3.275262232549769781e+00
8.699999999999999956e-01 3.254952638907745222e+00 3.275256735653564899e+00
8.800000000000000044e-01 3.254959714728196563e+00 3.275256347998777517e+00
8.900000000000000133e-01 3.254987563001245920e+00 3.275250734718709200e+00
9.000000000000000222e-01 3.255002167242453837e+00 3.275248194748474617e+00
9.100000000000000311e-01 3.255031271521891423e+00 3.275248463471089888e+00
9.200000000000000400e-01 3.255037267488825492e+00 3.275249381199491161e+00
9.300000000000000488e-01 3.255066286448824009e+00 3.275255666757238338e+00
9.400000000000000577e-01 3.255084407125381940e+00 3.275259126123519327e+00
9.500000000000000666e-01 3.255109913674410382e+00 3.275261729091588858e+00
9.599999999999999645e-01 3.255154205493302033e+00 3.275262768788962386e+00
9.699999999999999734e-01 3.255159695694792354e+00 3.275264640400063598e+00
9.799999999999999822e-01 3.255165069493905605e+00 3.275266618323668055e+00
9.899999999999999911e-01 3.255174756226225874e+00 3.275267114448861427e+00
1.000000000000000000e+00 3.255176140343084779e+00 3.275267564486131544e+00
1.010000000000000009e+00 3.255192971046446448e+00 3.275267844645501913e+00
1.020000000000000018e+00 3.255206428858804735e+00 3.275267866714429488e+00
1.030000000000000027e+00 3.255206428858804735e+00 3.275267866714429488e+00
1.040000000000000036e+00 3.255206428858804735e+00 3.275267866714429488e+00
1.050000000000000044e+00 3.255206428858804735e+00 3.275267866714429488e+00
1.060000000000000053e+00 3.255206428858804735e+00 3.275267866714429488e+00
1.070000000000000062e+00 3.255206428858804735e+00 3.275267866714429488e+00
1.080000000000000071e+00 3.255206428858804735e+00 3.275267866714429488e+00
1.090000000000000080e+00 3.255206428858804735e+00 3.275267866714429488e+00
1.100000000000000089e+00 3.255206428858804735e+00 3.275267866714429488e+00
1.110000000000000098e+00 3.255206428858804735e+00 3.275267866714429488e+00
1.120000000000000107e+00 3.255206428858804735e+00 3.275267866714429488e+00
1.130000000000000115e+00 3.255206428858804735e+00 3.275267866714429488e+00
1.140000000000000124e+00 3.255206428858804735e+00 3.275267866714429488e+00
1.150000000000000133e+00 3.255206428858804735e+00 3.275267866714429488e+00
1.159999999999999920e+00 3.255206428858804735e+00 3.275267866714429488e+00
1.169999999999999929e+00 3.255206428858804735e+00 3.275267866714429488e+00
1.179999999999999938e+00 3.255206428858804735e+00 3.275267866714429488e+00
1.189999999999999947e+00 3.255206428858804735e+00 3.275267866714429488e+00
1.199999999999999956e+00 3.255206428858804735e+00 3.275267866714429488e+00
1.209999999999999964e+00 3.255206428858804735e+00 3.275267866714429488e+00
1.219999999999999973e+00 3.255206428858804735e+00 3.275267866714429488e+00
1.229999999999999982e+00 3.255206428858804735e+00 3.275267866714429488e+00
1.239999999999999991e+00 3.255206428858804735e+00 3.275267866714429488e+00
1.250000000000000000e+00 3.255206428858804735e+00 3.275267866714429488e+00
1.260000000000000009e+00 3.255202371182911225e+00 3.275268408431537548e+00
1.270000000000000018e+00 3.255190203162701135e+00 3.275270028575389514e+00
1.280000000000000027e+00 3.255184614378245911e+00 3.275270094813076405e+00
1.290000000000000036e+00 3.255167242076288936e+00 3.275271697075474719e+00
1.300000000000000044e+00 3.255164812177440137e+00 3.275272017399052604e+00
1.310000000000000053e+00 3.255140264902042890e+00 3.275273364672732779e+00
1.320000000000000062e+00 3.255135124505258659e+00 3.275273854123853745e+00
1.330000000000000071e+00 3.255121593209382880e+00 3.275278023890378698e+00
1.340000000000000080e+00 3.255091148032570825e+00 3.275285936771010764e+00
1.350000000000000089e+00 3.255075564679142275e+00 3.275289357152942671e+00
1.360000000000000098e+00 3.255052968583890038e+00 3.275294586557559118e+00
1.370000000000000107e+00 3.255015433789558710e+00 3.275303369897537120e+00
1.380000000000000115e+00 3.254938024541160324e+00 3.275326645649650814e+00
1.390000000000000124e+00 3.254855974685688658e+00 3.275356103275279374e+00
1.400000000000000133e+00 3.254784812463445309e+00 3.275380231181459489e+00
1.409999999999999920e+00 3.254696925936045648e+00 3.275403824939427277e+00
1.419999999999999929e+00 3.254587313202180976e+00 3.275444041253767313e+00
1.429999999999999938e+00 3.254484360039376689e+00 3.275475114266729548e+00
1.439999999999999947e+00 3.254357682802351714e+00 3.275506682136384295e+00
1.449999999999999956e+00 3.254143837000726069e+00 3.275575979774596025e+00
1.459999999999999964e+00 3.254088360990844198e+00 3.275591231299080253e+00
1.469999999999999973e+00 3.253977526720443603e+00 3.275626519381126922e+00
1.479999999999999982e+00 3.253864067545372052e+00 3.275675005263847694e+00
1.489999999999999991e+00 3.253517989357223250e+00 3.275843915344963442e+00
1.500000000000000000e+00 3.253413328592609233e+00 3.275885653078724147e+00
1.510000000000000009e+00 3.253343434600690198e+00 3.275914744396349665e+00
1.520000000000000018e+00 3.253174228340403040e+00 3.276000733712895574e+00
1.530000000000000027e+00 3.253093260189791280e+00 3.276036944440106957e+00
1.540000000000000036e+00 3.252970053298977149e+00 3.276086130501719929e+00
1.550000000000000044e+00 3.252776253338367063e+00 3.276178406967609646e+00
1.560000000000000053e+00 3.252651352780427718e+00 3.276240423933896917e+00
1.570000000000000062e+00 3.252461259591513443e+00 3.276331445181436042e+00
1.580000000000000071e+00 3.252135037470513801e+00 3.276483084315604088e+00
1.590000000000000080e+00 3.252114511435943101e+00 3.276493277441543839e+00
1.600000000000000089e+00 3.251989517514688899e+00 3.276550159890668112e+00
1.610000000000000098e+00 3.251929460418220508e+00 3.276569785907271992e+00
1.620000000000000107e+00 3.251878209003453701e+00 3.276589379716867700e+00
1.630000000000000115e+00 3.251822060101258405e+00 3.276615474545729878e+00
1.640000000000000124e+00 3.251630186021509328e+00 3.276682988488492487e+00
1.650000000000000133e+00 3.251518845895641441e+00 3.276730062562114298e+00
1.660000000000000142e+00 3.251460613259223642e+00 3.276751964694114783e+00
1.669999999999999929e+00 3.251442781742509336e+00 3.276757621623579642e+00
1.679999999999999938e+00 3.251427244621664325e+00 3.276763864425272121e+00
1.689999999999999947e+00 3.251365388739007933e+00 3.276785498454671597e+00
1.699999999999999956e+00 3.251336145935105115e+00 3.276790442347479626e+00
1.709999999999999964e+00 3.251311322209953225e+00 3.276794339215637564e+00
1.719999999999999973e+00 3.251291545806749284e+00 3.276801829041616543e+00
1.729999999999999982e+00 3.251237779487328172e+00 3.276815337969108288e+00
1.739999999999999991e+00 3.251194113245223338e+00 3.276824758667733040e+00
1.750000000000000000e+00 3.251192138337713367e+00 3.276826809277910257e+00
1.760000000000000009e+00 3.251195556222396643e+00 3.276838748711150995e+00
1.770000000000000018e+00 3.251194467301059543e+00 3.276849955039333739e+00
1.780000000000000027e+00 3.251174836557658043e+00 3.276881005341259812e+00
1.790000000000000036e+00 3.251168921030599623e+00 3.276885827199380596e+00
1.800000000000000044e+00 3.251144393589993520e+00 3.276917928668956037e+00
1.810000000000000053e+00 3.251113259828589008e+00 3.276937315203645618e+00
1.820000000000000062e+00 3.251032359659715265e+00 3.276978420717672424e+00
1.830000000000000071e+00 3.250902760707589323e+00 3.277037018979338079e+00
1.840000000000000080e+00 3.250861489606609922e+00 3.277063029054889221e+00
1.850000000000000089e+00 3.250749577786319122e+00 3.277126954324848462e+00
1.860000000000000098e+00 3.250723154653505365e+00 3.277151550465627228e+00
1.870000000000000107e+00 3.250587649425408010e+00 3.277229281169036668e+00
1.880000000000000115e+00 3.250547483425445083e+00 3.277265933518104912e+00
1.890000000000000124e+00 3.250441843849223744e+00 3.277340504692989320e+00
1.900000000000000133e+00 3.250335866901510773e+00 3.277487104499704262e+00
1.910000000000000142e+00 3.250263318184007932e+00 3.277603166443716187e+00
1.919999999999999929e+00 3.250238934125034174e+00 3.277653082819850905e+00
1.929999999999999938e+00 3.250098402447183954e+00 3.277785887723486002e+00
1.939999999999999947e+00 3.249560985283894698e+00 3.278197002787547110e+00
1.949999999999999956e+00 3.249346802956819324e+00 3.278329702432394299e+00
1.959999999999999964e+00 3.248746962980071817e+00 3.278822954531868117e+00
1.969999999999999973e+00 3.247250224954855380e+00 3.280035799525010898e+00
1.979999999999999982e+00 3.242633252588810855e+00 3.283766969517168732e+00
1.989999999999999991e+00 3.235942621875123937e+00 3.288788371085806350e+00
2.000000000000000000e+00 3.232181461519357146e+00 3.291364168773534882e+00
2.010000000000000231e+00 3.225921496434610791e+00 3.295701234740811447e+00
2.020000000000000018e+00 3.220308566295316588e+00 3.299764914701769136e+00
2.030000000000000249e+00 3.216752075164522662e+00 3.302119567215238138e+00
2.040000000000000036e+00 3.211805930802106968e+00 3.305914183681726737e+00
2.049999999999999822e+00 3.206764160429273591e+00 3.310811519798006142e+00
2.060000000000000053e+00 3.200623898416298019e+00 3.318147313985091884e+00
2.069999999999999840e+00 3.196354265848367238e+00 3.325103067039282490e+00
2.080000000000000071e+00 3.190372553193558502e+00 3.335107195956717341e+00
2.089999999999999858e+00 3.184977171147453490e+00 3.345867856146705677e+00
2.100000000000000089e+00 3.180336922296097768e+00 3.359632131401488309e+00
2.109999999999999876e+00 3.176395709711316684e+00 3.373038733347651252e+00
2.120000000000000107e+00 3.169281891604635248e+00 3.386973788565423860e+00
2.129999999999999893e+00 3.163298932629825977e+00 3.401155404728648968e+00
2.140000000000000124e+00 3.155240631292351772e+00 3.415645715605727162e+00
2.149999999999999911e+00 3.144062539118746447e+00 3.439212926469823461e+00
2.160000000000000142e+00 3.126158077222092491e+00 3.459753216627852179e+00
2.169999999999999929e+00 3.119994135097751364e+00 3.476189188442936118e+00
2.180000000000000160e+00 3.116754484059366170e+00 3.488057352540937295e+00
2.189999999999999947e+00 3.114224461722967963e+00 3.497842010259034407e+00
2.200000000000000178e+00 3.116403189114373085e+00 3.504413122402389114e+00
2.209999999999999964e+00 3.116626413973235810e+00 3.510311199781036340e+00
2.220000000000000195e+00 3.117217800422316110e+00 3.519203438243264870e+00
2.229999999999999982e+00 3.118178800021491615e+00 3.526260981892265445e+00
2.240000000000000213e+00 3.121503595038616741e+00 3.538112386082446381e+00
2.250000000000000000e+00 3.140050796680668110e+00 3.557299578966877096e+00
2.260000000000000231e+00 3.154563378161776122e+00 3.573990280752790127e+00
2.270000000000000018e+00 3.166882419231521251e+00 3.586274706007851254e+00
2.280000000000000249e+00 3.183198223233090651e+00 3.600068741397990379e+00
2.290000000000000036e+00 3.191326287887780833e+00 3.611769299322874271e+00
2.300000000000000266e+00 3.197298846279214679e+00 3.622339841607977284e+00
2.310000000000000053e+00 3.202842174958973054e+00 3.632522909622402096e+00
2.319999999999999840e+00 3.209022269889079126e+00 3.646507082542218114e+00
2.330000000000000071e+00 3.217176498985869326e+00 3.660395092019455898e+00
2.339999999999999858e+00 3.225603778286221246e+00 3.673813916024920356e+00
2.350000000000000089e+00 3.235202740924925102e+00 3.688935444800287122e+00
2.359999999999999876e+00 3.243408138363154336e+00 3.705049565847127191e+00
2.370000000000000107e+00 3.254069414455527109e+00 3.726280618718034177e+00
2.379999999999999893e+00 3.263665223232834922e+00 3.744096455362707854e+00
2.390000000000000124e+00 3.275233292833222176e+00 3.761944838217841092e+00
2.399999999999999911e+00 3.291329909055827230e+00 3.784289094783665597e+00
2.410000000000000142e+00 3.308248782837950763e+00 3.803938538047707318e+00
2.419999999999999929e+00 3.328178838725353916e+00 3.824005530318949742e+00
2.430000000000000160e+00 3.349478299858334118e+00 3.842658047750232342e+00
2.439999999999999947e+00 3.376866206615214416e+00 3.862249157087559226e+00
2.450000000000000178e+00 3.406393549516787189e+00 3.881109525300870722e+00
2.459999999999999964e+00 3.433423908724757556e+00 3.895546762280491127e+00
2.470000000000000195e+00 3.462157566224604466e+00 3.907328613761395175e+00
2.479999999999999982e+00 3.494623703841432505e+00 3.918006579447523396e+00
2.490000000000000213e+00 3.518761470947078251e+00 3.923744228105732645e+00
2.500000000000000000e+00 3.541342058157711747e+00 3.928310773306102455e+00
2.510000000000000231e+00 3.565285165161448333e+00 3.932856850028676021e+00
2.520000000000000018e+00 3.585325641668909658e+00 3.935116254631406019e+00
2.530000000000000249e+00 3.602179374310507054e+00 3.936564022977815380e+00
2.540000000000000036e+00 3.611390660429663502e+00 3.936547053632073467e+00
2.550000000000000266e+00 3.617411503663258365e+00 3.936521823339266923e+00
2.560000000000000053e+00 3.619262028218050986e+00 3.936482773846845085e+00
2.569999999999999840e+00 3.621491381866069670e+00 3.936628057769207434e+00
2.580000000000000071e+00 3.622115371214813528e+00 3.936452214410834927e+00
2.589999999999999858e+00 3.621002685122294729e+00 3.935563012614445633e+00
2.600000000000000089e+00 3.620245802316331307e+00 3.935315072799062897e+00
2.609999999999999876e+00 3.618891373104953235e+00 3.934792546944713809e+00
2.620000000000000107e+00 3.617252928807237033e+00 3.933812526543638555e+00
2.629999999999999893e+00 3.615052425470755892e+00 3.932652014722420653e+00
2.640000000000000124e+00 3.613166842704455650e+00 3.931627553490956384e+00
2.649999999999999911e+00 3.610554409897218875e+00 3.929982157342542415e+00
2.660000000000000142e+00 3.608039860592393566e+00 3.928521643557043141e+00
2.669999999999999929e+00 3.605183123384182675e+00 3.926888120488459588e+00
2.680000000000000160e+00 3.601645371124964079e+00 3.924858069531698135e+00
2.689999999999999947e+00 3.599935752950981893e+00 3.924468664816543217e+00
2.700000000000000178e+00 3.597132622091403942e+00 3.923104527361759519e+00
2.709999999999999964e+00 3.595019265438037070e+00 3.922104390934987084e+00
2.720000000000000195e+00 3.592603711997099047e+00 3.920866594761781343e+00
2.729999999999999982e+00 3.590499457956318974e+00 3.920075575050348871e+00
2.740000000000000213e+00 3.588684586580013214e+00 3.919210621883655765e+00
2.750000000000000000e+00 3.586165258391728727e+00 3.918019840909609641e+00
2.760000000000000231e+00 3.582660305970388759e+00 3.915693082448762130e+00
2.770000000000000018e+00 3.578876133565769724e+00 3.913035459165705721e+00
2.780000000000000249e+00 3.575354911611198450e+00 3.910586847169281288e+00
2.790000000000000036e+00 3.571120082923151973e+00 3.907460641640446486e+00
2.800000000000000266e+00 3.566378268266898743e+00 3.903404490879792021e+00
2.810000000000000053e+00 3.562222742816953058e+00 3.899042640488596945e+00
2.819999999999999840e+00 3.558466559961013687e+00 3.895021016061134489e+00
2.830000000000000071e+00 3.550124405948768658e+00 3.891976759169449185e+00
2.839999999999999858e+00 3.544537581802783777e+00 3.886417127317012721e+00
2.850000000000000089e+00 3.539841413377312396e+00 3.880796213652106363e+00
2.859999999999999876e+00 3.510867463903006414e+00 3.886253738003197622e+00
2.870000000000000107e+00 3.500365394840601052e+00 3.880712822746870128e+00
2.879999999999999893e+00 3.500550898902436536e+00 3.868116125528792359e+00
2.890000000000000124e+00 3.479092901276909178e+00 3.866826902380622766e+00
2.899999999999999911e+00 3.444444314625745296e+00 3.870496755220407703e+00
2.910000000000000142e+00 3.470185003635545495e+00 3.834761679728368566e+00
2.919999999999999929e+00 3.471055168741071562e+00 3.818325156299745338e+00
2.930000000000000160e+00 3.481467666723684573e+00 3.793217277076287530e+00
2.939999999999999947e+00 3.485189839000002898e+00 3.767399241519672870e+00
2.950000000000000178e+00 3.481076211195377468e+00 3.746395569262118919e+00
2.959999999999999964e+00 3.480707222057055183e+00 3.725269628538419475e+00
2.970000000000000195e+00 3.482406913112981339e+00 3.701101683111803542e+00
2.979999999999999982e+00 3.488226535531994354e+00 3.670935730560306087e+00
2.990000000000000213e+00 3.500440515684874132e+00 3.632185538406579095e+00
3.000000000000000000e+00 3.541516030854933383e+00 3.567571110501535081e+00
