0.000000000000000000e+00 5.302678727918863633e-01
1.000000000000000021e-02 5.302678727918863633e-01
2.000000000000000042e-02 5.302677622491120957e-01
2.999999999999999889e-02 1.518605799280404955e+00
4.000000000000000083e-02 1.810401970820426865e+00
5.000000000000000278e-02 1.816362640655040828e+00
5.999999999999999778e-02 1.815948804072141654e+00
7.000000000000000666e-02 1.815965493087768445e+00
8.000000000000000167e-02 1.822081774690151201e+00
8.999999999999999667e-02 1.843134641864299761e+00
1.000000000000000056e-01 1.844069478347301505e+00
1.100000000000000006e-01 1.872387967628240668e+00
1.199999999999999956e-01 3.199346698614359052e+00
1.300000000000000044e-01 3.715920965442657486e+00
1.400000000000000133e-01 3.761624896998405632e+00
1.499999999999999944e-01 3.761624896998405632e+00
1.600000000000000033e-01 3.761633649358749221e+00
1.700000000000000122e-01 3.761639673166274900e+00
1.799999999999999933e-01 3.761628567485809427e+00
1.900000000000000022e-01 3.761582023937702246e+00
2.000000000000000111e-01 3.761549680914878735e+00
2.099999999999999922e-01 3.761799071867466093e+00
2.200000000000000011e-01 3.762327760646343222e+00
2.300000000000000100e-01 3.762580980443954282e+00
2.399999999999999911e-01 3.762944191324710808e+00
2.500000000000000000e-01 3.763692681460380385e+00
2.600000000000000089e-01 3.763372989819049774e+00
2.700000000000000178e-01 3.763163162636756987e+00
2.800000000000000266e-01 3.762853366446495151e+00
2.899999999999999800e-01 3.762645369400978268e+00
2.999999999999999889e-01 3.762329033317565852e+00
3.099999999999999978e-01 3.762240120599269932e+00
3.200000000000000067e-01 3.762084187488555997e+00
3.300000000000000155e-01 3.761886708045005800e+00
3.400000000000000244e-01 3.761643184509277482e+00
3.500000000000000333e-01 3.760019722352027749e+00
3.599999999999999867e-01 3.747128045630454984e+00
3.699999999999999956e-01 3.720350536069870095e+00
3.800000000000000044e-01 3.671208060271740070e+00
3.900000000000000133e-01 3.607606614885330298e+00
4.000000000000000222e-01 3.532229151961803648e+00
4.100000000000000311e-01 3.470694917485714015e+00
4.199999999999999845e-01 3.421076810278892655e+00
4.299999999999999933e-01 3.374749907524585701e+00
4.400000000000000022e-01 3.345255343744754750e+00
4.500000000000000111e-01 3.323332265691757215e+00
4.600000000000000200e-01 3.307119887526035473e+00
4.700000000000000289e-01 3.292350224120617064e+00
4.799999999999999822e-01 3.282780700075626168e+00
4.899999999999999911e-01 3.276656675632000137e+00
5.000000000000000000e-01 3.272451765689849967e+00
5.100000000000000089e-01 3.269987671959400100e+00
5.200000000000000178e-01 3.267965814864635554e+00
5.300000000000000266e-01 3.267017825486659977e+00
5.400000000000000355e-01 3.266028382358550974e+00
5.500000000000000444e-01 3.265420436952114258e+00
5.600000000000000533e-01 3.265159038000106762e+00
5.700000000000000622e-01 3.265072877807617235e+00
5.799999999999999600e-01 3.264999432694911885e+00
5.899999999999999689e-01 3.264914959514141124e+00
5.999999999999999778e-01 3.264914940929412701e+00
6.099999999999999867e-01 3.264902610666752025e+00
6.199999999999999956e-01 3.264911456515788846e+00
6.300000000000000044e-01 3.264912030084133221e+00
6.400000000000000133e-01 3.264916195254325970e+00
6.500000000000000222e-01 3.264913958275318162e+00
6.600000000000000311e-01 3.264921081535816061e+00
6.700000000000000400e-01 3.264929024426936888e+00
6.800000000000000488e-01 3.264936448090076659e+00
6.900000000000000577e-01 3.264964878699779582e+00
7.000000000000000666e-01 3.264974454233646295e+00
7.099999999999999645e-01 3.264982348859310157e+00
7.199999999999999734e-01 3.264980715353488883e+00
7.299999999999999822e-01 3.264985314946174721e+00
7.399999999999999911e-01 3.265001387541293987e+00
7.500000000000000000e-01 3.265010917251109923e+00
7.600000000000000089e-01 3.265017172329425676e+00
7.700000000000000178e-01 3.265022911486625823e+00
7.800000000000000266e-01 3.265030944654941703e+00
7.900000000000000355e-01 3.265030603525638675e+00
8.000000000000000444e-01 3.265020737488269820e+00
8.100000000000000533e-01 3.265025649378299644e+00
8.200000000000000622e-01 3.265025073342323392e+00
8.300000000000000711e-01 3.265061370279788822e+00
8.399999999999999689e-01 3.265079482076167938e+00
8.499999999999999778e-01 3.265086180775165658e+00
8.599999999999999867e-01 3.265100665273666269e+00
8.699999999999999956e-01 3.265104687280655060e+00
8.800000000000000044e-01 3.265108031363487040e+00
8.900000000000000133e-01 3.265119148859977560e+00
9.000000000000000222e-01 3.265125180995464227e+00
9.100000000000000311e-01 3.265139867496490655e+00
9.200000000000000400e-01 3.265143324344158327e+00
9.300000000000000488e-01 3.265160976603031173e+00
9.400000000000000577e-01 3.265171766624450633e+00
9.500000000000000666e-01 3.265185821382999620e+00
9.599999999999999645e-01 3.265208487141132210e+00
9.699999999999999734e-01 3.265212168047427976e+00
9.799999999999999822e-01 3.265215843908786830e+00
9.899999999999999911e-01 3.265220935337543651e+00
1.000000000000000000e+00 3.265221852414608161e+00
1.010000000000000009e+00 3.265230407845974181e+00
1.020000000000000018e+00 3.265237147786617111e+00
1.030000000000000027e+00 3.265237147786617111e+00
1.040000000000000036e+00 3.265237147786617111e+00
1.050000000000000044e+00 3.265237147786617111e+00
1.060000000000000053e+00 3.265237147786617111e+00
1.070000000000000062e+00 3.265237147786617111e+00
1.080000000000000071e+00 3.265237147786617111e+00
1.090000000000000080e+00 3.265237147786617111e+00
1.100000000000000089e+00 3.265237147786617111e+00
1.110000000000000098e+00 3.265237147786617111e+00
1.120000000000000107e+00 3.265237147786617111e+00
1.130000000000000115e+00 3.265237147786617111e+00
1.140000000000000124e+00 3.265237147786617111e+00
1.150000000000000133e+00 3.265237147786617111e+00
1.159999999999999920e+00 3.265237147786617111e+00
1.169999999999999929e+00 3.265237147786617111e+00
1.179999999999999938e+00 3.265237147786617111e+00
1.189999999999999947e+00 3.265237147786617111e+00
1.199999999999999956e+00 3.265237147786617111e+00
1.209999999999999964e+00 3.265237147786617111e+00
1.219999999999999973e+00 3.265237147786617111e+00
1.229999999999999982e+00 3.265237147786617111e+00
1.239999999999999991e+00 3.265237147786617111e+00
1.250000000000000000e+00 3.265237147786617111e+00
1.260000000000000009e+00 3.265235389807224387e+00
1.270000000000000018e+00 3.265230115869045324e+00
1.280000000000000027e+00 3.265227354595661158e+00
1.290000000000000036e+00 3.265219469575881828e+00
1.300000000000000044e+00 3.265218414788246371e+00
1.310000000000000053e+00 3.265206814787387835e+00
1.320000000000000062e+00 3.265204489314556202e+00
1.330000000000000071e+00 3.265199808549880789e+00
1.340000000000000080e+00 3.265188542401790794e+00
1.350000000000000089e+00 3.265182460916042473e+00
1.360000000000000098e+00 3.265173777570724578e+00
1.370000000000000107e+00 3.265159401843547915e+00
1.380000000000000115e+00 3.265132335095405569e+00
1.390000000000000124e+00 3.265106038980484016e+00
1.400000000000000133e+00 3.265082521822452399e+00
1.409999999999999920e+00 3.265050375437736463e+00
1.419999999999999929e+00 3.265015677227974145e+00
1.429999999999999938e+00 3.264979737153053119e+00
1.439999999999999947e+00 3.264932182469368005e+00
1.449999999999999956e+00 3.264859908387661047e+00
1.459999999999999964e+00 3.264839796144962225e+00
1.469999999999999973e+00 3.264802023050785262e+00
1.479999999999999982e+00 3.264769536404609873e+00
1.489999999999999991e+00 3.264680952351093346e+00
1.500000000000000000e+00 3.264649490835666690e+00
1.510000000000000009e+00 3.264629089498519932e+00
1.520000000000000018e+00 3.264587481026649307e+00
1.530000000000000027e+00 3.264565102314949119e+00
1.540000000000000036e+00 3.264528091900348539e+00
1.550000000000000044e+00 3.264477330152988355e+00
1.560000000000000053e+00 3.264445888357162318e+00
1.570000000000000062e+00 3.264396352386474742e+00
1.580000000000000071e+00 3.264309060893058945e+00
1.590000000000000080e+00 3.264303894438743470e+00
1.600000000000000089e+00 3.264269838702678506e+00
1.610000000000000098e+00 3.264249623162746250e+00
1.620000000000000107e+00 3.264233794360160701e+00
1.630000000000000115e+00 3.264218767323494141e+00
1.640000000000000124e+00 3.264156587255000908e+00
1.650000000000000133e+00 3.264124454228877870e+00
1.660000000000000142e+00 3.264106288976669212e+00
1.669999999999999929e+00 3.264100201683044489e+00
1.679999999999999938e+00 3.264095554523468223e+00
1.689999999999999947e+00 3.264075443596839765e+00
1.699999999999999956e+00 3.264063294141292371e+00
1.709999999999999964e+00 3.264052830712795394e+00
1.719999999999999973e+00 3.264046687424182913e+00
1.729999999999999982e+00 3.264026558728218230e+00
1.739999999999999991e+00 3.264009435956478189e+00
1.750000000000000000e+00 3.264009473807811812e+00
1.760000000000000009e+00 3.264017152466773819e+00
1.770000000000000018e+00 3.264022211170196641e+00
1.780000000000000027e+00 3.264027920949458927e+00
1.790000000000000036e+00 3.264027374114990110e+00
1.800000000000000044e+00 3.264031161129474778e+00
1.810000000000000053e+00 3.264025287516117313e+00
1.820000000000000062e+00 3.264005390188693845e+00
1.830000000000000071e+00 3.263969889843463701e+00
1.840000000000000080e+00 3.263962259330749571e+00
1.850000000000000089e+00 3.263938266055583792e+00
1.860000000000000098e+00 3.263937352559566296e+00
1.870000000000000107e+00 3.263908465297222339e+00
1.880000000000000115e+00 3.263906708471774998e+00
1.890000000000000124e+00 3.263891174271106532e+00
1.900000000000000133e+00 3.263911485700607518e+00
1.910000000000000142e+00 3.263933242313862060e+00
1.919999999999999929e+00 3.263946008472442539e+00
1.929999999999999938e+00 3.263942145085334978e+00
1.939999999999999947e+00 3.263878994035720904e+00
1.949999999999999956e+00 3.263838252694606812e+00
1.959999999999999964e+00 3.263784958755969967e+00
1.969999999999999973e+00 3.263643012239933139e+00
1.979999999999999982e+00 3.263200111052989794e+00
1.989999999999999991e+00 3.262365496480465143e+00
2.000000000000000000e+00 3.261772815146446014e+00
2.010000000000000231e+00 3.260811365587711119e+00
2.020000000000000018e+00 3.260036740498542862e+00
2.030000000000000249e+00 3.259435821189880400e+00
2.040000000000000036e+00 3.258860057241916852e+00
2.049999999999999822e+00 3.258787840113639867e+00
2.060000000000000053e+00 3.259385606200694951e+00
2.069999999999999840e+00 3.260728666443824864e+00
2.080000000000000071e+00 3.262739874575137922e+00
2.089999999999999858e+00 3.265422513647079583e+00
2.100000000000000089e+00 3.269984526848793038e+00
2.109999999999999876e+00 3.274717221529483968e+00
2.120000000000000107e+00 3.278127840085029554e+00
2.129999999999999893e+00 3.282227168679237472e+00
2.140000000000000124e+00 3.285443173449039467e+00
2.149999999999999911e+00 3.291637732794284954e+00
2.160000000000000142e+00 3.292955646924972335e+00
2.169999999999999929e+00 3.298091661770343741e+00
2.180000000000000160e+00 3.302405918300151733e+00
2.189999999999999947e+00 3.306033235991001185e+00
2.200000000000000178e+00 3.310408155758381099e+00
2.209999999999999964e+00 3.313468806877136075e+00
2.220000000000000195e+00 3.318210619332790490e+00
2.229999999999999982e+00 3.322219890956878530e+00
2.240000000000000213e+00 3.329807990560531561e+00
2.250000000000000000e+00 3.348675187823772603e+00
2.260000000000000231e+00 3.364276829457283124e+00
2.270000000000000018e+00 3.376578562619686252e+00
2.280000000000000249e+00 3.391633482315540515e+00
2.290000000000000036e+00 3.401547793605327552e+00
2.300000000000000266e+00 3.409819343943595982e+00
2.310000000000000053e+00 3.417682542290687575e+00
2.319999999999999840e+00 3.427764676215648620e+00
2.330000000000000071e+00 3.438785795502662612e+00
2.339999999999999858e+00 3.449708847155570801e+00
2.350000000000000089e+00 3.462069092862606112e+00
2.359999999999999876e+00 3.474228852105140763e+00
2.370000000000000107e+00 3.490175016586780643e+00
2.379999999999999893e+00 3.503880839297771388e+00
2.390000000000000124e+00 3.518589065525531634e+00
2.399999999999999911e+00 3.537809501919746413e+00
2.410000000000000142e+00 3.556093660442829041e+00
2.419999999999999929e+00 3.576092184522151829e+00
2.430000000000000160e+00 3.596068173804283230e+00
2.439999999999999947e+00 3.619557681851386821e+00
2.450000000000000178e+00 3.643751537408828955e+00
2.459999999999999964e+00 3.664485335502624341e+00
2.470000000000000195e+00 3.684743089992999820e+00
2.479999999999999982e+00 3.706315141644477951e+00
2.490000000000000213e+00 3.721252849526405448e+00
2.500000000000000000e+00 3.734826415731907101e+00
2.510000000000000231e+00 3.749071007595062177e+00
2.520000000000000018e+00 3.760220948150157838e+00
2.530000000000000249e+00 3.769371698644161217e+00
2.540000000000000036e+00 3.773968857030868485e+00
2.550000000000000266e+00 3.776966663501262644e+00
2.560000000000000053e+00 3.777872401032448035e+00
2.569999999999999840e+00 3.779059719817638552e+00
2.580000000000000071e+00 3.779283792812824228e+00
2.589999999999999858e+00 3.778282848868370181e+00
2.600000000000000089e+00 3.777780437557697102e+00
2.609999999999999876e+00 3.776841960024833522e+00
2.620000000000000107e+00 3.775532727675437794e+00
2.629999999999999893e+00 3.773852220096588272e+00
2.640000000000000124e+00 3.772397198097706017e+00
2.649999999999999911e+00 3.770268283619880645e+00
2.660000000000000142e+00 3.768280752074718354e+00
2.669999999999999929e+00 3.766035621936321132e+00
2.680000000000000160e+00 3.763251720328331107e+00
2.689999999999999947e+00 3.762202208883762555e+00
2.700000000000000178e+00 3.760118574726581731e+00
2.709999999999999964e+00 3.758561828186512077e+00
2.720000000000000195e+00 3.756735153379440195e+00
2.729999999999999982e+00 3.755287516503333922e+00
2.740000000000000213e+00 3.753947604231834489e+00
2.750000000000000000e+00 3.752092549650669184e+00
2.760000000000000231e+00 3.749176694209575444e+00
2.770000000000000018e+00 3.745955796365737722e+00
2.780000000000000249e+00 3.742970879390239869e+00
2.790000000000000036e+00 3.739290362281799229e+00
2.800000000000000266e+00 3.734891379573345382e+00
2.810000000000000053e+00 3.730632691652775002e+00
2.819999999999999840e+00 3.726743788011074088e+00
2.830000000000000071e+00 3.721050582559108921e+00
2.839999999999999858e+00 3.715477354559898249e+00
2.850000000000000089e+00 3.710318813514709380e+00
2.859999999999999876e+00 3.698560600953102018e+00
2.870000000000000107e+00 3.690539108793735590e+00
2.879999999999999893e+00 3.684333512215614448e+00
2.890000000000000124e+00 3.672959901828765972e+00
2.899999999999999911e+00 3.657470534923076499e+00
2.910000000000000142e+00 3.652473341681957031e+00
2.919999999999999929e+00 3.644690162520408450e+00
2.930000000000000160e+00 3.637342471899986052e+00
2.939999999999999947e+00 3.626294540259837884e+00
2.950000000000000178e+00 3.613735890228748193e+00
2.959999999999999964e+00 3.602988425297737329e+00
2.970000000000000195e+00 3.591754298112392441e+00
2.979999999999999982e+00 3.579581133046150221e+00
2.990000000000000213e+00 3.566313027045726614e+00
3.000000000000000000e+00 3.554543570678234232e+00
