0.000000000000000000e+00 5.271023785807527062e-01 5.763553457860313145e-01
1.000000000000000021e-02 5.270781105955990586e-01 5.774150797406283342e-01
2.000000000000000042e-02 9.441146693546355051e-01 1.183795505008023996e+00
2.999999999999999889e-02 1.020817354971297553e+00 1.163781269991270628e+00
4.000000000000000083e-02 1.020725446703003803e+00 1.163753095490170475e+00
5.000000000000000278e-02 9.909090262046134079e-01 1.227602006267043411e+00
5.999999999999999778e-02 1.113567082876606662e+00 1.791681687806204959e+00
7.000000000000000666e-02 1.575869136636288692e+00 1.974644310283629300e+00
8.000000000000000167e-02 1.764290939133243530e+00 1.928817629280013879e+00
8.999999999999999667e-02 1.799000084425083745e+00 1.912464153145678747e+00
1.000000000000000056e-01 1.798618414316049963e+00 1.912514431667455161e+00
1.100000000000000006e-01 1.798164039558921568e+00 1.912596825283016555e+00
1.199999999999999956e-01 1.796994340667162682e+00 1.912836468656625044e+00
1.300000000000000044e-01 1.796373040582344593e+00 1.912957795763804647e+00
1.400000000000000133e-01 1.795697329355564476e+00 1.913103777135524597e+00
1.499999999999999944e-01 1.795324423933755797e+00 1.913220999426114899e+00
1.600000000000000033e-01 1.795081425073172809e+00 1.913307426173660897e+00
1.700000000000000122e-01 1.793505706971503910e+00 1.913925644106052593e+00
1.799999999999999933e-01 1.791701546850026583e+00 1.914658975749193859e+00
1.900000000000000022e-01 1.789591385357191644e+00 1.915507951302716450e+00
2.000000000000000111e-01 1.758735781568720791e+00 1.951962767790124120e+00
2.099999999999999922e-01 1.488057920960680125e+00 2.536135840569242017e+00
2.200000000000000011e-01 1.562485362862944704e+00 3.473722496379017421e+00
2.300000000000000100e-01 2.641367077740921943e+00 4.304650785902247812e+00
2.399999999999999911e-01 3.442786823862839185e+00 4.243968523577403396e+00
2.500000000000000000e-01 3.741691133132490243e+00 4.094077256309477164e+00
2.600000000000000089e-01 3.829238589030913964e+00 4.033603853157348595e+00
2.700000000000000178e-01 3.845051908839134835e+00 4.025527558681578633e+00
2.800000000000000266e-01 3.858760002007580070e+00 4.017958663101100392e+00
2.899999999999999800e-01 3.867665519129753093e+00 4.013002021739959346e+00
2.999999999999999889e-01 3.870087472132216266e+00 4.012020629197587063e+00
3.099999999999999978e-01 3.871022049631197337e+00 4.011759464369696104e+00
3.200000000000000067e-01 3.872121339978936927e+00 4.011406908788915260e+00
3.300000000000000155e-01 3.872575870349575844e+00 4.011257777287791093e+00
3.400000000000000244e-01 3.873082318328000095e+00 4.011087565061473015e+00
3.500000000000000333e-01 3.873210301468550831e+00 4.011033884966194840e+00
3.599999999999999867e-01 3.873395544649352651e+00 4.010983692916641807e+00
3.699999999999999956e-01 3.873745968166320885e+00 4.010867231930762777e+00
3.800000000000000044e-01 3.874086961181667732e+00 4.010787688405009987e+00
3.900000000000000133e-01 3.874076551318831552e+00 4.010780798625283694e+00
4.000000000000000222e-01 3.873926379368552553e+00 4.010851184260597613e+00
4.100000000000000311e-01 3.873520461426186223e+00 4.011047105865073625e+00
4.199999999999999845e-01 3.872967033299671513e+00 4.011296501947177795e+00
4.299999999999999933e-01 3.871869173992684932e+00 4.011771982432790651e+00
4.400000000000000022e-01 3.864298538416295781e+00 4.015722362977593995e+00
4.500000000000000111e-01 3.819167490800861042e+00 4.038163203693385661e+00
4.600000000000000200e-01 3.678127908157637016e+00 4.075975996161172787e+00
4.700000000000000289e-01 3.426304392122075271e+00 4.027365447956278821e+00
4.799999999999999822e-01 3.249850810327378436e+00 3.864495542526396488e+00
4.899999999999999911e-01 3.185681670415163591e+00 3.689607927186726588e+00
5.000000000000000000e-01 3.180722749005731043e+00 3.596764847062650983e+00
5.100000000000000089e-01 3.181970652282910539e+00 3.567897844087405179e+00
5.200000000000000178e-01 3.182384627753860773e+00 3.556015325516097558e+00
5.300000000000000266e-01 3.169624128868428148e+00 3.528993919766100884e+00
5.400000000000000355e-01 3.164802040614238532e+00 3.507731165872463475e+00
5.500000000000000444e-01 3.164407655241225914e+00 3.504069600670601137e+00
5.600000000000000533e-01 3.164639516785137996e+00 3.500486902034289916e+00
5.700000000000000622e-01 3.165982183529236771e+00 3.490975232285163266e+00
5.799999999999999600e-01 3.024701716987685973e+00 3.514305716295643034e+00
5.899999999999999689e-01 3.197660923541104872e+00 3.363445897242510085e+00
5.999999999999999778e-01 3.204625955770279866e+00 3.352843878786299747e+00
6.099999999999999867e-01 3.214792127989446691e+00 3.347773538519227543e+00
6.199999999999999956e-01 3.233395910421025032e+00 3.337623275279391510e+00
6.300000000000000044e-01 3.235810569242849599e+00 3.336397723279580507e+00
6.400000000000000133e-01 3.244159605990741380e+00 3.331676251186039384e+00
6.500000000000000222e-01 3.248441361814909722e+00 3.329310755675858768e+00
6.600000000000000311e-01 3.251662480385012266e+00 3.327518113000683897e+00
6.700000000000000400e-01 3.252981760493436791e+00 3.326767635992845751e+00
6.800000000000000488e-01 3.253309114287764370e+00 3.326628543955414852e+00
6.900000000000000577e-01 3.254333227355312719e+00 3.326232976954150988e+00
7.000000000000000666e-01 3.254840514712292521e+00 3.326028601112406502e+00
7.099999999999999645e-01 3.255682442101393015e+00 3.325772988291825882e+00
7.199999999999999734e-01 3.256060017772509418e+00 3.325642729653523588e+00
7.299999999999999822e-01 3.256717782609695355e+00 3.325382263214355483e+00
7.399999999999999911e-01 3.257578311690062289e+00 3.325075212093621335e+00
7.500000000000000000e-01 3.258908333623354636e+00 3.324659575808103007e+00
7.600000000000000089e-01 3.259599723129692705e+00 3.324466504015502366e+00
7.700000000000000178e-01 3.260341476653294102e+00 3.324212249318881263e+00
7.800000000000000266e-01 3.260529896479376077e+00 3.324160119451753381e+00
7.900000000000000355e-01 3.260555511443442800e+00 3.324151971481018375e+00
8.000000000000000444e-01 3.260704770230105520e+00 3.324073832517811855e+00
8.100000000000000533e-01 3.260873476644303270e+00 3.323987589940283538e+00
8.200000000000000622e-01 3.260979356488090897e+00 3.323935582905906738e+00
8.300000000000000711e-01 3.261097215657022375e+00 3.323882303223821388e+00
8.399999999999999689e-01 3.261201165797872559e+00 3.323828771731691223e+00
8.499999999999999778e-01 3.261254066574774235e+00 3.323799268061914169e+00
8.599999999999999867e-01 3.261401628525472773e+00 3.323716240737222272e+00
8.699999999999999956e-01 3.261605763000087865e+00 3.323615659500522401e+00
8.800000000000000044e-01 3.261707390135660134e+00 3.323583517604932425e+00
8.900000000000000133e-01 3.261912111827641514e+00 3.323520808165759011e+00
9.000000000000000222e-01 3.262179835655142579e+00 3.323426413815568470e+00
9.100000000000000311e-01 3.262302342921314935e+00 3.323448523863734128e+00
9.200000000000000400e-01 3.262378842087858999e+00 3.323496129320984593e+00
9.300000000000000488e-01 3.262448211333379700e+00 3.323551583736314985e+00
9.400000000000000577e-01 3.262510065264757841e+00 3.323632708444539396e+00
9.500000000000000666e-01 3.262579722385830383e+00 3.323682434763484128e+00
9.599999999999999645e-01 3.262636538234973571e+00 3.323728061403011580e+00
9.699999999999999734e-01 3.262700526290106762e+00 3.323778256468605807e+00
9.799999999999999822e-01 3.262745255826885238e+00 3.323815728703563455e+00
9.899999999999999911e-01 3.262788090847957179e+00 3.323863091064464648e+00
1.000000000000000000e+00 3.262833199095351411e+00 3.323897400923149448e+00
1.010000000000000009e+00 3.262879926488409854e+00 3.323947746870507647e+00
1.020000000000000018e+00 3.262792794662473739e+00 3.324223647808076443e+00
1.030000000000000027e+00 3.262181968275001509e+00 3.325409437226364062e+00
1.040000000000000036e+00 3.260817437025129273e+00 3.327780473503053393e+00
1.050000000000000044e+00 3.256130172086079355e+00 3.335618924011867215e+00
1.060000000000000053e+00 3.252351385997300781e+00 3.342458435789580129e+00
1.070000000000000062e+00 3.244571770758662321e+00 3.356241663250890017e+00
1.080000000000000071e+00 3.242356720783660773e+00 3.360420807993461434e+00
1.090000000000000080e+00 3.239687566937885510e+00 3.365829923615970554e+00
1.100000000000000089e+00 3.238100261962644222e+00 3.369290404407747186e+00
1.110000000000000098e+00 3.238107675823053810e+00 3.369324243808904384e+00
1.120000000000000107e+00 3.237986544644916531e+00 3.369578858125125809e+00
1.130000000000000115e+00 3.235945905366694131e+00 3.373597642616475323e+00
1.140000000000000124e+00 3.234186871324837842e+00 3.377479503616034773e+00
1.150000000000000133e+00 3.232767359229272053e+00 3.381148844236189888e+00
1.159999999999999920e+00 3.231177887461107900e+00 3.386107592713910819e+00
1.169999999999999929e+00 3.229220838647950842e+00 3.393528210929762423e+00
1.179999999999999938e+00 3.228254072192391355e+00 3.399133443595687254e+00
1.189999999999999947e+00 3.227487899796459114e+00 3.403366768730190284e+00
1.199999999999999956e+00 3.227352508746115234e+00 3.407604109910996826e+00
1.209999999999999964e+00 3.227460447529768128e+00 3.409163216095949078e+00
1.219999999999999973e+00 3.227563691921977007e+00 3.410106048368664933e+00
1.229999999999999982e+00 3.227565592042660025e+00 3.410299040253902181e+00
1.239999999999999991e+00 3.227541806659974810e+00 3.410353348149977037e+00
1.250000000000000000e+00 3.227518334177954973e+00 3.410347293573395167e+00
1.260000000000000009e+00 3.227664921127311182e+00 3.410103512948998272e+00
1.270000000000000018e+00 3.229576738513484369e+00 3.406581373387798539e+00
1.280000000000000027e+00 3.231115428062545369e+00 3.405387005790603716e+00
1.290000000000000036e+00 3.233219053648740182e+00 3.402040133653848830e+00
1.300000000000000044e+00 3.234429492667892259e+00 3.400619058829567276e+00
1.310000000000000053e+00 3.235027258979200404e+00 3.400809227031350801e+00
1.320000000000000062e+00 3.235485135844783144e+00 3.400165351234837097e+00
1.330000000000000071e+00 3.235977425124781259e+00 3.400063961417539193e+00
1.340000000000000080e+00 3.236636002796526412e+00 3.398877966992024824e+00
1.350000000000000089e+00 3.237469502292605217e+00 3.397757762197522791e+00
1.360000000000000098e+00 3.238300487633960500e+00 3.396960720580799453e+00
1.370000000000000107e+00 3.238986423257252945e+00 3.396110669600107990e+00
1.380000000000000115e+00 3.239013183808782337e+00 3.396338737720987488e+00
1.390000000000000124e+00 3.239144780365553533e+00 3.396086717260751175e+00
1.400000000000000133e+00 3.239712449200726763e+00 3.395687230121515743e+00
1.409999999999999920e+00 3.241189957830220347e+00 3.393930721986979204e+00
1.419999999999999929e+00 3.243067378779413090e+00 3.391867955330846840e+00
1.429999999999999938e+00 3.244002197567017465e+00 3.391157737711874898e+00
1.439999999999999947e+00 3.243654102694070840e+00 3.393505633662664334e+00
1.449999999999999956e+00 3.244417841725629970e+00 3.393492417983727805e+00
1.459999999999999964e+00 3.244978591551272995e+00 3.393088897209675547e+00
1.469999999999999973e+00 3.245456888093007475e+00 3.392849979763971735e+00
1.479999999999999982e+00 3.245512346244397328e+00 3.393583705305514009e+00
1.489999999999999991e+00 3.245953607717024791e+00 3.393400394472611215e+00
1.500000000000000000e+00 3.245871572464220645e+00 3.394862545143849442e+00
1.510000000000000009e+00 3.246359681119531881e+00 3.394292212739377756e+00
1.520000000000000018e+00 3.246641116051011355e+00 3.394233613444037179e+00
1.530000000000000027e+00 3.246409660201671432e+00 3.394808555397388350e+00
1.540000000000000036e+00 3.245962873013201300e+00 3.395958637468633246e+00
1.550000000000000044e+00 3.245590598512470226e+00 3.397003701767146833e+00
1.560000000000000053e+00 3.245378459041234454e+00 3.397457627475146236e+00
1.570000000000000062e+00 3.245136988414921486e+00 3.398161419154009710e+00
1.580000000000000071e+00 3.245064107776596707e+00 3.398338500136420137e+00
1.590000000000000080e+00 3.245050757769261107e+00 3.398329575706805716e+00
1.600000000000000089e+00 3.245002199585409475e+00 3.398301349461106735e+00
1.610000000000000098e+00 3.244954952784541380e+00 3.398278366316791921e+00
1.620000000000000107e+00 3.244926028922301864e+00 3.398260887376564288e+00
1.630000000000000115e+00 3.244925311053785233e+00 3.398260373560396008e+00
1.640000000000000124e+00 3.244916324071926095e+00 3.398254613804775115e+00
1.650000000000000133e+00 3.244908284290020095e+00 3.398250256235416433e+00
1.660000000000000142e+00 3.244905408892659882e+00 3.398248123192759262e+00
1.669999999999999929e+00 3.244891212370129452e+00 3.398241106059817440e+00
1.679999999999999938e+00 3.244860137271255773e+00 3.398228346734672556e+00
1.689999999999999947e+00 3.244792416391105050e+00 3.398198073148995135e+00
1.699999999999999956e+00 3.244766182157607037e+00 3.398186393607048661e+00
1.709999999999999964e+00 3.244678210739099011e+00 3.398149945946730366e+00
1.719999999999999973e+00 3.243335553163663398e+00 3.398543988710268415e+00
1.729999999999999982e+00 3.234985251356474301e+00 3.401084531997331517e+00
1.739999999999999991e+00 3.227328908551333697e+00 3.402125939938427379e+00
1.750000000000000000e+00 3.209897260472491354e+00 3.405730395815655953e+00
1.760000000000000009e+00 3.193412796460407321e+00 3.410082065404636431e+00
1.770000000000000018e+00 3.175805105205041556e+00 3.415873117804068215e+00
1.780000000000000027e+00 3.148481877815728414e+00 3.425252485697264593e+00
1.790000000000000036e+00 3.130767194594180847e+00 3.426383235670292127e+00
1.800000000000000044e+00 3.118541816437011782e+00 3.427099959309333421e+00
1.810000000000000053e+00 3.109587883710865697e+00 3.425954291224475590e+00
1.820000000000000062e+00 3.100246269249069098e+00 3.426730425377738865e+00
1.830000000000000071e+00 3.095051781194781082e+00 3.427660127217198482e+00
1.840000000000000080e+00 3.088587114304498282e+00 3.428436859990164454e+00
1.850000000000000089e+00 3.082644808265543990e+00 3.426836721809529696e+00
1.860000000000000098e+00 3.079833447596055152e+00 3.424982169078368166e+00
1.870000000000000107e+00 3.077602828073701335e+00 3.423824287600317096e+00
1.880000000000000115e+00 3.073704493633808266e+00 3.422347643602786871e+00
1.890000000000000124e+00 3.072239473431300549e+00 3.421913170192051101e+00
1.900000000000000133e+00 3.071874944566774790e+00 3.421683295832586236e+00
1.910000000000000142e+00 3.072441086308789426e+00 3.421287116291690023e+00
1.919999999999999929e+00 3.081075403060084650e+00 3.419068127013081604e+00
1.929999999999999938e+00 3.096821296095197074e+00 3.414305323348696408e+00
1.939999999999999947e+00 3.105418217679442705e+00 3.412201319907723018e+00
1.949999999999999956e+00 3.114346476463067503e+00 3.409853003374349711e+00
1.959999999999999964e+00 3.121395500092119857e+00 3.408032350640683550e+00
1.969999999999999973e+00 3.126677783937956256e+00 3.406493255075906390e+00
1.979999999999999982e+00 3.127640164022214009e+00 3.406253548379176266e+00
1.989999999999999991e+00 3.128375480640011475e+00 3.406011284959239660e+00
2.000000000000000000e+00 3.130469364027822277e+00 3.405530938596880386e+00
2.010000000000000231e+00 3.135136952529118393e+00 3.405027252859904596e+00
2.020000000000000018e+00 3.143524776787006925e+00 3.404492494555270365e+00
2.030000000000000249e+00 3.147150898713356515e+00 3.404487325607055137e+00
2.040000000000000036e+00 3.152579357296656504e+00 3.405521180499364142e+00
2.049999999999999822e+00 3.157790263254944385e+00 3.406641724641021440e+00
2.060000000000000053e+00 3.165732788107964879e+00 3.408491407863524003e+00
2.069999999999999840e+00 3.174977661287366359e+00 3.413133107383669262e+00
2.080000000000000071e+00 3.181389402381495035e+00 3.415401410997792819e+00
2.089999999999999858e+00 3.184492343893827293e+00 3.418600345496355164e+00
2.100000000000000089e+00 3.188905514198723257e+00 3.420592805274543569e+00
2.109999999999999876e+00 3.191553083498960053e+00 3.420539824902529613e+00
2.120000000000000107e+00 3.192085509859190928e+00 3.420725570258034587e+00
2.129999999999999893e+00 3.199870003728848999e+00 3.419595097746866763e+00
2.140000000000000124e+00 3.205879037237162166e+00 3.419421179633145513e+00
2.149999999999999911e+00 3.214658800861414534e+00 3.419176001747075588e+00
2.160000000000000142e+00 3.223068768679343776e+00 3.418178780096329028e+00
2.169999999999999929e+00 3.229049574870340944e+00 3.416666920109517225e+00
2.180000000000000160e+00 3.233115908304268871e+00 3.415144759892409176e+00
2.189999999999999947e+00 3.235912019595159173e+00 3.413984717980372174e+00
2.200000000000000178e+00 3.234291872918846789e+00 3.414612234074828390e+00
2.209999999999999964e+00 3.227126552585114716e+00 3.417638172847281552e+00
2.220000000000000195e+00 3.214922824672207025e+00 3.424361219965473158e+00
2.229999999999999982e+00 3.207498786143683223e+00 3.428051900215721925e+00
2.240000000000000213e+00 3.202956546445007380e+00 3.429218761405830040e+00
2.250000000000000000e+00 3.201649252052938710e+00 3.428673206414544428e+00
2.260000000000000231e+00 3.201644617841204798e+00 3.428213139765301953e+00
2.270000000000000018e+00 3.198283808492818459e+00 3.428918059168657884e+00
2.280000000000000249e+00 3.197149265836820131e+00 3.428152026468172853e+00
2.290000000000000036e+00 3.201028902793731312e+00 3.427446737498436313e+00
2.300000000000000266e+00 3.205186966856623965e+00 3.426854732409809312e+00
2.310000000000000053e+00 3.217405251053493842e+00 3.423846371880847173e+00
2.319999999999999840e+00 3.226394953134402943e+00 3.421122074877872787e+00
2.330000000000000071e+00 3.228999051151893340e+00 3.419971427678444087e+00
2.339999999999999858e+00 3.226685967271730959e+00 3.421512387134625577e+00
2.350000000000000089e+00 3.223769802254732753e+00 3.424139224310819074e+00
2.359999999999999876e+00 3.218768280541259852e+00 3.427943329742591860e+00
2.370000000000000107e+00 3.219941118749669151e+00 3.428385394516894280e+00
2.379999999999999893e+00 3.220813988445210718e+00 3.429457990905833142e+00
2.390000000000000124e+00 3.227832848662187004e+00 3.426654509407232929e+00
2.399999999999999911e+00 3.235960907427644528e+00 3.422768523142957875e+00
2.410000000000000142e+00 3.242131658050226850e+00 3.419956199878048775e+00
2.419999999999999929e+00 3.236170539923314493e+00 3.424949368476267075e+00
2.430000000000000160e+00 3.223008920007180755e+00 3.434179769691992234e+00
2.439999999999999947e+00 3.203199661118296238e+00 3.447372140434476595e+00
2.450000000000000178e+00 3.205252830674628406e+00 3.447150119988938499e+00
2.459999999999999964e+00 3.219882396706966965e+00 3.440508622861476518e+00
2.470000000000000195e+00 3.215323667021895648e+00 3.444860132879112857e+00
2.479999999999999982e+00 3.206813313547017597e+00 3.451028328303454185e+00
2.490000000000000213e+00 3.206782044205515270e+00 3.453219583978802909e+00
2.500000000000000000e+00 3.221896175896453940e+00 3.446301815236282096e+00
2.510000000000000231e+00 3.234202885469833699e+00 3.440797592983802833e+00
2.520000000000000018e+00 3.240609932802066773e+00 3.438209239565982678e+00
2.530000000000000249e+00 3.246139151699416026e+00 3.436342741882928209e+00
2.540000000000000036e+00 3.250435907632143628e+00 3.435436273807255692e+00
2.550000000000000266e+00 3.251373254675022473e+00 3.436280557399638447e+00
2.560000000000000053e+00 3.251951858034605625e+00 3.437961383590226294e+00
2.569999999999999840e+00 3.252964883743771907e+00 3.440649367550363991e+00
2.580000000000000071e+00 3.253649732775961034e+00 3.445487271318162570e+00
2.589999999999999858e+00 3.254994192230336036e+00 3.451697192938693259e+00
2.600000000000000089e+00 3.255842105564400235e+00 3.460664014392570209e+00
2.609999999999999876e+00 3.251018811330527392e+00 3.477379254746704618e+00
2.620000000000000107e+00 3.260868690752371624e+00 3.485627792883530862e+00
2.629999999999999893e+00 3.268591776026789741e+00 3.497999210554059157e+00
2.640000000000000124e+00 3.274851255779592130e+00 3.512655050677927271e+00
2.649999999999999911e+00 3.282484456907276194e+00 3.528123849915500987e+00
2.660000000000000142e+00 3.281641298139772900e+00 3.550662675232209686e+00
2.669999999999999929e+00 3.275137179374542296e+00 3.577452594916973094e+00
2.680000000000000160e+00 3.292092845829780678e+00 3.587963644415085085e+00
2.689999999999999947e+00 3.329866213017561360e+00 3.582678804549119800e+00
2.700000000000000178e+00 3.361372437224883658e+00 3.579166752070884971e+00
2.709999999999999964e+00 3.395489995648386827e+00 3.569529665744779034e+00
2.720000000000000195e+00 3.422815305004469177e+00 3.559584082126268090e+00
2.729999999999999982e+00 3.435632309480755264e+00 3.557212829708011004e+00
2.740000000000000213e+00 3.445615256999462250e+00 3.555251837946445281e+00
2.750000000000000000e+00 3.453641673540508883e+00 3.553145399532878557e+00
2.760000000000000231e+00 3.461200607637453519e+00 3.550757287093114112e+00
2.770000000000000018e+00 3.466749270471661593e+00 3.548792778726488795e+00
2.780000000000000249e+00 3.471572080878388089e+00 3.546938455739844454e+00
2.790000000000000036e+00 3.475663690372830850e+00 3.545193870776766509e+00
2.800000000000000266e+00 3.479201776401456225e+00 3.543591360323969486e+00
2.810000000000000053e+00 3.483279784774047094e+00 3.541568937564629316e+00
2.819999999999999840e+00 3.485644326352512756e+00 3.540325172386729946e+00
2.830000000000000071e+00 3.487593732559454818e+00 3.539315157468544637e+00
2.839999999999999858e+00 3.489503090381120831e+00 3.538261393175627045e+00
2.850000000000000089e+00 3.491554505481288651e+00 3.537071864891483841e+00
2.859999999999999876e+00 3.493169801544645292e+00 3.536138248572847420e+00
2.870000000000000107e+00 3.493939553061303993e+00 3.535618620819273250e+00
2.879999999999999893e+00 3.495050706340663726e+00 3.534941736162311887e+00
2.890000000000000124e+00 3.496235461213458073e+00 3.534214906232487685e+00
2.899999999999999911e+00 3.497440640125032640e+00 3.533501082625631451e+00
2.910000000000000142e+00 3.498704480411215734e+00 3.532691492746667272e+00
2.919999999999999929e+00 3.499310461263477556e+00 3.532308215789973893e+00
2.930000000000000160e+00 3.500100623888511286e+00 3.531812742505532121e+00
2.939999999999999947e+00 3.500835476969342608e+00 3.531339639889139903e+00
2.950000000000000178e+00 3.501573250321428965e+00 3.530869365979153685e+00
2.959999999999999964e+00 3.502115876833055808e+00 3.530680999845411172e+00
2.970000000000000195e+00 3.502848026606837362e+00 3.530177111761769293e+00
2.979999999999999982e+00 3.503576399927864848e+00 3.529602871183623591e+00
2.990000000000000213e+00 3.503901333361573833e+00 3.529342027672819349e+00
3.000000000000000000e+00 3.504726681328070192e+00 3.528587116722810002e+00
