0.000000000000000000e+00 3.181197348496317967e-01
1.000000000000000021e-02 8.881675352495909115e-01
2.000000000000000042e-02 8.968025284844637346e-01
2.999999999999999889e-02 8.878408018189668516e-01
4.000000000000000083e-02 3.084456612398624564e+00
5.000000000000000278e-02 3.930548008425235551e+00
5.999999999999999778e-02 3.930558366026878137e+00
7.000000000000000666e-02 3.930619222264289725e+00
8.000000000000000167e-02 3.930628704512119320e+00
8.999999999999999667e-02 3.930657073979377802e+00
1.000000000000000056e-01 3.930664138560294951e+00
1.100000000000000006e-01 3.930427484114169978e+00
1.199999999999999956e-01 3.929745203320980096e+00
1.300000000000000044e-01 3.929401205689907250e+00
1.400000000000000133e-01 3.928543033940792295e+00
1.499999999999999944e-01 3.921945626866817580e+00
1.600000000000000033e-01 3.867154475398063784e+00
1.700000000000000122e-01 3.746887251582145861e+00
1.799999999999999933e-01 3.741403147642612392e+00
1.900000000000000022e-01 3.660629387509823029e+00
2.000000000000000111e-01 3.515387426850795638e+00
2.099999999999999922e-01 3.380980878674983980e+00
2.200000000000000011e-01 3.330559499785900268e+00
2.300000000000000100e-01 3.185525224647522080e+00
2.399999999999999911e-01 3.118831900104284127e+00
2.500000000000000000e-01 3.059220671873092545e+00
2.600000000000000089e-01 3.015021395419835937e+00
2.700000000000000178e-01 3.007321937038898607e+00
2.800000000000000266e-01 3.030188945734500816e+00
2.899999999999999800e-01 3.078033889288902092e+00
2.999999999999999889e-01 3.087903990163803236e+00
3.099999999999999978e-01 3.110223037517070743e+00
3.200000000000000067e-01 3.126959221296310432e+00
3.300000000000000155e-01 3.134486596848964801e+00
3.400000000000000244e-01 3.146205081219673350e+00
3.500000000000000333e-01 3.155239253499507956e+00
3.599999999999999867e-01 3.176394316689968189e+00
3.699999999999999956e-01 3.187759360218048066e+00
3.800000000000000044e-01 3.189351696412563442e+00
3.900000000000000133e-01 3.188791372451782014e+00
4.000000000000000222e-01 3.183858846056461189e+00
4.100000000000000311e-01 3.181982019519805860e+00
4.199999999999999845e-01 3.181578699517249920e+00
4.299999999999999933e-01 3.183249055175781272e+00
4.400000000000000022e-01 3.184111869719028487e+00
4.500000000000000111e-01 3.185128043770790285e+00
4.600000000000000200e-01 3.186693998856544585e+00
4.700000000000000289e-01 3.188932623994350291e+00
4.799999999999999822e-01 3.190645816175937455e+00
4.899999999999999911e-01 3.191396819772720495e+00
5.000000000000000000e-01 3.191980617916584162e+00
5.100000000000000089e-01 3.192650727286338697e+00
5.200000000000000178e-01 3.193021674792766440e+00
5.300000000000000266e-01 3.193216343867778750e+00
5.400000000000000355e-01 3.193462319138050010e+00
5.500000000000000444e-01 3.193703408577442282e+00
5.600000000000000533e-01 3.193909203214645220e+00
5.700000000000000622e-01 3.194033737487793179e+00
5.799999999999999600e-01 3.194241779236793644e+00
5.899999999999999689e-01 3.194369394123554251e+00
5.999999999999999778e-01 3.194617690987587189e+00
6.099999999999999867e-01 3.194925088357925436e+00
6.199999999999999956e-01 3.195198545644283517e+00
6.300000000000000044e-01 3.195419052543640337e+00
6.400000000000000133e-01 3.195704521870613046e+00
6.500000000000000222e-01 3.195847157106399550e+00
6.600000000000000311e-01 3.195950608966350526e+00
6.700000000000000400e-01 3.196090187876224675e+00
6.800000000000000488e-01 3.196250842504501311e+00
6.900000000000000577e-01 3.196416490724086845e+00
7.000000000000000666e-01 3.196528414063453560e+00
7.099999999999999645e-01 3.196582589294910459e+00
7.199999999999999734e-01 3.196609678542614130e+00
7.299999999999999822e-01 3.196600483157634898e+00
7.399999999999999911e-01 3.196628387091160040e+00
7.500000000000000000e-01 3.196689448938369704e+00
7.600000000000000089e-01 3.196680451066494122e+00
7.700000000000000178e-01 3.196606146581173036e+00
7.800000000000000266e-01 3.196629226491451092e+00
7.900000000000000355e-01 3.196619583940505827e+00
8.000000000000000444e-01 3.196644259784221731e+00
8.100000000000000533e-01 3.196579597270488904e+00
8.200000000000000622e-01 3.196491184680462005e+00
8.300000000000000711e-01 3.196391188225746305e+00
8.399999999999999689e-01 3.196244380390643958e+00
8.499999999999999778e-01 3.196000674071311831e+00
8.599999999999999867e-01 3.195802191545963122e+00
8.699999999999999956e-01 3.195596373775005272e+00
8.800000000000000044e-01 3.195374336543083338e+00
8.900000000000000133e-01 3.195214855549335375e+00
9.000000000000000222e-01 3.195099765441417716e+00
9.100000000000000311e-01 3.194986704995632198e+00
9.200000000000000400e-01 3.194827854373455178e+00
9.300000000000000488e-01 3.194622801816463298e+00
9.400000000000000577e-01 3.194501525428295352e+00
9.500000000000000666e-01 3.194321520566940187e+00
9.599999999999999645e-01 3.194225789341926358e+00
9.699999999999999734e-01 3.194066260430812765e+00
9.799999999999999822e-01 3.193905910449028163e+00
9.899999999999999911e-01 3.193789653813838836e+00
1.000000000000000000e+00 3.193585578327179153e+00
1.010000000000000009e+00 3.193319834017753767e+00
1.020000000000000018e+00 3.193096154904365491e+00
1.030000000000000027e+00 3.192740596313476509e+00
1.040000000000000036e+00 3.192362887542247840e+00
1.050000000000000044e+00 3.192131065003871893e+00
1.060000000000000053e+00 3.191924214353561329e+00
1.070000000000000062e+00 3.191532233171463062e+00
1.080000000000000071e+00 3.191232456862926448e+00
1.090000000000000080e+00 3.190947631080150781e+00
1.100000000000000089e+00 3.190679609224796209e+00
1.110000000000000098e+00 3.190649385778904001e+00
1.120000000000000107e+00 3.190522369647025958e+00
1.130000000000000115e+00 3.190391399183273524e+00
1.140000000000000124e+00 3.189533050682544779e+00
1.150000000000000133e+00 3.189007605073451934e+00
1.159999999999999920e+00 3.188420719926357449e+00
1.169999999999999929e+00 3.187711131076812698e+00
1.179999999999999938e+00 3.187204589543342514e+00
1.189999999999999947e+00 3.186482461769581054e+00
1.199999999999999956e+00 3.185762508068084919e+00
1.209999999999999964e+00 3.185492988483905830e+00
1.219999999999999973e+00 3.185206161966323890e+00
1.229999999999999982e+00 3.185115894029140637e+00
1.239999999999999991e+00 3.184907855391502451e+00
1.250000000000000000e+00 3.184627037718295917e+00
1.260000000000000009e+00 3.184170137012004798e+00
1.270000000000000018e+00 3.183200310931205923e+00
1.280000000000000027e+00 3.182092373638153227e+00
1.290000000000000036e+00 3.181192876436710559e+00
1.300000000000000044e+00 3.180569774429798269e+00
1.310000000000000053e+00 3.180052112922668428e+00
1.320000000000000062e+00 3.179589816322326623e+00
1.330000000000000071e+00 3.179203048825264055e+00
1.340000000000000080e+00 3.178656247463226503e+00
1.350000000000000089e+00 3.178117697949409681e+00
1.360000000000000098e+00 3.177817607944011691e+00
1.370000000000000107e+00 3.177699715716838735e+00
1.380000000000000115e+00 3.177708758213519946e+00
1.390000000000000124e+00 3.177683380317688044e+00
1.400000000000000133e+00 3.177714507107734843e+00
1.409999999999999920e+00 3.177623907923698532e+00
1.419999999999999929e+00 3.177583043432235854e+00
1.429999999999999938e+00 3.177548991146087687e+00
1.439999999999999947e+00 3.179017002518177204e+00
1.449999999999999956e+00 3.181551340262889660e+00
1.459999999999999964e+00 3.184722110979556930e+00
1.469999999999999973e+00 3.189144783244132864e+00
1.479999999999999982e+00 3.193724227645397207e+00
1.489999999999999991e+00 3.199000033547878097e+00
1.500000000000000000e+00 3.202453123507499555e+00
1.510000000000000009e+00 3.206425355348586859e+00
1.520000000000000018e+00 3.212746050813198195e+00
1.530000000000000027e+00 3.218072512028217425e+00
1.540000000000000036e+00 3.223352736418247044e+00
1.550000000000000044e+00 3.229351116216182760e+00
1.560000000000000053e+00 3.234924751744270299e+00
1.570000000000000062e+00 3.240547269446850009e+00
1.580000000000000071e+00 3.256428361544609018e+00
1.590000000000000080e+00 3.283060097558498480e+00
1.600000000000000089e+00 3.306592255051135965e+00
1.610000000000000098e+00 3.340566057965755675e+00
1.620000000000000107e+00 3.377363067438602595e+00
1.630000000000000115e+00 3.416196231865882726e+00
1.640000000000000124e+00 3.456522197270393448e+00
1.650000000000000133e+00 3.488092310178279920e+00
1.660000000000000142e+00 3.512918615369796882e+00
1.669999999999999929e+00 3.535547239542007336e+00
1.679999999999999938e+00 3.552013379657268377e+00
1.689999999999999947e+00 3.567491115553379277e+00
1.699999999999999956e+00 3.581578140656948239e+00
1.709999999999999964e+00 3.590165286991596094e+00
1.719999999999999973e+00 3.594352860136031946e+00
1.729999999999999982e+00 3.596139606571197689e+00
1.739999999999999991e+00 3.596282626712322017e+00
1.750000000000000000e+00 3.596581339290142232e+00
1.760000000000000009e+00 3.596885273327827370e+00
1.770000000000000018e+00 3.596727595310211356e+00
1.780000000000000027e+00 3.593406299071312038e+00
1.790000000000000036e+00 3.592427533328533151e+00
1.800000000000000044e+00 3.591477738041877643e+00
1.810000000000000053e+00 3.590734468851089378e+00
1.820000000000000062e+00 3.590974474258422866e+00
1.830000000000000071e+00 3.591235310611724962e+00
1.840000000000000080e+00 3.591451351189613561e+00
1.850000000000000089e+00 3.591814281520843366e+00
1.860000000000000098e+00 3.592499466171264810e+00
1.870000000000000107e+00 3.596582589821815557e+00
1.880000000000000115e+00 3.605247158532142837e+00
1.890000000000000124e+00 3.608631624114513325e+00
1.900000000000000133e+00 3.611875962824821595e+00
1.910000000000000142e+00 3.613556592879295426e+00
1.919999999999999929e+00 3.615207011919021607e+00
1.929999999999999938e+00 3.616343375804424110e+00
1.939999999999999947e+00 3.617798619763850976e+00
1.949999999999999956e+00 3.618738206954002390e+00
1.959999999999999964e+00 3.619302287051677780e+00
1.969999999999999973e+00 3.620579206247329651e+00
1.979999999999999982e+00 3.622602142052650631e+00
1.989999999999999991e+00 3.624582175087928793e+00
2.000000000000000000e+00 3.625874267499447079e+00
2.010000000000000231e+00 3.626974492564201569e+00
2.020000000000000018e+00 3.628472511112689869e+00
2.030000000000000249e+00 3.629514094443321071e+00
2.040000000000000036e+00 3.630135640294551713e+00
2.049999999999999822e+00 3.630524700741768029e+00
2.060000000000000053e+00 3.630712514429092597e+00
2.069999999999999840e+00 3.630835914485454730e+00
2.080000000000000071e+00 3.630784341659545778e+00
2.089999999999999858e+00 3.630756981205940370e+00
2.100000000000000089e+00 3.630721751317977919e+00
2.109999999999999876e+00 3.630710875489711942e+00
2.120000000000000107e+00 3.630657983844280068e+00
2.129999999999999893e+00 3.630617771863937193e+00
2.140000000000000124e+00 3.630590123727321483e+00
2.149999999999999911e+00 3.630523863074779367e+00
2.160000000000000142e+00 3.630478757693767378e+00
2.169999999999999929e+00 3.630383256516456658e+00
2.180000000000000160e+00 3.630304388101100788e+00
2.189999999999999947e+00 3.630217325177192755e+00
2.200000000000000178e+00 3.630155611290931894e+00
2.209999999999999964e+00 3.630134370496273188e+00
2.220000000000000195e+00 3.629967720634937223e+00
2.229999999999999982e+00 3.629827093989848930e+00
2.240000000000000213e+00 3.629691465907096681e+00
2.250000000000000000e+00 3.629601909706592355e+00
2.260000000000000231e+00 3.629470692055225545e+00
2.270000000000000018e+00 3.629385560784339937e+00
2.280000000000000249e+00 3.629356877105236023e+00
2.290000000000000036e+00 3.629242136073112412e+00
2.300000000000000266e+00 3.629135995299816120e+00
2.310000000000000053e+00 3.628774686377048475e+00
2.319999999999999840e+00 3.628651586949825258e+00
2.330000000000000071e+00 3.628310815932750621e+00
2.339999999999999858e+00 3.628054291901588346e+00
2.350000000000000089e+00 3.627797410058975380e+00
2.359999999999999876e+00 3.627575092952251445e+00
2.370000000000000107e+00 3.627171451573371730e+00
2.379999999999999893e+00 3.626681158366203306e+00
2.390000000000000124e+00 3.626142814042568219e+00
2.399999999999999911e+00 3.625547153747081808e+00
2.410000000000000142e+00 3.625097411603927622e+00
2.419999999999999929e+00 3.624656379253864191e+00
2.430000000000000160e+00 3.624147905690669802e+00
2.439999999999999947e+00 3.623577956211566864e+00
2.450000000000000178e+00 3.623329223511218888e+00
2.459999999999999964e+00 3.622985581188201909e+00
2.470000000000000195e+00 3.622580692155361159e+00
2.479999999999999982e+00 3.622366449081897866e+00
2.490000000000000213e+00 3.622123452091217111e+00
2.500000000000000000e+00 3.621971459066867904e+00
2.510000000000000231e+00 3.621864128797054327e+00
2.520000000000000018e+00 3.621590660665035433e+00
2.530000000000000249e+00 3.621335409088134671e+00
2.540000000000000036e+00 3.621159650239944572e+00
2.550000000000000266e+00 3.620937071983814093e+00
2.560000000000000053e+00 3.620886924421787167e+00
2.569999999999999840e+00 3.620872992110252486e+00
2.580000000000000071e+00 3.620812871608733996e+00
2.589999999999999858e+00 3.620611653034687016e+00
2.600000000000000089e+00 3.620412036933899014e+00
2.609999999999999876e+00 3.620156003406048040e+00
2.620000000000000107e+00 3.619959196918010491e+00
2.629999999999999893e+00 3.619684567315578416e+00
2.640000000000000124e+00 3.619406982164382836e+00
2.649999999999999911e+00 3.619135656738281082e+00
2.660000000000000142e+00 3.618599577345848139e+00
2.669999999999999929e+00 3.618019654140472330e+00
2.680000000000000160e+00 3.617538405220508402e+00
2.689999999999999947e+00 3.617249094009399535e+00
2.700000000000000178e+00 3.617046314754486236e+00
2.709999999999999964e+00 3.616987733018398377e+00
2.720000000000000195e+00 3.616889790422916473e+00
2.729999999999999982e+00 3.616848252966403887e+00
2.740000000000000213e+00 3.616817087941169628e+00
2.750000000000000000e+00 3.616780303959846510e+00
2.760000000000000231e+00 3.616772239415645629e+00
2.770000000000000018e+00 3.616764064874649076e+00
2.780000000000000249e+00 3.616761075127124858e+00
2.790000000000000036e+00 3.616761335322856930e+00
2.800000000000000266e+00 3.616761342711448890e+00
2.810000000000000053e+00 3.616761428828239477e+00
2.819999999999999840e+00 3.616762111859321394e+00
2.830000000000000071e+00 3.616762712533474033e+00
2.839999999999999858e+00 3.616761208596229515e+00
2.850000000000000089e+00 3.616765128471851387e+00
2.859999999999999876e+00 3.616765913648605224e+00
2.870000000000000107e+00 3.616766835975647076e+00
2.879999999999999893e+00 3.616771317224502624e+00
2.890000000000000124e+00 3.616775948209762781e+00
2.899999999999999911e+00 3.616796207866668666e+00
2.910000000000000142e+00 3.616846467120647279e+00
2.919999999999999929e+00 3.616930082783698985e+00
2.930000000000000160e+00 3.617006094014644457e+00
2.939999999999999947e+00 3.617065105066299413e+00
2.950000000000000178e+00 3.617081064839362980e+00
2.959999999999999964e+00 3.617087530016898977e+00
2.970000000000000195e+00 3.617088347508907287e+00
2.979999999999999982e+00 3.617088347508907287e+00
2.990000000000000213e+00 3.617088599989414011e+00
3.000000000000000000e+00 3.617089148235320906e+00
