0.000000000000000000e+00 5.517288621833920104e-01
1.000000000000000021e-02 5.522465951681136964e-01
2.000000000000000042e-02 1.063955087181329695e+00
2.999999999999999889e-02 1.092299312481284090e+00
4.000000000000000083e-02 1.092239271096587139e+00
5.000000000000000278e-02 1.109255516235828409e+00
5.999999999999999778e-02 1.452624385341405810e+00
7.000000000000000666e-02 1.775256723459958996e+00
8.000000000000000167e-02 1.846554284206628704e+00
8.999999999999999667e-02 1.855732118785381246e+00
1.000000000000000056e-01 1.855566422991752562e+00
1.100000000000000006e-01 1.855380432420969061e+00
1.199999999999999956e-01 1.854915404661893863e+00
1.300000000000000044e-01 1.854665418173074620e+00
1.400000000000000133e-01 1.854400553245544536e+00
1.499999999999999944e-01 1.854272711679935348e+00
1.600000000000000033e-01 1.854194425623416853e+00
1.700000000000000122e-01 1.853715675538778251e+00
1.799999999999999933e-01 1.853180261299610221e+00
1.900000000000000022e-01 1.852549668329954047e+00
2.000000000000000111e-01 1.855349274679422455e+00
2.099999999999999922e-01 2.012096880764961071e+00
2.200000000000000011e-01 2.518103929620981063e+00
2.300000000000000100e-01 3.473008931821584877e+00
2.399999999999999911e-01 3.843377673720121290e+00
2.500000000000000000e-01 3.917884194720983704e+00
2.600000000000000089e-01 3.931421221094131280e+00
2.700000000000000178e-01 3.935289733760356956e+00
2.800000000000000266e-01 3.938359332554340231e+00
2.899999999999999800e-01 3.940333770434856220e+00
2.999999999999999889e-01 3.941054050664901887e+00
3.099999999999999978e-01 3.941390757000446499e+00
3.200000000000000067e-01 3.941764124383926315e+00
3.300000000000000155e-01 3.941916823818683469e+00
3.400000000000000244e-01 3.942084941694736333e+00
3.500000000000000333e-01 3.942122093217372836e+00
3.599999999999999867e-01 3.942189618782997229e+00
3.699999999999999956e-01 3.942306600048541831e+00
3.800000000000000044e-01 3.942437324793338860e+00
3.900000000000000133e-01 3.942428674972057401e+00
4.000000000000000222e-01 3.942388781814575083e+00
4.100000000000000311e-01 3.942283783645629924e+00
4.199999999999999845e-01 3.942131767623424654e+00
4.299999999999999933e-01 3.941820578212738013e+00
4.400000000000000022e-01 3.940010450696945110e+00
4.500000000000000111e-01 3.928665347247123574e+00
4.600000000000000200e-01 3.877051952159404902e+00
4.700000000000000289e-01 3.726834920039177046e+00
4.799999999999999822e-01 3.557173176426887462e+00
4.899999999999999911e-01 3.437644798800945090e+00
5.000000000000000000e-01 3.388743798034191013e+00
5.100000000000000089e-01 3.374934248185157859e+00
5.200000000000000178e-01 3.369199976634979166e+00
5.300000000000000266e-01 3.349309024317264516e+00
5.400000000000000355e-01 3.336266603243351003e+00
5.500000000000000444e-01 3.334238627955913525e+00
5.600000000000000533e-01 3.332563209409713956e+00
5.700000000000000622e-01 3.328478707907200018e+00
5.799999999999999600e-01 3.269503716641664504e+00
5.899999999999999689e-01 3.280553410391807478e+00
5.999999999999999778e-01 3.278734917278289807e+00
6.099999999999999867e-01 3.281282833254337117e+00
6.199999999999999956e-01 3.285509592850208271e+00
6.300000000000000044e-01 3.286104146261215053e+00
6.400000000000000133e-01 3.287917928588390382e+00
6.500000000000000222e-01 3.288876058745384245e+00
6.600000000000000311e-01 3.289590296692848082e+00
6.700000000000000400e-01 3.289874698243141271e+00
6.800000000000000488e-01 3.289968829121589611e+00
6.900000000000000577e-01 3.290283102154731854e+00
7.000000000000000666e-01 3.290434557912349511e+00
7.099999999999999645e-01 3.290727715196609449e+00
7.199999999999999734e-01 3.290851373713016503e+00
7.299999999999999822e-01 3.291050022912025419e+00
7.399999999999999911e-01 3.291326761891841812e+00
7.500000000000000000e-01 3.291783954715728822e+00
7.600000000000000089e-01 3.292033113572597536e+00
7.700000000000000178e-01 3.292276862986087682e+00
7.800000000000000266e-01 3.292345007965564729e+00
7.900000000000000355e-01 3.292353741462230587e+00
8.000000000000000444e-01 3.292389301373958688e+00
8.100000000000000533e-01 3.292430533292293404e+00
8.200000000000000622e-01 3.292457469696998817e+00
8.300000000000000711e-01 3.292489759440421881e+00
8.399999999999999689e-01 3.292514968764781891e+00
8.499999999999999778e-01 3.292526667318344202e+00
8.599999999999999867e-01 3.292558934631347523e+00
8.699999999999999956e-01 3.292610711250305133e+00
8.800000000000000044e-01 3.292645453870296279e+00
8.900000000000000133e-01 3.292716459996700262e+00
9.000000000000000222e-01 3.292803124735355524e+00
9.100000000000000311e-01 3.292875433392524531e+00
9.200000000000000400e-01 3.292937485704421796e+00
9.300000000000000488e-01 3.292999897534847342e+00
9.400000000000000577e-01 3.293071386854648619e+00
9.500000000000000666e-01 3.293131078574657256e+00
9.599999999999999645e-01 3.293182299818992576e+00
9.699999999999999734e-01 3.293239391379356285e+00
9.799999999999999822e-01 3.293280492265224346e+00
9.899999999999999911e-01 3.293325590956210913e+00
1.000000000000000000e+00 3.293365300009250429e+00
1.010000000000000009e+00 3.293413836679458750e+00
1.020000000000000018e+00 3.293508221235275091e+00
1.030000000000000027e+00 3.293795702750682786e+00
1.040000000000000036e+00 3.294298955264091333e+00
1.050000000000000044e+00 3.295874548048973285e+00
1.060000000000000053e+00 3.297404910893440455e+00
1.070000000000000062e+00 3.300406717004776169e+00
1.080000000000000071e+00 3.301388764388561103e+00
1.090000000000000080e+00 3.302758745276928032e+00
1.100000000000000089e+00 3.303695333185195704e+00
1.110000000000000098e+00 3.303715959815979097e+00
1.120000000000000107e+00 3.303782701385021170e+00
1.130000000000000115e+00 3.304771773991584727e+00
1.140000000000000124e+00 3.305833187470436307e+00
1.150000000000000133e+00 3.306958101732730970e+00
1.159999999999999920e+00 3.308642740087509360e+00
1.169999999999999929e+00 3.311374524788856633e+00
1.179999999999999938e+00 3.313693757894039305e+00
1.189999999999999947e+00 3.315427334263324699e+00
1.199999999999999956e+00 3.317478309328556030e+00
1.209999999999999964e+00 3.318311831812858603e+00
1.219999999999999973e+00 3.318834870145320970e+00
1.229999999999999982e+00 3.318932316148281103e+00
1.239999999999999991e+00 3.318947577404975924e+00
1.250000000000000000e+00 3.318932813875675070e+00
1.260000000000000009e+00 3.318884217038154727e+00
1.270000000000000018e+00 3.318079055950641454e+00
1.280000000000000027e+00 3.318251216926574543e+00
1.290000000000000036e+00 3.317629593651294506e+00
1.300000000000000044e+00 3.317524275748729767e+00
1.310000000000000053e+00 3.317918243005275603e+00
1.320000000000000062e+00 3.317825243539810121e+00
1.330000000000000071e+00 3.318020693271160226e+00
1.340000000000000080e+00 3.317756984894275618e+00
1.350000000000000089e+00 3.317613632245064004e+00
1.360000000000000098e+00 3.317630604107379977e+00
1.370000000000000107e+00 3.317548546428680467e+00
1.380000000000000115e+00 3.317675960764884913e+00
1.390000000000000124e+00 3.317615748813152354e+00
1.400000000000000133e+00 3.317699839661121253e+00
1.409999999999999920e+00 3.317560339908599776e+00
1.419999999999999929e+00 3.317467667055129965e+00
1.429999999999999938e+00 3.317579967639446181e+00
1.439999999999999947e+00 3.318579868178367587e+00
1.449999999999999956e+00 3.318955129854678887e+00
1.459999999999999964e+00 3.319033744380474271e+00
1.469999999999999973e+00 3.319153433928489605e+00
1.479999999999999982e+00 3.319548025774955669e+00
1.489999999999999991e+00 3.319677001094818003e+00
1.500000000000000000e+00 3.320367058804035043e+00
1.510000000000000009e+00 3.320325946929454819e+00
1.520000000000000018e+00 3.320437364747524267e+00
1.530000000000000027e+00 3.320609107799529891e+00
1.540000000000000036e+00 3.320960755240917273e+00
1.550000000000000044e+00 3.321297150139808529e+00
1.560000000000000053e+00 3.321418043258190345e+00
1.570000000000000062e+00 3.321649203784465598e+00
1.580000000000000071e+00 3.321701303956508422e+00
1.590000000000000080e+00 3.321690166738033412e+00
1.600000000000000089e+00 3.321651774523258105e+00
1.610000000000000098e+00 3.321616659550666650e+00
1.620000000000000107e+00 3.321593458149433076e+00
1.630000000000000115e+00 3.321592842307090621e+00
1.640000000000000124e+00 3.321585468938350605e+00
1.650000000000000133e+00 3.321579270262718264e+00
1.660000000000000142e+00 3.321576766042709572e+00
1.669999999999999929e+00 3.321566159214973446e+00
1.679999999999999938e+00 3.321544242002964165e+00
1.689999999999999947e+00 3.321495244770050093e+00
1.699999999999999956e+00 3.321476287882327849e+00
1.709999999999999964e+00 3.321414078342914689e+00
1.719999999999999973e+00 3.320939770936965907e+00
1.729999999999999982e+00 3.318034891676902909e+00
1.739999999999999991e+00 3.314727424244880538e+00
1.750000000000000000e+00 3.307813828144073653e+00
1.760000000000000009e+00 3.301747430932521876e+00
1.770000000000000018e+00 3.295839111504554886e+00
1.780000000000000027e+00 3.286867181756496503e+00
1.790000000000000036e+00 3.278575215132236487e+00
1.800000000000000044e+00 3.272820887873172602e+00
1.810000000000000053e+00 3.267771087467670643e+00
1.820000000000000062e+00 3.263488347313403981e+00
1.830000000000000071e+00 3.261355954205989782e+00
1.840000000000000080e+00 3.258511987147331368e+00
1.850000000000000089e+00 3.254740765037536843e+00
1.860000000000000098e+00 3.252407808337211659e+00
1.870000000000000107e+00 3.250713557837009215e+00
1.880000000000000115e+00 3.248026068618297568e+00
1.890000000000000124e+00 3.247076321811675825e+00
1.900000000000000133e+00 3.246779120199680513e+00
1.910000000000000142e+00 3.246864101300239724e+00
1.919999999999999929e+00 3.250071765036583127e+00
1.929999999999999938e+00 3.255563309721946741e+00
1.939999999999999947e+00 3.258809768793582862e+00
1.949999999999999956e+00 3.262099739918708607e+00
1.959999999999999964e+00 3.264713925366401703e+00
1.969999999999999973e+00 3.266585519506931323e+00
1.979999999999999982e+00 3.266946856200695137e+00
1.989999999999999991e+00 3.267193382799625567e+00
2.000000000000000000e+00 3.268000151312351331e+00
2.010000000000000231e+00 3.270082102694511494e+00
2.020000000000000018e+00 3.274008635671138645e+00
2.030000000000000249e+00 3.275819112160205826e+00
2.040000000000000036e+00 3.279050268898010323e+00
2.049999999999999822e+00 3.282215993947982913e+00
2.060000000000000053e+00 3.287112097985744441e+00
2.069999999999999840e+00 3.294055384335517811e+00
2.080000000000000071e+00 3.298395406689643927e+00
2.089999999999999858e+00 3.301546344695091229e+00
2.100000000000000089e+00 3.304749159736633413e+00
2.109999999999999876e+00 3.306046454200744833e+00
2.120000000000000107e+00 3.306405540058612758e+00
2.129999999999999893e+00 3.309732550737857881e+00
2.140000000000000124e+00 3.312650108435153840e+00
2.149999999999999911e+00 3.316917401304245061e+00
2.160000000000000142e+00 3.320623774387836402e+00
2.169999999999999929e+00 3.322858247489929084e+00
2.180000000000000160e+00 3.324130334098339024e+00
2.189999999999999947e+00 3.324948368787765673e+00
2.200000000000000178e+00 3.324452053496837589e+00
2.209999999999999964e+00 3.322382362716198134e+00
2.220000000000000195e+00 3.319642022318840091e+00
2.229999999999999982e+00 3.317775343179702574e+00
2.240000000000000213e+00 3.316087653925418710e+00
2.250000000000000000e+00 3.315161229233741569e+00
2.260000000000000231e+00 3.314928878803253376e+00
2.270000000000000018e+00 3.313600933830738171e+00
2.280000000000000249e+00 3.312650646152496492e+00
2.290000000000000036e+00 3.314237820146083813e+00
2.300000000000000266e+00 3.316020849633216638e+00
2.310000000000000053e+00 3.320625811467170507e+00
2.319999999999999840e+00 3.323758514006137865e+00
2.330000000000000071e+00 3.324485239415168714e+00
2.339999999999999858e+00 3.324099177203178268e+00
2.350000000000000089e+00 3.323954513282775913e+00
2.359999999999999876e+00 3.323355805141925856e+00
2.370000000000000107e+00 3.324163256633281716e+00
2.379999999999999893e+00 3.325135989675521930e+00
2.390000000000000124e+00 3.327243679034709967e+00
2.399999999999999911e+00 3.329364715285301202e+00
2.410000000000000142e+00 3.331043928964137812e+00
2.419999999999999929e+00 3.330559954199790784e+00
2.430000000000000160e+00 3.328594344849586495e+00
2.439999999999999947e+00 3.325285900776386416e+00
2.450000000000000178e+00 3.326201475331783453e+00
2.459999999999999964e+00 3.330195509784221741e+00
2.470000000000000195e+00 3.330091899950504253e+00
2.479999999999999982e+00 3.328920820925235891e+00
2.490000000000000213e+00 3.330000814092159089e+00
2.500000000000000000e+00 3.334098995566368018e+00
2.510000000000000231e+00 3.337500239226818266e+00
2.520000000000000018e+00 3.339409586184024725e+00
2.530000000000000249e+00 3.341240946791172117e+00
2.540000000000000036e+00 3.342936090719699660e+00
2.550000000000000266e+00 3.343826906037330460e+00
2.560000000000000053e+00 3.344956620812415959e+00
2.569999999999999840e+00 3.346807125647067949e+00
2.580000000000000071e+00 3.349568502047061802e+00
2.589999999999999858e+00 3.353345692584514648e+00
2.600000000000000089e+00 3.358253059978485222e+00
2.609999999999999876e+00 3.364199033038616005e+00
2.620000000000000107e+00 3.373248241817951243e+00
2.629999999999999893e+00 3.383295493290424449e+00
2.640000000000000124e+00 3.393753153228759700e+00
2.649999999999999911e+00 3.405304153411388590e+00
2.660000000000000142e+00 3.416151986685991293e+00
2.669999999999999929e+00 3.426294887145757695e+00
2.680000000000000160e+00 3.440028245122432882e+00
2.689999999999999947e+00 3.456272508783340580e+00
2.700000000000000178e+00 3.470269594647884315e+00
2.709999999999999964e+00 3.482509830696582931e+00
2.720000000000000195e+00 3.491199693565368634e+00
2.729999999999999982e+00 3.496422569594383134e+00
2.740000000000000213e+00 3.500433547472953766e+00
2.750000000000000000e+00 3.503393536536693720e+00
2.760000000000000231e+00 3.505978947365283815e+00
2.770000000000000018e+00 3.507771024599075194e+00
2.780000000000000249e+00 3.509255268309116271e+00
2.790000000000000036e+00 3.510428780574798679e+00
2.800000000000000266e+00 3.511396568362712856e+00
2.810000000000000053e+00 3.512424361169338205e+00
2.819999999999999840e+00 3.512984749369621351e+00
2.830000000000000071e+00 3.513454445013999727e+00
2.839999999999999858e+00 3.513882241778373938e+00
2.850000000000000089e+00 3.514313185186386246e+00
2.859999999999999876e+00 3.514654025058746356e+00
2.870000000000000107e+00 3.514779086940288622e+00
2.879999999999999893e+00 3.514996221251487807e+00
2.890000000000000124e+00 3.515225183722972879e+00
2.899999999999999911e+00 3.515470861375332046e+00
2.910000000000000142e+00 3.515697986578941503e+00
2.919999999999999929e+00 3.515809338526725725e+00
2.930000000000000160e+00 3.515956683197021704e+00
2.939999999999999947e+00 3.516087558429241255e+00
2.950000000000000178e+00 3.516221308150291325e+00
2.959999999999999964e+00 3.516398438339233490e+00
2.970000000000000195e+00 3.516512569184303327e+00
2.979999999999999982e+00 3.516589635555744220e+00
2.990000000000000213e+00 3.516621680517196591e+00
3.000000000000000000e+00 3.516656899025440097e+00
