0.000000000000000000e+00 6.066449907910078654e-01 6.356701033342628815e-01
1.000000000000000021e-02 6.069335068337778916e-01 6.349714627940793443e-01
2.000000000000000042e-02 6.069327565409841085e-01 6.349708897981940492e-01
2.999999999999999889e-02 1.582907080611835493e+00 1.607377178740848400e+00
4.000000000000000083e-02 1.582949786762884781e+00 1.607396500461407918e+00
5.000000000000000278e-02 1.582968066752649783e+00 1.607409362546704745e+00
5.999999999999999778e-02 1.582969201734680587e+00 1.607410721461158376e+00
7.000000000000000666e-02 1.582947649651511357e+00 1.607520731932179148e+00
8.000000000000000167e-02 1.582732169125621757e+00 1.607920189980918790e+00
8.999999999999999667e-02 2.407859705102069370e+00 3.568432297451870738e+00
1.000000000000000056e-01 3.196457426645022082e+00 3.260202365849751871e+00
1.100000000000000006e-01 3.196622141694688057e+00 3.260141502099371369e+00
1.199999999999999956e-01 3.197016351608025886e+00 3.260029671279204067e+00
1.300000000000000044e-01 3.200916230967206122e+00 3.257404074122744131e+00
1.400000000000000133e-01 3.203736261571125343e+00 3.255614740940852680e+00
1.499999999999999944e-01 3.204433723827925906e+00 3.255403835814866031e+00
1.600000000000000033e-01 3.204614015266573634e+00 3.255417215411985143e+00
1.700000000000000122e-01 3.205001841640594318e+00 3.255343780107376350e+00
1.799999999999999933e-01 3.205235191477435741e+00 3.255314069296223245e+00
1.900000000000000022e-01 3.205505336733764032e+00 3.255278982128197107e+00
2.000000000000000111e-01 3.205640834457497590e+00 3.255253449628729534e+00
2.099999999999999922e-01 3.205717074780079834e+00 3.255261920786288066e+00
2.200000000000000011e-01 3.205821500087649767e+00 3.255220496853916679e+00
2.300000000000000100e-01 3.205966008132039580e+00 3.255291123878420567e+00
2.399999999999999911e-01 3.206105015224307575e+00 3.255181753259808186e+00
2.500000000000000000e-01 3.206311824935812016e+00 3.255175111933808818e+00
2.600000000000000089e-01 3.206387530556379595e+00 3.255301153668702874e+00
2.700000000000000178e-01 3.206447155804955873e+00 3.255410433644926993e+00
2.800000000000000266e-01 3.206435823096402071e+00 3.255563969279162695e+00
2.899999999999999800e-01 3.206456442213012625e+00 3.255575631284759464e+00
2.999999999999999889e-01 3.206525710611096702e+00 3.255420217066057997e+00
3.099999999999999978e-01 3.206528898577410303e+00 3.255363353433889273e+00
3.200000000000000067e-01 3.206532914505271226e+00 3.255203414072723955e+00
3.300000000000000155e-01 3.206563105999161500e+00 3.255023806985686718e+00
3.400000000000000244e-01 3.206565051049889092e+00 3.254850495481788286e+00
3.500000000000000333e-01 3.206557290075312316e+00 3.254627494904507756e+00
3.599999999999999867e-01 3.206575567087913914e+00 3.254250537505363194e+00
3.699999999999999956e-01 3.206588492482835395e+00 3.254082903262441651e+00
3.800000000000000044e-01 3.206638238322296885e+00 3.253623312118491206e+00
3.900000000000000133e-01 3.206628656013084111e+00 3.252934485423493172e+00
4.000000000000000222e-01 3.206599968190380068e+00 3.252130008520893512e+00
4.100000000000000311e-01 3.206391564210094636e+00 3.251361398975215700e+00
4.199999999999999845e-01 3.206060665125536335e+00 3.250346151662183214e+00
4.299999999999999933e-01 3.205743176220995583e+00 3.249456897545713208e+00
4.400000000000000022e-01 3.205445474663302097e+00 3.248985769257024092e+00
4.500000000000000111e-01 3.205085487134013977e+00 3.248586370461429507e+00
4.600000000000000200e-01 3.204199529315821415e+00 3.248035160930760945e+00
4.700000000000000289e-01 3.203394935861795467e+00 3.247893155087263395e+00
4.799999999999999822e-01 3.203165496355690145e+00 3.247811560929618757e+00
4.899999999999999911e-01 3.202468754992396249e+00 3.247685508055775827e+00
5.000000000000000000e-01 3.201868443842225354e+00 3.247575492887206039e+00
5.100000000000000089e-01 3.201525833371600349e+00 3.247489368430652945e+00
5.200000000000000178e-01 3.201344464846997528e+00 3.247462491935343198e+00
5.300000000000000266e-01 3.201073940381762295e+00 3.247472818660977811e+00
5.400000000000000355e-01 3.201045371979837739e+00 3.247479284301633129e+00
5.500000000000000444e-01 3.200986240301830765e+00 3.247440118226306627e+00
5.600000000000000533e-01 3.200820099095004867e+00 3.247398184343678107e+00
5.700000000000000622e-01 3.200374862212825189e+00 3.247408663602185275e+00
5.799999999999999600e-01 3.199845223777125103e+00 3.247464536607434393e+00
5.899999999999999689e-01 3.199447958740051945e+00 3.247472429715339004e+00
5.999999999999999778e-01 3.199146358814207058e+00 3.247444092769655288e+00
6.099999999999999867e-01 3.198652478050542314e+00 3.247458617454218377e+00
6.199999999999999956e-01 3.197905331918629912e+00 3.247732945612040290e+00
6.300000000000000044e-01 3.197550156398887733e+00 3.247909259265785220e+00
6.400000000000000133e-01 3.196858276161963719e+00 3.248292517585938288e+00
6.500000000000000222e-01 3.196332904496447913e+00 3.248564203343136558e+00
6.600000000000000311e-01 3.195461343846008884e+00 3.248993162293746462e+00
6.700000000000000400e-01 3.194297589562944850e+00 3.249699932056851814e+00
6.800000000000000488e-01 3.184090905200950505e+00 3.256646957719810498e+00
6.900000000000000577e-01 3.158281356464325285e+00 3.273416272181571607e+00
7.000000000000000666e-01 3.132221723739766261e+00 3.288232218959666220e+00
7.099999999999999645e-01 3.071311135295723194e+00 3.317577759982253571e+00
7.199999999999999734e-01 2.951986976631697956e+00 3.355030293647232931e+00
7.299999999999999822e-01 2.771376647880190891e+00 3.358546055495625016e+00
7.399999999999999911e-01 2.537030357649420864e+00 3.270720786874199426e+00
7.500000000000000000e-01 2.331071127860922410e+00 3.053255251385789570e+00
7.600000000000000089e-01 2.274606410811462531e+00 2.852541562954864496e+00
7.700000000000000178e-01 2.271504861952019283e+00 2.709031206063079011e+00
7.800000000000000266e-01 2.284015750237865294e+00 2.650381056216792874e+00
7.900000000000000355e-01 2.287118301592997671e+00 2.640134615677662833e+00
8.000000000000000444e-01 2.272782113328224440e+00 2.650856221928352241e+00
8.100000000000000533e-01 2.222554943281517481e+00 2.695763636537685137e+00
8.200000000000000622e-01 2.207172257152514305e+00 2.865353888851685404e+00
8.300000000000000711e-01 2.382155578393400752e+00 3.258848827934800241e+00
8.399999999999999689e-01 2.695660298440206049e+00 3.427107728717577295e+00
8.499999999999999778e-01 2.908169851530843619e+00 3.455665066577143119e+00
8.599999999999999867e-01 3.033770447517394775e+00 3.441252315420151309e+00
8.699999999999999956e-01 3.114686423324449560e+00 3.418199642153874951e+00
8.800000000000000044e-01 3.138609838568470423e+00 3.409894749606349862e+00
8.900000000000000133e-01 3.161009526160949434e+00 3.401699491225486760e+00
9.000000000000000222e-01 3.193098028954883372e+00 3.387886366630176393e+00
9.100000000000000311e-01 3.219999903539850106e+00 3.373508253613279440e+00
9.200000000000000400e-01 3.261664861643637892e+00 3.344522711288605343e+00
9.300000000000000488e-01 3.279442506266737389e+00 3.329879433292245672e+00
9.400000000000000577e-01 3.293690719161440406e+00 3.316992894095967870e+00
9.500000000000000666e-01 3.293690719161440406e+00 3.316992894095967870e+00
9.599999999999999645e-01 3.293690719161440406e+00 3.316992894095967870e+00
9.699999999999999734e-01 3.293690719161440406e+00 3.316992894095967870e+00
9.799999999999999822e-01 3.293690719161440406e+00 3.316992894095967870e+00
9.899999999999999911e-01 3.293690719161440406e+00 3.316992894095967870e+00
1.000000000000000000e+00 3.293690719161440406e+00 3.316992894095967870e+00
1.010000000000000009e+00 3.293690719161440406e+00 3.316992894095967870e+00
1.020000000000000018e+00 3.293690719161440406e+00 3.316992894095967870e+00
1.030000000000000027e+00 3.293690719161440406e+00 3.316992894095967870e+00
1.040000000000000036e+00 3.293690719161440406e+00 3.316992894095967870e+00
1.050000000000000044e+00 3.293690719161440406e+00 3.316992894095967870e+00
1.060000000000000053e+00 3.293690719161440406e+00 3.316992894095967870e+00
1.070000000000000062e+00 3.293690719161440406e+00 3.316992894095967870e+00
1.080000000000000071e+00 3.293690719161440406e+00 3.316992894095967870e+00
1.090000000000000080e+00 3.293690719161440406e+00 3.316992894095967870e+00
1.100000000000000089e+00 3.293690719161440406e+00 3.316992894095967870e+00
1.110000000000000098e+00 3.293690719161440406e+00 3.316992894095967870e+00
1.120000000000000107e+00 3.293690719161440406e+00 3.316992894095967870e+00
1.130000000000000115e+00 3.293690719161440406e+00 3.316992894095967870e+00
1.140000000000000124e+00 3.293690719161440406e+00 3.316992894095967870e+00
1.150000000000000133e+00 3.293690719161440406e+00 3.316992894095967870e+00
1.159999999999999920e+00 3.293690719161440406e+00 3.316992894095967870e+00
1.169999999999999929e+00 3.293690719161440406e+00 3.316992894095967870e+00
1.179999999999999938e+00 3.293690719161440406e+00 3.316992894095967870e+00
1.189999999999999947e+00 3.293690719161440406e+00 3.316992894095967870e+00
1.199999999999999956e+00 3.293690719161440406e+00 3.316992894095967870e+00
1.209999999999999964e+00 3.293690719161440406e+00 3.316992894095967870e+00
1.219999999999999973e+00 3.293690719161440406e+00 3.316992894095967870e+00
1.229999999999999982e+00 3.293690719161440406e+00 3.316992894095967870e+00
1.239999999999999991e+00 3.293690719161440406e+00 3.316992894095967870e+00
1.250000000000000000e+00 3.293690719161440406e+00 3.316992894095967870e+00
1.260000000000000009e+00 3.293690719161440406e+00 3.316992894095967870e+00
1.270000000000000018e+00 3.293690719161440406e+00 3.316992894095967870e+00
1.280000000000000027e+00 3.293690719161440406e+00 3.316992894095967870e+00
1.290000000000000036e+00 3.293690719161440406e+00 3.316992894095967870e+00
1.300000000000000044e+00 3.293690719161440406e+00 3.316992894095967870e+00
1.310000000000000053e+00 3.293690719161440406e+00 3.316992894095967870e+00
1.320000000000000062e+00 3.293690719161440406e+00 3.316992894095967870e+00
1.330000000000000071e+00 3.293690719161440406e+00 3.316992894095967870e+00
1.340000000000000080e+00 3.293690719161440406e+00 3.316992894095967870e+00
1.350000000000000089e+00 3.293690719161440406e+00 3.316992894095967870e+00
1.360000000000000098e+00 3.293690719161440406e+00 3.316992894095967870e+00
1.370000000000000107e+00 3.293690719161440406e+00 3.316992894095967870e+00
1.380000000000000115e+00 3.293690719161440406e+00 3.316992894095967870e+00
1.390000000000000124e+00 3.293690719161440406e+00 3.316992894095967870e+00
1.400000000000000133e+00 3.293690719161440406e+00 3.316992894095967870e+00
1.409999999999999920e+00 3.293690719161440406e+00 3.316992894095967870e+00
1.419999999999999929e+00 3.293690719161440406e+00 3.316992894095967870e+00
1.429999999999999938e+00 3.293690719161440406e+00 3.316992894095967870e+00
1.439999999999999947e+00 3.293690719161440406e+00 3.316992894095967870e+00
1.449999999999999956e+00 3.293690719161440406e+00 3.316992894095967870e+00
1.459999999999999964e+00 3.293690719161440406e+00 3.316992894095967870e+00
1.469999999999999973e+00 3.293690719161440406e+00 3.316992894095967870e+00
1.479999999999999982e+00 3.293690719161440406e+00 3.316992894095967870e+00
1.489999999999999991e+00 3.293690719161440406e+00 3.316992894095967870e+00
1.500000000000000000e+00 3.293690719161440406e+00 3.316992894095967870e+00
1.510000000000000009e+00 3.293690719161440406e+00 3.316992894095967870e+00
1.520000000000000018e+00 3.293690719161440406e+00 3.316992894095967870e+00
1.530000000000000027e+00 3.293690719161440406e+00 3.316992894095967870e+00
1.540000000000000036e+00 3.293690719161440406e+00 3.316992894095967870e+00
1.550000000000000044e+00 3.293690719161440406e+00 3.316992894095967870e+00
1.560000000000000053e+00 3.293690719161440406e+00 3.316992894095967870e+00
1.570000000000000062e+00 3.293690719161440406e+00 3.316992894095967870e+00
1.580000000000000071e+00 3.293690719161440406e+00 3.316992894095967870e+00
1.590000000000000080e+00 3.293690719161440406e+00 3.316992894095967870e+00
1.600000000000000089e+00 3.293690719161440406e+00 3.316992894095967870e+00
1.610000000000000098e+00 3.293690719161440406e+00 3.316992894095967870e+00
1.620000000000000107e+00 3.293690719161440406e+00 3.316992894095967870e+00
1.630000000000000115e+00 3.293690719161440406e+00 3.316992894095967870e+00
1.640000000000000124e+00 3.293690719161440406e+00 3.316992894095967870e+00
1.650000000000000133e+00 3.293690719161440406e+00 3.316992894095967870e+00
1.660000000000000142e+00 3.293690719161440406e+00 3.316992894095967870e+00
1.669999999999999929e+00 3.293690719161440406e+00 3.316992894095967870e+00
1.679999999999999938e+00 3.293690719161440406e+00 3.316992894095967870e+00
1.689999999999999947e+00 3.293690719161440406e+00 3.316992894095967870e+00
1.699999999999999956e+00 3.293690719161440406e+00 3.316992894095967870e+00
1.709999999999999964e+00 3.293690719161440406e+00 3.316992894095967870e+00
1.719999999999999973e+00 3.293690719161440406e+00 3.316992894095967870e+00
1.729999999999999982e+00 3.293690719161440406e+00 3.316992894095967870e+00
1.739999999999999991e+00 3.293691856686985275e+00 3.316992609112346280e+00
1.750000000000000000e+00 3.293695849194528513e+00 3.316992147088049236e+00
1.760000000000000009e+00 3.293699254619583350e+00 3.316991614559188228e+00
1.770000000000000018e+00 3.293701187612700476e+00 3.316991240313363232e+00
1.780000000000000027e+00 3.293704404903648353e+00 3.316990701597930524e+00
1.790000000000000036e+00 3.293704627800052798e+00 3.316990688280994526e+00
1.800000000000000044e+00 3.293705809905280724e+00 3.316990368058929661e+00
1.810000000000000053e+00 3.293705809905280724e+00 3.316990368058929661e+00
1.820000000000000062e+00 3.293705805542232135e+00 3.316990387046574007e+00
1.830000000000000071e+00 3.293706790678730290e+00 3.316990120146045218e+00
1.840000000000000080e+00 3.293707711351270273e+00 3.316990137483721401e+00
1.850000000000000089e+00 3.293707678983565312e+00 3.316990467264298470e+00
1.860000000000000098e+00 3.293705344752838382e+00 3.316991131940314919e+00
1.870000000000000107e+00 3.293710044363164169e+00 3.316992727209902458e+00
1.880000000000000115e+00 3.293716860554074088e+00 3.316994554755831714e+00
1.890000000000000124e+00 3.293723061453037726e+00 3.316996161516971409e+00
1.900000000000000133e+00 3.293728817490476857e+00 3.316996413966279533e+00
1.910000000000000142e+00 3.293726327710138069e+00 3.316997548089041015e+00
1.919999999999999929e+00 3.293725797890788343e+00 3.316998693633908424e+00
1.929999999999999938e+00 3.293722296790345005e+00 3.316999737587706498e+00
1.939999999999999947e+00 3.293716357058371624e+00 3.316999479123268646e+00
1.949999999999999956e+00 3.293690630037919398e+00 3.316994820840223568e+00
1.959999999999999964e+00 3.293674337246111250e+00 3.316991577728101603e+00
1.969999999999999973e+00 3.293669760862096396e+00 3.316990512232080413e+00
1.979999999999999982e+00 3.293668651267618763e+00 3.316990833233266045e+00
1.989999999999999991e+00 3.293651333429275851e+00 3.316987933519423670e+00
2.000000000000000000e+00 3.293599687692789768e+00 3.316998472650380503e+00
2.010000000000000231e+00 3.293562004587700986e+00 3.317001855475851801e+00
2.020000000000000018e+00 3.293509309744633740e+00 3.317006658678256059e+00
2.030000000000000249e+00 3.293492192452174727e+00 3.317003406669872589e+00
2.040000000000000036e+00 3.293470964390794897e+00 3.317005367510755143e+00
2.049999999999999822e+00 3.293450710781114399e+00 3.317005730235082606e+00
2.060000000000000053e+00 3.293443780017710321e+00 3.317008740514897358e+00
2.069999999999999840e+00 3.293432787765615100e+00 3.317009875837213517e+00
2.080000000000000071e+00 3.293417440268506358e+00 3.317011253965387763e+00
2.089999999999999858e+00 3.293412855928296690e+00 3.317009152700548302e+00
2.100000000000000089e+00 3.293412755280073601e+00 3.317006720184747071e+00
2.109999999999999876e+00 3.293399950574247281e+00 3.316993268615396229e+00
2.120000000000000107e+00 3.293378932244610091e+00 3.316984846637416773e+00
2.129999999999999893e+00 3.293363188272486752e+00 3.316981076301564357e+00
2.140000000000000124e+00 3.293355682628965830e+00 3.316976936856889324e+00
2.149999999999999911e+00 3.293335725028786243e+00 3.316973770172324976e+00
2.160000000000000142e+00 3.293326409720823023e+00 3.316972634621217608e+00
2.169999999999999929e+00 3.293315191137250686e+00 3.316971103656832121e+00
2.180000000000000160e+00 3.293299005306279170e+00 3.316970812465632079e+00
2.189999999999999947e+00 3.293297173480391304e+00 3.316970796247125097e+00
2.200000000000000178e+00 3.293293875021689132e+00 3.316970641942269538e+00
2.209999999999999964e+00 3.293296065147808260e+00 3.316969705010959668e+00
2.220000000000000195e+00 3.293297325475382120e+00 3.316961362712217198e+00
2.229999999999999982e+00 3.293297267792040905e+00 3.316958406489079358e+00
2.240000000000000213e+00 3.293297320965887121e+00 3.316955942436097704e+00
2.250000000000000000e+00 3.293298192363498522e+00 3.316955681695224811e+00
2.260000000000000231e+00 3.293305110123664114e+00 3.316956442157716012e+00
2.270000000000000018e+00 3.293306130459930703e+00 3.316955570370529127e+00
2.280000000000000249e+00 3.293316808501515869e+00 3.316958794993128290e+00
2.290000000000000036e+00 3.293318515725033535e+00 3.316960076775653299e+00
2.300000000000000266e+00 3.293321708340885223e+00 3.316960940365550670e+00
2.310000000000000053e+00 3.293346025641436192e+00 3.316966443783765150e+00
2.319999999999999840e+00 3.293351300279439009e+00 3.316968499448954333e+00
2.330000000000000071e+00 3.293357290629546519e+00 3.316970060063202830e+00
2.339999999999999858e+00 3.293362748298277243e+00 3.316971250119576720e+00
2.350000000000000089e+00 3.293362748298277243e+00 3.316971250119576720e+00
2.359999999999999876e+00 3.293362748298277243e+00 3.316971250119576720e+00
2.370000000000000107e+00 3.293361716522938742e+00 3.316971336331599574e+00
2.379999999999999893e+00 3.293331584940982548e+00 3.316990664276051159e+00
2.390000000000000124e+00 3.293086906225028976e+00 3.317145285762008733e+00
2.399999999999999911e+00 3.292714430665742764e+00 3.317369095101583287e+00
2.410000000000000142e+00 3.291674537381855448e+00 3.318006733398707997e+00
2.419999999999999929e+00 3.290858247347517196e+00 3.318538904084519903e+00
2.430000000000000160e+00 3.290457885908546487e+00 3.318776412668761999e+00
2.439999999999999947e+00 3.288327823522223081e+00 3.320329633896218713e+00
2.450000000000000178e+00 3.284818606359841020e+00 3.322906506717322905e+00
2.459999999999999964e+00 3.282477087573626662e+00 3.324486484914204176e+00
2.470000000000000195e+00 3.281615246933228480e+00 3.324968860050910191e+00
2.479999999999999982e+00 3.277811974807731232e+00 3.327874148377426344e+00
2.490000000000000213e+00 3.276303483952190732e+00 3.328821181470249080e+00
2.500000000000000000e+00 3.274869995468753014e+00 3.329765499488217539e+00
2.510000000000000231e+00 3.274133390293586299e+00 3.330103137268555447e+00
2.520000000000000018e+00 3.272967497099847467e+00 3.330871599408178785e+00
2.530000000000000249e+00 3.269422832086398500e+00 3.333195659415409295e+00
2.540000000000000036e+00 3.265090095974964246e+00 3.336032578351932454e+00
2.550000000000000266e+00 3.259155821160140132e+00 3.339765821558174697e+00
2.560000000000000053e+00 3.253584363677569868e+00 3.343325829074314193e+00
2.569999999999999840e+00 3.247588502970913282e+00 3.346962157367488366e+00
2.580000000000000071e+00 3.240140759056078235e+00 3.351292628914845917e+00
2.589999999999999858e+00 3.231765368060268706e+00 3.356024479513965098e+00
2.600000000000000089e+00 3.227890926863769216e+00 3.358668152969261911e+00
2.609999999999999876e+00 3.224947765323288973e+00 3.360247082827917620e+00
2.620000000000000107e+00 3.223009757995278335e+00 3.361480158510535610e+00
2.629999999999999893e+00 3.218455663433262171e+00 3.363573452935031849e+00
2.640000000000000124e+00 3.217123925931943074e+00 3.364075969187724002e+00
2.649999999999999911e+00 3.214955425790107402e+00 3.365021770102226473e+00
2.660000000000000142e+00 3.216387175335737592e+00 3.364784497962144183e+00
2.669999999999999929e+00 3.220982025037183671e+00 3.363536197499856772e+00
2.680000000000000160e+00 3.227392166731756440e+00 3.361767629715997074e+00
2.689999999999999947e+00 3.232246263574025669e+00 3.360407988149264114e+00
2.700000000000000178e+00 3.238247399792508308e+00 3.358424166417285139e+00
2.709999999999999964e+00 3.243243665620703986e+00 3.357550374334435261e+00
2.720000000000000195e+00 3.244167368329085033e+00 3.357875525881730550e+00
2.729999999999999982e+00 3.247018417194181161e+00 3.358212300612635204e+00
2.740000000000000213e+00 3.248820514757664313e+00 3.359497146394221367e+00
2.750000000000000000e+00 3.248971095007580523e+00 3.361689508191424203e+00
2.760000000000000231e+00 3.250010573280092352e+00 3.363212212850812399e+00
2.770000000000000018e+00 3.250769239969192537e+00 3.366134272775710645e+00
2.780000000000000249e+00 3.252423752797141354e+00 3.367623905469879553e+00
2.790000000000000036e+00 3.252107710361361814e+00 3.370156783003925849e+00
2.800000000000000266e+00 3.252192685118344695e+00 3.372965786179873415e+00
2.810000000000000053e+00 3.252109547399372413e+00 3.376388981581836202e+00
2.819999999999999840e+00 3.251505717600859047e+00 3.380653595653497323e+00
2.830000000000000071e+00 3.252206001111494604e+00 3.386427874673379801e+00
2.839999999999999858e+00 3.253001448755240776e+00 3.391989937958741042e+00
2.850000000000000089e+00 3.254603596569231705e+00 3.398243173607656153e+00
2.859999999999999876e+00 3.257634061783990287e+00 3.405390954108991952e+00
2.870000000000000107e+00 3.261411275040351665e+00 3.413035942624367269e+00
2.879999999999999893e+00 3.265622392088630033e+00 3.421594311326286775e+00
2.890000000000000124e+00 3.270956726559834493e+00 3.431030383773608250e+00
2.899999999999999911e+00 3.277527574978130076e+00 3.440557870630962967e+00
2.910000000000000142e+00 3.284909378936055280e+00 3.450035688812967738e+00
2.919999999999999929e+00 3.292009308748207186e+00 3.458262929840125732e+00
2.930000000000000160e+00 3.301087375203747509e+00 3.467439624155383537e+00
2.939999999999999947e+00 3.312588173282554838e+00 3.476091217028686398e+00
2.950000000000000178e+00 3.323416604499589866e+00 3.484120083141553970e+00
2.959999999999999964e+00 3.336823166754208980e+00 3.491232812974490063e+00
2.970000000000000195e+00 3.354707914143654879e+00 3.497090510696318599e+00
2.979999999999999982e+00 3.376006775610700839e+00 3.500594371444925468e+00
2.990000000000000213e+00 3.401410022976344649e+00 3.499749486305767654e+00
3.000000000000000000e+00 3.449787086946560777e+00 3.481155531418727023e+00
