0.000000000000000000e+00 4.739909915658502837e-01 4.924217499986620061e-01
1.000000000000000021e-02 4.739909173414251220e-01 4.924214875855901785e-01
2.000000000000000042e-02 3.222609790968848920e+00 3.229111541824386755e+00
2.999999999999999889e-02 3.222609790968848920e+00 3.229111541824386755e+00
4.000000000000000083e-02 3.222609790968848920e+00 3.229111541824386755e+00
5.000000000000000278e-02 3.222609790968848920e+00 3.229111541824386755e+00
5.999999999999999778e-02 3.222609790968848920e+00 3.229111541824386755e+00
7.000000000000000666e-02 3.222609790968848920e+00 3.229111541824386755e+00
8.000000000000000167e-02 3.222609790968848920e+00 3.229111541824386755e+00
8.999999999999999667e-02 3.222609790968848920e+00 3.229111541824386755e+00
1.000000000000000056e-01 3.222609790968848920e+00 3.229111541824386755e+00
1.100000000000000006e-01 3.222609790968848920e+00 3.229111541824386755e+00
1.199999999999999956e-01 3.222609790968848920e+00 3.229111541824386755e+00
1.300000000000000044e-01 3.222609790968848920e+00 3.229111541824386755e+00
1.400000000000000133e-01 3.222609790968848920e+00 3.229111541824386755e+00
1.499999999999999944e-01 3.222609790968848920e+00 3.229111541824386755e+00
1.600000000000000033e-01 3.222609790968848920e+00 3.229111541824386755e+00
1.700000000000000122e-01 3.222609790968848920e+00 3.229111541824386755e+00
1.799999999999999933e-01 3.222609790968848920e+00 3.229111541824386755e+00
1.900000000000000022e-01 3.222609790968848920e+00 3.229111541824386755e+00
2.000000000000000111e-01 3.222609790968848920e+00 3.229111541824386755e+00
2.099999999999999922e-01 3.222609790968848920e+00 3.229111541824386755e+00
2.200000000000000011e-01 3.222609790968848920e+00 3.229111541824386755e+00
2.300000000000000100e-01 3.222609790968848920e+00 3.229111541824386755e+00
2.399999999999999911e-01 3.222609790968848920e+00 3.229111541824386755e+00
2.500000000000000000e-01 3.222609790968848920e+00 3.229111541824386755e+00
2.600000000000000089e-01 3.222609790968848920e+00 3.229111541824386755e+00
2.700000000000000178e-01 3.222609790968848920e+00 3.229111541824386755e+00
2.800000000000000266e-01 3.222609790968848920e+00 3.229111541824386755e+00
2.899999999999999800e-01 3.222609790968848920e+00 3.229111541824386755e+00
2.999999999999999889e-01 3.222609790968848920e+00 3.229111541824386755e+00
3.099999999999999978e-01 3.222609790968848920e+00 3.229111541824386755e+00
3.200000000000000067e-01 3.222609790968848920e+00 3.229111541824386755e+00
3.300000000000000155e-01 3.222609790968848920e+00 3.229111541824386755e+00
3.400000000000000244e-01 3.222609790968848920e+00 3.229111541824386755e+00
3.500000000000000333e-01 3.222609790968848920e+00 3.229111541824386755e+00
3.599999999999999867e-01 3.222609790968848920e+00 3.229111541824386755e+00
3.699999999999999956e-01 3.222609790968848920e+00 3.229111541824386755e+00
3.800000000000000044e-01 3.222609790968848920e+00 3.229111541824386755e+00
3.900000000000000133e-01 3.222609790968848920e+00 3.229111541824386755e+00
4.000000000000000222e-01 3.222609790968848920e+00 3.229111541824386755e+00
4.100000000000000311e-01 3.222609790968848920e+00 3.229111541824386755e+00
4.199999999999999845e-01 3.222609790968848920e+00 3.229111541824386755e+00
4.299999999999999933e-01 3.222609790968848920e+00 3.229111541824386755e+00
4.400000000000000022e-01 3.222609790968848920e+00 3.229111541824386755e+00
4.500000000000000111e-01 3.222609790968848920e+00 3.229111541824386755e+00
4.600000000000000200e-01 3.222609790968848920e+00 3.229111541824386755e+00
4.700000000000000289e-01 3.222609790968848920e+00 3.229111541824386755e+00
4.799999999999999822e-01 3.222609790968848920e+00 3.229111541824386755e+00
4.899999999999999911e-01 3.222609790968848920e+00 3.229111541824386755e+00
5.000000000000000000e-01 3.222609790968848920e+00 3.229111541824386755e+00
5.100000000000000089e-01 3.222609790968848920e+00 3.229111541824386755e+00
5.200000000000000178e-01 3.222609358936059376e+00 3.229113204960119443e+00
5.300000000000000266e-01 3.222609358936059376e+00 3.229113204960119443e+00
5.400000000000000355e-01 3.222609358936059376e+00 3.229113204960119443e+00
5.500000000000000444e-01 3.222608988983477918e+00 3.229114630143795406e+00
5.600000000000000533e-01 3.222608988983477918e+00 3.229114630143795406e+00
5.700000000000000622e-01 3.222608927357112574e+00 3.229114867642010278e+00
5.799999999999999600e-01 3.222608927357112574e+00 3.229114867642010278e+00
5.899999999999999689e-01 3.222608609551383729e+00 3.229116367851303515e+00
5.999999999999999778e-01 3.222608424413750505e+00 3.229116945521285587e+00
6.099999999999999867e-01 3.222588672549983269e+00 3.229133661944607159e+00
6.199999999999999956e-01 3.222524035881144666e+00 3.229190931927579111e+00
6.300000000000000044e-01 3.222369468276624183e+00 3.229320548899050181e+00
6.400000000000000133e-01 3.221942503182475992e+00 3.229670807502681651e+00
6.500000000000000222e-01 3.221566653305740324e+00 3.229970956805495952e+00
6.600000000000000311e-01 3.221123169326545632e+00 3.230314044265983231e+00
6.700000000000000400e-01 3.220992225323128011e+00 3.230417561001373450e+00
6.800000000000000488e-01 3.220675955139473690e+00 3.230674961837455061e+00
6.900000000000000577e-01 3.220642581080551459e+00 3.230701049385909407e+00
7.000000000000000666e-01 3.220464624599982173e+00 3.230830614734124140e+00
7.099999999999999645e-01 3.219996920504159199e+00 3.231207332797461085e+00
7.199999999999999734e-01 3.219376544761936909e+00 3.231705466346461275e+00
7.299999999999999822e-01 3.218427575260813800e+00 3.232449585684124660e+00
7.399999999999999911e-01 3.218137820398387472e+00 3.232664712689343300e+00
7.500000000000000000e-01 3.217432530721329620e+00 3.233375112272597107e+00
7.600000000000000089e-01 3.217086170927343058e+00 3.233796764124574619e+00
7.700000000000000178e-01 3.216679020558095736e+00 3.234342466286920903e+00
7.800000000000000266e-01 3.216558859365672873e+00 3.234485266577511453e+00
7.900000000000000355e-01 3.216689596307677590e+00 3.234299463970261357e+00
8.000000000000000444e-01 3.216729749355398571e+00 3.234245314326204213e+00
8.100000000000000533e-01 3.215404734342524939e+00 3.235895750991871544e+00
8.200000000000000622e-01 3.214616900532528465e+00 3.236858779923633467e+00
8.300000000000000711e-01 3.209932336611366122e+00 3.242529733868026565e+00
8.399999999999999689e-01 3.206338803898169498e+00 3.247157768973039094e+00
8.499999999999999778e-01 3.200475798698805274e+00 3.255158417757608280e+00
8.599999999999999867e-01 3.194078317956793978e+00 3.264233508272301076e+00
8.699999999999999956e-01 3.187970423611451221e+00 3.273489170595358377e+00
8.800000000000000044e-01 3.185565191568460186e+00 3.277238904996786495e+00
8.900000000000000133e-01 3.193339220533764955e+00 3.266042765831552952e+00
9.000000000000000222e-01 3.200907318650718203e+00 3.255845635441307451e+00
9.100000000000000311e-01 3.210867174469980601e+00 3.243722589667287881e+00
9.200000000000000400e-01 3.211559116298991157e+00 3.242799891650838262e+00
9.300000000000000488e-01 3.213147480247824817e+00 3.240792899104744329e+00
9.400000000000000577e-01 3.216183311080375251e+00 3.236874346066078711e+00
9.500000000000000666e-01 3.221050178623532378e+00 3.231237613954210719e+00
9.599999999999999645e-01 3.222517306894716604e+00 3.229659830132070475e+00
9.699999999999999734e-01 3.222511694068459942e+00 3.229672115912885833e+00
9.799999999999999822e-01 3.222502490407524345e+00 3.229690478862228264e+00
9.899999999999999911e-01 3.222500974551626207e+00 3.229693814614824632e+00
1.000000000000000000e+00 3.222500878235861066e+00 3.229694068263009754e+00
1.010000000000000009e+00 3.222497383525784631e+00 3.229702994343821576e+00
1.020000000000000018e+00 3.222486681583415002e+00 3.229728200942982408e+00
1.030000000000000027e+00 3.222478757739100974e+00 3.229746054954495182e+00
1.040000000000000036e+00 3.222461689577945876e+00 3.229783135108104553e+00
1.050000000000000044e+00 3.222445102143109974e+00 3.229819390464006457e+00
1.060000000000000053e+00 3.222409328543044627e+00 3.229896803420685192e+00
1.070000000000000062e+00 3.222402087933511794e+00 3.229915652888326605e+00
1.080000000000000071e+00 3.222398058470133275e+00 3.229925046335812677e+00
1.090000000000000080e+00 3.222388243712695832e+00 3.229947603021351199e+00
1.100000000000000089e+00 3.222362028699262027e+00 3.230009460057871706e+00
1.110000000000000098e+00 3.222347206803860331e+00 3.230048505390582747e+00
1.120000000000000107e+00 3.222338420997460595e+00 3.230071980504194862e+00
1.130000000000000115e+00 3.222310972894388392e+00 3.230140867477697242e+00
1.140000000000000124e+00 3.222270478984400555e+00 3.230217951649144048e+00
1.150000000000000133e+00 3.222227419520544700e+00 3.230311029304338000e+00
1.159999999999999920e+00 3.222202597929227252e+00 3.230363637369882746e+00
1.169999999999999929e+00 3.222202174179399137e+00 3.230365054524099833e+00
1.179999999999999938e+00 3.222199334605595489e+00 3.230370997130015631e+00
1.189999999999999947e+00 3.222196404464488406e+00 3.230380215384716980e+00
1.199999999999999956e+00 3.222195905348974598e+00 3.230381382954401026e+00
1.209999999999999964e+00 3.222183641069245930e+00 3.230406544954465886e+00
1.219999999999999973e+00 3.222057937410975903e+00 3.230605981799458348e+00
1.229999999999999982e+00 3.221940698689297555e+00 3.230796900459452559e+00
1.239999999999999991e+00 3.221751873893088813e+00 3.231117958942109070e+00
1.250000000000000000e+00 3.221661299421091140e+00 3.231290882681112198e+00
1.260000000000000009e+00 3.221642377600182794e+00 3.231359033995162111e+00
1.270000000000000018e+00 3.221536818712234407e+00 3.231579694053650087e+00
1.280000000000000027e+00 3.221462364074584528e+00 3.231753665049675206e+00
1.290000000000000036e+00 3.221400634305718214e+00 3.231905191895720897e+00
1.300000000000000044e+00 3.221350963686580915e+00 3.232024616228466041e+00
1.310000000000000053e+00 3.221202067257360024e+00 3.232288678453966835e+00
1.320000000000000062e+00 3.220770122651578582e+00 3.232955306430338460e+00
1.330000000000000071e+00 3.220687852030597931e+00 3.233098811930812388e+00
1.340000000000000080e+00 3.220578214768499592e+00 3.233290428820519757e+00
1.350000000000000089e+00 3.220535577481282274e+00 3.233370240504252813e+00
1.360000000000000098e+00 3.220476985110789947e+00 3.233476330495327566e+00
1.370000000000000107e+00 3.220384674593689489e+00 3.233634779408690818e+00
1.380000000000000115e+00 3.220327077230241031e+00 3.233750693937514242e+00
1.390000000000000124e+00 3.220168590432876954e+00 3.234076434000258793e+00
1.400000000000000133e+00 3.220100944570724266e+00 3.234201742482956554e+00
1.409999999999999920e+00 3.220073889751605023e+00 3.234269701132603814e+00
1.419999999999999929e+00 3.220061096008209667e+00 3.234301214682670178e+00
1.429999999999999938e+00 3.220044165889857091e+00 3.234347483160855852e+00
1.439999999999999947e+00 3.220027321685939192e+00 3.234391169143528977e+00
1.449999999999999956e+00 3.220004210264715283e+00 3.234451112368073922e+00
1.459999999999999964e+00 3.219989731266967858e+00 3.234490671236045500e+00
1.469999999999999973e+00 3.219972863305849753e+00 3.234533849335865963e+00
1.479999999999999982e+00 3.219949692134374430e+00 3.234592949777132631e+00
1.489999999999999991e+00 3.219946174894712243e+00 3.234600921128847340e+00
1.500000000000000000e+00 3.219919564065077289e+00 3.234652135496995484e+00
1.510000000000000009e+00 3.219903218192980532e+00 3.234680492820813491e+00
1.520000000000000018e+00 3.219885531316210248e+00 3.234716694330762365e+00
1.530000000000000027e+00 3.219858135918963082e+00 3.234790295363080492e+00
1.540000000000000036e+00 3.219846150778818750e+00 3.234809478221845058e+00
1.550000000000000044e+00 3.219798965791379697e+00 3.234895478826845139e+00
1.560000000000000053e+00 3.219752553964425612e+00 3.234969540032575974e+00
1.570000000000000062e+00 3.219745446963106161e+00 3.234985160055364517e+00
1.580000000000000071e+00 3.219668423822978465e+00 3.235111364370724107e+00
1.590000000000000080e+00 3.219210267180721452e+00 3.235673211060245080e+00
1.600000000000000089e+00 3.219161037047149510e+00 3.235768402306792968e+00
1.610000000000000098e+00 3.218811241813572810e+00 3.236194166940775663e+00
1.620000000000000107e+00 3.217440809495123233e+00 3.237881059873429557e+00
1.630000000000000115e+00 3.216053424229649238e+00 3.239651435980769101e+00
1.640000000000000124e+00 3.214728940837195292e+00 3.241444014389702755e+00
1.650000000000000133e+00 3.212432807877435348e+00 3.244359274599180498e+00
1.660000000000000142e+00 3.211973019952097719e+00 3.245125207400997969e+00
1.669999999999999929e+00 3.210049789512805507e+00 3.247896853195972877e+00
1.679999999999999938e+00 3.207956586649339137e+00 3.250869440267164734e+00
1.689999999999999947e+00 3.205616502665516787e+00 3.254161651302340363e+00
1.699999999999999956e+00 3.201966800503885491e+00 3.259523754997098788e+00
1.709999999999999964e+00 3.197946708811579164e+00 3.265694745217504469e+00
1.719999999999999973e+00 3.195091957830707319e+00 3.270485867987354300e+00
1.729999999999999982e+00 3.192864299145436568e+00 3.274182543792033329e+00
1.739999999999999991e+00 3.191864008953046117e+00 3.275968192289401060e+00
1.750000000000000000e+00 3.190115307060146677e+00 3.279009010318850947e+00
1.760000000000000009e+00 3.186056761362094480e+00 3.285917232397060683e+00
1.770000000000000018e+00 3.182304952888350691e+00 3.293178823695321000e+00
1.780000000000000027e+00 3.177528694323323410e+00 3.303050356150843303e+00
1.790000000000000036e+00 3.174191554917719316e+00 3.310688132920835081e+00
1.800000000000000044e+00 3.170792176031183018e+00 3.318967254110265941e+00
1.810000000000000053e+00 3.168541818089536388e+00 3.325209066662737190e+00
1.820000000000000062e+00 3.164874728297111250e+00 3.335145703316811261e+00
1.830000000000000071e+00 3.161749035233865079e+00 3.344667335730185265e+00
1.840000000000000080e+00 3.158733670983243425e+00 3.353915419912409046e+00
1.850000000000000089e+00 3.153239354978846443e+00 3.372006459315968208e+00
1.860000000000000098e+00 3.148379253775763775e+00 3.393056867640328544e+00
1.870000000000000107e+00 3.143459880159319209e+00 3.417388258091985431e+00
1.880000000000000115e+00 3.138820057422192722e+00 3.449494512947528069e+00
1.890000000000000124e+00 3.136873354296875416e+00 3.488831782812880977e+00
1.900000000000000133e+00 3.139531541154095606e+00 3.531397276990702494e+00
1.910000000000000142e+00 3.147405892467548760e+00 3.576555175518939755e+00
1.919999999999999929e+00 3.156869751337578300e+00 3.613262327829787957e+00
1.929999999999999938e+00 3.169329391634363446e+00 3.647261041801076686e+00
1.939999999999999947e+00 3.186787669394150591e+00 3.683612176253661552e+00
1.949999999999999956e+00 3.206955973707685370e+00 3.718234205239763224e+00
1.959999999999999964e+00 3.230453363669007150e+00 3.751975153314978773e+00
1.969999999999999973e+00 3.262346467538251638e+00 3.789496910066232793e+00
1.979999999999999982e+00 3.291355133351796081e+00 3.817315022655016765e+00
1.989999999999999991e+00 3.327600909448835687e+00 3.847632931965615732e+00
2.000000000000000000e+00 3.369159132136544610e+00 3.875526327806273041e+00
2.010000000000000231e+00 3.418608132255620990e+00 3.900354483119897520e+00
2.020000000000000018e+00 3.473070861159301526e+00 3.919106334909462586e+00
2.030000000000000249e+00 3.518689076154607243e+00 3.929197655069453177e+00
2.040000000000000036e+00 3.553770363995155446e+00 3.933728534696975476e+00
2.049999999999999822e+00 3.584883355157352014e+00 3.936100259220623343e+00
2.060000000000000053e+00 3.609154709079272383e+00 3.936533136336796357e+00
2.069999999999999840e+00 3.626307564145025530e+00 3.935597242259087913e+00
2.080000000000000071e+00 3.640506572105898009e+00 3.934427587025152384e+00
2.089999999999999858e+00 3.653104561503810022e+00 3.933136417728978262e+00
2.100000000000000089e+00 3.665157214847920120e+00 3.931712578838946204e+00
2.109999999999999876e+00 3.680786185433546187e+00 3.928478844502290457e+00
2.120000000000000107e+00 3.694600289312963248e+00 3.925620507949228788e+00
2.129999999999999893e+00 3.710997291459592784e+00 3.921251647286859932e+00
2.140000000000000124e+00 3.722883023073773945e+00 3.917532421600717907e+00
2.149999999999999911e+00 3.725191429549602695e+00 3.917164113854022744e+00
2.160000000000000142e+00 3.725996318739381863e+00 3.917172244278463111e+00
2.169999999999999929e+00 3.726838914934243796e+00 3.917099014758024467e+00
2.180000000000000160e+00 3.727704476202108985e+00 3.917012014467141867e+00
2.189999999999999947e+00 3.727759987093628880e+00 3.916870522249518594e+00
2.200000000000000178e+00 3.728141142707343203e+00 3.917356484717850140e+00
2.209999999999999964e+00 3.728306953967426729e+00 3.917485949665691081e+00
2.220000000000000195e+00 3.728371589812591758e+00 3.917484154577896227e+00
2.229999999999999982e+00 3.728454783878541789e+00 3.917475843047879991e+00
2.240000000000000213e+00 3.728540326345881617e+00 3.917505508662739722e+00
2.250000000000000000e+00 3.728629091513494309e+00 3.917473657228609518e+00
2.260000000000000231e+00 3.728810045405559048e+00 3.917619761756725882e+00
2.270000000000000018e+00 3.728899280052131004e+00 3.917800051155144736e+00
2.280000000000000249e+00 3.729086423481295043e+00 3.917885788013150794e+00
2.290000000000000036e+00 3.729240369677056410e+00 3.917970432487021260e+00
2.300000000000000266e+00 3.729376746147037291e+00 3.917981363775372206e+00
2.310000000000000053e+00 3.729475419713731643e+00 3.917989516199354316e+00
2.319999999999999840e+00 3.729920105574247025e+00 3.918089349968317592e+00
2.330000000000000071e+00 3.730291118557922836e+00 3.918089226405150782e+00
2.339999999999999858e+00 3.731006878335865640e+00 3.918114735133257920e+00
2.350000000000000089e+00 3.731583667972589780e+00 3.918152808625196215e+00
2.359999999999999876e+00 3.731647347539629678e+00 3.917898947383198660e+00
2.370000000000000107e+00 3.731641991785582313e+00 3.917489959732476379e+00
2.379999999999999893e+00 3.731901443935394358e+00 3.917105989364623841e+00
2.390000000000000124e+00 3.731923831019828164e+00 3.916752106146385692e+00
2.399999999999999911e+00 3.731956999985163392e+00 3.916537879718358539e+00
2.410000000000000142e+00 3.732052229453010739e+00 3.916397021426276659e+00
2.419999999999999929e+00 3.732117645837460085e+00 3.916247736337985064e+00
2.430000000000000160e+00 3.732573646789966837e+00 3.916338074520648860e+00
2.439999999999999947e+00 3.732653622066600008e+00 3.916287034733669792e+00
2.450000000000000178e+00 3.732804901300132983e+00 3.916273208355247171e+00
2.459999999999999964e+00 3.732930189010639666e+00 3.916308449738482800e+00
2.470000000000000195e+00 3.732879788100874396e+00 3.916166450946176436e+00
2.479999999999999982e+00 3.732860292665042934e+00 3.916103691762408801e+00
2.490000000000000213e+00 3.732814771391637532e+00 3.916016164730302673e+00
2.500000000000000000e+00 3.732640835063629314e+00 3.915956261532134608e+00
2.510000000000000231e+00 3.732481437079431696e+00 3.915921652200696546e+00
2.520000000000000018e+00 3.732443640606109447e+00 3.915863681867416624e+00
2.530000000000000249e+00 3.732385320471539369e+00 3.915787025514827047e+00
2.540000000000000036e+00 3.732359890809831882e+00 3.915718868006886844e+00
2.550000000000000266e+00 3.732321801679876039e+00 3.915687204925272447e+00
2.560000000000000053e+00 3.732311013881309147e+00 3.915705954745666961e+00
2.569999999999999840e+00 3.732306327201669660e+00 3.915723193867856722e+00
2.580000000000000071e+00 3.732314109948874581e+00 3.915737872434853273e+00
2.589999999999999858e+00 3.732315628073370029e+00 3.915735300934160001e+00
2.600000000000000089e+00 3.732333285551898694e+00 3.915886036161549288e+00
2.609999999999999876e+00 3.732356866055061229e+00 3.915949089335869271e+00
2.620000000000000107e+00 3.732360402689825829e+00 3.916034784936059499e+00
2.629999999999999893e+00 3.732388377411625324e+00 3.916046920625903649e+00
2.640000000000000124e+00 3.732399822124187416e+00 3.916113871289547355e+00
2.649999999999999911e+00 3.732365533981853556e+00 3.916203822750514707e+00
2.660000000000000142e+00 3.732360847135285375e+00 3.916289409136076927e+00
2.669999999999999929e+00 3.732360980349603619e+00 3.916371384443219750e+00
2.680000000000000160e+00 3.732277786409138542e+00 3.916304499462366806e+00
2.689999999999999947e+00 3.731991818429114982e+00 3.916210935715553898e+00
2.700000000000000178e+00 3.731831861500982672e+00 3.916240197086091168e+00
2.709999999999999964e+00 3.731794352029970785e+00 3.916245833612272076e+00
2.720000000000000195e+00 3.731393671743375329e+00 3.916149608128565163e+00
2.729999999999999982e+00 3.731355431385673160e+00 3.916261679853759947e+00
2.740000000000000213e+00 3.730376329620917808e+00 3.916108659874359965e+00
2.750000000000000000e+00 3.730087672400465681e+00 3.916155804052361855e+00
2.760000000000000231e+00 3.728615788909251272e+00 3.916345963824933385e+00
2.770000000000000018e+00 3.727501011767129224e+00 3.916602154016752824e+00
2.780000000000000249e+00 3.727294990751742532e+00 3.916420215628147794e+00
2.790000000000000036e+00 3.725340997122930098e+00 3.917242009387804202e+00
2.800000000000000266e+00 3.723975140277993479e+00 3.917439013693678529e+00
2.810000000000000053e+00 3.722910412996403906e+00 3.917771163427240744e+00
2.819999999999999840e+00 3.719905981790889271e+00 3.918583515274654872e+00
2.830000000000000071e+00 3.718332893005219741e+00 3.918914639515074239e+00
2.839999999999999858e+00 3.715417227316375470e+00 3.920171428346161502e+00
2.850000000000000089e+00 3.214543168944413054e+00 4.229035304476922441e+00
2.859999999999999876e+00 3.495634783873890594e+00 4.061041328265335260e+00
2.870000000000000107e+00 3.422735558959153934e+00 4.099341787622067024e+00
2.879999999999999893e+00 3.006424157227935545e+00 4.261166761473951681e+00
2.890000000000000124e+00 2.512099588691222962e+00 4.328951713715564864e+00
2.899999999999999911e+00 1.242879382714540126e+00 3.732061043312042692e+00
2.910000000000000142e+00 7.243187241521551467e-01 2.493803126611403798e+00
2.919999999999999929e+00 1.571449564449789449e+00 3.930435986487863076e+00
2.930000000000000160e+00 3.143452009104437117e+00 4.084066545715384855e+00
2.939999999999999947e+00 3.322523005150245012e+00 4.003588470493866680e+00
2.950000000000000178e+00 3.418546480444829783e+00 3.969216352336246700e+00
2.959999999999999964e+00 3.517216935502536668e+00 3.905839391799919458e+00
2.970000000000000195e+00 3.575122991319739985e+00 3.868095539077674783e+00
2.979999999999999982e+00 3.622219902421523141e+00 3.835101236160706417e+00
2.990000000000000213e+00 3.652945406378980131e+00 3.813670248990778333e+00
3.000000000000000000e+00 3.712668332739033517e+00 3.763659229616961532e+00
