0.000000000000000000e+00 4.832063707822561449e-01
1.000000000000000021e-02 4.832062024635076503e-01
2.000000000000000042e-02 3.225860666396617837e+00
2.999999999999999889e-02 3.225860666396617837e+00
4.000000000000000083e-02 3.225860666396617837e+00
5.000000000000000278e-02 3.225860666396617837e+00
5.999999999999999778e-02 3.225860666396617837e+00
7.000000000000000666e-02 3.225860666396617837e+00
8.000000000000000167e-02 3.225860666396617837e+00
8.999999999999999667e-02 3.225860666396617837e+00
1.000000000000000056e-01 3.225860666396617837e+00
1.100000000000000006e-01 3.225860666396617837e+00
1.199999999999999956e-01 3.225860666396617837e+00
1.300000000000000044e-01 3.225860666396617837e+00
1.400000000000000133e-01 3.225860666396617837e+00
1.499999999999999944e-01 3.225860666396617837e+00
1.600000000000000033e-01 3.225860666396617837e+00
1.700000000000000122e-01 3.225860666396617837e+00
1.799999999999999933e-01 3.225860666396617837e+00
1.900000000000000022e-01 3.225860666396617837e+00
2.000000000000000111e-01 3.225860666396617837e+00
2.099999999999999922e-01 3.225860666396617837e+00
2.200000000000000011e-01 3.225860666396617837e+00
2.300000000000000100e-01 3.225860666396617837e+00
2.399999999999999911e-01 3.225860666396617837e+00
2.500000000000000000e-01 3.225860666396617837e+00
2.600000000000000089e-01 3.225860666396617837e+00
2.700000000000000178e-01 3.225860666396617837e+00
2.800000000000000266e-01 3.225860666396617837e+00
2.899999999999999800e-01 3.225860666396617837e+00
2.999999999999999889e-01 3.225860666396617837e+00
3.099999999999999978e-01 3.225860666396617837e+00
3.200000000000000067e-01 3.225860666396617837e+00
3.300000000000000155e-01 3.225860666396617837e+00
3.400000000000000244e-01 3.225860666396617837e+00
3.500000000000000333e-01 3.225860666396617837e+00
3.599999999999999867e-01 3.225860666396617837e+00
3.699999999999999956e-01 3.225860666396617837e+00
3.800000000000000044e-01 3.225860666396617837e+00
3.900000000000000133e-01 3.225860666396617837e+00
4.000000000000000222e-01 3.225860666396617837e+00
4.100000000000000311e-01 3.225860666396617837e+00
4.199999999999999845e-01 3.225860666396617837e+00
4.299999999999999933e-01 3.225860666396617837e+00
4.400000000000000022e-01 3.225860666396617837e+00
4.500000000000000111e-01 3.225860666396617837e+00
4.600000000000000200e-01 3.225860666396617837e+00
4.700000000000000289e-01 3.225860666396617837e+00
4.799999999999999822e-01 3.225860666396617837e+00
4.899999999999999911e-01 3.225860666396617837e+00
5.000000000000000000e-01 3.225860666396617837e+00
5.100000000000000089e-01 3.225860666396617837e+00
5.200000000000000178e-01 3.225861281948089410e+00
5.300000000000000266e-01 3.225861281948089410e+00
5.400000000000000355e-01 3.225861281948089410e+00
5.500000000000000444e-01 3.225861809563636662e+00
5.600000000000000533e-01 3.225861809563636662e+00
5.700000000000000622e-01 3.225861897499561426e+00
5.799999999999999600e-01 3.225861897499561426e+00
5.899999999999999689e-01 3.225862488701343622e+00
5.999999999999999778e-01 3.225862684967518046e+00
6.099999999999999867e-01 3.225861167247295214e+00
6.199999999999999956e-01 3.225857483904361889e+00
6.300000000000000044e-01 3.225845008587837182e+00
6.400000000000000133e-01 3.225806655342578821e+00
6.500000000000000222e-01 3.225768805055618138e+00
6.600000000000000311e-01 3.225718606796264432e+00
6.700000000000000400e-01 3.225704893162250730e+00
6.800000000000000488e-01 3.225675458488464376e+00
6.900000000000000577e-01 3.225671815233230433e+00
7.000000000000000666e-01 3.225647619667053156e+00
7.099999999999999645e-01 3.225602126650810142e+00
7.199999999999999734e-01 3.225541005554199092e+00
7.299999999999999822e-01 3.225438580472469230e+00
7.399999999999999911e-01 3.225401266543865386e+00
7.500000000000000000e-01 3.225403821496963364e+00
7.600000000000000089e-01 3.225441467525958839e+00
7.700000000000000178e-01 3.225510743422508320e+00
7.800000000000000266e-01 3.225522062971592163e+00
7.900000000000000355e-01 3.225494530138969473e+00
8.000000000000000444e-01 3.225487531840801392e+00
8.100000000000000533e-01 3.225650242667198242e+00
8.200000000000000622e-01 3.225737840228080966e+00
8.300000000000000711e-01 3.226231035239696343e+00
8.399999999999999689e-01 3.226748286435604296e+00
8.499999999999999778e-01 3.227817108228206777e+00
8.599999999999999867e-01 3.229155913114547527e+00
8.699999999999999956e-01 3.230729797103404799e+00
8.800000000000000044e-01 3.231402048282623340e+00
8.900000000000000133e-01 3.229690993182658953e+00
9.000000000000000222e-01 3.228376477046012827e+00
9.100000000000000311e-01 3.227294882068634241e+00
9.200000000000000400e-01 3.227179503974914709e+00
9.300000000000000488e-01 3.226970189676284573e+00
9.400000000000000577e-01 3.226528828573226981e+00
9.500000000000000666e-01 3.226143896288871549e+00
9.599999999999999645e-01 3.226088568513393540e+00
9.699999999999999734e-01 3.226091904990672887e+00
9.799999999999999822e-01 3.226096484634876305e+00
9.899999999999999911e-01 3.226097394583225419e+00
1.000000000000000000e+00 3.226097473249435410e+00
1.010000000000000009e+00 3.226100188934803104e+00
1.020000000000000018e+00 3.226107441263198705e+00
1.030000000000000027e+00 3.226112406346798078e+00
1.040000000000000036e+00 3.226122412343025214e+00
1.050000000000000044e+00 3.226132246303558215e+00
1.060000000000000053e+00 3.226153065981864909e+00
1.070000000000000062e+00 3.226158870410919199e+00
1.080000000000000071e+00 3.226161552402972976e+00
1.090000000000000080e+00 3.226167923367023516e+00
1.100000000000000089e+00 3.226185744378566866e+00
1.110000000000000098e+00 3.226197856097221539e+00
1.120000000000000107e+00 3.226205200750827728e+00
1.130000000000000115e+00 3.226225920186042817e+00
1.140000000000000124e+00 3.226244215316772301e+00
1.150000000000000133e+00 3.226269224412441350e+00
1.159999999999999920e+00 3.226283117649554999e+00
1.169999999999999929e+00 3.226283614351749485e+00
1.179999999999999938e+00 3.226285165867805560e+00
1.189999999999999947e+00 3.226288309924602693e+00
1.199999999999999956e+00 3.226288644151687812e+00
1.209999999999999964e+00 3.226295093011855908e+00
1.219999999999999973e+00 3.226331959605217126e+00
1.229999999999999982e+00 3.226368799574375057e+00
1.239999999999999991e+00 3.226434916417598942e+00
1.250000000000000000e+00 3.226476091051101669e+00
1.260000000000000009e+00 3.226500705797672452e+00
1.270000000000000018e+00 3.226558256382942247e+00
1.280000000000000027e+00 3.226608014562129867e+00
1.290000000000000036e+00 3.226652913100719555e+00
1.300000000000000044e+00 3.226687789957523478e+00
1.310000000000000053e+00 3.226745372855663430e+00
1.320000000000000062e+00 3.226862714540958521e+00
1.330000000000000071e+00 3.226893331980705160e+00
1.340000000000000080e+00 3.226934321794509675e+00
1.350000000000000089e+00 3.226952908992767544e+00
1.360000000000000098e+00 3.226976657803058757e+00
1.370000000000000107e+00 3.227009727001190154e+00
1.380000000000000115e+00 3.227038885583877637e+00
1.390000000000000124e+00 3.227122512216567873e+00
1.400000000000000133e+00 3.227151343526840410e+00
1.409999999999999920e+00 3.227171795442104418e+00
1.419999999999999929e+00 3.227181155345439922e+00
1.429999999999999938e+00 3.227195824525356471e+00
1.439999999999999947e+00 3.227209245414734085e+00
1.449999999999999956e+00 3.227227661316394602e+00
1.459999999999999964e+00 3.227240201251506679e+00
1.469999999999999973e+00 3.227253356320857858e+00
1.479999999999999982e+00 3.227271320955753531e+00
1.489999999999999991e+00 3.227273548011779791e+00
1.500000000000000000e+00 3.227285849781036386e+00
1.510000000000000009e+00 3.227291855506897011e+00
1.520000000000000018e+00 3.227301112823486307e+00
1.530000000000000027e+00 3.227324215641021787e+00
1.540000000000000036e+00 3.227327814500331904e+00
1.550000000000000044e+00 3.227347222309112418e+00
1.560000000000000053e+00 3.227361046998500793e+00
1.570000000000000062e+00 3.227365303509235339e+00
1.580000000000000071e+00 3.227389894096851286e+00
1.590000000000000080e+00 3.227441739120483266e+00
1.600000000000000089e+00 3.227464719676971239e+00
1.610000000000000098e+00 3.227502704377174236e+00
1.620000000000000107e+00 3.227660934684276395e+00
1.630000000000000115e+00 3.227852430105209169e+00
1.640000000000000124e+00 3.228086477613449023e+00
1.650000000000000133e+00 3.228396041238307923e+00
1.660000000000000142e+00 3.228549113676547844e+00
1.669999999999999929e+00 3.228973321354389192e+00
1.679999999999999938e+00 3.229413013458251935e+00
1.689999999999999947e+00 3.229889076983928575e+00
1.699999999999999956e+00 3.230745277750492139e+00
1.709999999999999964e+00 3.231820727014541816e+00
1.719999999999999973e+00 3.232788912909030810e+00
1.729999999999999982e+00 3.233523421468734949e+00
1.739999999999999991e+00 3.233916100621223588e+00
1.750000000000000000e+00 3.234562158689498812e+00
1.760000000000000009e+00 3.235986996879577582e+00
1.770000000000000018e+00 3.237741888291835846e+00
1.780000000000000027e+00 3.240289525237083357e+00
1.790000000000000036e+00 3.242439843919277198e+00
1.800000000000000044e+00 3.244879715070724480e+00
1.810000000000000053e+00 3.246875442376136789e+00
1.820000000000000062e+00 3.250010215806961256e+00
1.830000000000000071e+00 3.253208185482025172e+00
1.840000000000000080e+00 3.256324545447826235e+00
1.850000000000000089e+00 3.262622907147407325e+00
1.860000000000000098e+00 3.270718060708046160e+00
1.870000000000000107e+00 3.280424069125652320e+00
1.880000000000000115e+00 3.294157285184860395e+00
1.890000000000000124e+00 3.312852568554878196e+00
1.900000000000000133e+00 3.335464409072399050e+00
1.910000000000000142e+00 3.361980533993244258e+00
1.919999999999999929e+00 3.385066039583683128e+00
1.929999999999999938e+00 3.408295216717720066e+00
1.939999999999999947e+00 3.435199922823906071e+00
1.949999999999999956e+00 3.462595089473724297e+00
1.959999999999999964e+00 3.491214258491992961e+00
1.969999999999999973e+00 3.525921688802242215e+00
1.979999999999999982e+00 3.554335078003406423e+00
1.989999999999999991e+00 3.587616920707225709e+00
2.000000000000000000e+00 3.622342729971408826e+00
2.010000000000000231e+00 3.659481307687759255e+00
2.020000000000000018e+00 3.696088598034382056e+00
2.030000000000000249e+00 3.723943365612030210e+00
2.040000000000000036e+00 3.743749449346065461e+00
2.049999999999999822e+00 3.760491807188987679e+00
2.060000000000000053e+00 3.772843922708034370e+00
2.069999999999999840e+00 3.780952403202056722e+00
2.080000000000000071e+00 3.787467079565525196e+00
2.089999999999999858e+00 3.793120489616394142e+00
2.100000000000000089e+00 3.798434896843433162e+00
2.109999999999999876e+00 3.804632514967918322e+00
2.120000000000000107e+00 3.810110398631096018e+00
2.129999999999999893e+00 3.816124469373226358e+00
2.140000000000000124e+00 3.820207722337245926e+00
2.149999999999999911e+00 3.821177771701812720e+00
2.160000000000000142e+00 3.821584281508922487e+00
2.169999999999999929e+00 3.821968964846134131e+00
2.180000000000000160e+00 3.822358245334625426e+00
2.189999999999999947e+00 3.822315254671573737e+00
2.200000000000000178e+00 3.822748813712596672e+00
2.209999999999999964e+00 3.822896451816558905e+00
2.220000000000000195e+00 3.822927872195243992e+00
2.229999999999999982e+00 3.822965313463210890e+00
2.240000000000000213e+00 3.823022917504310669e+00
2.250000000000000000e+00 3.823051374371051914e+00
2.260000000000000231e+00 3.823214903581142465e+00
2.270000000000000018e+00 3.823349665603637870e+00
2.280000000000000249e+00 3.823486105747222918e+00
2.290000000000000036e+00 3.823605401082038835e+00
2.300000000000000266e+00 3.823679054961204749e+00
2.310000000000000053e+00 3.823732467956542980e+00
2.319999999999999840e+00 3.824004727771282308e+00
2.330000000000000071e+00 3.824190172481536809e+00
2.339999999999999858e+00 3.824560806734561780e+00
2.350000000000000089e+00 3.824868238298892997e+00
2.359999999999999876e+00 3.824773147461414169e+00
2.370000000000000107e+00 3.824565975759029346e+00
2.379999999999999893e+00 3.824503716650009100e+00
2.390000000000000124e+00 3.824337968583106928e+00
2.399999999999999911e+00 3.824247439851760966e+00
2.410000000000000142e+00 3.824224625439643699e+00
2.419999999999999929e+00 3.824182691087722574e+00
2.430000000000000160e+00 3.824455860655307848e+00
2.439999999999999947e+00 3.824470328400134900e+00
2.450000000000000178e+00 3.824539054827690077e+00
2.459999999999999964e+00 3.824619319374561233e+00
2.470000000000000195e+00 3.824523119523525416e+00
2.479999999999999982e+00 3.824481992213725867e+00
2.490000000000000213e+00 3.824415468060970102e+00
2.500000000000000000e+00 3.824298548297881961e+00
2.510000000000000231e+00 3.824201544640064121e+00
2.520000000000000018e+00 3.824153661236763035e+00
2.530000000000000249e+00 3.824086172993183208e+00
2.540000000000000036e+00 3.824039379408359363e+00
2.550000000000000266e+00 3.824004503302574243e+00
2.560000000000000053e+00 3.824008484313488054e+00
2.569999999999999840e+00 3.824014760534763191e+00
2.580000000000000071e+00 3.824025991191863927e+00
2.589999999999999858e+00 3.824025464503765015e+00
2.600000000000000089e+00 3.824109660856723991e+00
2.609999999999999876e+00 3.824152977695465250e+00
2.620000000000000107e+00 3.824197593812942664e+00
2.629999999999999893e+00 3.824217649018764487e+00
2.640000000000000124e+00 3.824256846706867385e+00
2.649999999999999911e+00 3.824284678366184131e+00
2.660000000000000142e+00 3.824325128135681151e+00
2.669999999999999929e+00 3.824366182396411684e+00
2.680000000000000160e+00 3.824291142935752674e+00
2.689999999999999947e+00 3.824101377072334440e+00
2.700000000000000178e+00 3.824036029293536920e+00
2.709999999999999964e+00 3.824020092821121430e+00
2.720000000000000195e+00 3.823771639935970246e+00
2.729999999999999982e+00 3.823808555619716554e+00
2.740000000000000213e+00 3.823242494747638887e+00
2.750000000000000000e+00 3.823121738226413768e+00
2.760000000000000231e+00 3.822480876367092328e+00
2.770000000000000018e+00 3.822051582891941024e+00
2.780000000000000249e+00 3.821857603189945163e+00
2.790000000000000036e+00 3.821291503255367150e+00
2.800000000000000266e+00 3.820707076985836004e+00
2.810000000000000053e+00 3.820340788211822325e+00
2.819999999999999840e+00 3.819244748532772071e+00
2.830000000000000071e+00 3.818623766260146990e+00
2.839999999999999858e+00 3.817794327831268486e+00
2.850000000000000089e+00 3.721789236710667748e+00
2.859999999999999876e+00 3.778338056069612705e+00
2.870000000000000107e+00 3.761038673290610479e+00
2.879999999999999893e+00 3.633795459350943613e+00
2.890000000000000124e+00 3.420525651203393913e+00
2.899999999999999911e+00 2.487470213013291520e+00
2.910000000000000142e+00 1.609060925381779583e+00
2.919999999999999929e+00 2.750942775468826262e+00
2.930000000000000160e+00 3.613759277409910986e+00
2.939999999999999947e+00 3.663055737822055846e+00
2.950000000000000178e+00 3.693881416390538242e+00
2.959999999999999964e+00 3.711528163651228063e+00
2.970000000000000195e+00 3.721609265198707384e+00
2.979999999999999982e+00 3.728660569291114779e+00
2.990000000000000213e+00 3.733307827684879232e+00
3.000000000000000000e+00 3.738163781177997524e+00
