0.000000000000000000e+00 1.154575487107634579e+00
1.000000000000000021e-02 1.158405674104094452e+00
2.000000000000000042e-02 1.170652276765108191e+00
2.999999999999999889e-02 1.227226167024374037e+00
4.000000000000000083e-02 1.429445681470632445e+00
5.000000000000000278e-02 1.597468706086873969e+00
5.999999999999999778e-02 1.688150097686052398e+00
7.000000000000000666e-02 1.742075135890245541e+00
8.000000000000000167e-02 1.802685619392395022e+00
8.999999999999999667e-02 2.022669574072360810e+00
1.000000000000000056e-01 2.609554213740825634e+00
1.100000000000000006e-01 3.152801214652061645e+00
1.199999999999999956e-01 3.805395619652271133e+00
1.300000000000000044e-01 3.915716381527185597e+00
1.400000000000000133e-01 3.922241199519634236e+00
1.499999999999999944e-01 3.922184477434158545e+00
1.600000000000000033e-01 3.922132599620819171e+00
1.700000000000000122e-01 3.922059631888866527e+00
1.799999999999999933e-01 3.922002372460365205e+00
1.900000000000000022e-01 3.921927654762268123e+00
2.000000000000000111e-01 3.921665859081745253e+00
2.099999999999999922e-01 3.921200238313674813e+00
2.200000000000000011e-01 3.915967846567630861e+00
2.300000000000000100e-01 3.897915530908107939e+00
2.399999999999999911e-01 3.836036878473758627e+00
2.500000000000000000e-01 3.696432340979576292e+00
2.600000000000000089e-01 3.523538508834838989e+00
2.700000000000000178e-01 3.387388728399276516e+00
2.800000000000000266e-01 3.294550586106776979e+00
2.899999999999999800e-01 3.230692563457489008e+00
2.999999999999999889e-01 3.188475089056491907e+00
3.099999999999999978e-01 3.167687889831066084e+00
3.200000000000000067e-01 3.158295462956428601e+00
3.300000000000000155e-01 3.154031512191295406e+00
3.400000000000000244e-01 3.154822440087795332e+00
3.500000000000000333e-01 3.156026777312755716e+00
3.599999999999999867e-01 3.158411227204799498e+00
3.699999999999999956e-01 3.161312344915866657e+00
3.800000000000000044e-01 3.164324417500496089e+00
3.900000000000000133e-01 3.167196212611198547e+00
4.000000000000000222e-01 3.169561089429855372e+00
4.100000000000000311e-01 3.170916784005165301e+00
4.199999999999999845e-01 3.171456291241645964e+00
4.299999999999999933e-01 3.171926384179592162e+00
4.400000000000000022e-01 3.172135669076442621e+00
4.500000000000000111e-01 3.172477179031372163e+00
4.600000000000000200e-01 3.172773644123077386e+00
4.700000000000000289e-01 3.173291333756446786e+00
4.799999999999999822e-01 3.173854622220992905e+00
4.899999999999999911e-01 3.174282710511684424e+00
5.000000000000000000e-01 3.174593955414295010e+00
5.100000000000000089e-01 3.174874782202243839e+00
5.200000000000000178e-01 3.175186028940677474e+00
5.300000000000000266e-01 3.175436293487548856e+00
5.400000000000000355e-01 3.175650673270225433e+00
5.500000000000000444e-01 3.175839507815837681e+00
5.600000000000000533e-01 3.175943874070644490e+00
5.700000000000000622e-01 3.176003892166614495e+00
5.799999999999999600e-01 3.176011353571414730e+00
5.899999999999999689e-01 3.175880418117046577e+00
5.999999999999999778e-01 3.175838537549972695e+00
6.099999999999999867e-01 3.175642687716484058e+00
6.199999999999999956e-01 3.175565869736671321e+00
6.300000000000000044e-01 3.175624294931888691e+00
6.400000000000000133e-01 3.175439816739558996e+00
6.500000000000000222e-01 3.175001230120658935e+00
6.600000000000000311e-01 3.174772203340530563e+00
6.700000000000000400e-01 3.173191365683078580e+00
6.800000000000000488e-01 3.172852623155117069e+00
6.900000000000000577e-01 3.172915933046340786e+00
7.000000000000000666e-01 3.172943587675094435e+00
7.099999999999999645e-01 3.173046379780769310e+00
7.199999999999999734e-01 3.174095905158519582e+00
7.299999999999999822e-01 3.177543141427040307e+00
7.399999999999999911e-01 3.178089341990947503e+00
7.500000000000000000e-01 3.179000819234848230e+00
7.600000000000000089e-01 3.179102435212135536e+00
7.700000000000000178e-01 3.179133021388053759e+00
7.800000000000000266e-01 3.179285055649280434e+00
7.900000000000000355e-01 3.179426962478161034e+00
8.000000000000000444e-01 3.179792925028801065e+00
8.100000000000000533e-01 3.180207059278488124e+00
8.200000000000000622e-01 3.180605420618057178e+00
8.300000000000000711e-01 3.181051410009860803e+00
8.399999999999999689e-01 3.181445360989570759e+00
8.499999999999999778e-01 3.181641225457191524e+00
8.599999999999999867e-01 3.181928611855506794e+00
8.699999999999999956e-01 3.182318660647869280e+00
8.800000000000000044e-01 3.182634485392570323e+00
8.900000000000000133e-01 3.182995680148601458e+00
9.000000000000000222e-01 3.183244229927062907e+00
9.100000000000000311e-01 3.183436676580905900e+00
9.200000000000000400e-01 3.183540529248714446e+00
9.300000000000000488e-01 3.183661486387252992e+00
9.400000000000000577e-01 3.183781250803470630e+00
9.500000000000000666e-01 3.183844820716381196e+00
9.599999999999999645e-01 3.183940619401931738e+00
9.699999999999999734e-01 3.183987898161411145e+00
9.799999999999999822e-01 3.184050080642700120e+00
9.899999999999999911e-01 3.184109368188381417e+00
1.000000000000000000e+00 3.184153882520198930e+00
1.010000000000000009e+00 3.184194804801940837e+00
1.020000000000000018e+00 3.184221285598277884e+00
1.030000000000000027e+00 3.184246745412349533e+00
1.040000000000000036e+00 3.184267469692230179e+00
1.050000000000000044e+00 3.184288834652900579e+00
1.060000000000000053e+00 3.184327756316661873e+00
1.070000000000000062e+00 3.184348094611167745e+00
1.080000000000000071e+00 3.184357634572982931e+00
1.090000000000000080e+00 3.184375524797439461e+00
1.100000000000000089e+00 3.184399264144897490e+00
1.110000000000000098e+00 3.184423534605503203e+00
1.120000000000000107e+00 3.184442059907913070e+00
1.130000000000000115e+00 3.184463814351558675e+00
1.140000000000000124e+00 3.184480621669292244e+00
1.150000000000000133e+00 3.184494433896541743e+00
1.159999999999999920e+00 3.184509232337474849e+00
1.169999999999999929e+00 3.184523593225478955e+00
1.179999999999999938e+00 3.184543471097946110e+00
1.189999999999999947e+00 3.184559105238914611e+00
1.199999999999999956e+00 3.184564920856952863e+00
1.209999999999999964e+00 3.184576177911758510e+00
1.219999999999999973e+00 3.184585690424442284e+00
1.229999999999999982e+00 3.184628559241295065e+00
1.239999999999999991e+00 3.184702703394890033e+00
1.250000000000000000e+00 3.184738201255798540e+00
1.260000000000000009e+00 3.184788273108005718e+00
1.270000000000000018e+00 3.184821299328803867e+00
1.280000000000000027e+00 3.184880309445857982e+00
1.290000000000000036e+00 3.184931351234912889e+00
1.300000000000000044e+00 3.184998280775547030e+00
1.310000000000000053e+00 3.185053241269588664e+00
1.320000000000000062e+00 3.185108971502780939e+00
1.330000000000000071e+00 3.185177525217532946e+00
1.340000000000000080e+00 3.185176936016082649e+00
1.350000000000000089e+00 3.185175084419250346e+00
1.360000000000000098e+00 3.185173124320507032e+00
1.370000000000000107e+00 3.185188216392993876e+00
1.380000000000000115e+00 3.185202359960079388e+00
1.390000000000000124e+00 3.185131749563216985e+00
1.400000000000000133e+00 3.185031583824157853e+00
1.409999999999999920e+00 3.184894356799125692e+00
1.419999999999999929e+00 3.184781397583484441e+00
1.429999999999999938e+00 3.184716425821781272e+00
1.439999999999999947e+00 3.184632711682319428e+00
1.449999999999999956e+00 3.184536092193126500e+00
1.459999999999999964e+00 3.184458890204429515e+00
1.469999999999999973e+00 3.184413151721954272e+00
1.479999999999999982e+00 3.184272017652988396e+00
1.489999999999999991e+00 3.184248267219066619e+00
1.500000000000000000e+00 3.184222869660854549e+00
1.510000000000000009e+00 3.184189678883552421e+00
1.520000000000000018e+00 3.184170165758132942e+00
1.530000000000000027e+00 3.184155917608737951e+00
1.540000000000000036e+00 3.184144593155384229e+00
1.550000000000000044e+00 3.184142657198905990e+00
1.560000000000000053e+00 3.184156978294849338e+00
1.570000000000000062e+00 3.184145902609825107e+00
1.580000000000000071e+00 3.184148243312835636e+00
1.590000000000000080e+00 3.184157083470821270e+00
1.600000000000000089e+00 3.184146891136169444e+00
1.610000000000000098e+00 3.184177408235072892e+00
1.620000000000000107e+00 3.184176943430900408e+00
1.630000000000000115e+00 3.184195785048007821e+00
1.640000000000000124e+00 3.184205683023929812e+00
1.650000000000000133e+00 3.184291125640869247e+00
1.660000000000000142e+00 3.184359374670982401e+00
1.669999999999999929e+00 3.184456724522113813e+00
1.679999999999999938e+00 3.184626865460872480e+00
1.689999999999999947e+00 3.184759535982608636e+00
1.699999999999999956e+00 3.184983036096096232e+00
1.709999999999999964e+00 3.185233985745906882e+00
1.719999999999999973e+00 3.185524663670062928e+00
1.729999999999999982e+00 3.185881536407470627e+00
1.739999999999999991e+00 3.186212654159068958e+00
1.750000000000000000e+00 3.186546330623626577e+00
1.760000000000000009e+00 3.186988042423724909e+00
1.770000000000000018e+00 3.187810907094478452e+00
1.780000000000000027e+00 3.188649706745147583e+00
1.790000000000000036e+00 3.189636907441616209e+00
1.800000000000000044e+00 3.191830232722759231e+00
1.810000000000000053e+00 3.196597452788353166e+00
1.820000000000000062e+00 3.204376575605869082e+00
1.830000000000000071e+00 3.215684317331314102e+00
1.840000000000000080e+00 3.232018884816169724e+00
1.850000000000000089e+00 3.248340683960914799e+00
1.860000000000000098e+00 3.268452404129505329e+00
1.870000000000000107e+00 3.286620367364883499e+00
1.880000000000000115e+00 3.308416428964138234e+00
1.890000000000000124e+00 3.335287821128368524e+00
1.900000000000000133e+00 3.367957499833106993e+00
1.910000000000000142e+00 3.402975687873363686e+00
1.919999999999999929e+00 3.437713131039142667e+00
1.929999999999999938e+00 3.469509751882553061e+00
1.939999999999999947e+00 3.491621200428009164e+00
1.949999999999999956e+00 3.505526401674747383e+00
1.959999999999999964e+00 3.513952126600742520e+00
1.969999999999999973e+00 3.520423884274959558e+00
1.979999999999999982e+00 3.526598967802524687e+00
1.989999999999999991e+00 3.530843965454101507e+00
2.000000000000000000e+00 3.533428212933540369e+00
2.010000000000000231e+00 3.535240022244453328e+00
2.020000000000000018e+00 3.536866077587604629e+00
2.030000000000000249e+00 3.537611442573070697e+00
2.040000000000000036e+00 3.537841754519939208e+00
2.049999999999999822e+00 3.538071839067935986e+00
2.060000000000000053e+00 3.538180988993644860e+00
2.069999999999999840e+00 3.538292007040977349e+00
2.080000000000000071e+00 3.538366046471595805e+00
2.089999999999999858e+00 3.538457891366481700e+00
2.100000000000000089e+00 3.538679954278469264e+00
2.109999999999999876e+00 3.538869544126987510e+00
2.120000000000000107e+00 3.539264253623485512e+00
2.129999999999999893e+00 3.539405349471568929e+00
2.140000000000000124e+00 3.539630668096542365e+00
2.149999999999999911e+00 3.540599634988307987e+00
2.160000000000000142e+00 3.541797077975273211e+00
2.169999999999999929e+00 3.542568130867481013e+00
2.180000000000000160e+00 3.543547742304801851e+00
2.189999999999999947e+00 3.544281761016845778e+00
2.200000000000000178e+00 3.544716385190486818e+00
2.209999999999999964e+00 3.545213690280914154e+00
2.220000000000000195e+00 3.546023314802646542e+00
2.229999999999999982e+00 3.547417252717018243e+00
2.240000000000000213e+00 3.549058102753162469e+00
2.250000000000000000e+00 3.549831989660263254e+00
2.260000000000000231e+00 3.551166882739066999e+00
2.270000000000000018e+00 3.553533287498951143e+00
2.280000000000000249e+00 3.554068998091220788e+00
2.290000000000000036e+00 3.554433962104320610e+00
2.300000000000000266e+00 3.554900022647380808e+00
2.310000000000000053e+00 3.555560884022712642e+00
2.319999999999999840e+00 3.556199483597278554e+00
2.330000000000000071e+00 3.556508713934421362e+00
2.339999999999999858e+00 3.556642786009311497e+00
2.350000000000000089e+00 3.556983066422939377e+00
2.359999999999999876e+00 3.557705959131717499e+00
2.370000000000000107e+00 3.557939507744312113e+00
2.379999999999999893e+00 3.558490994162559318e+00
2.390000000000000124e+00 3.558880284242630143e+00
2.399999999999999911e+00 3.559707189042568221e+00
2.410000000000000142e+00 3.560068362174034107e+00
2.419999999999999929e+00 3.560730039391517554e+00
2.430000000000000160e+00 3.560901907255649590e+00
2.439999999999999947e+00 3.561067531559467536e+00
2.450000000000000178e+00 3.561205097632408112e+00
2.459999999999999964e+00 3.561214998226165829e+00
2.470000000000000195e+00 3.561215676355361737e+00
2.479999999999999982e+00 3.561237580676078984e+00
2.490000000000000213e+00 3.561253073995113372e+00
2.500000000000000000e+00 3.561256694388389654e+00
2.510000000000000231e+00 3.561271921617984670e+00
2.520000000000000018e+00 3.561278156645297788e+00
2.530000000000000249e+00 3.561274274976253373e+00
2.540000000000000036e+00 3.561282939774990108e+00
2.550000000000000266e+00 3.561294454412460286e+00
2.560000000000000053e+00 3.561304162111282423e+00
2.569999999999999840e+00 3.561312651185989164e+00
2.580000000000000071e+00 3.561359456346035124e+00
2.589999999999999858e+00 3.561351299309730489e+00
2.600000000000000089e+00 3.561398771758079729e+00
2.609999999999999876e+00 3.561453708906173521e+00
2.620000000000000107e+00 3.561497303688526017e+00
2.629999999999999893e+00 3.561493001923560886e+00
2.640000000000000124e+00 3.561575278868675198e+00
2.649999999999999911e+00 3.561619373052120174e+00
2.660000000000000142e+00 3.561643667724132545e+00
2.669999999999999929e+00 3.561660572264194524e+00
2.680000000000000160e+00 3.561677223153114191e+00
2.689999999999999947e+00 3.561714263277053760e+00
2.700000000000000178e+00 3.561701753060817932e+00
2.709999999999999964e+00 3.561698089482784102e+00
2.720000000000000195e+00 3.561685404012203016e+00
2.729999999999999982e+00 3.561689506597518928e+00
2.740000000000000213e+00 3.561619676766395681e+00
2.750000000000000000e+00 3.561599645364284417e+00
2.760000000000000231e+00 3.561498888483047409e+00
2.770000000000000018e+00 3.561434423351288014e+00
2.780000000000000249e+00 3.561335730783939280e+00
2.790000000000000036e+00 3.561144920923709822e+00
2.800000000000000266e+00 3.560944309606552061e+00
2.810000000000000053e+00 3.560825828793048764e+00
2.819999999999999840e+00 3.560539767379760523e+00
2.830000000000000071e+00 3.560239790484905242e+00
2.839999999999999858e+00 3.559812995615005526e+00
2.850000000000000089e+00 3.559328557724952713e+00
2.859999999999999876e+00 3.558946508955955323e+00
2.870000000000000107e+00 3.558532470977306517e+00
2.879999999999999893e+00 3.558064613144397814e+00
2.890000000000000124e+00 3.557727351109981395e+00
2.899999999999999911e+00 3.557253078379631006e+00
2.910000000000000142e+00 3.556726942481994502e+00
2.919999999999999929e+00 3.556359827845096522e+00
2.930000000000000160e+00 3.555983606195449731e+00
2.939999999999999947e+00 3.555574984765052626e+00
2.950000000000000178e+00 3.555242251925468278e+00
2.959999999999999964e+00 3.554681202180385746e+00
2.970000000000000195e+00 3.554083094499111084e+00
2.979999999999999982e+00 3.553453213939666622e+00
2.990000000000000213e+00 3.552753751125335757e+00
3.000000000000000000e+00 3.552009824340343513e+00
