0.000000000000000000e+00 4.663183350056409604e-01
1.000000000000000021e-02 3.600151874577999234e+00
2.000000000000000042e-02 3.255920466094016863e+00
2.999999999999999889e-02 3.078339093766212287e+00
4.000000000000000083e-02 3.056202076082229713e+00
5.000000000000000278e-02 3.051172090787887647e+00
5.999999999999999778e-02 3.049172090377807454e+00
7.000000000000000666e-02 3.048714051945209391e+00
8.000000000000000167e-02 3.048339970226287665e+00
8.999999999999999667e-02 3.048056586141586255e+00
1.000000000000000056e-01 3.047899594836235071e+00
1.100000000000000006e-01 3.047833200609684212e+00
1.199999999999999956e-01 3.047785619013309688e+00
1.300000000000000044e-01 3.047762056739330205e+00
1.400000000000000133e-01 3.047725457401275762e+00
1.499999999999999944e-01 3.047694342238902898e+00
1.600000000000000033e-01 3.047681522471904714e+00
1.700000000000000122e-01 3.047670645654201316e+00
1.799999999999999933e-01 3.047667924442291287e+00
1.900000000000000022e-01 3.047664359920025046e+00
2.000000000000000111e-01 3.047656362805366559e+00
2.099999999999999922e-01 3.047655450298786040e+00
2.200000000000000011e-01 3.047653459968566736e+00
2.300000000000000100e-01 3.047650289404392421e+00
2.399999999999999911e-01 3.047655853290557992e+00
2.500000000000000000e-01 3.047664683425426624e+00
2.600000000000000089e-01 3.047665361292362096e+00
2.700000000000000178e-01 3.047663334991931983e+00
2.800000000000000266e-01 3.047671984324455074e+00
2.899999999999999800e-01 3.047684018778801018e+00
2.999999999999999889e-01 3.047684213702678502e+00
3.099999999999999978e-01 3.047671333720684217e+00
3.200000000000000067e-01 3.047627048459053078e+00
3.300000000000000155e-01 3.047630928227901492e+00
3.400000000000000244e-01 3.047605982632636934e+00
3.500000000000000333e-01 3.047549957437515111e+00
3.599999999999999867e-01 3.047581759574413240e+00
3.699999999999999956e-01 3.047554365382194597e+00
3.800000000000000044e-01 3.047525897953510476e+00
3.900000000000000133e-01 3.047631950051784333e+00
4.000000000000000222e-01 3.047888118257522372e+00
4.100000000000000311e-01 3.048221349594593121e+00
4.199999999999999845e-01 3.047927567832469986e+00
4.299999999999999933e-01 3.047900263895988449e+00
4.400000000000000022e-01 3.047724121210575010e+00
4.500000000000000111e-01 3.047621912016868606e+00
4.600000000000000200e-01 3.047564149615764606e+00
4.700000000000000289e-01 3.047544052596092179e+00
4.799999999999999822e-01 3.047503180661201405e+00
4.899999999999999911e-01 3.047488376581668934e+00
5.000000000000000000e-01 3.047484399158954638e+00
5.100000000000000089e-01 3.047480536048412514e+00
5.200000000000000178e-01 3.047467558624744388e+00
5.300000000000000266e-01 3.047476839137077231e+00
5.400000000000000355e-01 3.047460358555317050e+00
5.500000000000000444e-01 3.047444844281673504e+00
5.600000000000000533e-01 3.047420304975509531e+00
5.700000000000000622e-01 3.047402980730533617e+00
5.799999999999999600e-01 3.047449058315753856e+00
5.899999999999999689e-01 3.047664988765716565e+00
5.999999999999999778e-01 3.047881867628097652e+00
6.099999999999999867e-01 3.048095759451389331e+00
6.199999999999999956e-01 3.048469165995121077e+00
6.300000000000000044e-01 3.049154120786190081e+00
6.400000000000000133e-01 3.050496596858501608e+00
6.500000000000000222e-01 3.052027486667633127e+00
6.600000000000000311e-01 3.054506415054798030e+00
6.700000000000000400e-01 3.056717048163414052e+00
6.800000000000000488e-01 3.060623517525196124e+00
6.900000000000000577e-01 3.066145096933841518e+00
7.000000000000000666e-01 3.072323522875309187e+00
7.099999999999999645e-01 3.082030221369266521e+00
7.199999999999999734e-01 3.088973385229110580e+00
7.299999999999999822e-01 3.095388738591671185e+00
7.399999999999999911e-01 3.103262567815780582e+00
7.500000000000000000e-01 3.111494726924896259e+00
7.600000000000000089e-01 3.122435133683681308e+00
7.700000000000000178e-01 3.132267736105919020e+00
7.800000000000000266e-01 3.141814008955955639e+00
7.900000000000000355e-01 3.150991487107277056e+00
8.000000000000000444e-01 3.160834119272232012e+00
8.100000000000000533e-01 3.172906850562095649e+00
8.200000000000000622e-01 3.180855158941745753e+00
8.300000000000000711e-01 3.188982044346332589e+00
8.399999999999999689e-01 3.194018750450611233e+00
8.499999999999999778e-01 3.198218563601970654e+00
8.599999999999999867e-01 3.199722063493728452e+00
8.699999999999999956e-01 3.199493982391357516e+00
8.800000000000000044e-01 3.200530788993835252e+00
8.900000000000000133e-01 3.201589130339622447e+00
9.000000000000000222e-01 3.202682161023616914e+00
9.100000000000000311e-01 3.203922126286030014e+00
9.200000000000000400e-01 3.204342199611663666e+00
9.300000000000000488e-01 3.204821882114410325e+00
9.400000000000000577e-01 3.205089303500652242e+00
9.500000000000000666e-01 3.205640538308620613e+00
9.599999999999999645e-01 3.205861426544189374e+00
9.699999999999999734e-01 3.205694978566169695e+00
9.799999999999999822e-01 3.205469368371963501e+00
9.899999999999999911e-01 3.205118607325553981e+00
1.000000000000000000e+00 3.204863726868629303e+00
1.010000000000000009e+00 3.204671786537170330e+00
1.020000000000000018e+00 3.204544238562583747e+00
1.030000000000000027e+00 3.204404134674072147e+00
1.040000000000000036e+00 3.203939015865326034e+00
1.050000000000000044e+00 3.203615026845931801e+00
1.060000000000000053e+00 3.203700330929756035e+00
1.070000000000000062e+00 3.203708085293770047e+00
1.080000000000000071e+00 3.203732455034256077e+00
1.090000000000000080e+00 3.203744833362102362e+00
1.100000000000000089e+00 3.203784472463131028e+00
1.110000000000000098e+00 3.203462317242622426e+00
1.120000000000000107e+00 3.203897295506000553e+00
1.130000000000000115e+00 3.203959626524448545e+00
1.140000000000000124e+00 3.203961926505565661e+00
1.150000000000000133e+00 3.203574567050933908e+00
1.159999999999999920e+00 3.203641103587150596e+00
1.169999999999999929e+00 3.203680658116340840e+00
1.179999999999999938e+00 3.203626271996498076e+00
1.189999999999999947e+00 3.203724275412559663e+00
1.199999999999999956e+00 3.203688803219795211e+00
1.209999999999999964e+00 3.203694611649513302e+00
1.219999999999999973e+00 3.203715292060375308e+00
1.229999999999999982e+00 3.203675700569152962e+00
1.239999999999999991e+00 3.203648364834785323e+00
1.250000000000000000e+00 3.203677008860111197e+00
1.260000000000000009e+00 3.203708217663765012e+00
1.270000000000000018e+00 3.203681453008651925e+00
1.280000000000000027e+00 3.203678452610969618e+00
1.290000000000000036e+00 3.203684153618812758e+00
1.300000000000000044e+00 3.203675577406883246e+00
1.310000000000000053e+00 3.203668626904487393e+00
1.320000000000000062e+00 3.203568433015346439e+00
1.330000000000000071e+00 3.203566315290927946e+00
1.340000000000000080e+00 3.203493744544982924e+00
1.350000000000000089e+00 3.203428139016628151e+00
1.360000000000000098e+00 3.203353369359970060e+00
1.370000000000000107e+00 3.203284943056106560e+00
1.380000000000000115e+00 3.203241239731311918e+00
1.390000000000000124e+00 3.203229988479614043e+00
1.400000000000000133e+00 3.203187052011490010e+00
1.409999999999999920e+00 3.203121097023486907e+00
1.419999999999999929e+00 3.203121228382587393e+00
1.429999999999999938e+00 3.203110266411304252e+00
1.439999999999999947e+00 3.202993534255027974e+00
1.449999999999999956e+00 3.202989689190387512e+00
1.459999999999999964e+00 3.202987804348468970e+00
1.469999999999999973e+00 3.202992751262188076e+00
1.479999999999999982e+00 3.202966914536952814e+00
1.489999999999999991e+00 3.202975483350753994e+00
1.500000000000000000e+00 3.202986392421722339e+00
1.510000000000000009e+00 3.203022571105957006e+00
1.520000000000000018e+00 3.203117446489334164e+00
1.530000000000000027e+00 3.203157763199806052e+00
1.540000000000000036e+00 3.203188286345004965e+00
1.550000000000000044e+00 3.203233092143535465e+00
1.560000000000000053e+00 3.203258477897644063e+00
1.570000000000000062e+00 3.203354378731250840e+00
1.580000000000000071e+00 3.203378685538768700e+00
1.590000000000000080e+00 3.203462589759826784e+00
1.600000000000000089e+00 3.203496621329784411e+00
1.610000000000000098e+00 3.203605515763759737e+00
1.620000000000000107e+00 3.203666392295360765e+00
1.630000000000000115e+00 3.203765243632793247e+00
1.640000000000000124e+00 3.203989688298702454e+00
1.650000000000000133e+00 3.204162034871578246e+00
1.660000000000000142e+00 3.204353563270568639e+00
1.669999999999999929e+00 3.204504013073444568e+00
1.679999999999999938e+00 3.204663773171901653e+00
1.689999999999999947e+00 3.204847267513275089e+00
1.699999999999999956e+00 3.205246146683693009e+00
1.709999999999999964e+00 3.205747648222446511e+00
1.719999999999999973e+00 3.206471699442863255e+00
1.729999999999999982e+00 3.207600993053913108e+00
1.739999999999999991e+00 3.208077463274002117e+00
1.750000000000000000e+00 3.208651947743892840e+00
1.760000000000000009e+00 3.209022734978198788e+00
1.770000000000000018e+00 3.209209771697521418e+00
1.780000000000000027e+00 3.209846715316772681e+00
1.790000000000000036e+00 3.211292565038204039e+00
1.800000000000000044e+00 3.212419125609397685e+00
1.810000000000000053e+00 3.213630687229633409e+00
1.820000000000000062e+00 3.215552301335334651e+00
1.830000000000000071e+00 3.217986328427791420e+00
1.840000000000000080e+00 3.220559030535221190e+00
1.850000000000000089e+00 3.223100757026672536e+00
1.860000000000000098e+00 3.230250764462947899e+00
1.870000000000000107e+00 3.238471610774993792e+00
1.880000000000000115e+00 3.247788133406638966e+00
1.890000000000000124e+00 3.259161688606738938e+00
1.900000000000000133e+00 3.262795532610416327e+00
1.910000000000000142e+00 3.299480093438625250e+00
1.919999999999999929e+00 3.328305997898578728e+00
1.929999999999999938e+00 3.354856226830482679e+00
1.939999999999999947e+00 3.382274879353046604e+00
1.949999999999999956e+00 3.410275129861831456e+00
1.959999999999999964e+00 3.437156013290882051e+00
1.969999999999999973e+00 3.455777045922279189e+00
1.979999999999999982e+00 3.475049944930076684e+00
1.989999999999999991e+00 3.492097383942604161e+00
2.000000000000000000e+00 3.504552299830913764e+00
2.010000000000000231e+00 3.513395011696815562e+00
2.020000000000000018e+00 3.523962904241085159e+00
2.030000000000000249e+00 3.532601316404342828e+00
2.040000000000000036e+00 3.538563349914550571e+00
2.049999999999999822e+00 3.543763177335262249e+00
2.060000000000000053e+00 3.548088706717491103e+00
2.069999999999999840e+00 3.550896712851524306e+00
2.080000000000000071e+00 3.552408408322334399e+00
2.089999999999999858e+00 3.554623771533965915e+00
2.100000000000000089e+00 3.556246383607387429e+00
2.109999999999999876e+00 3.559123172552585590e+00
2.120000000000000107e+00 3.563802712728977085e+00
2.129999999999999893e+00 3.565850541834831411e+00
2.140000000000000124e+00 3.567300897483825839e+00
2.149999999999999911e+00 3.567698669905662534e+00
2.160000000000000142e+00 3.568315539460181984e+00
2.169999999999999929e+00 3.570389304852485512e+00
2.180000000000000160e+00 3.571570156126022244e+00
2.189999999999999947e+00 3.572176479935646132e+00
2.200000000000000178e+00 3.572474245193004716e+00
2.209999999999999964e+00 3.572545420291423746e+00
2.220000000000000195e+00 3.572585054676532756e+00
2.229999999999999982e+00 3.572655932865142603e+00
2.240000000000000213e+00 3.572406919217109511e+00
2.250000000000000000e+00 3.572505970633029992e+00
2.260000000000000231e+00 3.572617270762920239e+00
2.270000000000000018e+00 3.572660716764926914e+00
2.280000000000000249e+00 3.572632062451839285e+00
2.290000000000000036e+00 3.572590393962860045e+00
2.300000000000000266e+00 3.572538615059852596e+00
2.310000000000000053e+00 3.572533008699417145e+00
2.319999999999999840e+00 3.572504877078533259e+00
2.330000000000000071e+00 3.572475535871982633e+00
2.339999999999999858e+00 3.572418648800849805e+00
2.350000000000000089e+00 3.572374973015785216e+00
2.359999999999999876e+00 3.572291776287555898e+00
2.370000000000000107e+00 3.572209598009586262e+00
2.379999999999999893e+00 3.571686499013900562e+00
2.390000000000000124e+00 3.571455234932899625e+00
2.399999999999999911e+00 3.571221978976726330e+00
2.410000000000000142e+00 3.571090498793125345e+00
2.419999999999999929e+00 3.570941650528907996e+00
2.430000000000000160e+00 3.570715434389114318e+00
2.439999999999999947e+00 3.570392630438804726e+00
2.450000000000000178e+00 3.570148462924957133e+00
2.459999999999999964e+00 3.569972169816494123e+00
2.470000000000000195e+00 3.569823507738113300e+00
2.479999999999999982e+00 3.569636811809539623e+00
2.490000000000000213e+00 3.569449533424377652e+00
2.500000000000000000e+00 3.569278052978515525e+00
2.510000000000000231e+00 3.568892333817482054e+00
2.520000000000000018e+00 3.568268529844284220e+00
2.530000000000000249e+00 3.567801432893276115e+00
2.540000000000000036e+00 3.567498561680316982e+00
2.550000000000000266e+00 3.567261391572952078e+00
2.560000000000000053e+00 3.567208741893768131e+00
2.569999999999999840e+00 3.567007917289733765e+00
2.580000000000000071e+00 3.566833605563640486e+00
2.589999999999999858e+00 3.566795418326854872e+00
2.600000000000000089e+00 3.566747744617462246e+00
2.609999999999999876e+00 3.566725174565315459e+00
2.620000000000000107e+00 3.566721840782165476e+00
2.629999999999999893e+00 3.566710099821090552e+00
2.640000000000000124e+00 3.566675356504917183e+00
2.649999999999999911e+00 3.566669571857452592e+00
2.660000000000000142e+00 3.566675042700767406e+00
2.669999999999999929e+00 3.566676570615768593e+00
2.680000000000000160e+00 3.566677371301651078e+00
2.689999999999999947e+00 3.566683339314460799e+00
2.700000000000000178e+00 3.566685894494056708e+00
2.709999999999999964e+00 3.566695267369746958e+00
2.720000000000000195e+00 3.566699059035777886e+00
2.729999999999999982e+00 3.566708900928497350e+00
2.740000000000000213e+00 3.566712475512027858e+00
2.750000000000000000e+00 3.566713116753101431e+00
2.760000000000000231e+00 3.566712423603534798e+00
2.770000000000000018e+00 3.566707017245292821e+00
2.780000000000000249e+00 3.566707365100383775e+00
2.790000000000000036e+00 3.566707409503460102e+00
2.800000000000000266e+00 3.566708019189834378e+00
2.810000000000000053e+00 3.566708019189834378e+00
2.819999999999999840e+00 3.566705603706836758e+00
2.830000000000000071e+00 3.566700520503521155e+00
2.839999999999999858e+00 3.566700257515907246e+00
2.850000000000000089e+00 3.566693790273666398e+00
2.859999999999999876e+00 3.566690327281952122e+00
2.870000000000000107e+00 3.566684183325767421e+00
2.879999999999999893e+00 3.566684183325767421e+00
2.890000000000000124e+00 3.566682459435463137e+00
2.899999999999999911e+00 3.566682293169498585e+00
2.910000000000000142e+00 3.566682480809688638e+00
2.919999999999999929e+00 3.566682406280040851e+00
2.930000000000000160e+00 3.566682468826770869e+00
2.939999999999999947e+00 3.566682453920841045e+00
2.950000000000000178e+00 3.566682453920841045e+00
2.959999999999999964e+00 3.566682808268070382e+00
2.970000000000000195e+00 3.566682767992019443e+00
2.979999999999999982e+00 3.566682767992019443e+00
2.990000000000000213e+00 3.566682767992019443e+00
3.000000000000000000e+00 3.566682767992019443e+00
