0.000000000000000000e+00 1.955893163745984487e-01 2.005047442511334876e-01
1.000000000000000021e-02 9.493059165017343481e-01 9.619181636734270846e-01
2.000000000000000042e-02 9.493059165017343481e-01 9.619181636734270846e-01
2.999999999999999889e-02 9.493059165017343481e-01 9.619181636734270846e-01
4.000000000000000083e-02 9.493058626497533625e-01 9.619181506191941677e-01
5.000000000000000278e-02 3.054266969868629111e+00 3.116290395186455342e+00
5.999999999999999778e-02 3.054293623611165298e+00 3.116164475954340762e+00
7.000000000000000666e-02 3.054292148751331037e+00 3.116145637346195318e+00
8.000000000000000167e-02 3.054350504984435499e+00 3.115903347750129893e+00
8.999999999999999667e-02 3.054586732634030355e+00 3.115158725534953099e+00
1.000000000000000056e-01 3.055031116301831329e+00 3.114163477914515088e+00
1.100000000000000006e-01 3.056424294150434928e+00 3.111712712766565136e+00
1.199999999999999956e-01 3.058363710101145827e+00 3.108557499062519547e+00
1.300000000000000044e-01 3.058977512560729917e+00 3.107533245534057631e+00
1.400000000000000133e-01 3.060522476779069301e+00 3.104874341310416064e+00
1.499999999999999944e-01 3.065001003165597648e+00 3.098641465787534965e+00
1.600000000000000033e-01 3.066548558983320127e+00 3.096492785554414873e+00
1.700000000000000122e-01 3.069195177522856977e+00 3.093123161481659888e+00
1.799999999999999933e-01 3.070223915334580944e+00 3.091789336551786782e+00
1.900000000000000022e-01 3.070762215916890803e+00 3.091043103535395353e+00
2.000000000000000111e-01 3.070935788048955395e+00 3.090760751510408966e+00
2.099999999999999922e-01 3.071163882777058429e+00 3.090404007471240444e+00
2.200000000000000011e-01 3.071319455390128184e+00 3.090133399062004571e+00
2.300000000000000100e-01 3.071342127549384848e+00 3.090081384942794607e+00
2.399999999999999911e-01 3.071340271556869173e+00 3.090068838874801660e+00
2.500000000000000000e-01 3.071339110929242278e+00 3.090063755853899696e+00
2.600000000000000089e-01 3.071351324794058257e+00 3.090026794188256432e+00
2.700000000000000178e-01 3.071366649223042700e+00 3.089989783653543931e+00
2.800000000000000266e-01 3.071505742461109634e+00 3.089743653052424932e+00
2.899999999999999800e-01 3.071531912827715427e+00 3.089690398993268250e+00
2.999999999999999889e-01 3.071531357704037735e+00 3.089684785026675318e+00
3.099999999999999978e-01 3.071530812614264416e+00 3.089672206914124697e+00
3.200000000000000067e-01 3.071529955240211329e+00 3.089668422440567497e+00
3.300000000000000155e-01 3.071544447531424193e+00 3.089633455276765250e+00
3.400000000000000244e-01 3.071542520454627834e+00 3.089629453036087270e+00
3.500000000000000333e-01 3.071542114727411565e+00 3.089626744997587160e+00
3.599999999999999867e-01 3.071541802397015797e+00 3.089622261070963827e+00
3.699999999999999956e-01 3.071540262185066261e+00 3.089618994459182311e+00
3.800000000000000044e-01 3.071540262185066261e+00 3.089618994459182311e+00
3.900000000000000133e-01 3.071538994694948510e+00 3.089610903648137619e+00
4.000000000000000222e-01 3.071538994694948510e+00 3.089610903648137619e+00
4.100000000000000311e-01 3.071538994694948510e+00 3.089610903648137619e+00
4.199999999999999845e-01 3.071538994694948510e+00 3.089610903648137619e+00
4.299999999999999933e-01 3.071538994694948510e+00 3.089610903648137619e+00
4.400000000000000022e-01 3.071538994694948510e+00 3.089610903648137619e+00
4.500000000000000111e-01 3.071538994694948510e+00 3.089610903648137619e+00
4.600000000000000200e-01 3.071538994694948510e+00 3.089610903648137619e+00
4.700000000000000289e-01 3.071538994694948510e+00 3.089610903648137619e+00
4.799999999999999822e-01 3.071525520570421719e+00 3.089610315930699791e+00
4.899999999999999911e-01 3.071510049821396304e+00 3.089587981041411968e+00
5.000000000000000000e-01 3.071486018937192863e+00 3.089581072971262277e+00
5.100000000000000089e-01 3.071423743578193921e+00 3.089558320997954688e+00
5.200000000000000178e-01 3.071371620967322968e+00 3.089542669389312657e+00
5.300000000000000266e-01 3.071227084450079747e+00 3.089500507331536472e+00
5.400000000000000355e-01 3.071086142697366128e+00 3.089431757349935914e+00
5.500000000000000444e-01 3.071048527091857494e+00 3.089430726500633995e+00
5.600000000000000533e-01 3.070951335901063839e+00 3.089410402809339207e+00
5.700000000000000622e-01 3.070849355466207520e+00 3.089411861417452165e+00
5.799999999999999600e-01 3.070728395781187725e+00 3.089407419152589096e+00
5.899999999999999689e-01 3.070314799079435275e+00 3.089441931796534035e+00
5.999999999999999778e-01 3.070132350443871339e+00 3.089476631623236713e+00
6.099999999999999867e-01 3.069928010990346401e+00 3.089520828225885474e+00
6.199999999999999956e-01 3.069605872381286904e+00 3.089568334586066722e+00
6.300000000000000044e-01 3.069189380587614924e+00 3.089635815173112032e+00
6.400000000000000133e-01 3.068633989700686016e+00 3.089757685957540190e+00
6.500000000000000222e-01 3.067987401986139950e+00 3.089885803852063795e+00
6.600000000000000311e-01 3.067611579004985156e+00 3.089962961009282250e+00
6.700000000000000400e-01 3.067373238430395777e+00 3.090011108102425741e+00
6.800000000000000488e-01 3.067129660679944081e+00 3.090057931115977041e+00
6.900000000000000577e-01 3.066885379857378524e+00 3.090117580576581702e+00
7.000000000000000666e-01 3.066639130118400836e+00 3.090174973422973537e+00
7.099999999999999645e-01 3.066413547211148671e+00 3.090225913414500258e+00
7.199999999999999734e-01 3.065996811781269482e+00 3.090316373304980768e+00
7.299999999999999822e-01 3.065691709515118379e+00 3.090372029956317323e+00
7.399999999999999911e-01 3.065542252899751130e+00 3.090387290790930219e+00
7.500000000000000000e-01 3.065413268891583165e+00 3.090389382928599993e+00
7.600000000000000089e-01 3.064957977637257081e+00 3.090634116850886848e+00
7.700000000000000178e-01 3.064583335454227342e+00 3.090817402551410797e+00
7.800000000000000266e-01 3.064329342548427260e+00 3.090862778804722044e+00
7.900000000000000355e-01 3.063545804258915428e+00 3.091182306221393450e+00
8.000000000000000444e-01 3.063018872556529271e+00 3.091400896620907890e+00
8.100000000000000533e-01 3.062167494551611746e+00 3.091796983573960489e+00
8.200000000000000622e-01 3.061758965037621127e+00 3.091974218274794683e+00
8.300000000000000711e-01 3.060636248124362968e+00 3.092526365315196646e+00
8.399999999999999689e-01 3.060228140425228283e+00 3.092747323918796809e+00
8.499999999999999778e-01 3.059725657081045380e+00 3.092958009610734305e+00
8.599999999999999867e-01 3.059161205286399898e+00 3.093234133096321337e+00
8.699999999999999956e-01 3.058479081624807527e+00 3.093545512915788720e+00
8.800000000000000044e-01 3.057872196678729448e+00 3.093886927495388850e+00
8.900000000000000133e-01 3.057647169798761055e+00 3.093984014521688586e+00
9.000000000000000222e-01 3.057049623314769704e+00 3.094290065281955826e+00
9.100000000000000311e-01 3.056698037509443466e+00 3.094435983267305623e+00
9.200000000000000400e-01 3.056224190833476406e+00 3.094674613607021563e+00
9.300000000000000488e-01 3.056083031155231833e+00 3.094749957726832701e+00
9.400000000000000577e-01 3.055845614563041934e+00 3.094845845927184591e+00
9.500000000000000666e-01 3.055000393678874993e+00 3.095450163204937155e+00
9.599999999999999645e-01 3.054453401806282997e+00 3.095952682087492747e+00
9.699999999999999734e-01 3.053680740583148978e+00 3.096720372392925302e+00
9.799999999999999822e-01 3.053351833001862747e+00 3.097161670373191011e+00
9.899999999999999911e-01 3.052788062786687018e+00 3.097396816916834883e+00
1.000000000000000000e+00 3.052416241363654859e+00 3.097333804732193219e+00
1.010000000000000009e+00 3.052051582642828720e+00 3.097674014910424489e+00
1.020000000000000018e+00 3.051330484931777498e+00 3.097495549242188062e+00
1.030000000000000027e+00 3.051195892138388821e+00 3.097051054158303174e+00
1.040000000000000036e+00 3.050778116578991561e+00 3.097101822867457610e+00
1.050000000000000044e+00 3.050319300343801832e+00 3.097271905000398728e+00
1.060000000000000053e+00 3.050103955001021827e+00 3.097263826933716491e+00
1.070000000000000062e+00 3.050024289216918927e+00 3.097199402527885059e+00
1.080000000000000071e+00 3.049809506096537337e+00 3.097267534432714076e+00
1.090000000000000080e+00 3.049551534106633710e+00 3.097269088637926160e+00
1.100000000000000089e+00 3.049104452135189991e+00 3.097479944022075049e+00
1.110000000000000098e+00 3.049009967626341133e+00 3.097516977797738935e+00
1.120000000000000107e+00 3.048787185344587147e+00 3.097624013877024129e+00
1.130000000000000115e+00 3.048585942631834023e+00 3.097720851029283295e+00
1.140000000000000124e+00 3.048278616224886495e+00 3.097870347116826739e+00
1.150000000000000133e+00 3.047706471975953235e+00 3.098165088716833715e+00
1.159999999999999920e+00 3.047295164895313047e+00 3.098373006286366138e+00
1.169999999999999929e+00 3.046996599333718692e+00 3.098506962148710464e+00
1.179999999999999938e+00 3.046789626935973772e+00 3.098599786215767260e+00
1.189999999999999947e+00 3.046644358016555199e+00 3.098659276121552342e+00
1.199999999999999956e+00 3.046372786024513779e+00 3.098794116999205706e+00
1.209999999999999964e+00 3.045800164091138740e+00 3.099132110364885229e+00
1.219999999999999973e+00 3.045246738413020626e+00 3.099467609550312641e+00
1.229999999999999982e+00 3.045190812781743084e+00 3.099562054034777248e+00
1.239999999999999991e+00 3.044698515229543379e+00 3.099988680996576651e+00
1.250000000000000000e+00 3.044579622052499435e+00 3.100237878133466740e+00
1.260000000000000009e+00 3.044216521074766479e+00 3.100859945700174425e+00
1.270000000000000018e+00 3.043253536731246545e+00 3.102344459479805305e+00
1.280000000000000027e+00 3.041908680562269929e+00 3.103576527949083008e+00
1.290000000000000036e+00 3.039664667928119179e+00 3.106039150011639549e+00
1.300000000000000044e+00 3.038898180953478079e+00 3.107109702800298745e+00
1.310000000000000053e+00 3.037726190924094016e+00 3.108401458831383746e+00
1.320000000000000062e+00 3.037164894194866793e+00 3.109142283248637728e+00
1.330000000000000071e+00 3.034146805253155055e+00 3.112923128313891841e+00
1.340000000000000080e+00 3.027916457384621118e+00 3.122552626205886028e+00
1.350000000000000089e+00 3.020511116419494879e+00 3.135079021519957987e+00
1.360000000000000098e+00 3.011042708005745361e+00 3.152974006943862761e+00
1.370000000000000107e+00 3.004012341947341458e+00 3.166723683996414795e+00
1.380000000000000115e+00 2.998880503112508755e+00 3.177188776796625369e+00
1.390000000000000124e+00 2.989004142163041777e+00 3.192728159162756540e+00
1.400000000000000133e+00 2.977901721091899656e+00 3.217585380062427891e+00
1.409999999999999920e+00 2.969251879501772162e+00 3.238947107505369072e+00
1.419999999999999929e+00 2.951081284998831045e+00 3.260413745766702398e+00
1.429999999999999938e+00 2.933615375181775509e+00 3.281119925869364184e+00
1.439999999999999947e+00 2.934378132806751527e+00 3.293451506346728674e+00
1.449999999999999956e+00 2.942008925303746469e+00 3.317860528851221513e+00
1.459999999999999964e+00 2.949109608572570540e+00 3.341488002916725097e+00
1.469999999999999973e+00 2.960644870907687576e+00 3.377198510101414364e+00
1.479999999999999982e+00 2.969748850514398963e+00 3.431931282384885318e+00
1.489999999999999991e+00 2.993423022574429382e+00 3.515448165341372722e+00
1.500000000000000000e+00 3.043221035686608289e+00 3.606650270456198903e+00
1.510000000000000009e+00 3.127876821911041993e+00 3.692033938849265340e+00
1.520000000000000018e+00 3.232272218094343508e+00 3.749598080300813763e+00
1.530000000000000027e+00 3.325801020089675930e+00 3.772171542285392754e+00
1.540000000000000036e+00 3.406159658670332213e+00 3.775003728051278706e+00
1.550000000000000044e+00 3.463890137253774260e+00 3.766834503497110465e+00
1.560000000000000053e+00 3.510605716312417357e+00 3.754777295033446372e+00
1.570000000000000062e+00 3.534784959931490000e+00 3.745801888732794183e+00
1.580000000000000071e+00 3.552459108140817889e+00 3.738537308137067861e+00
1.590000000000000080e+00 3.566837597186745867e+00 3.731896551177321442e+00
1.600000000000000089e+00 3.578319187873037599e+00 3.726219118296472566e+00
1.610000000000000098e+00 3.592314044324137257e+00 3.718868320897840363e+00
1.620000000000000107e+00 3.598127930988860523e+00 3.715224047041344679e+00
1.630000000000000115e+00 3.604935379615979318e+00 3.711428057826800408e+00
1.640000000000000124e+00 3.607565074905997093e+00 3.709669122705811617e+00
1.650000000000000133e+00 3.609305479008356965e+00 3.708566169370015597e+00
1.660000000000000142e+00 3.611867592305014973e+00 3.707258919092346616e+00
1.669999999999999929e+00 3.613174893994351322e+00 3.706606498689631657e+00
1.679999999999999938e+00 3.615903640635644400e+00 3.705075397273863480e+00
1.689999999999999947e+00 3.614767767289455147e+00 3.706074043184940603e+00
1.699999999999999956e+00 3.612110754009252300e+00 3.707986464399331883e+00
1.709999999999999964e+00 3.611523207189037521e+00 3.708476399148509906e+00
1.719999999999999973e+00 3.610150192824717053e+00 3.709374217642430693e+00
1.729999999999999982e+00 3.608508149369396012e+00 3.709804234191738548e+00
1.739999999999999991e+00 3.607522941167700115e+00 3.710541610409868074e+00
1.750000000000000000e+00 3.607910009016209063e+00 3.710081768894977206e+00
1.760000000000000009e+00 3.608091103239534636e+00 3.709713891291143373e+00
1.770000000000000018e+00 3.608843266422460783e+00 3.709186767595102463e+00
1.780000000000000027e+00 3.609363997936742674e+00 3.708692942490083855e+00
1.790000000000000036e+00 3.609809423603196787e+00 3.708504782019475865e+00
1.800000000000000044e+00 3.611635728668059375e+00 3.707193231841241055e+00
1.810000000000000053e+00 3.612818624164237047e+00 3.706436010392533564e+00
1.820000000000000062e+00 3.613257281749347349e+00 3.706060112464329315e+00
1.830000000000000071e+00 3.615359600308362342e+00 3.704652601983126292e+00
1.840000000000000080e+00 3.617450339579419527e+00 3.703055246505900122e+00
1.850000000000000089e+00 3.623703806508840941e+00 3.698215920897660602e+00
1.860000000000000098e+00 3.631364105770349404e+00 3.691814447853803749e+00
1.870000000000000107e+00 3.634505885580308515e+00 3.689026357337706230e+00
1.880000000000000115e+00 3.635309678528427568e+00 3.688053800370574287e+00
1.890000000000000124e+00 3.635520544852544944e+00 3.687728738251397687e+00
1.900000000000000133e+00 3.635936896365495219e+00 3.687172756506590598e+00
1.910000000000000142e+00 3.636560892869826755e+00 3.686421003659371198e+00
1.919999999999999929e+00 3.637709106619069654e+00 3.685146284601976685e+00
1.929999999999999938e+00 3.638269163315409394e+00 3.684639420144444344e+00
1.939999999999999947e+00 3.638564098621033693e+00 3.684272812928534258e+00
1.949999999999999956e+00 3.639114806522748768e+00 3.683412702527620208e+00
1.959999999999999964e+00 3.639333963513383896e+00 3.683000242395391144e+00
1.969999999999999973e+00 3.640100487368153725e+00 3.681834672625017735e+00
1.979999999999999982e+00 3.640833476285119996e+00 3.680905818897107995e+00
1.989999999999999991e+00 3.641260093402567399e+00 3.680438748302754526e+00
2.000000000000000000e+00 3.641417346248864373e+00 3.680144306621313977e+00
2.010000000000000231e+00 3.641629503291066605e+00 3.679808395907465446e+00
2.020000000000000018e+00 3.641966573369038063e+00 3.679380038354862048e+00
2.030000000000000249e+00 3.642141018421790832e+00 3.679160485365249755e+00
2.040000000000000036e+00 3.642200869077544478e+00 3.679081282330650904e+00
2.049999999999999822e+00 3.642285940183328741e+00 3.679003257395101478e+00
2.060000000000000053e+00 3.642344839476952867e+00 3.678864471240629985e+00
2.069999999999999840e+00 3.642499161854635847e+00 3.678785093769181724e+00
2.080000000000000071e+00 3.642554699653963279e+00 3.678668369026799834e+00
2.089999999999999858e+00 3.642599585279764796e+00 3.678604404245076509e+00
2.100000000000000089e+00 3.642637938431366074e+00 3.678540377708809039e+00
2.109999999999999876e+00 3.642640550769475016e+00 3.678523399878832922e+00
2.120000000000000107e+00 3.642717391631435486e+00 3.678341466539074123e+00
2.129999999999999893e+00 3.642795599086386726e+00 3.678256366922753262e+00
2.140000000000000124e+00 3.642808343996752019e+00 3.678206999507200425e+00
2.149999999999999911e+00 3.642878619730474110e+00 3.678071708662508765e+00
2.160000000000000142e+00 3.642918907363238645e+00 3.677937011683162893e+00
2.169999999999999929e+00 3.643032128345279119e+00 3.677714489258022468e+00
2.180000000000000160e+00 3.643307627004413796e+00 3.677213343130321554e+00
2.189999999999999947e+00 3.643554193019034493e+00 3.676792926841614850e+00
2.200000000000000178e+00 3.643886099893157038e+00 3.676182008832390657e+00
2.209999999999999964e+00 3.644049017646034727e+00 3.675868437140265677e+00
2.220000000000000195e+00 3.644256009579231570e+00 3.675456182794043958e+00
2.229999999999999982e+00 3.644599058602224328e+00 3.674885507700075049e+00
2.240000000000000213e+00 3.644793532527887958e+00 3.674525428658520720e+00
2.250000000000000000e+00 3.645110194243282642e+00 3.673996546875148539e+00
2.260000000000000231e+00 3.645253382247239493e+00 3.673747555634229833e+00
2.270000000000000018e+00 3.645672012989411570e+00 3.673057961361517521e+00
2.280000000000000249e+00 3.646360391841722226e+00 3.671986560510801745e+00
2.290000000000000036e+00 3.647026116430683640e+00 3.670911701419429019e+00
2.300000000000000266e+00 3.647542163378247437e+00 3.670128207314959035e+00
2.310000000000000053e+00 3.647753970721306693e+00 3.669778025094924345e+00
2.319999999999999840e+00 3.647984607849038774e+00 3.669430060978018382e+00
2.330000000000000071e+00 3.648148548011719949e+00 3.669171777491629260e+00
2.339999999999999858e+00 3.648252448635090239e+00 3.669012560124408573e+00
2.350000000000000089e+00 3.648263757905327420e+00 3.668982385111487776e+00
2.359999999999999876e+00 3.648380793999471017e+00 3.668823026934824760e+00
2.370000000000000107e+00 3.648440554820811421e+00 3.668697980278218473e+00
2.379999999999999893e+00 3.648644460507849629e+00 3.668364344681283029e+00
2.390000000000000124e+00 3.648768304698023268e+00 3.668168742359128931e+00
2.399999999999999911e+00 3.649013744756273159e+00 3.667786723078199085e+00
2.410000000000000142e+00 3.649179942551172395e+00 3.667519045166455882e+00
2.419999999999999929e+00 3.649327057095735238e+00 3.667284746364386283e+00
2.430000000000000160e+00 3.649425136894007604e+00 3.667133103576878828e+00
2.439999999999999947e+00 3.649641373865302629e+00 3.666833021867577092e+00
2.450000000000000178e+00 3.649782278415984127e+00 3.666651294362717639e+00
2.459999999999999964e+00 3.649986849433466851e+00 3.666368855088665946e+00
2.470000000000000195e+00 3.650045007367963557e+00 3.666303106159334746e+00
2.479999999999999982e+00 3.650171902265458179e+00 3.666139848885626940e+00
2.490000000000000213e+00 3.650241321419510854e+00 3.666052182546820859e+00
2.500000000000000000e+00 3.650249379610821077e+00 3.666046390338137950e+00
2.510000000000000231e+00 3.650267558870601281e+00 3.666033301052761484e+00
2.520000000000000018e+00 3.650334801679916641e+00 3.665971043165855203e+00
2.530000000000000249e+00 3.650382892035342497e+00 3.665881297022008045e+00
2.540000000000000036e+00 3.650408353306020981e+00 3.665838287915025528e+00
2.550000000000000266e+00 3.650438287541324822e+00 3.665783707998340635e+00
2.560000000000000053e+00 3.650440856423250668e+00 3.665777136592991869e+00
2.569999999999999840e+00 3.650457177405871612e+00 3.665745655121289026e+00
2.580000000000000071e+00 3.650454377348846702e+00 3.665735315486961188e+00
2.589999999999999858e+00 3.650458959901505818e+00 3.665702332866019209e+00
2.600000000000000089e+00 3.650466021338932610e+00 3.665703624223239476e+00
2.609999999999999876e+00 3.650466114921473437e+00 3.665703784451581182e+00
2.620000000000000107e+00 3.650469525327209031e+00 3.665682085609909269e+00
2.629999999999999893e+00 3.650471271708785714e+00 3.665683024288833636e+00
2.640000000000000124e+00 3.650472109009121890e+00 3.665682091568613910e+00
2.649999999999999911e+00 3.650475672950735717e+00 3.665677406320580811e+00
2.660000000000000142e+00 3.650483042080332918e+00 3.665669689543316512e+00
2.669999999999999929e+00 3.650489346261322154e+00 3.665659420499504328e+00
2.680000000000000160e+00 3.650530144703102220e+00 3.665599017584610042e+00
2.689999999999999947e+00 3.650532995294339500e+00 3.665592559725038946e+00
2.700000000000000178e+00 3.650533860690576393e+00 3.665587415707129093e+00
2.709999999999999964e+00 3.650537272792312660e+00 3.665569503979232646e+00
2.720000000000000195e+00 3.650550813960544261e+00 3.665531632962711228e+00
2.729999999999999982e+00 3.650551738370258370e+00 3.665532549411457452e+00
2.740000000000000213e+00 3.650579366267551418e+00 3.665496893703113823e+00
2.750000000000000000e+00 3.650588801937644234e+00 3.665500717906410522e+00
2.760000000000000231e+00 3.650587981706599372e+00 3.665498704651852790e+00
2.770000000000000018e+00 3.650614999960783091e+00 3.665456974326250172e+00
2.780000000000000249e+00 3.650614966453882282e+00 3.665456702829031244e+00
2.790000000000000036e+00 3.650614966453882282e+00 3.665456702829031244e+00
2.800000000000000266e+00 3.650615128566298218e+00 3.665451714142289319e+00
2.810000000000000053e+00 3.650615773948322040e+00 3.665446856347431837e+00
2.819999999999999840e+00 3.650616261547345864e+00 3.665442107726793353e+00
2.830000000000000071e+00 3.650616436149161093e+00 3.665441470282990277e+00
2.839999999999999858e+00 3.650615969444773068e+00 3.665438171056249583e+00
2.850000000000000089e+00 3.650615969444773068e+00 3.665438171056249583e+00
2.859999999999999876e+00 3.650615750202475862e+00 3.665437781739891765e+00
2.870000000000000107e+00 3.650618232289435827e+00 3.665431439889786258e+00
2.879999999999999893e+00 3.650618220742694486e+00 3.665431303302296495e+00
2.890000000000000124e+00 3.650618622911453226e+00 3.665430310918808221e+00
2.899999999999999911e+00 3.650618622911453226e+00 3.665430310918808221e+00
2.910000000000000142e+00 3.650618622911453226e+00 3.665430310918808221e+00
2.919999999999999929e+00 3.650621255031164303e+00 3.665425545896951576e+00
2.930000000000000160e+00 3.650621657668334574e+00 3.665424553045051770e+00
2.939999999999999947e+00 3.650621657668334574e+00 3.665424553045051770e+00
2.950000000000000178e+00 3.650621656326825892e+00 3.665424745760385683e+00
2.959999999999999964e+00 3.650621656326825892e+00 3.665424745760385683e+00
2.970000000000000195e+00 3.650621656326825892e+00 3.665424745760385683e+00
2.979999999999999982e+00 3.650621656326825892e+00 3.665424745760385683e+00
2.990000000000000213e+00 3.650621656326825892e+00 3.665424745760385683e+00
3.000000000000000000e+00 3.650621656326825892e+00 3.665424745760385683e+00
