0.000000000000000000e+00 1.081628749383596100e+00 1.227522224831673059e+00
1.000000000000000021e-02 1.089568370779744555e+00 1.227242977428444348e+00
2.000000000000000042e-02 1.089660488229950319e+00 1.251644065300266062e+00
2.999999999999999889e-02 1.090063155874294365e+00 1.364389178174453710e+00
4.000000000000000083e-02 1.194162831288984261e+00 1.664728531652280630e+00
5.000000000000000278e-02 1.364143273052692562e+00 1.830794139121055375e+00
5.999999999999999778e-02 1.479854805680892671e+00 1.896445389691212124e+00
7.000000000000000666e-02 1.541438662681538396e+00 1.942711609098952685e+00
8.000000000000000167e-02 1.422631276136004264e+00 2.182739962648785781e+00
8.999999999999999667e-02 1.319918471698147133e+00 2.725420676446574486e+00
1.000000000000000056e-01 1.593514769127612585e+00 3.625593658354038684e+00
1.100000000000000006e-01 2.154598428322101356e+00 4.151004000982021935e+00
1.199999999999999956e-01 3.336519378784639223e+00 4.274271860519903043e+00
1.300000000000000044e-01 3.782497418383403254e+00 4.048935344670968384e+00
1.400000000000000133e-01 3.848686022548741814e+00 3.995796376490526658e+00
1.499999999999999944e-01 3.848502023224192214e+00 3.995866931644124875e+00
1.600000000000000033e-01 3.848361569196854681e+00 3.995903630044783661e+00
1.700000000000000122e-01 3.848108911902952567e+00 3.996010351874780486e+00
1.799999999999999933e-01 3.847962804597956588e+00 3.996041940322773822e+00
1.900000000000000022e-01 3.847846366132425366e+00 3.996008943392110879e+00
2.000000000000000111e-01 3.846958155581386762e+00 3.996373562582103744e+00
2.099999999999999922e-01 3.845002425601785401e+00 3.997398051025564225e+00
2.200000000000000011e-01 3.818321298408409614e+00 4.013614394726851664e+00
2.300000000000000100e-01 3.748814253819665154e+00 4.047016807996550725e+00
2.399999999999999911e-01 3.589486304251340076e+00 4.082587452696176733e+00
2.500000000000000000e-01 3.352022045375148362e+00 4.040842636584004666e+00
2.600000000000000089e-01 3.154940334390761159e+00 3.892136683278916820e+00
2.700000000000000178e-01 3.056871716181182030e+00 3.717905740617371002e+00
2.800000000000000266e-01 3.023299562251718253e+00 3.565801609961835705e+00
2.899999999999999800e-01 3.025930286417221726e+00 3.435454840497756290e+00
2.999999999999999889e-01 3.051635242790717406e+00 3.325314935322266408e+00
3.099999999999999978e-01 3.059658374061584585e+00 3.275717405600547583e+00
3.200000000000000067e-01 3.062646684248875317e+00 3.253944241663981884e+00
3.300000000000000155e-01 3.064279731192524281e+00 3.243783293190066530e+00
3.400000000000000244e-01 3.068900837587229979e+00 3.240744042588360685e+00
3.500000000000000333e-01 3.070560339074223322e+00 3.241493215551288110e+00
3.599999999999999867e-01 3.079193746732420855e+00 3.237628707677178141e+00
3.699999999999999956e-01 3.090923753162746923e+00 3.231700936668986390e+00
3.800000000000000044e-01 3.104178508776957113e+00 3.224470326224035066e+00
3.900000000000000133e-01 3.118100831690437502e+00 3.216291593531959592e+00
4.000000000000000222e-01 3.130301736220261422e+00 3.208820442639449322e+00
4.100000000000000311e-01 3.138883632640300902e+00 3.202949935370029699e+00
4.199999999999999845e-01 3.141241688936522003e+00 3.201670893546769925e+00
4.299999999999999933e-01 3.143092660378388636e+00 3.200760107980795688e+00
4.400000000000000022e-01 3.143858998300780083e+00 3.200412339852105159e+00
4.500000000000000111e-01 3.145049658653144231e+00 3.199904699409600095e+00
4.600000000000000200e-01 3.146091721225917848e+00 3.199455567020236924e+00
4.700000000000000289e-01 3.147880627206986137e+00 3.198702040305907435e+00
4.799999999999999822e-01 3.149878196856469970e+00 3.197831047585515840e+00
4.899999999999999911e-01 3.151208594015197928e+00 3.197356827008170921e+00
5.000000000000000000e-01 3.152120623642666430e+00 3.197067287185923590e+00
5.100000000000000089e-01 3.152900978323244896e+00 3.196848586081242782e+00
5.200000000000000178e-01 3.153793653031843114e+00 3.196578404849511834e+00
5.300000000000000266e-01 3.154363494465307838e+00 3.196509092509789873e+00
5.400000000000000355e-01 3.154836830136115378e+00 3.196464516404335487e+00
5.500000000000000444e-01 3.155209652393366593e+00 3.196469363238308770e+00
5.600000000000000533e-01 3.155155072499761904e+00 3.196732675641527077e+00
5.700000000000000622e-01 3.154838316492070582e+00 3.197169467841158408e+00
5.799999999999999600e-01 3.154424531522391550e+00 3.197598175620437910e+00
5.899999999999999689e-01 3.152658358905782610e+00 3.199102477328310545e+00
5.999999999999999778e-01 3.151176236155786459e+00 3.200500838944158932e+00
6.099999999999999867e-01 3.149035349547478990e+00 3.202250025885489126e+00
6.199999999999999956e-01 3.147944029856891035e+00 3.203187709616451606e+00
6.300000000000000044e-01 3.147733207957939872e+00 3.203515381905837511e+00
6.400000000000000133e-01 3.146089399868655878e+00 3.204790233610462113e+00
6.500000000000000222e-01 3.142179033690516654e+00 3.207823426550801216e+00
6.600000000000000311e-01 3.139632902571148687e+00 3.209911504109912439e+00
6.700000000000000400e-01 3.127896263399406962e+00 3.218486467966750197e+00
6.800000000000000488e-01 3.125148101306775672e+00 3.220557145003458466e+00
6.900000000000000577e-01 3.125230947650491142e+00 3.220600918442190430e+00
7.000000000000000666e-01 3.125249749103946151e+00 3.220637426246242718e+00
7.099999999999999645e-01 3.125368087575823406e+00 3.220724671985715215e+00
7.199999999999999734e-01 3.129638910175348343e+00 3.218552900141690820e+00
7.299999999999999822e-01 3.146581787824012988e+00 3.208504495030067627e+00
7.399999999999999911e-01 3.149245378867409517e+00 3.206933305114485488e+00
7.500000000000000000e-01 3.153791689908278961e+00 3.204209948561417498e+00
7.600000000000000089e-01 3.154088096204623159e+00 3.204116774219647912e+00
7.700000000000000178e-01 3.154014544162309086e+00 3.204251498613798432e+00
7.800000000000000266e-01 3.154273423652795838e+00 3.204296687645765029e+00
7.900000000000000355e-01 3.154534932139986481e+00 3.204318992816335587e+00
8.000000000000000444e-01 3.155473401319377036e+00 3.204112448738225094e+00
8.100000000000000533e-01 3.156396465294502462e+00 3.204017653262473786e+00
8.200000000000000622e-01 3.157048300728232615e+00 3.204162540507881740e+00
8.300000000000000711e-01 3.157567466245862597e+00 3.204535353773859008e+00
8.399999999999999689e-01 3.158275728716642305e+00 3.204614993262499212e+00
8.499999999999999778e-01 3.158451528259798025e+00 3.204830922654585024e+00
8.599999999999999867e-01 3.158839977731274118e+00 3.205017245979739471e+00
8.699999999999999956e-01 3.159305935909673124e+00 3.205331385386065435e+00
8.800000000000000044e-01 3.159697278606359294e+00 3.205571692178781351e+00
8.900000000000000133e-01 3.159890348160932838e+00 3.206101012136270079e+00
9.000000000000000222e-01 3.159989675914100626e+00 3.206498783940025188e+00
9.100000000000000311e-01 3.160051615461620500e+00 3.206821737700191299e+00
9.200000000000000400e-01 3.160127625766458781e+00 3.206953432730970110e+00
9.300000000000000488e-01 3.160222523936485395e+00 3.207100448838020590e+00
9.400000000000000577e-01 3.160313496865855054e+00 3.207249004741086207e+00
9.500000000000000666e-01 3.160369097515140613e+00 3.207320543917621780e+00
9.599999999999999645e-01 3.160451923960103660e+00 3.207429314843759816e+00
9.699999999999999734e-01 3.160514258022790290e+00 3.207461538300032000e+00
9.799999999999999822e-01 3.160574401432337588e+00 3.207525759853062652e+00
9.899999999999999911e-01 3.160626023950674490e+00 3.207592712426088344e+00
1.000000000000000000e+00 3.160682078163909114e+00 3.207625686876488746e+00
1.010000000000000009e+00 3.160729975796404911e+00 3.207659633807476762e+00
1.020000000000000018e+00 3.160762149275940125e+00 3.207680421920615643e+00
1.030000000000000027e+00 3.160788267898931192e+00 3.207705222925767874e+00
1.040000000000000036e+00 3.160808142512028240e+00 3.207726796872432118e+00
1.050000000000000044e+00 3.160826253782231365e+00 3.207751415523569793e+00
1.060000000000000053e+00 3.160857145494482712e+00 3.207798367138841034e+00
1.070000000000000062e+00 3.160871114765447576e+00 3.207825074456887915e+00
1.080000000000000071e+00 3.160881859989340015e+00 3.207833409156625848e+00
1.090000000000000080e+00 3.160893252009205234e+00 3.207857797585673687e+00
1.100000000000000089e+00 3.160913409820192310e+00 3.207885118469602670e+00
1.110000000000000098e+00 3.160933157020231032e+00 3.207913912190775374e+00
1.120000000000000107e+00 3.160954450295604623e+00 3.207929669520221516e+00
1.130000000000000115e+00 3.160976735551476402e+00 3.207950893151640948e+00
1.140000000000000124e+00 3.160997079291459233e+00 3.207964164047125255e+00
1.150000000000000133e+00 3.161002162501036494e+00 3.207986705292046992e+00
1.159999999999999920e+00 3.161015600405757908e+00 3.208002864269191790e+00
1.169999999999999929e+00 3.161040722277426607e+00 3.208006464173531302e+00
1.179999999999999938e+00 3.161061268302265859e+00 3.208025673893626362e+00
1.189999999999999947e+00 3.161089393736669972e+00 3.208028816741159250e+00
1.199999999999999956e+00 3.161092661890550382e+00 3.208037179823355345e+00
1.209999999999999964e+00 3.161111873461728283e+00 3.208040482361788737e+00
1.219999999999999973e+00 3.161132104817376387e+00 3.208039276031508180e+00
1.229999999999999982e+00 3.161159391818297415e+00 3.208097726664292715e+00
1.239999999999999991e+00 3.161192352415039153e+00 3.208213054374740913e+00
1.250000000000000000e+00 3.161236525254934815e+00 3.208239877256662265e+00
1.260000000000000009e+00 3.161263224033100894e+00 3.208313322182910543e+00
1.270000000000000018e+00 3.161305265073154125e+00 3.208337333584453610e+00
1.280000000000000027e+00 3.161360754740794032e+00 3.208399864150921932e+00
1.290000000000000036e+00 3.161380560968982678e+00 3.208482141500843099e+00
1.300000000000000044e+00 3.161449387378840292e+00 3.208547174172253769e+00
1.310000000000000053e+00 3.161470826730615080e+00 3.208635655808562248e+00
1.320000000000000062e+00 3.161487835539164681e+00 3.208730107466397197e+00
1.330000000000000071e+00 3.161502216129125742e+00 3.208852834305940149e+00
1.340000000000000080e+00 3.161553790486477666e+00 3.208800081545687632e+00
1.350000000000000089e+00 3.161628543819659409e+00 3.208721625018841284e+00
1.360000000000000098e+00 3.161694197837330300e+00 3.208652050803683764e+00
1.370000000000000107e+00 3.161769570957620790e+00 3.208606861828366963e+00
1.380000000000000115e+00 3.161816467287716481e+00 3.208588252632442295e+00
1.390000000000000124e+00 3.162013173861784932e+00 3.208250325264649039e+00
1.400000000000000133e+00 3.162243170842285789e+00 3.207819996806029916e+00
1.409999999999999920e+00 3.162521285200570187e+00 3.207267428397681197e+00
1.419999999999999929e+00 3.162769159372225136e+00 3.206793635794743746e+00
1.429999999999999938e+00 3.162968570583791106e+00 3.206464281059771437e+00
1.439999999999999947e+00 3.163128321845300128e+00 3.206137101519338728e+00
1.449999999999999956e+00 3.163298821696672647e+00 3.205773362689580352e+00
1.459999999999999964e+00 3.163454870909177874e+00 3.205462909499681157e+00
1.469999999999999973e+00 3.163526114325730720e+00 3.205300189118177823e+00
1.479999999999999982e+00 3.163694626817758593e+00 3.204849408488218199e+00
1.489999999999999991e+00 3.163717586709919871e+00 3.204778947728213367e+00
1.500000000000000000e+00 3.163732155810740299e+00 3.204713583510968800e+00
1.510000000000000009e+00 3.163774473056148118e+00 3.204604884710956725e+00
1.520000000000000018e+00 3.163781209369970426e+00 3.204559122146295458e+00
1.530000000000000027e+00 3.163817945156606193e+00 3.204493890060869710e+00
1.540000000000000036e+00 3.163850656269924677e+00 3.204438530040843780e+00
1.550000000000000044e+00 3.163813391583425005e+00 3.204471922814386975e+00
1.560000000000000053e+00 3.163812777767875506e+00 3.204501178821823171e+00
1.570000000000000062e+00 3.163853600735893945e+00 3.204438204483756270e+00
1.580000000000000071e+00 3.163854472946302732e+00 3.204442013679368539e+00
1.590000000000000080e+00 3.163806196156791373e+00 3.204507970784851167e+00
1.600000000000000089e+00 3.163749628894390487e+00 3.204544153377948401e+00
1.610000000000000098e+00 3.163657578954728322e+00 3.204697237515417463e+00
1.620000000000000107e+00 3.163532805579557738e+00 3.204821081282243078e+00
1.630000000000000115e+00 3.163351283757392718e+00 3.205040286338622924e+00
1.640000000000000124e+00 3.163216882087691140e+00 3.205194483960168483e+00
1.650000000000000133e+00 3.162919493350129230e+00 3.205662757931609264e+00
1.660000000000000142e+00 3.162594941199525778e+00 3.206123808142439024e+00
1.669999999999999929e+00 3.162183910150130561e+00 3.206729538894097065e+00
1.679999999999999938e+00 3.161604381910003703e+00 3.207649349011741258e+00
1.689999999999999947e+00 3.161019788827409638e+00 3.208499283137807634e+00
1.699999999999999956e+00 3.160038203828847259e+00 3.209927868363345205e+00
1.709999999999999964e+00 3.158871625729604116e+00 3.211596345762209648e+00
1.719999999999999973e+00 3.157672924070423992e+00 3.213376403269701864e+00
1.729999999999999982e+00 3.156270504869834070e+00 3.215492567945107183e+00
1.739999999999999991e+00 3.154965961231049665e+00 3.217459347087088251e+00
1.750000000000000000e+00 3.153828817944700269e+00 3.219263843302552885e+00
1.760000000000000009e+00 3.152405763433299146e+00 3.221570321414150673e+00
1.770000000000000018e+00 3.149365707961116811e+00 3.226256106227840093e+00
1.780000000000000027e+00 3.146275498466604148e+00 3.231023915023691018e+00
1.790000000000000036e+00 3.142481233108684435e+00 3.236792581774547983e+00
1.800000000000000044e+00 3.134441659845620620e+00 3.249218805599897841e+00
1.810000000000000053e+00 3.122702639167601379e+00 3.270492266409104953e+00
1.820000000000000062e+00 3.109879060339006518e+00 3.298874090872731646e+00
1.830000000000000071e+00 3.100502933439650111e+00 3.330865701222978092e+00
1.840000000000000080e+00 3.093319936330157560e+00 3.370717833302181887e+00
1.850000000000000089e+00 3.091656067813306041e+00 3.405025300108523556e+00
1.860000000000000098e+00 3.094040326727749868e+00 3.442864481531260790e+00
1.870000000000000107e+00 3.099780192129840017e+00 3.473460542599926981e+00
1.880000000000000115e+00 3.113056432028535436e+00 3.503776425899741032e+00
1.890000000000000124e+00 3.134936875509981125e+00 3.535638766746755923e+00
1.900000000000000133e+00 3.168137605871461204e+00 3.567777393794752783e+00
1.910000000000000142e+00 3.209018438969861275e+00 3.596932936776866097e+00
1.919999999999999929e+00 3.257318773933836731e+00 3.618107488144448602e+00
1.929999999999999938e+00 3.309211536792003638e+00 3.629807966973102484e+00
1.939999999999999947e+00 3.351296287772853155e+00 3.631946113083165173e+00
1.949999999999999956e+00 3.380528776461221518e+00 3.630524026888273248e+00
1.959999999999999964e+00 3.399884036535650189e+00 3.628020216665834852e+00
1.969999999999999973e+00 3.415953284695262937e+00 3.624894483854656180e+00
1.979999999999999982e+00 3.432976774317763269e+00 3.620221161287286105e+00
1.989999999999999991e+00 3.445954490404702586e+00 3.615733440503500429e+00
2.000000000000000000e+00 3.453848743448299174e+00 3.613007682418781563e+00
2.010000000000000231e+00 3.459612049851381155e+00 3.610867994637525502e+00
2.020000000000000018e+00 3.465048241683034380e+00 3.608683913492174877e+00
2.030000000000000249e+00 3.467518560163128871e+00 3.607704324983012523e+00
2.040000000000000036e+00 3.468321403277316417e+00 3.607362105762561999e+00
2.049999999999999822e+00 3.469060028997232870e+00 3.607083649138639103e+00
2.060000000000000053e+00 3.469396556286455713e+00 3.606965421700834007e+00
2.069999999999999840e+00 3.469686668079345448e+00 3.606897346002609250e+00
2.080000000000000071e+00 3.469892436936347746e+00 3.606839656006843864e+00
2.089999999999999858e+00 3.470164660538426205e+00 3.606751122194537196e+00
2.100000000000000089e+00 3.470732960623494012e+00 3.606626947933444516e+00
2.109999999999999876e+00 3.471288692053636105e+00 3.606450396200338915e+00
2.120000000000000107e+00 3.472370328856108301e+00 3.606158178390862723e+00
2.129999999999999893e+00 3.472828738059378750e+00 3.605981960883759108e+00
2.140000000000000124e+00 3.473528027283275588e+00 3.605733308909809143e+00
2.149999999999999911e+00 3.475470284652972364e+00 3.605728985323643609e+00
2.160000000000000142e+00 3.477828102104759012e+00 3.605766053845787411e+00
2.169999999999999929e+00 3.479284075199654769e+00 3.605852186535307258e+00
2.180000000000000160e+00 3.481029864150591013e+00 3.606065620459012688e+00
2.189999999999999947e+00 3.482394430200703273e+00 3.606169091832988283e+00
2.200000000000000178e+00 3.483191531132973306e+00 3.606241239248000330e+00
2.209999999999999964e+00 3.484054380423384778e+00 3.606373000138443530e+00
2.220000000000000195e+00 3.485150208242850933e+00 3.606896421362442151e+00
2.229999999999999982e+00 3.486947050255285507e+00 3.607887455178750979e+00
2.240000000000000213e+00 3.488567878614280637e+00 3.609548326892044301e+00
2.250000000000000000e+00 3.489294849152346778e+00 3.610369130168179730e+00
2.260000000000000231e+00 3.490215418236565004e+00 3.612118347241568994e+00
2.270000000000000018e+00 3.491510113538329740e+00 3.615556461459572546e+00
2.280000000000000249e+00 3.491801697443019492e+00 3.616336298739422084e+00
2.290000000000000036e+00 3.491857666216033884e+00 3.617010257992607336e+00
2.300000000000000266e+00 3.491959998269413390e+00 3.617840047025348227e+00
2.310000000000000053e+00 3.492275085579649385e+00 3.618846682465775899e+00
2.319999999999999840e+00 3.492494932213552339e+00 3.619904034981004770e+00
2.330000000000000071e+00 3.492716769280701961e+00 3.620300658588140763e+00
2.339999999999999858e+00 3.492842029286411520e+00 3.620443542732211473e+00
2.350000000000000089e+00 3.493113733703132162e+00 3.620852399142746592e+00
2.359999999999999876e+00 3.493737674160009465e+00 3.621674244103425533e+00
2.370000000000000107e+00 3.493896369422438308e+00 3.621982646066185918e+00
2.379999999999999893e+00 3.494056499393235260e+00 3.622925488931883375e+00
2.390000000000000124e+00 3.494136340177661282e+00 3.623624228307599004e+00
2.399999999999999911e+00 3.494418206095564194e+00 3.624996171989572247e+00
2.410000000000000142e+00 3.494652413930317891e+00 3.625484310417750322e+00
2.419999999999999929e+00 3.494893924302893584e+00 3.626566154480141524e+00
2.430000000000000160e+00 3.494959993779156449e+00 3.626843820732142731e+00
2.439999999999999947e+00 3.494980428973438524e+00 3.627154634145496548e+00
2.450000000000000178e+00 3.495009561842928658e+00 3.627400633421887566e+00
2.459999999999999964e+00 3.495045870538191934e+00 3.627384125914139723e+00
2.470000000000000195e+00 3.495079128718376893e+00 3.627352223992346580e+00
2.479999999999999982e+00 3.495141552786899641e+00 3.627333608565258327e+00
2.490000000000000213e+00 3.495143077839901302e+00 3.627363070150325441e+00
2.500000000000000000e+00 3.495164311494819653e+00 3.627349077281959655e+00
2.510000000000000231e+00 3.495183160175374226e+00 3.627360683060595115e+00
2.520000000000000018e+00 3.495222026639634549e+00 3.627334286650961026e+00
2.530000000000000249e+00 3.495254946539689378e+00 3.627293603412817369e+00
2.540000000000000036e+00 3.495228186448683605e+00 3.627337693101296612e+00
2.550000000000000266e+00 3.495222333875105392e+00 3.627366574949815181e+00
2.560000000000000053e+00 3.495246524421053991e+00 3.627361799801510855e+00
2.569999999999999840e+00 3.495259925464536011e+00 3.627365376907442318e+00
2.580000000000000071e+00 3.495187968195091699e+00 3.627530944496978549e+00
2.589999999999999858e+00 3.495279061089186179e+00 3.627423537530274800e+00
2.600000000000000089e+00 3.495158378935765864e+00 3.627639164580393594e+00
2.609999999999999876e+00 3.495029660386653525e+00 3.627877757425693517e+00
2.620000000000000107e+00 3.494916754201220943e+00 3.628077853175831091e+00
2.629999999999999893e+00 3.495012982533295620e+00 3.627973021313826152e+00
2.640000000000000124e+00 3.494788670768285144e+00 3.628361886969065253e+00
2.649999999999999911e+00 3.494706170663683942e+00 3.628532575440556407e+00
2.660000000000000142e+00 3.494705963650504454e+00 3.628581371797760635e+00
2.669999999999999929e+00 3.494720671655711541e+00 3.628600472872677507e+00
2.680000000000000160e+00 3.494699090633010652e+00 3.628655355673217731e+00
2.689999999999999947e+00 3.494651205423986884e+00 3.628777321130120637e+00
2.700000000000000178e+00 3.494723806840571267e+00 3.628679699281064597e+00
2.709999999999999964e+00 3.494775990429247248e+00 3.628620188536320956e+00
2.720000000000000195e+00 3.494830309869838114e+00 3.628540498154567917e+00
2.729999999999999982e+00 3.494841621533481657e+00 3.628537391661556200e+00
2.740000000000000213e+00 3.495017743095735430e+00 3.628221610437055933e+00
2.750000000000000000e+00 3.495076222519297282e+00 3.628123068209271551e+00
2.760000000000000231e+00 3.495257035910913856e+00 3.627740741055180962e+00
2.770000000000000018e+00 3.495393375555181148e+00 3.627475471147394881e+00
2.780000000000000249e+00 3.495592383988948004e+00 3.627079077578930555e+00
2.790000000000000036e+00 3.495982664589703415e+00 3.626307177257716230e+00
2.800000000000000266e+00 3.496383538588220041e+00 3.625505080624884080e+00
2.810000000000000053e+00 3.496643797134173504e+00 3.625007860451924024e+00
2.819999999999999840e+00 3.497202192018030509e+00 3.623877342741490537e+00
2.830000000000000071e+00 3.497679092377300236e+00 3.622800488592510249e+00
2.839999999999999858e+00 3.498578610367791608e+00 3.621047380862219445e+00
2.850000000000000089e+00 3.499533569215475648e+00 3.619123546234429778e+00
2.859999999999999876e+00 3.500291569211188669e+00 3.617601448700721978e+00
2.870000000000000107e+00 3.501193156519381233e+00 3.615871785435231800e+00
2.879999999999999893e+00 3.502197537472506728e+00 3.613931688816288901e+00
2.890000000000000124e+00 3.503023804275556152e+00 3.612430897944406638e+00
2.899999999999999911e+00 3.504223184327156737e+00 3.610282972432105275e+00
2.910000000000000142e+00 3.505702111678761224e+00 3.607751773285227781e+00
2.919999999999999929e+00 3.506748771329049497e+00 3.605970884361143547e+00
2.930000000000000160e+00 3.507820003043435886e+00 3.604147209347463576e+00
2.939999999999999947e+00 3.509034463623946998e+00 3.602115505906158255e+00
2.950000000000000178e+00 3.510073210375416419e+00 3.600411293475520136e+00
2.959999999999999964e+00 3.511823803714325010e+00 3.597538600646446483e+00
2.970000000000000195e+00 3.513854002565442336e+00 3.594312186432779832e+00
2.979999999999999982e+00 3.516368814342460958e+00 3.590537613536872286e+00
2.990000000000000213e+00 3.519495239584544244e+00 3.586012262666127270e+00
3.000000000000000000e+00 3.522859826916212356e+00 3.581159821764474671e+00
