0.000000000000000000e+00 9.336437051095068662e-02
1.000000000000000021e-02 7.899820264106989232e-01
2.000000000000000042e-02 7.899698115891218286e-01
2.999999999999999889e-02 3.264752402677535859e+00
4.000000000000000083e-02 3.264749808506965500e+00
5.000000000000000278e-02 3.264750311713218611e+00
5.999999999999999778e-02 3.264748974087238409e+00
7.000000000000000666e-02 3.264749455568790371e+00
8.000000000000000167e-02 3.264751054379940065e+00
8.999999999999999667e-02 3.264752358837127666e+00
1.000000000000000056e-01 3.264755088963508634e+00
1.100000000000000006e-01 3.264756594090461927e+00
1.199999999999999956e-01 3.264756456785201877e+00
1.300000000000000044e-01 3.264760167477130715e+00
1.400000000000000133e-01 3.264756756441593133e+00
1.499999999999999944e-01 3.264752003870010189e+00
1.600000000000000033e-01 3.264752003870010189e+00
1.700000000000000122e-01 3.264750757582187468e+00
1.799999999999999933e-01 3.264750757582187468e+00
1.900000000000000022e-01 3.264768130331039409e+00
2.000000000000000111e-01 3.264770630147457275e+00
2.099999999999999922e-01 3.264766679732799659e+00
2.200000000000000011e-01 3.264804923429489136e+00
2.300000000000000100e-01 3.264831779396534017e+00
2.399999999999999911e-01 3.264856186308860764e+00
2.500000000000000000e-01 3.264871535346507869e+00
2.600000000000000089e-01 3.264886282961368735e+00
2.700000000000000178e-01 3.264909568037986709e+00
2.800000000000000266e-01 3.264971062326431195e+00
2.899999999999999800e-01 3.265407351789474610e+00
2.999999999999999889e-01 3.265537672665119295e+00
3.099999999999999978e-01 3.265577089338302486e+00
3.200000000000000067e-01 3.265993265209198082e+00
3.300000000000000155e-01 3.266444027774333847e+00
3.400000000000000244e-01 3.266451606917381234e+00
3.500000000000000333e-01 3.266607511763572891e+00
3.599999999999999867e-01 3.266688984079360925e+00
3.699999999999999956e-01 3.266808006310462975e+00
3.800000000000000044e-01 3.267119439690112870e+00
3.900000000000000133e-01 3.267400034148693067e+00
4.000000000000000222e-01 3.267755899953842302e+00
4.100000000000000311e-01 3.268343528807163167e+00
4.199999999999999845e-01 3.268918049590587405e+00
4.299999999999999933e-01 3.269396681764126011e+00
4.400000000000000022e-01 3.270454964034557488e+00
4.500000000000000111e-01 3.270685318682193810e+00
4.600000000000000200e-01 3.271373072566986284e+00
4.700000000000000289e-01 3.271568539226055172e+00
4.799999999999999822e-01 3.272583259294032931e+00
4.899999999999999911e-01 3.273850952937602976e+00
5.000000000000000000e-01 3.274769455342292801e+00
5.100000000000000089e-01 3.275864975445270666e+00
5.200000000000000178e-01 3.277507713773250675e+00
5.300000000000000266e-01 3.278847019276618813e+00
5.400000000000000355e-01 3.280476512033939418e+00
5.500000000000000444e-01 3.281717811243534122e+00
5.600000000000000533e-01 3.283525698485374456e+00
5.700000000000000622e-01 3.285590033550262579e+00
5.799999999999999600e-01 3.288135211031436800e+00
5.899999999999999689e-01 3.290733454220295062e+00
5.999999999999999778e-01 3.292148124957084754e+00
6.099999999999999867e-01 3.294408343377113191e+00
6.199999999999999956e-01 3.296774051184654386e+00
6.300000000000000044e-01 3.298972738025188534e+00
6.400000000000000133e-01 3.301716367347240499e+00
6.500000000000000222e-01 3.305004574964046427e+00
6.600000000000000311e-01 3.307118712704181451e+00
6.700000000000000400e-01 3.272153949642181203e+00
6.800000000000000488e-01 3.313369086134433594e+00
6.900000000000000577e-01 3.334231565959453469e+00
7.000000000000000666e-01 3.342529153881073078e+00
7.099999999999999645e-01 3.351562190194130153e+00
7.199999999999999734e-01 3.359072764108181008e+00
7.299999999999999822e-01 3.367209435029030029e+00
7.399999999999999911e-01 3.375640840435027989e+00
7.500000000000000000e-01 3.385356400673389388e+00
7.600000000000000089e-01 3.396086238477229902e+00
7.700000000000000178e-01 3.406215805165767829e+00
7.800000000000000266e-01 3.415135301992893169e+00
7.900000000000000355e-01 3.424095736045837501e+00
8.000000000000000444e-01 3.432650377485752191e+00
8.100000000000000533e-01 3.440860321147441780e+00
8.200000000000000622e-01 3.446852461290359493e+00
8.300000000000000711e-01 3.453673300728798079e+00
8.399999999999999689e-01 3.461159732425212798e+00
8.499999999999999778e-01 3.466307956678867264e+00
8.599999999999999867e-01 3.471135515940189542e+00
8.699999999999999956e-01 3.475549757874011991e+00
8.800000000000000044e-01 3.478183966956138740e+00
8.900000000000000133e-01 3.480823332853317353e+00
9.000000000000000222e-01 3.482685110440254306e+00
9.100000000000000311e-01 3.485417433247566255e+00
9.200000000000000400e-01 3.487315029308795999e+00
9.300000000000000488e-01 3.488546111128330018e+00
9.400000000000000577e-01 3.490867087206840580e+00
9.500000000000000666e-01 3.493715809156894725e+00
9.599999999999999645e-01 3.495529132359028068e+00
9.699999999999999734e-01 3.497069524340629787e+00
9.799999999999999822e-01 3.498304710106849846e+00
9.899999999999999911e-01 3.498632754690647051e+00
1.000000000000000000e+00 3.499555266306400458e+00
1.010000000000000009e+00 3.500434619908332934e+00
1.020000000000000018e+00 3.500750442790985240e+00
1.030000000000000027e+00 3.501295886552334036e+00
1.040000000000000036e+00 3.501352049019336832e+00
1.050000000000000044e+00 3.501545310389995613e+00
1.060000000000000053e+00 3.501634468088150154e+00
1.070000000000000062e+00 3.501590272819995686e+00
1.080000000000000071e+00 3.501773223385810763e+00
1.090000000000000080e+00 3.502053775248527678e+00
1.100000000000000089e+00 3.501823007934093290e+00
1.110000000000000098e+00 3.502049113426208393e+00
1.120000000000000107e+00 3.502309257221221994e+00
1.130000000000000115e+00 3.503040543909072824e+00
1.140000000000000124e+00 3.502997494978904669e+00
1.150000000000000133e+00 3.503488552367687081e+00
1.159999999999999920e+00 3.503626326363086907e+00
1.169999999999999929e+00 3.504026655030250570e+00
1.179999999999999938e+00 3.504280309364795620e+00
1.189999999999999947e+00 3.504477564873695439e+00
1.199999999999999956e+00 3.504547418460846053e+00
1.209999999999999964e+00 3.504756211698055068e+00
1.219999999999999973e+00 3.504871009886264765e+00
1.229999999999999982e+00 3.505008578610420145e+00
1.239999999999999991e+00 3.505069393000602940e+00
1.250000000000000000e+00 3.505070329148769481e+00
1.260000000000000009e+00 3.505081132795810905e+00
1.270000000000000018e+00 3.505197802741527369e+00
1.280000000000000027e+00 3.505408035001754907e+00
1.290000000000000036e+00 3.505588899586200569e+00
1.300000000000000044e+00 3.506098397936820987e+00
1.310000000000000053e+00 3.506151999115943774e+00
1.320000000000000062e+00 3.506214208710193514e+00
1.330000000000000071e+00 3.506289132659435204e+00
1.340000000000000080e+00 3.506669510972499904e+00
1.350000000000000089e+00 3.506769227137565448e+00
1.360000000000000098e+00 3.507062862164974426e+00
1.370000000000000107e+00 3.507327382392883219e+00
1.380000000000000115e+00 3.507363884003162458e+00
1.390000000000000124e+00 3.506169180023670062e+00
1.400000000000000133e+00 3.505835585651397857e+00
1.409999999999999920e+00 3.505663835384845939e+00
1.419999999999999929e+00 3.505142794106006487e+00
1.429999999999999938e+00 3.503928342421054776e+00
1.439999999999999947e+00 3.502980322580337535e+00
1.449999999999999956e+00 3.500701249692439898e+00
1.459999999999999964e+00 3.498568273632526537e+00
1.469999999999999973e+00 3.498341103310584899e+00
1.479999999999999982e+00 3.497663986761569976e+00
1.489999999999999991e+00 3.497426462762355914e+00
1.500000000000000000e+00 3.497098721463680171e+00
1.510000000000000009e+00 3.497184549670219411e+00
1.520000000000000018e+00 3.496978969745636157e+00
1.530000000000000027e+00 3.497082304317951085e+00
1.540000000000000036e+00 3.496884553036689880e+00
1.550000000000000044e+00 3.496783411371708006e+00
1.560000000000000053e+00 3.496381302819251857e+00
1.570000000000000062e+00 3.496145673785209684e+00
1.580000000000000071e+00 3.496297121524810869e+00
1.590000000000000080e+00 3.496593670449256841e+00
1.600000000000000089e+00 3.497152158336639616e+00
1.610000000000000098e+00 3.499099741063118163e+00
1.620000000000000107e+00 3.499668699967861230e+00
1.630000000000000115e+00 3.500390455682277580e+00
1.640000000000000124e+00 3.501782747106552129e+00
1.650000000000000133e+00 3.503724612419605311e+00
1.660000000000000142e+00 3.506152605845928250e+00
1.669999999999999929e+00 3.508223840603828414e+00
1.679999999999999938e+00 3.508913295848369529e+00
1.689999999999999947e+00 3.510219182612896116e+00
1.699999999999999956e+00 3.510900447261333657e+00
1.709999999999999964e+00 3.511825737683773152e+00
1.719999999999999973e+00 3.512815750639438850e+00
1.729999999999999982e+00 3.514341821002960220e+00
1.739999999999999991e+00 3.515129398243427072e+00
1.750000000000000000e+00 3.515839023718833722e+00
1.760000000000000009e+00 3.516710740306377314e+00
1.770000000000000018e+00 3.516824448022842553e+00
1.780000000000000027e+00 3.516794720716476252e+00
1.790000000000000036e+00 3.518160432591438180e+00
1.800000000000000044e+00 3.520648890810012865e+00
1.810000000000000053e+00 3.522608362360000633e+00
1.820000000000000062e+00 3.525337136437892926e+00
1.830000000000000071e+00 3.529152911593913977e+00
1.840000000000000080e+00 3.532926365180015349e+00
1.850000000000000089e+00 3.535344246928691980e+00
1.860000000000000098e+00 3.539320719363689527e+00
1.870000000000000107e+00 3.542461395876407515e+00
1.880000000000000115e+00 3.545862195093631541e+00
1.890000000000000124e+00 3.550902739226818206e+00
1.900000000000000133e+00 3.554776805706024057e+00
1.910000000000000142e+00 3.559263123545646668e+00
1.919999999999999929e+00 3.566224255335331161e+00
1.929999999999999938e+00 3.572294979951381677e+00
1.939999999999999947e+00 3.578897793874740607e+00
1.949999999999999956e+00 3.586114349558353620e+00
1.959999999999999964e+00 3.592045384738445257e+00
1.969999999999999973e+00 3.600376899697780519e+00
1.979999999999999982e+00 3.608195894227027800e+00
1.989999999999999991e+00 3.616292990033626698e+00
2.000000000000000000e+00 3.624426353046894089e+00
2.010000000000000231e+00 3.632895282196998643e+00
2.020000000000000018e+00 3.641916813313961221e+00
2.030000000000000249e+00 3.650305271220207093e+00
2.040000000000000036e+00 3.658613163907527888e+00
2.049999999999999822e+00 3.668071065893172999e+00
2.060000000000000053e+00 3.675973423173427790e+00
2.069999999999999840e+00 3.684309569969177467e+00
2.080000000000000071e+00 3.692836745917797092e+00
2.089999999999999858e+00 3.700787609295844938e+00
2.100000000000000089e+00 3.709369508531093818e+00
2.109999999999999876e+00 3.716185460393429008e+00
2.120000000000000107e+00 3.722487047181129327e+00
2.129999999999999893e+00 3.728210963516235488e+00
2.140000000000000124e+00 3.733163504328727900e+00
2.149999999999999911e+00 3.738480361373424543e+00
2.160000000000000142e+00 3.742710258948803048e+00
2.169999999999999929e+00 3.746329213445186657e+00
2.180000000000000160e+00 3.749633484005927997e+00
2.189999999999999947e+00 3.752820582580566278e+00
2.200000000000000178e+00 3.756144745812416197e+00
2.209999999999999964e+00 3.758919734976291505e+00
2.220000000000000195e+00 3.762002414991855836e+00
2.229999999999999982e+00 3.764702580931186482e+00
2.240000000000000213e+00 3.766791782329082405e+00
2.250000000000000000e+00 3.769067438135146997e+00
2.260000000000000231e+00 3.770745561048984396e+00
2.270000000000000018e+00 3.773518397934436663e+00
2.280000000000000249e+00 3.774818529052734295e+00
2.290000000000000036e+00 3.776032894225120451e+00
2.300000000000000266e+00 3.777081509103775048e+00
2.310000000000000053e+00 3.777973576238155218e+00
2.319999999999999840e+00 3.779110990207195098e+00
2.330000000000000071e+00 3.779462107222080203e+00
2.339999999999999858e+00 3.780158372263908273e+00
2.350000000000000089e+00 3.780969757916927243e+00
2.359999999999999876e+00 3.781444451296329667e+00
2.370000000000000107e+00 3.782286200101375506e+00
2.379999999999999893e+00 3.782731584916114720e+00
2.390000000000000124e+00 3.783309543535709363e+00
2.399999999999999911e+00 3.783747982313633074e+00
2.410000000000000142e+00 3.784132209596633878e+00
2.419999999999999929e+00 3.784396321997642421e+00
2.430000000000000160e+00 3.784844805767536347e+00
2.439999999999999947e+00 3.785403466794490690e+00
2.450000000000000178e+00 3.785852071406841102e+00
2.459999999999999964e+00 3.786086446232795666e+00
2.470000000000000195e+00 3.786517810766696801e+00
2.479999999999999982e+00 3.786870379457473845e+00
2.490000000000000213e+00 3.787363167812824116e+00
2.500000000000000000e+00 3.787701871979236579e+00
2.510000000000000231e+00 3.787998278181552880e+00
2.520000000000000018e+00 3.788265493564605624e+00
2.530000000000000249e+00 3.788581166591644234e+00
2.540000000000000036e+00 3.788743524510860272e+00
2.550000000000000266e+00 3.789027503666877905e+00
2.560000000000000053e+00 3.789172406637668633e+00
2.569999999999999840e+00 3.789385179524421776e+00
2.580000000000000071e+00 3.789554103784561256e+00
2.589999999999999858e+00 3.789648729534149219e+00
2.600000000000000089e+00 3.789834444899558896e+00
2.609999999999999876e+00 3.789965392806529998e+00
2.620000000000000107e+00 3.790034688484668735e+00
2.629999999999999893e+00 3.790102223606109710e+00
2.640000000000000124e+00 3.790173120148181862e+00
2.649999999999999911e+00 3.790322720446586580e+00
2.660000000000000142e+00 3.790385280299186643e+00
2.669999999999999929e+00 3.790416604998111616e+00
2.680000000000000160e+00 3.790501944391727385e+00
2.689999999999999947e+00 3.790597255587577763e+00
2.700000000000000178e+00 3.790641377251148025e+00
2.709999999999999964e+00 3.790684764702320297e+00
2.720000000000000195e+00 3.790730066537856935e+00
2.729999999999999982e+00 3.790745597968101510e+00
2.740000000000000213e+00 3.790756736514568459e+00
2.750000000000000000e+00 3.790810014801025307e+00
2.760000000000000231e+00 3.790854911868572152e+00
2.770000000000000018e+00 3.790893956227302741e+00
2.780000000000000249e+00 3.790937960700988985e+00
2.790000000000000036e+00 3.790998255186080801e+00
2.800000000000000266e+00 3.791039787669181926e+00
2.810000000000000053e+00 3.791103785302639029e+00
2.819999999999999840e+00 3.791120403716564002e+00
2.830000000000000071e+00 3.791148300297260132e+00
2.839999999999999858e+00 3.791198604710102060e+00
2.850000000000000089e+00 3.791244791071414877e+00
2.859999999999999876e+00 3.791341822245120952e+00
2.870000000000000107e+00 3.791391041738986889e+00
2.879999999999999893e+00 3.791436883375644662e+00
2.890000000000000124e+00 3.791482276089191306e+00
2.899999999999999911e+00 3.791498518695831432e+00
2.910000000000000142e+00 3.791531529653072496e+00
2.919999999999999929e+00 3.791565298404693696e+00
2.930000000000000160e+00 3.791592360522746841e+00
2.939999999999999947e+00 3.791612479088306564e+00
2.950000000000000178e+00 3.791624800157546993e+00
2.959999999999999964e+00 3.791681007263660419e+00
2.970000000000000195e+00 3.791715386097431306e+00
2.979999999999999982e+00 3.791730588643551059e+00
2.990000000000000213e+00 3.791768147270679457e+00
3.000000000000000000e+00 3.791786144812107295e+00
