0.000000000000000000e+00 9.076749944753804977e-02 9.596124157436332347e-02
1.000000000000000021e-02 7.595806283599210174e-01 8.203834244614768290e-01
2.000000000000000042e-02 7.595708666461772340e-01 8.203687565320664232e-01
2.999999999999999889e-02 3.237776224892741972e+00 3.291728580462329745e+00
4.000000000000000083e-02 3.237771140917560686e+00 3.291728476096370315e+00
5.000000000000000278e-02 3.237772448800723790e+00 3.291728174625713432e+00
5.999999999999999778e-02 3.237769832145729332e+00 3.291728116028747486e+00
7.000000000000000666e-02 3.237774870661474402e+00 3.291724040476106339e+00
8.000000000000000167e-02 3.237779000340558877e+00 3.291723108419321253e+00
8.999999999999999667e-02 3.237782965675965130e+00 3.291721751998290202e+00
1.000000000000000056e-01 3.237790818310664065e+00 3.291719359616353202e+00
1.100000000000000006e-01 3.237794867803327037e+00 3.291718320377596818e+00
1.199999999999999956e-01 3.237794579878422230e+00 3.291718333691981524e+00
1.300000000000000044e-01 3.237805205350012816e+00 3.291715129604248613e+00
1.400000000000000133e-01 3.237796390026038917e+00 3.291717122857147348e+00
1.499999999999999944e-01 3.237788151280256432e+00 3.291715856459763945e+00
1.600000000000000033e-01 3.237788151280256432e+00 3.291715856459763945e+00
1.700000000000000122e-01 3.237788812521437798e+00 3.291712702642937138e+00
1.799999999999999933e-01 3.237788812521437798e+00 3.291712702642937138e+00
1.900000000000000022e-01 3.237811241489850111e+00 3.291725019172228706e+00
2.000000000000000111e-01 3.237817555508713419e+00 3.291723704786201132e+00
2.099999999999999922e-01 3.237809336810963057e+00 3.291724022654636261e+00
2.200000000000000011e-01 3.237849457403605857e+00 3.291760389455372415e+00
2.300000000000000100e-01 3.237880972122327616e+00 3.291782586670740418e+00
2.399999999999999911e-01 3.237908409783099906e+00 3.291803962834621622e+00
2.500000000000000000e-01 3.237899108529255887e+00 3.291843962163759851e+00
2.600000000000000089e-01 3.237924800702022932e+00 3.291847765220714539e+00
2.700000000000000178e-01 3.237943286640030394e+00 3.291875849435943024e+00
2.800000000000000266e-01 3.237979667506117654e+00 3.291962457146744736e+00
2.899999999999999800e-01 3.237765598089239472e+00 3.293049105489709749e+00
2.999999999999999889e-01 3.237778998473077596e+00 3.293296346857160994e+00
3.099999999999999978e-01 3.238114728862341529e+00 3.293039449814263442e+00
3.200000000000000067e-01 3.237853236036051019e+00 3.294133294382345145e+00
3.300000000000000155e-01 3.238059054503853229e+00 3.294829001044814465e+00
3.400000000000000244e-01 3.238562276802095852e+00 3.294340937032666616e+00
3.500000000000000333e-01 3.238842972550135091e+00 3.294372050977010691e+00
3.599999999999999867e-01 3.239031294817804163e+00 3.294346673340917686e+00
3.699999999999999956e-01 3.239234930163059634e+00 3.294381082457866317e+00
3.800000000000000044e-01 3.239376216723540480e+00 3.294862662656685259e+00
3.900000000000000133e-01 3.239358200286464928e+00 3.295441868010921205e+00
4.000000000000000222e-01 3.239338459701584405e+00 3.296173340206100200e+00
4.100000000000000311e-01 3.239001103759097777e+00 3.297685953855228558e+00
4.199999999999999845e-01 3.238475137717034436e+00 3.299360961464140374e+00
4.299999999999999933e-01 3.238398220164843799e+00 3.300395143363408224e+00
4.400000000000000022e-01 3.237826178365743601e+00 3.303083749703371375e+00
4.500000000000000111e-01 3.237707618452886127e+00 3.303663018911501492e+00
4.600000000000000200e-01 3.237366433797982168e+00 3.305379711335990400e+00
4.700000000000000289e-01 3.237312801523212880e+00 3.305824276928897465e+00
4.799999999999999822e-01 3.236274348500254305e+00 3.308892170087811557e+00
4.899999999999999911e-01 3.235341540822674222e+00 3.312360365052531730e+00
5.000000000000000000e-01 3.234082304127022578e+00 3.315456606557563024e+00
5.100000000000000089e-01 3.232634803369011323e+00 3.319095147521530009e+00
5.200000000000000178e-01 3.231240787526381553e+00 3.323774640020119797e+00
5.300000000000000266e-01 3.228521112193926346e+00 3.329172926359311280e+00
5.400000000000000355e-01 3.227233007635658346e+00 3.333720016432220490e+00
5.500000000000000444e-01 3.226163833910141943e+00 3.337271788576926301e+00
5.600000000000000533e-01 3.225278173603510989e+00 3.341773223367237922e+00
5.700000000000000622e-01 3.223760101550327217e+00 3.347419965550197940e+00
5.799999999999999600e-01 3.222985871406095715e+00 3.353284550656777885e+00
5.899999999999999689e-01 3.220362068001950906e+00 3.361104840438639219e+00
5.999999999999999778e-01 3.220733104118104873e+00 3.363563145796064635e+00
6.099999999999999867e-01 3.220993008619061904e+00 3.367823678135164478e+00
6.199999999999999956e-01 3.221329397417366014e+00 3.372218704951942758e+00
6.300000000000000044e-01 3.223336577018844018e+00 3.374608899031533049e+00
6.400000000000000133e-01 3.224073035552234678e+00 3.379359699142246320e+00
6.500000000000000222e-01 3.225463601529189983e+00 3.384545548398902870e+00
6.600000000000000311e-01 3.216774855467747329e+00 3.397462569940615573e+00
6.700000000000000400e-01 3.012378380239622455e+00 3.531929519044739951e+00
6.800000000000000488e-01 3.163307765861840259e+00 3.463430406407026929e+00
6.900000000000000577e-01 3.234570263523534273e+00 3.433892868395372666e+00
7.000000000000000666e-01 3.243109329537474661e+00 3.441948978224671496e+00
7.099999999999999645e-01 3.249773800819690361e+00 3.453350579568569945e+00
7.199999999999999734e-01 3.255897696481456105e+00 3.462247831734905912e+00
7.299999999999999822e-01 3.261996773202592070e+00 3.472422096855467988e+00
7.399999999999999911e-01 3.268464283774707102e+00 3.482817397095348877e+00
7.500000000000000000e-01 3.276328061825749316e+00 3.494384739521029459e+00
7.600000000000000089e-01 3.286687920101671434e+00 3.505484556852788369e+00
7.700000000000000178e-01 3.296972745354045831e+00 3.515458864977489828e+00
7.800000000000000266e-01 3.306947121840620785e+00 3.523323482145165553e+00
7.900000000000000355e-01 3.317075492742628029e+00 3.531115979349046974e+00
8.000000000000000444e-01 3.327689262274728055e+00 3.537611492696776327e+00
8.100000000000000533e-01 3.337138336570851571e+00 3.544582305724031990e+00
8.200000000000000622e-01 3.345925558259492671e+00 3.547779364321226314e+00
8.300000000000000711e-01 3.355622080369764060e+00 3.551724521087832098e+00
8.399999999999999689e-01 3.365563086253721359e+00 3.556756378596704238e+00
8.499999999999999778e-01 3.376034001280535435e+00 3.556581912077199092e+00
8.599999999999999867e-01 3.384475860991751794e+00 3.557795170888627290e+00
8.699999999999999956e-01 3.392813175354863375e+00 3.558286340393160607e+00
8.800000000000000044e-01 3.399142376682370514e+00 3.557225557229906965e+00
8.900000000000000133e-01 3.405837798590925836e+00 3.555808867115708871e+00
9.000000000000000222e-01 3.410712047036352335e+00 3.554658173844156277e+00
9.100000000000000311e-01 3.414935962891633814e+00 3.555898903603498695e+00
9.200000000000000400e-01 3.419450365832583660e+00 3.555179692785008339e+00
9.300000000000000488e-01 3.424402946358028554e+00 3.552689275898631482e+00
9.400000000000000577e-01 3.429323257508985368e+00 3.552410916904695792e+00
9.500000000000000666e-01 3.432837983172710050e+00 3.554593635141079400e+00
9.599999999999999645e-01 3.436932509193108221e+00 3.554125755524947916e+00
9.699999999999999734e-01 3.439708498815913451e+00 3.554430549865346123e+00
9.799999999999999822e-01 3.442740712002479331e+00 3.553868708211220362e+00
9.899999999999999911e-01 3.444047042074435794e+00 3.553218467306858308e+00
1.000000000000000000e+00 3.446369061187559701e+00 3.552741471425241215e+00
1.010000000000000009e+00 3.448762737954013780e+00 3.552106501862652088e+00
1.020000000000000018e+00 3.449894466515229574e+00 3.551606419066740905e+00
1.030000000000000027e+00 3.451879757310420960e+00 3.550712015794247112e+00
1.040000000000000036e+00 3.453439949319939473e+00 3.549264148718734191e+00
1.050000000000000044e+00 3.454487908598538493e+00 3.548602712181452734e+00
1.060000000000000053e+00 3.455505355692729985e+00 3.547763580483570323e+00
1.070000000000000062e+00 3.457105642977779336e+00 3.546074902662212036e+00
1.080000000000000071e+00 3.457675779685365658e+00 3.545870667086255867e+00
1.090000000000000080e+00 3.458242878428611000e+00 3.545864672068444357e+00
1.100000000000000089e+00 3.456836897626248017e+00 3.546809118241938563e+00
1.110000000000000098e+00 3.457127027206260195e+00 3.546971199646156592e+00
1.120000000000000107e+00 3.457350846802754063e+00 3.547267667639689925e+00
1.130000000000000115e+00 3.457280760531677544e+00 3.548800327286468104e+00
1.140000000000000124e+00 3.456965864080173478e+00 3.549029125877635860e+00
1.150000000000000133e+00 3.457210824641661073e+00 3.549766280093713089e+00
1.159999999999999920e+00 3.456815339807542298e+00 3.550437312918631516e+00
1.169999999999999929e+00 3.456918304251127338e+00 3.551135005809373801e+00
1.179999999999999938e+00 3.457187005358478338e+00 3.551373613371112903e+00
1.189999999999999947e+00 3.457309765105676558e+00 3.551645364641714320e+00
1.199999999999999956e+00 3.457603092288369595e+00 3.551491744633322512e+00
1.209999999999999964e+00 3.457842419016115887e+00 3.551670004379994250e+00
1.219999999999999973e+00 3.458086722904925914e+00 3.551655296867603617e+00
1.229999999999999982e+00 3.458572225178227821e+00 3.551444932042612468e+00
1.239999999999999991e+00 3.458650500321164500e+00 3.551488285680041379e+00
1.250000000000000000e+00 3.458684175769929592e+00 3.551456482527609371e+00
1.260000000000000009e+00 3.458664499107300117e+00 3.551497766484321694e+00
1.270000000000000018e+00 3.458749354419832667e+00 3.551646251063222071e+00
1.280000000000000027e+00 3.459299792407667606e+00 3.551516277595842208e+00
1.290000000000000036e+00 3.459791601240957970e+00 3.551386197931443167e+00
1.300000000000000044e+00 3.461176755765708712e+00 3.551020040107933262e+00
1.310000000000000053e+00 3.461240897154283402e+00 3.551063101077604145e+00
1.320000000000000062e+00 3.461250193333567537e+00 3.551178224086819490e+00
1.330000000000000071e+00 3.461255129118183227e+00 3.551323136200687181e+00
1.340000000000000080e+00 3.461499646733313451e+00 3.551839375211686356e+00
1.350000000000000089e+00 3.461553318714100325e+00 3.551985135561030571e+00
1.360000000000000098e+00 3.461437101387369708e+00 3.552688622942579144e+00
1.370000000000000107e+00 3.461587435252427625e+00 3.553067329533338814e+00
1.380000000000000115e+00 3.461518467634709939e+00 3.553209300371614976e+00
1.390000000000000124e+00 3.458536729573387092e+00 3.553801630473953033e+00
1.400000000000000133e+00 3.457333732309852525e+00 3.554337438992943188e+00
1.409999999999999920e+00 3.456573904216234450e+00 3.554753766553457428e+00
1.419999999999999929e+00 3.454517649727870676e+00 3.555767938484142299e+00
1.429999999999999938e+00 3.449043378181063879e+00 3.558813306661045672e+00
1.439999999999999947e+00 3.443504325471439032e+00 3.562456319689236039e+00
1.449999999999999956e+00 3.432428636764531582e+00 3.568973862620348214e+00
1.459999999999999964e+00 3.423423749956684414e+00 3.573712797308368661e+00
1.469999999999999973e+00 3.422574042334930677e+00 3.574108164286239120e+00
1.479999999999999982e+00 3.419676185599621832e+00 3.575651787923518121e+00
1.489999999999999991e+00 3.417763902938602882e+00 3.577089022586108946e+00
1.500000000000000000e+00 3.416832683067457577e+00 3.577364759859902765e+00
1.510000000000000009e+00 3.416732177712839214e+00 3.577636921627599609e+00
1.520000000000000018e+00 3.415539274065574560e+00 3.578418665425697753e+00
1.530000000000000027e+00 3.415351878752847625e+00 3.578812729883054544e+00
1.540000000000000036e+00 3.414130659140032886e+00 3.579638446933346874e+00
1.550000000000000044e+00 3.413764537026660051e+00 3.579802285716755961e+00
1.560000000000000053e+00 3.411563764230221452e+00 3.581198841408282263e+00
1.570000000000000062e+00 3.410381309706617792e+00 3.581910037863801577e+00
1.580000000000000071e+00 3.410108301426095778e+00 3.582485941623525960e+00
1.590000000000000080e+00 3.410970939835284543e+00 3.582216401063229139e+00
1.600000000000000089e+00 3.411587047658557470e+00 3.582717269014721762e+00
1.610000000000000098e+00 3.417175099377384395e+00 3.581024382748851931e+00
1.620000000000000107e+00 3.417789459963874954e+00 3.581547939971847505e+00
1.630000000000000115e+00 3.418697315079197274e+00 3.582083596285357885e+00
1.640000000000000124e+00 3.421477108005968049e+00 3.582088386207136210e+00
1.650000000000000133e+00 3.425660602112684749e+00 3.581788622726525873e+00
1.660000000000000142e+00 3.429545480273455293e+00 3.582759731418401206e+00
1.669999999999999929e+00 3.432701596673768396e+00 3.583746084533888432e+00
1.679999999999999938e+00 3.433330826984323902e+00 3.584495764712415156e+00
1.689999999999999947e+00 3.434154954535558524e+00 3.586283410690233708e+00
1.699999999999999956e+00 3.434342806733398312e+00 3.587458087789269001e+00
1.709999999999999964e+00 3.434413719673851340e+00 3.589237755693694965e+00
1.719999999999999973e+00 3.434855619847850150e+00 3.590775881431027550e+00
1.729999999999999982e+00 3.435116181616804543e+00 3.593567460389115897e+00
1.739999999999999991e+00 3.435240097349112620e+00 3.595018699137741525e+00
1.750000000000000000e+00 3.432980437661723894e+00 3.598697609775943551e+00
1.760000000000000009e+00 3.432035096410068320e+00 3.601386384202686308e+00
1.770000000000000018e+00 3.429008767602257368e+00 3.604640128443427738e+00
1.780000000000000027e+00 3.422995859900280102e+00 3.610593581532672403e+00
1.790000000000000036e+00 3.422401772826919153e+00 3.613919092355957208e+00
1.800000000000000044e+00 3.423212503715271193e+00 3.618085277904754538e+00
1.810000000000000053e+00 3.423582562525310014e+00 3.621634162194691253e+00
1.820000000000000062e+00 3.425070107391044338e+00 3.625604165484741515e+00
1.830000000000000071e+00 3.431550988989239936e+00 3.626754834198588018e+00
1.840000000000000080e+00 3.433299048643050799e+00 3.632553681716979899e+00
1.850000000000000089e+00 3.432702448119341998e+00 3.637986045738041962e+00
1.860000000000000098e+00 3.435608243799741501e+00 3.643033194927637552e+00
1.870000000000000107e+00 3.435628399912729058e+00 3.649294391840085972e+00
1.880000000000000115e+00 3.436774932328370280e+00 3.654949457858892803e+00
1.890000000000000124e+00 3.438303497344244786e+00 3.663501981109391625e+00
1.900000000000000133e+00 3.439327542835653784e+00 3.670226068576394329e+00
1.910000000000000142e+00 3.440454844487547792e+00 3.678071402603745543e+00
1.919999999999999929e+00 3.443706326973092757e+00 3.688742183697569565e+00
1.929999999999999938e+00 3.446767773540944990e+00 3.697822186361818364e+00
1.939999999999999947e+00 3.451028243253023930e+00 3.706767344496457284e+00
1.949999999999999956e+00 3.455742784087110664e+00 3.716485915029596576e+00
1.959999999999999964e+00 3.458858631029834818e+00 3.725232138447055696e+00
1.969999999999999973e+00 3.465143474604923224e+00 3.735610324790637815e+00
1.979999999999999982e+00 3.470959253160685432e+00 3.745432535293370169e+00
1.989999999999999991e+00 3.477456288391556516e+00 3.755129691675696879e+00
2.000000000000000000e+00 3.484432302941006476e+00 3.764420403152781702e+00
2.010000000000000231e+00 3.492269293645675177e+00 3.773521270748322110e+00
2.020000000000000018e+00 3.500779234688445207e+00 3.783054391939477235e+00
2.030000000000000249e+00 3.509346204541054615e+00 3.791264337899359571e+00
2.040000000000000036e+00 3.518450547020322450e+00 3.798775780794733326e+00
2.049999999999999822e+00 3.529486942068417399e+00 3.806655189717928600e+00
2.060000000000000053e+00 3.538899919767361180e+00 3.813046926579494400e+00
2.069999999999999840e+00 3.549575019244832763e+00 3.819044120693522171e+00
2.080000000000000071e+00 3.560476242433782357e+00 3.825197249401811828e+00
2.089999999999999858e+00 3.572391436400248921e+00 3.829183782191440955e+00
2.100000000000000089e+00 3.585925753967511120e+00 3.832813263094676515e+00
2.109999999999999876e+00 3.596246734374571208e+00 3.836124186412286807e+00
2.120000000000000107e+00 3.606298428037792547e+00 3.838675666324466107e+00
2.129999999999999893e+00 3.616124194901003452e+00 3.840297732131467523e+00
2.140000000000000124e+00 3.625033049260529161e+00 3.841293959396926638e+00
2.149999999999999911e+00 3.635327298738617152e+00 3.841633424008231934e+00
2.160000000000000142e+00 3.642927866291937988e+00 3.842492651605668108e+00
2.169999999999999929e+00 3.649706729521412285e+00 3.842951697368961028e+00
2.180000000000000160e+00 3.656090997299744405e+00 3.843175970712111589e+00
2.189999999999999947e+00 3.662160029959346197e+00 3.843481135201786358e+00
2.200000000000000178e+00 3.669729819495130663e+00 3.842559672129701731e+00
2.209999999999999964e+00 3.675466371286412404e+00 3.842373098666170605e+00
2.220000000000000195e+00 3.681848575243654942e+00 3.842156254740056731e+00
2.229999999999999982e+00 3.688001561840661857e+00 3.841403600021711107e+00
2.240000000000000213e+00 3.693096943376875441e+00 3.840486621281289370e+00
2.250000000000000000e+00 3.699052908267240536e+00 3.839081968003053458e+00
2.260000000000000231e+00 3.703278943181399274e+00 3.838212178916569517e+00
2.270000000000000018e+00 3.711079942247483832e+00 3.835956853621389495e+00
2.280000000000000249e+00 3.714764800361593178e+00 3.834872257743875412e+00
2.290000000000000036e+00 3.718114787171508784e+00 3.833951001278732118e+00
2.300000000000000266e+00 3.720840492285026446e+00 3.833322525922523649e+00
2.310000000000000053e+00 3.723400612404814680e+00 3.832546540071495755e+00
2.319999999999999840e+00 3.726833128464897005e+00 3.831388851949493191e+00
2.330000000000000071e+00 3.727767575720679183e+00 3.831156638723481223e+00
2.339999999999999858e+00 3.729849432835451228e+00 3.830467311692365318e+00
2.350000000000000089e+00 3.732159352637393734e+00 3.829780163196460752e+00
2.359999999999999876e+00 3.733701648402185658e+00 3.829187254190473677e+00
2.370000000000000107e+00 3.736246538826764496e+00 3.828325861375986516e+00
2.379999999999999893e+00 3.737650316672254114e+00 3.827812853159975326e+00
2.390000000000000124e+00 3.739541101064187245e+00 3.827077986007231480e+00
2.399999999999999911e+00 3.741021869348774231e+00 3.826474095278491916e+00
2.410000000000000142e+00 3.742130992604141504e+00 3.826133426589126252e+00
2.419999999999999929e+00 3.742991972977012693e+00 3.825800671018272148e+00
2.430000000000000160e+00 3.744363339319590533e+00 3.825326272215482160e+00
2.439999999999999947e+00 3.746172884708716566e+00 3.824634048880264814e+00
2.450000000000000178e+00 3.747377476502370630e+00 3.824326666311311573e+00
2.459999999999999964e+00 3.748097526158430171e+00 3.824075366307161161e+00
2.470000000000000195e+00 3.749298039433907270e+00 3.823737582099486332e+00
2.479999999999999982e+00 3.750467260972974337e+00 3.823273497941973353e+00
2.490000000000000213e+00 3.752023920513761990e+00 3.822702415111886243e+00
2.500000000000000000e+00 3.753178145022637580e+00 3.822225598935835578e+00
2.510000000000000231e+00 3.754059668041886511e+00 3.821936888321219250e+00
2.520000000000000018e+00 3.754741719825112067e+00 3.821789267304099180e+00
2.530000000000000249e+00 3.755723083093876813e+00 3.821439250089411654e+00
2.540000000000000036e+00 3.756240021754394753e+00 3.821247027267325791e+00
2.550000000000000266e+00 3.757229329155298281e+00 3.820825678178457530e+00
2.560000000000000053e+00 3.757656818672373333e+00 3.820687994602963933e+00
2.569999999999999840e+00 3.758472625632764963e+00 3.820297733416078589e+00
2.580000000000000071e+00 3.759063698283954924e+00 3.820044509285167589e+00
2.589999999999999858e+00 3.759303147428093350e+00 3.819994311640205087e+00
2.600000000000000089e+00 3.759808171496244356e+00 3.819860718302873437e+00
2.609999999999999876e+00 3.760247975586601399e+00 3.819682810026458597e+00
2.620000000000000107e+00 3.760417715137589934e+00 3.819651661831747536e+00
2.629999999999999893e+00 3.760690252244969667e+00 3.819514194967249754e+00
2.640000000000000124e+00 3.760885561576657210e+00 3.819460678719706515e+00
2.649999999999999911e+00 3.761279109706461288e+00 3.819366331186711871e+00
2.660000000000000142e+00 3.761594224862612190e+00 3.819176335735761096e+00
2.669999999999999929e+00 3.761686502213204442e+00 3.819146707783018790e+00
2.680000000000000160e+00 3.761992364976991521e+00 3.819011523806463249e+00
2.689999999999999947e+00 3.762257845593600436e+00 3.818936665581555090e+00
2.700000000000000178e+00 3.762416697150560818e+00 3.818866057351735233e+00
2.709999999999999964e+00 3.762573717706529042e+00 3.818795811698111553e+00
2.720000000000000195e+00 3.762696483957542970e+00 3.818763649118170900e+00
2.729999999999999982e+00 3.762717835257430643e+00 3.818773360678772377e+00
2.740000000000000213e+00 3.762731475720308083e+00 3.818781997308828835e+00
2.750000000000000000e+00 3.762846921909582587e+00 3.818773107692468027e+00
2.760000000000000231e+00 3.762949830439751953e+00 3.818759993297392352e+00
2.770000000000000018e+00 3.763045764401646398e+00 3.818742148052959084e+00
2.780000000000000249e+00 3.763112260152428501e+00 3.818763661249549468e+00
2.790000000000000036e+00 3.763238747792858607e+00 3.818757762579302995e+00
2.800000000000000266e+00 3.763326585515659239e+00 3.818752989822704613e+00
2.810000000000000053e+00 3.763481977552157964e+00 3.818725593053120093e+00
2.819999999999999840e+00 3.763571415814513710e+00 3.818669391618614295e+00
2.830000000000000071e+00 3.763621430242486188e+00 3.818675170352034076e+00
2.839999999999999858e+00 3.763739731294489577e+00 3.818657478125714544e+00
2.850000000000000089e+00 3.763811968857110113e+00 3.818677613285719641e+00
2.859999999999999876e+00 3.764071151750027155e+00 3.818612492740214748e+00
2.870000000000000107e+00 3.764159678681033405e+00 3.818622404796940373e+00
2.879999999999999893e+00 3.764272153104831986e+00 3.818601613646457338e+00
2.890000000000000124e+00 3.764328106358946879e+00 3.818636445819435732e+00
2.899999999999999911e+00 3.764366128922106203e+00 3.818630908469556662e+00
2.910000000000000142e+00 3.764522114065292691e+00 3.818540945240852302e+00
2.919999999999999929e+00 3.764581093782242593e+00 3.818549503027144798e+00
2.930000000000000160e+00 3.764635548997808279e+00 3.818549172047685403e+00
2.939999999999999947e+00 3.764682005018298305e+00 3.818542953158314823e+00
2.950000000000000178e+00 3.764704601589625277e+00 3.818544998725468709e+00
2.959999999999999964e+00 3.764846687631906885e+00 3.818515326895413953e+00
2.970000000000000195e+00 3.764946140663838037e+00 3.818484631531024576e+00
2.979999999999999982e+00 3.764980422506926327e+00 3.818480754780175790e+00
2.990000000000000213e+00 3.765073309375196686e+00 3.818462985166162227e+00
3.000000000000000000e+00 3.765115091991116714e+00 3.818457197633097877e+00
