0.000000000000000000e+00 1.980470303128659681e-01
1.000000000000000021e-02 9.556120400875807164e-01
2.000000000000000042e-02 9.556120400875807164e-01
2.999999999999999889e-02 9.556120400875807164e-01
4.000000000000000083e-02 9.556120066344737651e-01
5.000000000000000278e-02 3.085278682527542227e+00
5.999999999999999778e-02 3.085229049782753030e+00
7.000000000000000666e-02 3.085218893048763178e+00
8.000000000000000167e-02 3.085126926367282696e+00
8.999999999999999667e-02 3.084872729084491727e+00
1.000000000000000056e-01 3.084597297108173208e+00
1.100000000000000006e-01 3.084068503458500032e+00
1.199999999999999956e-01 3.083460604581832687e+00
1.300000000000000044e-01 3.083255379047393774e+00
1.400000000000000133e-01 3.082698409044742682e+00
1.499999999999999944e-01 3.081821234476566307e+00
1.600000000000000033e-01 3.081520672268867500e+00
1.700000000000000122e-01 3.081159169502258433e+00
1.799999999999999933e-01 3.081006625943183863e+00
1.900000000000000022e-01 3.080902659726143078e+00
2.000000000000000111e-01 3.080848269779682180e+00
2.099999999999999922e-01 3.080783945124149437e+00
2.200000000000000011e-01 3.080726427226066377e+00
2.300000000000000100e-01 3.080711756246089728e+00
2.399999999999999911e-01 3.080704555215835416e+00
2.500000000000000000e-01 3.080701433391570987e+00
2.600000000000000089e-01 3.080689059491157344e+00
2.700000000000000178e-01 3.080678216438293315e+00
2.800000000000000266e-01 3.080624697756767283e+00
2.899999999999999800e-01 3.080611155910491838e+00
2.999999999999999889e-01 3.080608071365356526e+00
3.099999999999999978e-01 3.080601509764194557e+00
3.200000000000000067e-01 3.080599188840389413e+00
3.300000000000000155e-01 3.080588951404094722e+00
3.400000000000000244e-01 3.080585986745357552e+00
3.500000000000000333e-01 3.080584429862499363e+00
3.599999999999999867e-01 3.080582031733989812e+00
3.699999999999999956e-01 3.080579628322124286e+00
3.800000000000000044e-01 3.080579628322124286e+00
3.900000000000000133e-01 3.080574949171543064e+00
4.000000000000000222e-01 3.080574949171543064e+00
4.100000000000000311e-01 3.080574949171543064e+00
4.199999999999999845e-01 3.080574949171543064e+00
4.299999999999999933e-01 3.080574949171543064e+00
4.400000000000000022e-01 3.080574949171543064e+00
4.500000000000000111e-01 3.080574949171543064e+00
4.600000000000000200e-01 3.080574949171543064e+00
4.700000000000000289e-01 3.080574949171543064e+00
4.799999999999999822e-01 3.080567918250560755e+00
4.899999999999999911e-01 3.080549015431404136e+00
5.000000000000000000e-01 3.080533545954227570e+00
5.100000000000000089e-01 3.080491032288074305e+00
5.200000000000000178e-01 3.080457145178317813e+00
5.300000000000000266e-01 3.080363795890808110e+00
5.400000000000000355e-01 3.080258950023651021e+00
5.500000000000000444e-01 3.080239626796245744e+00
5.600000000000000533e-01 3.080180869355201523e+00
5.700000000000000622e-01 3.080130608441829843e+00
5.799999999999999600e-01 3.080067907466888411e+00
5.899999999999999689e-01 3.079878365437984655e+00
5.999999999999999778e-01 3.079804491033554026e+00
6.099999999999999867e-01 3.079724419608115937e+00
6.199999999999999956e-01 3.079587103483676813e+00
6.300000000000000044e-01 3.079412597880363478e+00
6.400000000000000133e-01 3.079195837829113103e+00
6.500000000000000222e-01 3.078936602919101873e+00
6.600000000000000311e-01 3.078787270007133703e+00
6.700000000000000400e-01 3.078692173266410759e+00
6.800000000000000488e-01 3.078593795897960561e+00
6.900000000000000577e-01 3.078501480216980113e+00
7.000000000000000666e-01 3.078407051770687186e+00
7.099999999999999645e-01 3.078319730312824465e+00
7.199999999999999734e-01 3.078156592543125125e+00
7.299999999999999822e-01 3.078031869735717851e+00
7.399999999999999911e-01 3.077964771845340675e+00
7.500000000000000000e-01 3.077901325910091579e+00
7.600000000000000089e-01 3.077796047244071964e+00
7.700000000000000178e-01 3.077700369002819070e+00
7.800000000000000266e-01 3.077596060676574652e+00
7.900000000000000355e-01 3.077364055240154439e+00
8.000000000000000444e-01 3.077209884588718580e+00
8.100000000000000533e-01 3.076982239062786118e+00
8.200000000000000622e-01 3.076866591656207905e+00
8.300000000000000711e-01 3.076581306719779807e+00
8.399999999999999689e-01 3.076487732172012546e+00
8.499999999999999778e-01 3.076341833345889842e+00
8.599999999999999867e-01 3.076197669191360617e+00
8.699999999999999956e-01 3.076012297270298124e+00
8.800000000000000044e-01 3.075879562087059149e+00
8.900000000000000133e-01 3.075815592160224821e+00
9.000000000000000222e-01 3.075669844298362765e+00
9.100000000000000311e-01 3.075567010388374545e+00
9.200000000000000400e-01 3.075449402220248984e+00
9.300000000000000488e-01 3.075416494441032267e+00
9.400000000000000577e-01 3.075345730245113263e+00
9.500000000000000666e-01 3.075225278441906074e+00
9.599999999999999645e-01 3.075203041946887872e+00
9.699999999999999734e-01 3.075200556488037140e+00
9.799999999999999822e-01 3.075256751687526879e+00
9.899999999999999911e-01 3.075092439851760950e+00
1.000000000000000000e+00 3.074875023047924039e+00
1.010000000000000009e+00 3.074862798776626605e+00
1.020000000000000018e+00 3.074413017086982780e+00
1.030000000000000027e+00 3.074123473148345997e+00
1.040000000000000036e+00 3.073939969723224586e+00
1.050000000000000044e+00 3.073795602672100280e+00
1.060000000000000053e+00 3.073683890967369159e+00
1.070000000000000062e+00 3.073611845872401993e+00
1.080000000000000071e+00 3.073538520264625706e+00
1.090000000000000080e+00 3.073410311372279935e+00
1.100000000000000089e+00 3.073292198078632520e+00
1.110000000000000098e+00 3.073263472712040034e+00
1.120000000000000107e+00 3.073205599610805638e+00
1.130000000000000115e+00 3.073153396830558659e+00
1.140000000000000124e+00 3.073074481670856617e+00
1.150000000000000133e+00 3.072935780346393475e+00
1.159999999999999920e+00 3.072834085590839592e+00
1.169999999999999929e+00 3.072751780741214578e+00
1.179999999999999938e+00 3.072694706575870516e+00
1.189999999999999947e+00 3.072651817069053770e+00
1.199999999999999956e+00 3.072583451511859742e+00
1.209999999999999964e+00 3.072466137228011984e+00
1.219999999999999973e+00 3.072357173981666634e+00
1.229999999999999982e+00 3.072376433408260166e+00
1.239999999999999991e+00 3.072343598113060015e+00
1.250000000000000000e+00 3.072408750092983087e+00
1.260000000000000009e+00 3.072538233387470452e+00
1.270000000000000018e+00 3.072798998105525925e+00
1.280000000000000027e+00 3.072742604255676468e+00
1.290000000000000036e+00 3.072851908969879364e+00
1.300000000000000044e+00 3.073003941876888412e+00
1.310000000000000053e+00 3.073063824877738881e+00
1.320000000000000062e+00 3.073153588721752261e+00
1.330000000000000071e+00 3.073534966783523448e+00
1.340000000000000080e+00 3.075234541795253573e+00
1.350000000000000089e+00 3.077795068969726433e+00
1.360000000000000098e+00 3.082008357474804061e+00
1.370000000000000107e+00 3.085368012971878127e+00
1.380000000000000115e+00 3.088034639954567062e+00
1.390000000000000124e+00 3.090866150662899159e+00
1.400000000000000133e+00 3.097743550577163774e+00
1.409999999999999920e+00 3.104099493503570617e+00
1.419999999999999929e+00 3.105747515382766721e+00
1.429999999999999938e+00 3.107367650525569847e+00
1.439999999999999947e+00 3.113914819576740101e+00
1.449999999999999956e+00 3.129934727077483991e+00
1.459999999999999964e+00 3.145298805744647819e+00
1.469999999999999973e+00 3.168921690504550970e+00
1.479999999999999982e+00 3.200840066449642141e+00
1.489999999999999991e+00 3.254435593957901052e+00
1.500000000000000000e+00 3.324935653071403596e+00
1.510000000000000009e+00 3.409955380380153667e+00
1.520000000000000018e+00 3.490935149197578635e+00
1.530000000000000027e+00 3.548986281187534342e+00
1.540000000000000036e+00 3.590581693360805460e+00
1.550000000000000044e+00 3.615362320375442362e+00
1.560000000000000053e+00 3.632691505672931864e+00
1.570000000000000062e+00 3.640293424332142092e+00
1.580000000000000071e+00 3.645498208138942875e+00
1.590000000000000080e+00 3.649367074182033654e+00
1.600000000000000089e+00 3.652269153084755082e+00
1.610000000000000098e+00 3.655591182610988810e+00
1.620000000000000107e+00 3.656675989015102601e+00
1.630000000000000115e+00 3.658181718721389863e+00
1.640000000000000124e+00 3.658617098805904355e+00
1.650000000000000133e+00 3.658935824189186281e+00
1.660000000000000142e+00 3.659563255698680795e+00
1.669999999999999929e+00 3.659890696341991490e+00
1.679999999999999938e+00 3.660489518954753940e+00
1.689999999999999947e+00 3.660420905237197875e+00
1.699999999999999956e+00 3.660048609204292092e+00
1.709999999999999964e+00 3.659999803168773713e+00
1.719999999999999973e+00 3.659762205233573873e+00
1.729999999999999982e+00 3.659156191780567280e+00
1.739999999999999991e+00 3.659032275788784094e+00
1.750000000000000000e+00 3.658995888955593134e+00
1.760000000000000009e+00 3.658902497265339004e+00
1.770000000000000018e+00 3.659015017008781623e+00
1.780000000000000027e+00 3.659028470213413264e+00
1.790000000000000036e+00 3.659157102811336326e+00
1.800000000000000044e+00 3.659414480254650215e+00
1.810000000000000053e+00 3.659627317278385306e+00
1.820000000000000062e+00 3.659658697106838332e+00
1.830000000000000071e+00 3.660006101145744317e+00
1.840000000000000080e+00 3.660252793042659825e+00
1.850000000000000089e+00 3.660959863703250772e+00
1.860000000000000098e+00 3.661589276812076577e+00
1.870000000000000107e+00 3.661766121459007373e+00
1.880000000000000115e+00 3.661681739449500927e+00
1.890000000000000124e+00 3.661624641551971315e+00
1.900000000000000133e+00 3.661554826436042909e+00
1.910000000000000142e+00 3.661490948264598977e+00
1.919999999999999929e+00 3.661427695610523170e+00
1.929999999999999938e+00 3.661454291729926869e+00
1.939999999999999947e+00 3.661418455774783975e+00
1.949999999999999956e+00 3.661263754525184488e+00
1.959999999999999964e+00 3.661167102954387520e+00
1.969999999999999973e+00 3.660967579996585730e+00
1.979999999999999982e+00 3.660869647591113996e+00
1.989999999999999991e+00 3.660849420852660963e+00
2.000000000000000000e+00 3.660780826435089175e+00
2.010000000000000231e+00 3.660718949599266026e+00
2.020000000000000018e+00 3.660673305861950055e+00
2.030000000000000249e+00 3.660650751893520294e+00
2.040000000000000036e+00 3.660641075704097691e+00
2.049999999999999822e+00 3.660644598789215109e+00
2.060000000000000053e+00 3.660604655358791426e+00
2.069999999999999840e+00 3.660642127811908786e+00
2.080000000000000071e+00 3.660611534340381557e+00
2.089999999999999858e+00 3.660601994762420652e+00
2.100000000000000089e+00 3.660589158070087556e+00
2.109999999999999876e+00 3.660581975324153969e+00
2.120000000000000107e+00 3.660529429085254804e+00
2.129999999999999893e+00 3.660525983004569994e+00
2.140000000000000124e+00 3.660507671751976222e+00
2.149999999999999911e+00 3.660475164196491438e+00
2.160000000000000142e+00 3.660427959523200769e+00
2.169999999999999929e+00 3.660373308801650793e+00
2.180000000000000160e+00 3.660260485067367675e+00
2.189999999999999947e+00 3.660173559930324672e+00
2.200000000000000178e+00 3.660034054362773848e+00
2.209999999999999964e+00 3.659958727393150202e+00
2.220000000000000195e+00 3.659856096186637764e+00
2.229999999999999982e+00 3.659742283151149689e+00
2.240000000000000213e+00 3.659659480593204339e+00
2.250000000000000000e+00 3.659553370559215590e+00
2.260000000000000231e+00 3.659500468940734663e+00
2.270000000000000018e+00 3.659364987175464545e+00
2.280000000000000249e+00 3.659173476176261985e+00
2.290000000000000036e+00 3.658968908925056329e+00
2.300000000000000266e+00 3.658835185346603236e+00
2.310000000000000053e+00 3.658765997908115519e+00
2.319999999999999840e+00 3.658707334413528578e+00
2.330000000000000071e+00 3.658660162751674605e+00
2.339999999999999858e+00 3.658632504379749406e+00
2.350000000000000089e+00 3.658623071508407598e+00
2.359999999999999876e+00 3.658601910467147889e+00
2.370000000000000107e+00 3.658569267549514947e+00
2.379999999999999893e+00 3.658504402594566329e+00
2.390000000000000124e+00 3.658468523528576100e+00
2.399999999999999911e+00 3.658400233917236122e+00
2.410000000000000142e+00 3.658349493858814139e+00
2.419999999999999929e+00 3.658305901730060761e+00
2.430000000000000160e+00 3.658279120235443216e+00
2.439999999999999947e+00 3.658237197866439860e+00
2.450000000000000178e+00 3.658216786389350883e+00
2.459999999999999964e+00 3.658177852261066398e+00
2.470000000000000195e+00 3.658174056763649151e+00
2.479999999999999982e+00 3.658155875575542559e+00
2.490000000000000213e+00 3.658146751983165856e+00
2.500000000000000000e+00 3.658147884974479513e+00
2.510000000000000231e+00 3.658150429961681382e+00
2.520000000000000018e+00 3.658152922422885922e+00
2.530000000000000249e+00 3.658132094528675271e+00
2.540000000000000036e+00 3.658123320610523255e+00
2.550000000000000266e+00 3.658110997769832728e+00
2.560000000000000053e+00 3.658108996508121269e+00
2.569999999999999840e+00 3.658101416263580319e+00
2.580000000000000071e+00 3.658094846417903945e+00
2.589999999999999858e+00 3.658080646383762513e+00
2.600000000000000089e+00 3.658084822781086043e+00
2.609999999999999876e+00 3.658084949686527310e+00
2.620000000000000107e+00 3.658075805468559150e+00
2.629999999999999893e+00 3.658077147998809675e+00
2.640000000000000124e+00 3.658077100288867900e+00
2.649999999999999911e+00 3.658076539635658264e+00
2.660000000000000142e+00 3.658076365811824715e+00
2.669999999999999929e+00 3.658074383380413241e+00
2.680000000000000160e+00 3.658064581143856131e+00
2.689999999999999947e+00 3.658062777509689223e+00
2.700000000000000178e+00 3.658060638198852743e+00
2.709999999999999964e+00 3.658053388385772653e+00
2.720000000000000195e+00 3.658041223461627744e+00
2.729999999999999982e+00 3.658042143890857911e+00
2.740000000000000213e+00 3.658038129985332620e+00
2.750000000000000000e+00 3.658044759922027378e+00
2.760000000000000231e+00 3.658043343179226081e+00
2.770000000000000018e+00 3.658035987143516632e+00
2.780000000000000249e+00 3.658035834641456763e+00
2.790000000000000036e+00 3.658035834641456763e+00
2.800000000000000266e+00 3.658033421354293768e+00
2.810000000000000053e+00 3.658031315147876938e+00
2.819999999999999840e+00 3.658029184637069608e+00
2.830000000000000071e+00 3.658028953216075685e+00
2.839999999999999858e+00 3.658027070250511326e+00
2.850000000000000089e+00 3.658027070250511326e+00
2.859999999999999876e+00 3.658026765971183814e+00
2.870000000000000107e+00 3.658024836089611043e+00
2.879999999999999893e+00 3.658024762022495491e+00
2.890000000000000124e+00 3.658024466915130724e+00
2.899999999999999911e+00 3.658024466915130724e+00
2.910000000000000142e+00 3.658024466915130724e+00
2.919999999999999929e+00 3.658023400464057939e+00
2.930000000000000160e+00 3.658023105356693172e+00
2.939999999999999947e+00 3.658023105356693172e+00
2.950000000000000178e+00 3.658023201043605788e+00
2.959999999999999964e+00 3.658023201043605788e+00
2.970000000000000195e+00 3.658023201043605788e+00
2.979999999999999982e+00 3.658023201043605788e+00
2.990000000000000213e+00 3.658023201043605788e+00
3.000000000000000000e+00 3.658023201043605788e+00
