0.000000000000000000e+00 2.658091318649053458e-01
1.000000000000000021e-02 1.465539452476501525e+00
2.000000000000000042e-02 1.489285175790786786e+00
2.999999999999999889e-02 1.489125354366302556e+00
4.000000000000000083e-02 1.488431152837276450e+00
5.000000000000000278e-02 1.873208679219484418e+00
5.999999999999999778e-02 3.914640653986930730e+00
7.000000000000000666e-02 3.916124849517345297e+00
8.000000000000000167e-02 3.916250604720115547e+00
8.999999999999999667e-02 3.916368980152606927e+00
1.000000000000000056e-01 3.911950595486163973e+00
1.100000000000000006e-01 3.893907135267257846e+00
1.199999999999999956e-01 3.848265322868824168e+00
1.300000000000000044e-01 3.738502627592086736e+00
1.400000000000000133e-01 3.562385469429492968e+00
1.499999999999999944e-01 3.384009016315936869e+00
1.600000000000000033e-01 3.263644108939170785e+00
1.700000000000000122e-01 3.207367503376007178e+00
1.799999999999999933e-01 3.177845147497654121e+00
1.900000000000000022e-01 3.171999013309478865e+00
2.000000000000000111e-01 3.169644817671775971e+00
2.099999999999999922e-01 3.168222174301147387e+00
2.200000000000000011e-01 3.168180336425304500e+00
2.300000000000000100e-01 3.168180336425304500e+00
2.399999999999999911e-01 3.168180336425304500e+00
2.500000000000000000e-01 3.168180336425304500e+00
2.600000000000000089e-01 3.168180336425304500e+00
2.700000000000000178e-01 3.168180336425304500e+00
2.800000000000000266e-01 3.168180336425304500e+00
2.899999999999999800e-01 3.168180336425304500e+00
2.999999999999999889e-01 3.168180336425304500e+00
3.099999999999999978e-01 3.168180336425304500e+00
3.200000000000000067e-01 3.168180336425304500e+00
3.300000000000000155e-01 3.168180336425304500e+00
3.400000000000000244e-01 3.168180336425304500e+00
3.500000000000000333e-01 3.168180336425304500e+00
3.599999999999999867e-01 3.168180336425304500e+00
3.699999999999999956e-01 3.168180336425304500e+00
3.800000000000000044e-01 3.168180336425304500e+00
3.900000000000000133e-01 3.168180336425304500e+00
4.000000000000000222e-01 3.168180336425304500e+00
4.100000000000000311e-01 3.168180336425304500e+00
4.199999999999999845e-01 3.168180336425304500e+00
4.299999999999999933e-01 3.168180336425304500e+00
4.400000000000000022e-01 3.168180336425304500e+00
4.500000000000000111e-01 3.168180336425304500e+00
4.600000000000000200e-01 3.168180336425304500e+00
4.700000000000000289e-01 3.168180336425304500e+00
4.799999999999999822e-01 3.168180336425304500e+00
4.899999999999999911e-01 3.168180336425304500e+00
5.000000000000000000e-01 3.168180336425304500e+00
5.100000000000000089e-01 3.168180336425304500e+00
5.200000000000000178e-01 3.168180336425304500e+00
5.300000000000000266e-01 3.168180336425304500e+00
5.400000000000000355e-01 3.168180336425304500e+00
5.500000000000000444e-01 3.168180336425304500e+00
5.600000000000000533e-01 3.168180336425304500e+00
5.700000000000000622e-01 3.168180336425304500e+00
5.799999999999999600e-01 3.168180336425304500e+00
5.899999999999999689e-01 3.168180336425304500e+00
5.999999999999999778e-01 3.168180336425304500e+00
6.099999999999999867e-01 3.168180336425304500e+00
6.199999999999999956e-01 3.168180336425304500e+00
6.300000000000000044e-01 3.168180336425304500e+00
6.400000000000000133e-01 3.168180336425304500e+00
6.500000000000000222e-01 3.168180336425304500e+00
6.600000000000000311e-01 3.168180336425304500e+00
6.700000000000000400e-01 3.168180336425304500e+00
6.800000000000000488e-01 3.168180336425304500e+00
6.900000000000000577e-01 3.168180689990520271e+00
7.000000000000000666e-01 3.168183164947032893e+00
7.099999999999999645e-01 3.168183695294857216e+00
7.199999999999999734e-01 3.168184139783382314e+00
7.299999999999999822e-01 3.168187992017269305e+00
7.399999999999999911e-01 3.168188140180110857e+00
7.500000000000000000e-01 3.168194685623645590e+00
7.600000000000000089e-01 3.168203881301880021e+00
7.700000000000000178e-01 3.168228273339271706e+00
7.800000000000000266e-01 3.168237425947189490e+00
7.900000000000000355e-01 3.168245693948268826e+00
8.000000000000000444e-01 3.168252320218086115e+00
8.100000000000000533e-01 3.168261512374877853e+00
8.200000000000000622e-01 3.168278336002826823e+00
8.300000000000000711e-01 3.168287702171802334e+00
8.399999999999999689e-01 3.168297363958358925e+00
8.499999999999999778e-01 3.168306126048564764e+00
8.599999999999999867e-01 3.168311524453163219e+00
8.699999999999999956e-01 3.168314347412586329e+00
8.800000000000000044e-01 3.168327549321651393e+00
8.900000000000000133e-01 3.168343343319893091e+00
9.000000000000000222e-01 3.168362335829734810e+00
9.100000000000000311e-01 3.168375742638111170e+00
9.200000000000000400e-01 3.168383976891040898e+00
9.300000000000000488e-01 3.168388985788822332e+00
9.400000000000000577e-01 3.168393840901851721e+00
9.500000000000000666e-01 3.168396957211494502e+00
9.599999999999999645e-01 3.168398113579749875e+00
9.699999999999999734e-01 3.168398519208431185e+00
9.799999999999999822e-01 3.168399652905464325e+00
9.899999999999999911e-01 3.168398233742713899e+00
1.000000000000000000e+00 3.168398974106311883e+00
1.010000000000000009e+00 3.168399112493991865e+00
1.020000000000000018e+00 3.168399735238552228e+00
1.030000000000000027e+00 3.168396241335869057e+00
1.040000000000000036e+00 3.168393085155487121e+00
1.050000000000000044e+00 3.168387170944213960e+00
1.060000000000000053e+00 3.168385109343528683e+00
1.070000000000000062e+00 3.168382663583755310e+00
1.080000000000000071e+00 3.168381486654281431e+00
1.090000000000000080e+00 3.168379964129924620e+00
1.100000000000000089e+00 3.168378441808223922e+00
1.110000000000000098e+00 3.168374643249511902e+00
1.120000000000000107e+00 3.168371754386424932e+00
1.130000000000000115e+00 3.168371385867595702e+00
1.140000000000000124e+00 3.168365790448188779e+00
1.150000000000000133e+00 3.168307633955478764e+00
1.159999999999999920e+00 3.168261269350051812e+00
1.169999999999999929e+00 3.168171385734081191e+00
1.179999999999999938e+00 3.168059568123817282e+00
1.189999999999999947e+00 3.167979110198020809e+00
1.199999999999999956e+00 3.167918169293403530e+00
1.209999999999999964e+00 3.167783445541858534e+00
1.219999999999999973e+00 3.167683963594436491e+00
1.229999999999999982e+00 3.167586099681854339e+00
1.239999999999999991e+00 3.167469189946651387e+00
1.250000000000000000e+00 3.167344411737918808e+00
1.260000000000000009e+00 3.167132678146362235e+00
1.270000000000000018e+00 3.166985259518623419e+00
1.280000000000000027e+00 3.166816346187591336e+00
1.290000000000000036e+00 3.166733960072994236e+00
1.300000000000000044e+00 3.166585606782436280e+00
1.310000000000000053e+00 3.166476964633464952e+00
1.320000000000000062e+00 3.166459943964481383e+00
1.330000000000000071e+00 3.166435323822498482e+00
1.340000000000000080e+00 3.166329319665432074e+00
1.350000000000000089e+00 3.166164351608753424e+00
1.360000000000000098e+00 3.166008750028610041e+00
1.370000000000000107e+00 3.165777748894691435e+00
1.380000000000000115e+00 3.165560103135109049e+00
1.390000000000000124e+00 3.165405014092922187e+00
1.400000000000000133e+00 3.165238118913173526e+00
1.409999999999999920e+00 3.165043785734176662e+00
1.419999999999999929e+00 3.164921805524826048e+00
1.429999999999999938e+00 3.164806510436534825e+00
1.439999999999999947e+00 3.165382307460308020e+00
1.449999999999999956e+00 3.165635997703075244e+00
1.459999999999999964e+00 3.166784320681095277e+00
1.469999999999999973e+00 3.168354507155418442e+00
1.479999999999999982e+00 3.171959517390727790e+00
1.489999999999999991e+00 3.176870278987884433e+00
1.500000000000000000e+00 3.182866488344669342e+00
1.510000000000000009e+00 3.195649804801941052e+00
1.520000000000000018e+00 3.219705324044227712e+00
1.530000000000000027e+00 3.250642767586708004e+00
1.540000000000000036e+00 3.323311863160133495e+00
1.550000000000000044e+00 3.419380148828029764e+00
1.560000000000000053e+00 3.534952389771938375e+00
1.570000000000000062e+00 3.624731313614845352e+00
1.580000000000000071e+00 3.676399794704914292e+00
1.590000000000000080e+00 3.706498834462165881e+00
1.600000000000000089e+00 3.722396807012557929e+00
1.610000000000000098e+00 3.739155363609790950e+00
1.620000000000000107e+00 3.747665424056052963e+00
1.630000000000000115e+00 3.751780822660923054e+00
1.640000000000000124e+00 3.753234916040897318e+00
1.650000000000000133e+00 3.754146693496704046e+00
1.660000000000000142e+00 3.754723266470432197e+00
1.669999999999999929e+00 3.755309981789588747e+00
1.679999999999999938e+00 3.755514544157982026e+00
1.689999999999999947e+00 3.755958355729580145e+00
1.699999999999999956e+00 3.756249126424789253e+00
1.709999999999999964e+00 3.756469449775218905e+00
1.719999999999999973e+00 3.756819145517349412e+00
1.729999999999999982e+00 3.757236800017357048e+00
1.739999999999999991e+00 3.757671459341049403e+00
1.750000000000000000e+00 3.757885280640125281e+00
1.760000000000000009e+00 3.758154187688827363e+00
1.770000000000000018e+00 3.758511561286449254e+00
1.780000000000000027e+00 3.758626845812797601e+00
1.790000000000000036e+00 3.758841695647239689e+00
1.800000000000000044e+00 3.758961490564346253e+00
1.810000000000000053e+00 3.759057027978897292e+00
1.820000000000000062e+00 3.759106027798652772e+00
1.830000000000000071e+00 3.759149801573753447e+00
1.840000000000000080e+00 3.759119567513466098e+00
1.850000000000000089e+00 3.759136361570358353e+00
1.860000000000000098e+00 3.759160362079143614e+00
1.870000000000000107e+00 3.759312268145084346e+00
1.880000000000000115e+00 3.759399229362010875e+00
1.890000000000000124e+00 3.759494633843898814e+00
1.900000000000000133e+00 3.759499495713710893e+00
1.910000000000000142e+00 3.759451161222457927e+00
1.919999999999999929e+00 3.759267498764991888e+00
1.929999999999999938e+00 3.759206825656890683e+00
1.939999999999999947e+00 3.759224626967907046e+00
1.949999999999999956e+00 3.759466420195102909e+00
1.959999999999999964e+00 3.759355434226989701e+00
1.969999999999999973e+00 3.759337756302356670e+00
1.979999999999999982e+00 3.759254070637226164e+00
1.989999999999999991e+00 3.759251813843250467e+00
2.000000000000000000e+00 3.759065342986583680e+00
2.010000000000000231e+00 3.758919979081154050e+00
2.020000000000000018e+00 3.758763234045505719e+00
2.030000000000000249e+00 3.758632005896568096e+00
2.040000000000000036e+00 3.758465147745609247e+00
2.049999999999999822e+00 3.758189649419784395e+00
2.060000000000000053e+00 3.758122530438900100e+00
2.069999999999999840e+00 3.758055277154445761e+00
2.080000000000000071e+00 3.757917534310817764e+00
2.089999999999999858e+00 3.757878855803012730e+00
2.100000000000000089e+00 3.757801918282508868e+00
2.109999999999999876e+00 3.757765380434989755e+00
2.120000000000000107e+00 3.757697197942733602e+00
2.129999999999999893e+00 3.757673741028308978e+00
2.140000000000000124e+00 3.757635595929622596e+00
2.149999999999999911e+00 3.757610323407650110e+00
2.160000000000000142e+00 3.757598651032447723e+00
2.169999999999999929e+00 3.757595190091133297e+00
2.180000000000000160e+00 3.757545777666568831e+00
2.189999999999999947e+00 3.757545874335765923e+00
2.200000000000000178e+00 3.757504594774246254e+00
2.209999999999999964e+00 3.757502553679942903e+00
2.220000000000000195e+00 3.757495606882572226e+00
2.229999999999999982e+00 3.757495536510944145e+00
2.240000000000000213e+00 3.757495497527122641e+00
2.250000000000000000e+00 3.757495497527122641e+00
2.260000000000000231e+00 3.757495497527122641e+00
2.270000000000000018e+00 3.757495497527122641e+00
2.280000000000000249e+00 3.757495497527122641e+00
2.290000000000000036e+00 3.757495497527122641e+00
2.300000000000000266e+00 3.757502572152614739e+00
2.310000000000000053e+00 3.757508068702220871e+00
2.319999999999999840e+00 3.757513178257942066e+00
2.330000000000000071e+00 3.757522592520713633e+00
2.339999999999999858e+00 3.757522592520713633e+00
2.350000000000000089e+00 3.757526097388267594e+00
2.359999999999999876e+00 3.757526501946449216e+00
2.370000000000000107e+00 3.757528059480190308e+00
2.379999999999999893e+00 3.757528471057415054e+00
2.390000000000000124e+00 3.757529216318130416e+00
2.399999999999999911e+00 3.757529216318130416e+00
2.410000000000000142e+00 3.757530650870799960e+00
2.419999999999999929e+00 3.757530837845802107e+00
2.430000000000000160e+00 3.757530892245769305e+00
2.439999999999999947e+00 3.757530892245769305e+00
2.450000000000000178e+00 3.757530892245769305e+00
2.459999999999999964e+00 3.757530892245769305e+00
2.470000000000000195e+00 3.757530892245769305e+00
2.479999999999999982e+00 3.757530803329944824e+00
2.490000000000000213e+00 3.757530803329944824e+00
2.500000000000000000e+00 3.757530747816562489e+00
2.510000000000000231e+00 3.757530798847675158e+00
2.520000000000000018e+00 3.757530900909900495e+00
2.530000000000000249e+00 3.757530900909900495e+00
2.540000000000000036e+00 3.757530900909900495e+00
2.550000000000000266e+00 3.757530900909900495e+00
2.560000000000000053e+00 3.757530900909900495e+00
2.569999999999999840e+00 3.757530885355472527e+00
2.580000000000000071e+00 3.757530885355472527e+00
2.589999999999999858e+00 3.757530885355472527e+00
2.600000000000000089e+00 3.757530885355472527e+00
2.609999999999999876e+00 3.757530819334983896e+00
2.620000000000000107e+00 3.757530821623802364e+00
2.629999999999999893e+00 3.757530821623802364e+00
2.640000000000000124e+00 3.757530713858604265e+00
2.649999999999999911e+00 3.757530713858604265e+00
2.660000000000000142e+00 3.757530713858604265e+00
2.669999999999999929e+00 3.757530713858604265e+00
2.680000000000000160e+00 3.757530713858604265e+00
2.689999999999999947e+00 3.757530623307228090e+00
2.700000000000000178e+00 3.757530623307228090e+00
2.709999999999999964e+00 3.757530623307228090e+00
2.720000000000000195e+00 3.757530623307228090e+00
2.729999999999999982e+00 3.757530623307228090e+00
2.740000000000000213e+00 3.757530623307228090e+00
2.750000000000000000e+00 3.757530623307228090e+00
2.760000000000000231e+00 3.757530623307228090e+00
2.770000000000000018e+00 3.757530623307228090e+00
2.780000000000000249e+00 3.757530623307228090e+00
2.790000000000000036e+00 3.757530623307228090e+00
2.800000000000000266e+00 3.757530627558231195e+00
2.810000000000000053e+00 3.757530298416614567e+00
2.819999999999999840e+00 3.757530158596039005e+00
2.830000000000000071e+00 3.757530158596039005e+00
2.839999999999999858e+00 3.757530158596039005e+00
2.850000000000000089e+00 3.757530457358360110e+00
2.859999999999999876e+00 3.757530457358360110e+00
2.870000000000000107e+00 3.757531163558959886e+00
2.879999999999999893e+00 3.757531779088973956e+00
2.890000000000000124e+00 3.757531779088973956e+00
2.899999999999999911e+00 3.757531779088973956e+00
2.910000000000000142e+00 3.757531779088973956e+00
2.919999999999999929e+00 3.757531796565055870e+00
2.930000000000000160e+00 3.757531796565055870e+00
2.939999999999999947e+00 3.757531796565055870e+00
2.950000000000000178e+00 3.757531796565055870e+00
2.959999999999999964e+00 3.757531796565055870e+00
2.970000000000000195e+00 3.757531796565055870e+00
2.979999999999999982e+00 3.757531796565055870e+00
2.990000000000000213e+00 3.757531811940669986e+00
3.000000000000000000e+00 3.757531811940669986e+00
