0.000000000000000000e+00 1.471217124081346805e-01 1.531908382945564029e-01
1.000000000000000021e-02 1.160265206741387889e+00 1.241918395780031492e+00
2.000000000000000042e-02 1.160265206741387889e+00 1.241918395780031492e+00
2.999999999999999889e-02 1.160265206741387889e+00 1.241918395780031492e+00
4.000000000000000083e-02 1.160265253149762810e+00 1.241918374305471584e+00
5.000000000000000278e-02 1.160265253149762810e+00 1.241918374305471584e+00
5.999999999999999778e-02 1.160265253149762810e+00 1.241918374305471584e+00
7.000000000000000666e-02 6.393657634362255315e-01 2.619302258314224474e+00
8.000000000000000167e-02 3.904774907656857419e+00 3.983722798975756429e+00
8.999999999999999667e-02 3.904700155054834809e+00 3.983684409082624001e+00
1.000000000000000056e-01 3.904651848749233878e+00 3.983683406277583217e+00
1.100000000000000006e-01 3.904631837630286206e+00 3.983682542304978647e+00
1.199999999999999956e-01 3.904572830872378386e+00 3.983668400664486686e+00
1.300000000000000044e-01 3.904406475028177503e+00 3.983614126535275801e+00
1.400000000000000133e-01 3.904338872933475812e+00 3.983573299484165275e+00
1.499999999999999944e-01 3.904361718330634279e+00 3.983608991846787628e+00
1.600000000000000033e-01 3.904373647583278206e+00 3.983627467757908214e+00
1.700000000000000122e-01 3.904374087889660228e+00 3.983621161424647728e+00
1.799999999999999933e-01 3.904352882842982542e+00 3.983610575518643504e+00
1.900000000000000022e-01 3.904328080394780187e+00 3.983584705144846971e+00
2.000000000000000111e-01 3.904268876278076839e+00 3.983612718847121315e+00
2.099999999999999922e-01 3.904121115485602367e+00 3.983700605567521258e+00
2.200000000000000011e-01 3.903484491163208503e+00 3.983958557256744193e+00
2.300000000000000100e-01 3.902614895289223895e+00 3.984271659075933947e+00
2.399999999999999911e-01 3.901368184522715055e+00 3.984935667158040928e+00
2.500000000000000000e-01 3.899179890621926603e+00 3.986020559669706920e+00
2.600000000000000089e-01 3.893153237687518420e+00 3.989920082181522609e+00
2.700000000000000178e-01 3.869809299395598590e+00 4.003926831709823553e+00
2.800000000000000266e-01 3.827994067577988435e+00 4.023555381622641924e+00
2.899999999999999800e-01 3.760308261697962173e+00 4.043051388036534632e+00
2.999999999999999889e-01 3.663788286249960890e+00 4.046417773577843491e+00
3.099999999999999978e-01 3.576426042314242437e+00 4.026656959137249636e+00
3.200000000000000067e-01 3.482482592857666592e+00 3.976574448911361248e+00
3.300000000000000155e-01 3.411900493320786598e+00 3.908364180370008878e+00
3.400000000000000244e-01 3.359830525391979350e+00 3.823546569000797035e+00
3.500000000000000333e-01 3.333574167117639320e+00 3.739007664962247901e+00
3.599999999999999867e-01 3.326646109547265251e+00 3.673369201445928933e+00
3.699999999999999956e-01 3.328416517048956358e+00 3.597997795747636118e+00
3.800000000000000044e-01 3.339228177369077510e+00 3.550431782772104139e+00
3.900000000000000133e-01 3.351928950585701283e+00 3.510012479830405763e+00
4.000000000000000222e-01 3.359500117417416831e+00 3.493932991017260292e+00
4.100000000000000311e-01 3.365626330368907126e+00 3.482980926363079988e+00
4.199999999999999845e-01 3.370677865707638610e+00 3.474707746265170094e+00
4.299999999999999933e-01 3.375113833321834900e+00 3.467708974881861916e+00
4.400000000000000022e-01 3.377698196105008321e+00 3.463764040733332550e+00
4.500000000000000111e-01 3.378070384627581912e+00 3.463241410330532677e+00
4.600000000000000200e-01 3.378507104074901513e+00 3.463107758152538018e+00
4.700000000000000289e-01 3.380806860935322788e+00 3.462147627246745074e+00
4.799999999999999822e-01 3.386042842694612975e+00 3.459738859394696942e+00
4.899999999999999911e-01 3.394181093605073585e+00 3.455322761680570842e+00
5.000000000000000000e-01 3.400589565263271830e+00 3.451481358966350221e+00
5.100000000000000089e-01 3.408799225961748114e+00 3.446024368875440835e+00
5.200000000000000178e-01 3.411384155934044760e+00 3.444183082296660370e+00
5.300000000000000266e-01 3.411716752121666918e+00 3.443971718022604822e+00
5.400000000000000355e-01 3.411957815168759733e+00 3.443809717022517258e+00
5.500000000000000444e-01 3.412882967245932431e+00 3.443244971634987994e+00
5.600000000000000533e-01 3.412882967245932431e+00 3.443244971634987994e+00
5.700000000000000622e-01 3.412895291429107303e+00 3.443240892133171194e+00
5.799999999999999600e-01 3.412895291429107303e+00 3.443240892133171194e+00
5.899999999999999689e-01 3.412895291429107303e+00 3.443240892133171194e+00
5.999999999999999778e-01 3.412895291429107303e+00 3.443240892133171194e+00
6.099999999999999867e-01 3.412895291429107303e+00 3.443240892133171194e+00
6.199999999999999956e-01 3.412895291429107303e+00 3.443240892133171194e+00
6.300000000000000044e-01 3.412895291429107303e+00 3.443240892133171194e+00
6.400000000000000133e-01 3.412895291429107303e+00 3.443240892133171194e+00
6.500000000000000222e-01 3.412895291429107303e+00 3.443240892133171194e+00
6.600000000000000311e-01 3.412895291429107303e+00 3.443240892133171194e+00
6.700000000000000400e-01 3.412895291429107303e+00 3.443240892133171194e+00
6.800000000000000488e-01 3.412895291429107303e+00 3.443240892133171194e+00
6.900000000000000577e-01 3.412895291429107303e+00 3.443240892133171194e+00
7.000000000000000666e-01 3.412895291429107303e+00 3.443240892133171194e+00
7.099999999999999645e-01 3.412895291429107303e+00 3.443240892133171194e+00
7.199999999999999734e-01 3.412895291429107303e+00 3.443240892133171194e+00
7.299999999999999822e-01 3.412895291429107303e+00 3.443240892133171194e+00
7.399999999999999911e-01 3.412895291429107303e+00 3.443240892133171194e+00
7.500000000000000000e-01 3.412895291429107303e+00 3.443240892133171194e+00
7.600000000000000089e-01 3.412895291429107303e+00 3.443240892133171194e+00
7.700000000000000178e-01 3.412895291429107303e+00 3.443240892133171194e+00
7.800000000000000266e-01 3.412895291429107303e+00 3.443240892133171194e+00
7.900000000000000355e-01 3.412895291429107303e+00 3.443240892133171194e+00
8.000000000000000444e-01 3.412895291429107303e+00 3.443240892133171194e+00
8.100000000000000533e-01 3.412895291429107303e+00 3.443240892133171194e+00
8.200000000000000622e-01 3.412895291429107303e+00 3.443240892133171194e+00
8.300000000000000711e-01 3.412895291429107303e+00 3.443240892133171194e+00
8.399999999999999689e-01 3.412895291429107303e+00 3.443240892133171194e+00
8.499999999999999778e-01 3.412896200605421981e+00 3.443241696056336565e+00
8.599999999999999867e-01 3.412903201658403329e+00 3.443253767617071137e+00
8.699999999999999956e-01 3.412919161815136881e+00 3.443305207424669945e+00
8.800000000000000044e-01 3.412947665936251429e+00 3.443405411976078856e+00
8.900000000000000133e-01 3.412953877588610130e+00 3.443446425164838676e+00
9.000000000000000222e-01 3.412958512931334898e+00 3.443473743114006336e+00
9.100000000000000311e-01 3.412959854474296506e+00 3.443591584343681511e+00
9.200000000000000400e-01 3.412953068167359660e+00 3.443701399539320640e+00
9.300000000000000488e-01 3.412955500685292520e+00 3.443795112493914345e+00
9.400000000000000577e-01 3.412953413172798989e+00 3.443851185969275974e+00
9.500000000000000666e-01 3.412953314265747995e+00 3.443851727285842212e+00
9.599999999999999645e-01 3.412948645431182815e+00 3.443874703849174157e+00
9.699999999999999734e-01 3.412946904123119740e+00 3.443890503728099350e+00
9.799999999999999822e-01 3.412944483326561418e+00 3.443917220178954963e+00
9.899999999999999911e-01 3.412945512727579622e+00 3.443919269653477944e+00
1.000000000000000000e+00 3.412943527923392395e+00 3.443927101797295443e+00
1.010000000000000009e+00 3.412945584976053048e+00 3.443928202145719375e+00
1.020000000000000018e+00 3.412945584976053048e+00 3.443928202145719375e+00
1.030000000000000027e+00 3.412945292395733521e+00 3.443929821954585524e+00
1.040000000000000036e+00 3.412937243127152076e+00 3.443961092005447089e+00
1.050000000000000044e+00 3.412934252520124723e+00 3.443970997805077872e+00
1.060000000000000053e+00 3.412933778752755831e+00 3.443973246393728704e+00
1.070000000000000062e+00 3.412933598694584347e+00 3.443976056075313430e+00
1.080000000000000071e+00 3.412933552069806975e+00 3.443975228047227777e+00
1.090000000000000080e+00 3.412913157373320683e+00 3.444040062111962452e+00
1.100000000000000089e+00 3.412895837708381563e+00 3.444084819377990492e+00
1.110000000000000098e+00 3.412816163127774693e+00 3.444324432794695134e+00
1.120000000000000107e+00 3.412732564127889390e+00 3.444522670528444408e+00
1.130000000000000115e+00 3.412619748521242613e+00 3.444801840223874478e+00
1.140000000000000124e+00 3.412541576312921432e+00 3.444983265558339891e+00
1.150000000000000133e+00 3.412396574768924662e+00 3.445313436584567679e+00
1.159999999999999920e+00 3.412027348240450397e+00 3.446024075304432888e+00
1.169999999999999929e+00 3.410862876919133146e+00 3.447828679367678451e+00
1.179999999999999938e+00 3.410190744507031191e+00 3.448936030414386344e+00
1.189999999999999947e+00 3.409402774142356485e+00 3.450294321580795298e+00
1.199999999999999956e+00 3.407672871243662360e+00 3.453008616869741143e+00
1.209999999999999964e+00 3.405471919142310178e+00 3.456324949253494871e+00
1.219999999999999973e+00 3.403595765846326504e+00 3.459443234755441576e+00
1.229999999999999982e+00 3.401745602417910241e+00 3.462796608733213155e+00
1.239999999999999991e+00 3.400245202007924128e+00 3.465320475324953797e+00
1.250000000000000000e+00 3.398444425934280755e+00 3.468194133721862027e+00
1.260000000000000009e+00 3.398113681200296554e+00 3.467998575484006807e+00
1.270000000000000018e+00 3.393971878322712410e+00 3.473721054893382121e+00
1.280000000000000027e+00 3.389347955952251912e+00 3.480691805548107087e+00
1.290000000000000036e+00 3.383642900668131670e+00 3.489782439850820150e+00
1.300000000000000044e+00 3.380043454481542753e+00 3.495268547805368442e+00
1.310000000000000053e+00 3.378768755807797231e+00 3.497370047111590718e+00
1.320000000000000062e+00 3.378056697045254797e+00 3.497760826434207271e+00
1.330000000000000071e+00 3.377297439811731472e+00 3.499481633607839370e+00
1.340000000000000080e+00 3.376897384957907811e+00 3.501066920662285753e+00
1.350000000000000089e+00 3.376492427104905936e+00 3.501725724144979957e+00
1.360000000000000098e+00 3.375801107689146097e+00 3.502187321418519961e+00
1.370000000000000107e+00 3.375021158068808536e+00 3.501812388698426037e+00
1.380000000000000115e+00 3.374363981730426065e+00 3.501084388778721301e+00
1.390000000000000124e+00 3.375280272536355763e+00 3.494562520379942416e+00
1.400000000000000133e+00 3.374986300172540421e+00 3.487389751019743134e+00
1.409999999999999920e+00 3.374563334052675501e+00 3.484133311817533496e+00
1.419999999999999929e+00 3.372352914477556585e+00 3.482218296407491476e+00
1.429999999999999938e+00 3.371077338119672806e+00 3.479427536133600452e+00
1.439999999999999947e+00 3.368638769885979212e+00 3.477833397086180778e+00
1.449999999999999956e+00 3.366174668224247490e+00 3.477715137431231618e+00
1.459999999999999964e+00 3.363238372066201798e+00 3.478684204585371198e+00
1.469999999999999973e+00 3.359917464250573804e+00 3.479250176688184926e+00
1.479999999999999982e+00 3.356361829778078398e+00 3.480444561051008190e+00
1.489999999999999991e+00 3.352342915148373237e+00 3.481068385935191856e+00
1.500000000000000000e+00 3.347335672317139466e+00 3.481104712442763205e+00
1.510000000000000009e+00 3.342724788166422822e+00 3.482192912281613761e+00
1.520000000000000018e+00 3.337228818143821663e+00 3.483147083068870664e+00
1.530000000000000027e+00 3.330195997620693849e+00 3.483127991889842345e+00
1.540000000000000036e+00 3.324369861541161875e+00 3.483408265194525733e+00
1.550000000000000044e+00 3.317045400096570340e+00 3.482686030305231384e+00
1.560000000000000053e+00 3.309278400860949265e+00 3.481234581078366919e+00
1.570000000000000062e+00 3.300445901008175031e+00 3.480359270939304306e+00
1.580000000000000071e+00 3.291765153293339630e+00 3.478303997693331873e+00
1.590000000000000080e+00 3.284716854724724744e+00 3.475382233967940326e+00
1.600000000000000089e+00 3.277456294880559451e+00 3.471988866605112189e+00
1.610000000000000098e+00 3.268876571979582923e+00 3.469179914469659121e+00
1.620000000000000107e+00 3.250113949003347713e+00 3.470989015741220207e+00
1.630000000000000115e+00 3.226656331459806903e+00 3.474042915900422468e+00
1.640000000000000124e+00 3.194010423528308884e+00 3.479753672488574701e+00
1.650000000000000133e+00 3.158035017778849873e+00 3.484041616122746543e+00
1.660000000000000142e+00 3.132348583033144784e+00 3.485129113027989334e+00
1.669999999999999929e+00 3.101003538150562733e+00 3.486737414493785714e+00
1.679999999999999938e+00 3.094723434848839716e+00 3.477254925618117554e+00
1.689999999999999947e+00 3.121051495622151339e+00 3.453984839998728962e+00
1.699999999999999956e+00 3.127164161917055374e+00 3.444024163263952332e+00
1.709999999999999964e+00 3.137811581432931707e+00 3.429763417036421291e+00
1.719999999999999973e+00 3.139260715588646278e+00 3.415568547626418372e+00
1.729999999999999982e+00 3.136427654483818550e+00 3.407384308149314478e+00
1.739999999999999991e+00 3.133303411825480111e+00 3.397003914400753999e+00
1.750000000000000000e+00 3.124400274061765348e+00 3.385079789824877228e+00
1.760000000000000009e+00 3.117596957404483948e+00 3.378127413218150910e+00
1.770000000000000018e+00 3.109937746444438655e+00 3.370604469532276770e+00
1.780000000000000027e+00 3.102427944206338051e+00 3.364336651063819073e+00
1.790000000000000036e+00 3.097172326810564869e+00 3.359451275803837511e+00
1.800000000000000044e+00 3.092702339776057574e+00 3.354697661220531923e+00
1.810000000000000053e+00 3.086886689093848890e+00 3.351668909017303744e+00
1.820000000000000062e+00 3.081937472071506701e+00 3.349099700098178811e+00
1.830000000000000071e+00 3.076066281656708590e+00 3.344640041056189617e+00
1.840000000000000080e+00 3.071711972541663282e+00 3.340347175140526925e+00
1.850000000000000089e+00 3.067771685941255377e+00 3.335477890131437917e+00
1.860000000000000098e+00 3.064108313554836815e+00 3.330119107371257048e+00
1.870000000000000107e+00 3.061216552282985504e+00 3.325555608719173328e+00
1.880000000000000115e+00 3.058743649102178885e+00 3.320682753027948131e+00
1.890000000000000124e+00 3.055566990963905827e+00 3.315261906002074266e+00
1.900000000000000133e+00 3.051906128720451861e+00 3.311344187722990995e+00
1.910000000000000142e+00 3.050044981080359818e+00 3.308131710094147415e+00
1.919999999999999929e+00 3.048115367060786340e+00 3.306242660488003970e+00
1.929999999999999938e+00 3.046731711350113780e+00 3.306000262650817145e+00
1.939999999999999947e+00 3.043409709181765344e+00 3.307203940711041845e+00
1.949999999999999956e+00 3.040358446464806352e+00 3.310604420180052632e+00
1.959999999999999964e+00 3.039329797544594314e+00 3.315500123267058896e+00
1.969999999999999973e+00 3.037968851878996901e+00 3.320457930600289487e+00
1.979999999999999982e+00 3.037233107530388665e+00 3.324394825499739525e+00
1.989999999999999991e+00 3.036029240691023201e+00 3.329052068641824125e+00
2.000000000000000000e+00 3.034447423090192331e+00 3.338646002169397775e+00
2.010000000000000231e+00 3.033415721191731862e+00 3.352879436054857720e+00
2.020000000000000018e+00 3.032592663795029786e+00 3.364250001224005970e+00
2.030000000000000249e+00 3.032108982942492759e+00 3.380541863953678394e+00
2.040000000000000036e+00 3.031532242441177694e+00 3.405357981891631525e+00
2.049999999999999822e+00 3.031015560982661228e+00 3.432388762070698540e+00
2.060000000000000053e+00 3.032530098429504495e+00 3.475984732956108214e+00
2.069999999999999840e+00 3.036257983837877816e+00 3.514455035061086363e+00
2.080000000000000071e+00 3.043758390329065477e+00 3.556739185373602119e+00
2.089999999999999858e+00 3.058429986666699740e+00 3.606419271961192052e+00
2.100000000000000089e+00 3.074705032978438002e+00 3.646696299218751047e+00
2.109999999999999876e+00 3.093650719630256063e+00 3.679979484365448528e+00
2.120000000000000107e+00 3.117780010058218920e+00 3.714702640131180900e+00
2.129999999999999893e+00 3.140479826627845306e+00 3.742180433219795432e+00
2.140000000000000124e+00 3.165845008361935164e+00 3.769120736438632768e+00
2.149999999999999911e+00 3.191261090224714270e+00 3.794268624683885260e+00
2.160000000000000142e+00 3.216320023980726361e+00 3.814927108344446260e+00
2.169999999999999929e+00 3.251633002360642344e+00 3.841523580161750218e+00
2.180000000000000160e+00 3.281507625021952368e+00 3.863833753104192414e+00
2.189999999999999947e+00 3.310000908552437338e+00 3.883808073171348241e+00
2.200000000000000178e+00 3.343206655271361072e+00 3.902678011891533849e+00
2.209999999999999964e+00 3.376614835044520202e+00 3.919296272285802463e+00
2.220000000000000195e+00 3.413723536609313491e+00 3.934138838855125719e+00
2.229999999999999982e+00 3.449969194121561333e+00 3.944958349456586522e+00
2.240000000000000213e+00 3.489348788054897899e+00 3.953142446672007981e+00
2.250000000000000000e+00 3.519961092351961085e+00 3.957293935786199590e+00
2.260000000000000231e+00 3.550348072402598643e+00 3.959461966435787961e+00
2.270000000000000018e+00 3.581385604059147632e+00 3.959679783781123064e+00
2.280000000000000249e+00 3.609599694748084175e+00 3.958231156740029455e+00
2.290000000000000036e+00 3.636334478516998203e+00 3.954763322619972321e+00
2.300000000000000266e+00 3.662413938891994292e+00 3.949765970041645424e+00
2.310000000000000053e+00 3.684103417371813460e+00 3.944433975373204948e+00
2.319999999999999840e+00 3.703837609717902879e+00 3.938715797479095393e+00
2.330000000000000071e+00 3.724287915066869292e+00 3.931540920911638981e+00
2.339999999999999858e+00 3.742886461619808092e+00 3.923714992385433309e+00
2.350000000000000089e+00 3.760904613893553350e+00 3.914778870732262828e+00
2.359999999999999876e+00 3.776271737887389790e+00 3.906229473407738517e+00
2.370000000000000107e+00 3.785935419321754924e+00 3.900374763221046148e+00
2.379999999999999893e+00 3.797894368532684251e+00 3.892651541401359605e+00
2.390000000000000124e+00 3.805111059454482803e+00 3.887664064709145162e+00
2.399999999999999911e+00 3.810460581884056008e+00 3.883789756093352974e+00
2.410000000000000142e+00 3.816602736631741877e+00 3.879112968639025105e+00
2.419999999999999929e+00 3.820089508011628610e+00 3.876369772789190371e+00
2.430000000000000160e+00 3.822430478637939277e+00 3.874434905425781839e+00
2.439999999999999947e+00 3.823704384037725390e+00 3.873428692396410078e+00
2.450000000000000178e+00 3.824301129765421248e+00 3.872915380182355261e+00
2.459999999999999964e+00 3.824624161148012291e+00 3.872620415768682101e+00
2.470000000000000195e+00 3.824813965867171373e+00 3.872447067319741532e+00
2.479999999999999982e+00 3.825155915591391675e+00 3.872112890355912107e+00
2.490000000000000213e+00 3.825259352104413146e+00 3.871852652747882040e+00
2.500000000000000000e+00 3.825804607482814923e+00 3.871261544584369219e+00
2.510000000000000231e+00 3.825839062958501291e+00 3.871148352002359960e+00
2.520000000000000018e+00 3.825896411523063811e+00 3.871010744081298860e+00
2.530000000000000249e+00 3.825953352565275356e+00 3.870888174000276738e+00
2.540000000000000036e+00 3.825996917960178489e+00 3.870732194822299466e+00
2.550000000000000266e+00 3.826026183598788322e+00 3.870641285144535537e+00
2.560000000000000053e+00 3.826058171979691558e+00 3.870536982544157567e+00
2.569999999999999840e+00 3.826053158045472191e+00 3.870531553158102600e+00
2.580000000000000071e+00 3.826059693156345087e+00 3.870480331868069168e+00
2.589999999999999858e+00 3.826107518002206387e+00 3.870406567409819143e+00
2.600000000000000089e+00 3.826200267116165676e+00 3.870220415562056537e+00
2.609999999999999876e+00 3.826287209732486261e+00 3.870068436877773799e+00
2.620000000000000107e+00 3.826298249526541184e+00 3.870017672481019133e+00
2.629999999999999893e+00 3.826322464528099765e+00 3.869919720387442474e+00
2.640000000000000124e+00 3.826317024166401293e+00 3.869877998907748751e+00
2.649999999999999911e+00 3.826341400420556038e+00 3.869701591608633695e+00
2.660000000000000142e+00 3.826439436102502700e+00 3.869397350487119969e+00
2.669999999999999929e+00 3.826470990559857732e+00 3.869280679409700774e+00
2.680000000000000160e+00 3.826513909713689987e+00 3.869165889595086671e+00
2.689999999999999947e+00 3.826560890751674826e+00 3.869035090154811840e+00
2.700000000000000178e+00 3.826617361934168571e+00 3.868902453377263129e+00
2.709999999999999964e+00 3.826653444497080780e+00 3.868828665116338161e+00
2.720000000000000195e+00 3.826668632297608230e+00 3.868792883233931779e+00
2.729999999999999982e+00 3.826695128738506035e+00 3.868732009995357934e+00
2.740000000000000213e+00 3.826710658899350914e+00 3.868659023798898478e+00
2.750000000000000000e+00 3.826739791285106218e+00 3.868504031566075252e+00
2.760000000000000231e+00 3.826744891356888001e+00 3.868441106901702842e+00
2.770000000000000018e+00 3.826773487345498381e+00 3.868380617593008886e+00
2.780000000000000249e+00 3.826842126014136980e+00 3.868213668243980941e+00
2.790000000000000036e+00 3.826879008575515773e+00 3.868101180185241628e+00
2.800000000000000266e+00 3.826887479546778881e+00 3.868086060840374873e+00
2.810000000000000053e+00 3.826893767328742868e+00 3.868074884132858493e+00
2.819999999999999840e+00 3.826910547096018078e+00 3.868028204286809490e+00
2.830000000000000071e+00 3.826947388984760501e+00 3.867939890091816046e+00
2.839999999999999858e+00 3.827040313458234699e+00 3.867763917346208835e+00
2.850000000000000089e+00 3.827142914844407606e+00 3.867590390304671111e+00
2.859999999999999876e+00 3.827148056206924664e+00 3.867565210280196730e+00
2.870000000000000107e+00 3.827203126202107342e+00 3.867451721992014591e+00
2.879999999999999893e+00 3.827228593527007838e+00 3.867388120588135081e+00
2.890000000000000124e+00 3.827229750362465044e+00 3.867385428527763569e+00
2.899999999999999911e+00 3.827235613990922047e+00 3.867358559488158321e+00
2.910000000000000142e+00 3.827240639664707178e+00 3.867329203193607068e+00
2.919999999999999929e+00 3.827264396039876448e+00 3.867270925505724488e+00
2.930000000000000160e+00 3.827267007657574549e+00 3.867251548660708860e+00
2.939999999999999947e+00 3.827270334918373873e+00 3.867233220074302036e+00
2.950000000000000178e+00 3.827272957795350816e+00 3.867221126910955764e+00
2.959999999999999964e+00 3.827282830658844670e+00 3.867171952799865142e+00
2.970000000000000195e+00 3.827282830658844670e+00 3.867171952799865142e+00
2.979999999999999982e+00 3.827282830658844670e+00 3.867171952799865142e+00
2.990000000000000213e+00 3.827282830658844670e+00 3.867171952799865142e+00
3.000000000000000000e+00 3.827282830658844670e+00 3.867171952799865142e+00
