0.000000000000000000e+00 7.929203940957784136e-01
1.000000000000000021e-02 7.929203940957784136e-01
2.000000000000000042e-02 7.995695977109670283e-01
2.999999999999999889e-02 2.390999701400399413e+00
4.000000000000000083e-02 2.870403267276286918e+00
5.000000000000000278e-02 2.871901198987961035e+00
5.999999999999999778e-02 2.872904661135673443e+00
7.000000000000000666e-02 2.873196488211155142e+00
8.000000000000000167e-02 2.873365028102397911e+00
8.999999999999999667e-02 2.873754770982265505e+00
1.000000000000000056e-01 2.874167394804954423e+00
1.100000000000000006e-01 2.874307731375694175e+00
1.199999999999999956e-01 2.874396744232177614e+00
1.300000000000000044e-01 2.874541018521785674e+00
1.400000000000000133e-01 2.874681161320209455e+00
1.499999999999999944e-01 2.874767531917095109e+00
1.600000000000000033e-01 2.874855108668804338e+00
1.700000000000000122e-01 2.875265911402702379e+00
1.799999999999999933e-01 2.876174623491764226e+00
1.900000000000000022e-01 2.876736470689773562e+00
2.000000000000000111e-01 2.877788078203201483e+00
2.099999999999999922e-01 2.878588912792205967e+00
2.200000000000000011e-01 2.879535537600517170e+00
2.300000000000000100e-01 2.883026379518508708e+00
2.399999999999999911e-01 2.887854424240589246e+00
2.500000000000000000e-01 2.896079586348533574e+00
2.600000000000000089e-01 2.906673639342784998e+00
2.700000000000000178e-01 2.919937900171279743e+00
2.800000000000000266e-01 2.936880337915420469e+00
2.899999999999999800e-01 2.955022208790778926e+00
2.999999999999999889e-01 2.973866333937644768e+00
3.099999999999999978e-01 2.990342954266071107e+00
3.200000000000000067e-01 3.006257512059211656e+00
3.300000000000000155e-01 3.022165573453903242e+00
3.400000000000000244e-01 3.035695531382560652e+00
3.500000000000000333e-01 3.046035051815509931e+00
3.599999999999999867e-01 3.054335643565654568e+00
3.699999999999999956e-01 3.061256661429405224e+00
3.800000000000000044e-01 3.066507993896007367e+00
3.900000000000000133e-01 3.070532446029186069e+00
4.000000000000000222e-01 3.073723712446689404e+00
4.100000000000000311e-01 3.076425542066097307e+00
4.199999999999999845e-01 3.078604482376575469e+00
4.299999999999999933e-01 3.081234428145885662e+00
4.400000000000000022e-01 3.083174021472931070e+00
4.500000000000000111e-01 3.084936297850608966e+00
4.600000000000000200e-01 3.086790558233261095e+00
4.700000000000000289e-01 3.088161620304584520e+00
4.799999999999999822e-01 3.089069168055057713e+00
4.899999999999999911e-01 3.089760330951214051e+00
5.000000000000000000e-01 3.090425404324531389e+00
5.100000000000000089e-01 3.090842839093208116e+00
5.200000000000000178e-01 3.091022497582435413e+00
5.300000000000000266e-01 3.091266096003055353e+00
5.400000000000000355e-01 3.091767617003917668e+00
5.500000000000000444e-01 3.092070409069061387e+00
5.600000000000000533e-01 3.092301186764240484e+00
5.700000000000000622e-01 3.092641813552379659e+00
5.799999999999999600e-01 3.092866700837612282e+00
5.899999999999999689e-01 3.093106197311878081e+00
5.999999999999999778e-01 3.093141603770256154e+00
6.099999999999999867e-01 3.093146992971897102e+00
6.199999999999999956e-01 3.093171662871837757e+00
6.300000000000000044e-01 3.093307002036571607e+00
6.400000000000000133e-01 3.093458633887767650e+00
6.500000000000000222e-01 3.093607076900005470e+00
6.600000000000000311e-01 3.093690440893173133e+00
6.700000000000000400e-01 3.093760677211284449e+00
6.800000000000000488e-01 3.093812431676387753e+00
6.900000000000000577e-01 3.093852408874034676e+00
7.000000000000000666e-01 3.093858686673641056e+00
7.099999999999999645e-01 3.093863080737590643e+00
7.199999999999999734e-01 3.093835234663486311e+00
7.299999999999999822e-01 3.093829090905189538e+00
7.399999999999999911e-01 3.093804146831035773e+00
7.500000000000000000e-01 3.093771816895007909e+00
7.600000000000000089e-01 3.093759158551693034e+00
7.700000000000000178e-01 3.093754684894085116e+00
7.800000000000000266e-01 3.093754648132324370e+00
7.900000000000000355e-01 3.093753458564281633e+00
8.000000000000000444e-01 3.093754956979751558e+00
8.100000000000000533e-01 3.093755464563369806e+00
8.200000000000000622e-01 3.093755464563369806e+00
8.300000000000000711e-01 3.093755464563369806e+00
8.399999999999999689e-01 3.093755620515346472e+00
8.499999999999999778e-01 3.093755620515346472e+00
8.599999999999999867e-01 3.093755645105838781e+00
8.699999999999999956e-01 3.093756648039817758e+00
8.800000000000000044e-01 3.093756779825687531e+00
8.900000000000000133e-01 3.093756877553463180e+00
9.000000000000000222e-01 3.093756811800003170e+00
9.100000000000000311e-01 3.093756667883396094e+00
9.200000000000000400e-01 3.093756493332386004e+00
9.300000000000000488e-01 3.093756598541736569e+00
9.400000000000000577e-01 3.093756598541736569e+00
9.500000000000000666e-01 3.093756598541736569e+00
9.599999999999999645e-01 3.093755535421371494e+00
9.699999999999999734e-01 3.093755535421371494e+00
9.799999999999999822e-01 3.093755130414962640e+00
9.899999999999999911e-01 3.093751463246345423e+00
1.000000000000000000e+00 3.093746772832870473e+00
1.010000000000000009e+00 3.093746687018871455e+00
1.020000000000000018e+00 3.093744457144737225e+00
1.030000000000000027e+00 3.093734313571453232e+00
1.040000000000000036e+00 3.093733772871494203e+00
1.050000000000000044e+00 3.093719568595886038e+00
1.060000000000000053e+00 3.093711656093597551e+00
1.070000000000000062e+00 3.093649450149535962e+00
1.080000000000000071e+00 3.093614221942424969e+00
1.090000000000000080e+00 3.093472205669880015e+00
1.100000000000000089e+00 3.093311927278041829e+00
1.110000000000000098e+00 3.093493158984184088e+00
1.120000000000000107e+00 3.093608370621204529e+00
1.130000000000000115e+00 3.093630278468132211e+00
1.140000000000000124e+00 3.093559775638580422e+00
1.150000000000000133e+00 3.093543027961254133e+00
1.159999999999999920e+00 3.093526358954906463e+00
1.169999999999999929e+00 3.093544554612636777e+00
1.179999999999999938e+00 3.093625523331165361e+00
1.189999999999999947e+00 3.094050929956436047e+00
1.199999999999999956e+00 3.094082276077270599e+00
1.209999999999999964e+00 3.094055027799606172e+00
1.219999999999999973e+00 3.094038135492801711e+00
1.229999999999999982e+00 3.094048665843009971e+00
1.239999999999999991e+00 3.094008857855796712e+00
1.250000000000000000e+00 3.093975485110282975e+00
1.260000000000000009e+00 3.093956218683719506e+00
1.270000000000000018e+00 3.094000908486842949e+00
1.280000000000000027e+00 3.093963138663768930e+00
1.290000000000000036e+00 3.093718746378421702e+00
1.300000000000000044e+00 3.093393660008907364e+00
1.310000000000000053e+00 3.092640575530528846e+00
1.320000000000000062e+00 3.092136882867813075e+00
1.330000000000000071e+00 3.091271816511154125e+00
1.340000000000000080e+00 3.091055086915492911e+00
1.350000000000000089e+00 3.090801802248954733e+00
1.360000000000000098e+00 3.090385900595188140e+00
1.370000000000000107e+00 3.090327224314212806e+00
1.380000000000000115e+00 3.090181011614799633e+00
1.390000000000000124e+00 3.090017849297523433e+00
1.400000000000000133e+00 3.089937142081260468e+00
1.409999999999999920e+00 3.090134532666206191e+00
1.419999999999999929e+00 3.091344944951534224e+00
1.429999999999999938e+00 3.092256815705299200e+00
1.439999999999999947e+00 3.093862745392322644e+00
1.449999999999999956e+00 3.094976983437538021e+00
1.459999999999999964e+00 3.096942517821788865e+00
1.469999999999999973e+00 3.098809179344177434e+00
1.479999999999999982e+00 3.100743479549884718e+00
1.489999999999999991e+00 3.103781170568466141e+00
1.500000000000000000e+00 3.109723219542503525e+00
1.510000000000000009e+00 3.116835709691047729e+00
1.520000000000000018e+00 3.126911798784732799e+00
1.530000000000000027e+00 3.142710962073802961e+00
1.540000000000000036e+00 3.167433592894077332e+00
1.550000000000000044e+00 3.198349585621357072e+00
1.560000000000000053e+00 3.248048055276870905e+00
1.570000000000000062e+00 3.307949160151481660e+00
1.580000000000000071e+00 3.394809527502059776e+00
1.590000000000000080e+00 3.499661844174861702e+00
1.600000000000000089e+00 3.589069252836704305e+00
1.610000000000000098e+00 3.655875093266963916e+00
1.620000000000000107e+00 3.715602429373264126e+00
1.630000000000000115e+00 3.763886036162376492e+00
1.640000000000000124e+00 3.799781644256114976e+00
1.650000000000000133e+00 3.830056008644104004e+00
1.660000000000000142e+00 3.847337960264682888e+00
1.669999999999999929e+00 3.856637058830261200e+00
1.679999999999999938e+00 3.859576277213096596e+00
1.689999999999999947e+00 3.863725291123390360e+00
1.699999999999999956e+00 3.865170125887393837e+00
1.709999999999999964e+00 3.866078026106357424e+00
1.719999999999999973e+00 3.867547070217132621e+00
1.729999999999999982e+00 3.868100001008510702e+00
1.739999999999999991e+00 3.870250629544258025e+00
1.750000000000000000e+00 3.871703388097286425e+00
1.760000000000000009e+00 3.872665201070308871e+00
1.770000000000000018e+00 3.873302738454341920e+00
1.780000000000000027e+00 3.874802398550510230e+00
1.790000000000000036e+00 3.876808959147930000e+00
1.800000000000000044e+00 3.878530971362590840e+00
1.810000000000000053e+00 3.878700779390335196e+00
1.820000000000000062e+00 3.878688930122852430e+00
1.830000000000000071e+00 3.878802889394759923e+00
1.840000000000000080e+00 3.878814053826332042e+00
1.850000000000000089e+00 3.878906234090328198e+00
1.860000000000000098e+00 3.879015709931850520e+00
1.870000000000000107e+00 3.879134309444427497e+00
1.880000000000000115e+00 3.879165211763381915e+00
1.890000000000000124e+00 3.879205764827728053e+00
1.900000000000000133e+00 3.879197810368538057e+00
1.910000000000000142e+00 3.879158949978351423e+00
1.919999999999999929e+00 3.879111160194873786e+00
1.929999999999999938e+00 3.879164851109981438e+00
1.939999999999999947e+00 3.879114863762855414e+00
1.949999999999999956e+00 3.879258105037212356e+00
1.959999999999999964e+00 3.879314946501255079e+00
1.969999999999999973e+00 3.879331052641868727e+00
1.979999999999999982e+00 3.879228352494239918e+00
1.989999999999999991e+00 3.879281457843780423e+00
2.000000000000000000e+00 3.879182644953727888e+00
2.010000000000000231e+00 3.879264654307365223e+00
2.020000000000000018e+00 3.879232987279892075e+00
2.030000000000000249e+00 3.879230464160442260e+00
2.040000000000000036e+00 3.879271599261760795e+00
2.049999999999999822e+00 3.879178751623630461e+00
2.060000000000000053e+00 3.879406806926727125e+00
2.069999999999999840e+00 3.879462103796005312e+00
2.080000000000000071e+00 3.879468457496166423e+00
2.089999999999999858e+00 3.879499985733032119e+00
2.100000000000000089e+00 3.879493001325130308e+00
2.109999999999999876e+00 3.879466956293582847e+00
2.120000000000000107e+00 3.879497142896652040e+00
2.129999999999999893e+00 3.879428349361419670e+00
2.140000000000000124e+00 3.879593540244102634e+00
2.149999999999999911e+00 3.879607065563202006e+00
2.160000000000000142e+00 3.879766070506572628e+00
2.169999999999999929e+00 3.879763874981403404e+00
2.180000000000000160e+00 3.879801090710162992e+00
2.189999999999999947e+00 3.879844973218440796e+00
2.200000000000000178e+00 3.879824279429912703e+00
2.209999999999999964e+00 3.879828142373561661e+00
2.220000000000000195e+00 3.879848944799900057e+00
2.229999999999999982e+00 3.879836426820754802e+00
2.240000000000000213e+00 3.879730156924724671e+00
2.250000000000000000e+00 3.879579227457046642e+00
2.260000000000000231e+00 3.879707088260650583e+00
2.270000000000000018e+00 3.879719450139999193e+00
2.280000000000000249e+00 3.879820547704696754e+00
2.290000000000000036e+00 3.879889609675407414e+00
2.300000000000000266e+00 3.879964380726814266e+00
2.310000000000000053e+00 3.880013222568035047e+00
2.319999999999999840e+00 3.880214530713558041e+00
2.330000000000000071e+00 3.880244705820083517e+00
2.339999999999999858e+00 3.880006201455592940e+00
2.350000000000000089e+00 3.879671328806876929e+00
2.359999999999999876e+00 3.879238043217659193e+00
2.370000000000000107e+00 3.878911471600532401e+00
2.379999999999999893e+00 3.878700387649536285e+00
2.390000000000000124e+00 3.878274028420448438e+00
2.399999999999999911e+00 3.875516441941261103e+00
2.410000000000000142e+00 3.868844400756358937e+00
2.419999999999999929e+00 3.855546535573005862e+00
2.430000000000000160e+00 3.841931156582832241e+00
2.439999999999999947e+00 3.820828383262157235e+00
2.450000000000000178e+00 3.793471434090137429e+00
2.459999999999999964e+00 3.754278277964592014e+00
2.470000000000000195e+00 3.696540734322070865e+00
2.479999999999999982e+00 3.612833030877113494e+00
2.490000000000000213e+00 3.540340288536548474e+00
2.500000000000000000e+00 3.461849947693347751e+00
2.510000000000000231e+00 3.368706231019496844e+00
2.520000000000000018e+00 3.299008150284290508e+00
2.530000000000000249e+00 3.222234754304885929e+00
2.540000000000000036e+00 3.149511161971092044e+00
2.550000000000000266e+00 3.078404094343185626e+00
2.560000000000000053e+00 3.022838556511401986e+00
2.569999999999999840e+00 2.964899674055576195e+00
2.580000000000000071e+00 2.909535311629772192e+00
2.589999999999999858e+00 2.856985364284515327e+00
2.600000000000000089e+00 2.812229360728264016e+00
2.609999999999999876e+00 2.779131713197231512e+00
2.620000000000000107e+00 2.755851767799854191e+00
2.629999999999999893e+00 2.736328319816589527e+00
2.640000000000000124e+00 2.718882612614631711e+00
2.649999999999999911e+00 2.701916887953281332e+00
2.660000000000000142e+00 2.687679848320484233e+00
2.669999999999999929e+00 2.681008744034766966e+00
2.680000000000000160e+00 2.679795953183174095e+00
2.689999999999999947e+00 2.678817224729061142e+00
2.700000000000000178e+00 2.677340062345266336e+00
2.709999999999999964e+00 2.665050312267541965e+00
2.720000000000000195e+00 2.639173947807550213e+00
2.729999999999999982e+00 2.656043992353677829e+00
2.740000000000000213e+00 2.687002460433244533e+00
2.750000000000000000e+00 2.709408926382064653e+00
2.760000000000000231e+00 2.731231043581962670e+00
2.770000000000000018e+00 2.755798766345977757e+00
2.780000000000000249e+00 2.779650848941802810e+00
2.790000000000000036e+00 2.828493989994525837e+00
2.800000000000000266e+00 2.871920894691944337e+00
2.810000000000000053e+00 2.913455494608879093e+00
2.819999999999999840e+00 2.947291024188995578e+00
2.830000000000000071e+00 2.982023100087642486e+00
2.839999999999999858e+00 3.010342509307861292e+00
2.850000000000000089e+00 3.048646693048477019e+00
2.859999999999999876e+00 3.088315727365016805e+00
2.870000000000000107e+00 3.124618326470852026e+00
2.879999999999999893e+00 3.161024718885421692e+00
2.890000000000000124e+00 3.205399678721427836e+00
2.899999999999999911e+00 3.250488139555454126e+00
2.910000000000000142e+00 3.297563738398551880e+00
2.919999999999999929e+00 3.340222998228073337e+00
2.930000000000000160e+00 3.389982101893425082e+00
2.939999999999999947e+00 3.435287717499733162e+00
2.950000000000000178e+00 3.479216723382473120e+00
2.959999999999999964e+00 3.516156717574596247e+00
2.970000000000000195e+00 3.559075575492382182e+00
2.979999999999999982e+00 3.597861712093353148e+00
2.990000000000000213e+00 3.640118864002227728e+00
3.000000000000000000e+00 3.677498791747093154e+00
