0.000000000000000000e+00 7.569598676322160102e-01 8.288809205593408169e-01
1.000000000000000021e-02 7.569598676322160102e-01 8.288809205593408169e-01
2.000000000000000042e-02 7.600033478538249510e-01 8.391358475681091056e-01
2.999999999999999889e-02 1.524233914839483006e+00 3.257765487961315820e+00
4.000000000000000083e-02 2.795937745321620760e+00 2.944868789230953077e+00
5.000000000000000278e-02 2.798307537789678445e+00 2.945494860186243624e+00
5.999999999999999778e-02 2.799829118161496933e+00 2.945980204109849954e+00
7.000000000000000666e-02 2.800324999639493218e+00 2.946067976782817066e+00
8.000000000000000167e-02 2.800512265121508637e+00 2.946217791083287185e+00
8.999999999999999667e-02 2.800917562496209268e+00 2.946591979468321743e+00
1.000000000000000056e-01 2.801353477049081775e+00 2.946981312560827071e+00
1.100000000000000006e-01 2.801491329703567512e+00 2.947124133047820838e+00
1.199999999999999956e-01 2.801544371774752129e+00 2.947249116689603099e+00
1.300000000000000044e-01 2.801605210600124796e+00 2.947476826443446551e+00
1.400000000000000133e-01 2.801665516801273181e+00 2.947696805839145728e+00
1.499999999999999944e-01 2.801683348812824104e+00 2.947851715021366115e+00
1.600000000000000033e-01 2.801774960033946993e+00 2.947935257303661682e+00
1.700000000000000122e-01 2.802250046514644932e+00 2.948281776290759826e+00
1.799999999999999933e-01 2.803505449173351760e+00 2.948843797810176692e+00
1.900000000000000022e-01 2.804107644471554028e+00 2.949365296907993095e+00
2.000000000000000111e-01 2.805254617153415175e+00 2.950321539252987790e+00
2.099999999999999922e-01 2.806038946574207049e+00 2.951138879010204885e+00
2.200000000000000011e-01 2.806683706683369639e+00 2.952387368517664701e+00
2.300000000000000100e-01 2.809014254421621448e+00 2.957038504615395969e+00
2.399999999999999911e-01 2.812457982524569022e+00 2.963250865956609470e+00
2.500000000000000000e-01 2.818315391334327291e+00 2.973843781362739858e+00
2.600000000000000089e-01 2.826053770564919798e+00 2.987293508120650198e+00
2.700000000000000178e-01 2.835161474444964025e+00 3.004714325897595462e+00
2.800000000000000266e-01 2.847347953632774153e+00 3.026412722198066785e+00
2.899999999999999800e-01 2.861311095503780599e+00 3.048733322077777252e+00
2.999999999999999889e-01 2.879236880466006010e+00 3.068495787409283526e+00
3.099999999999999978e-01 2.896950272795851600e+00 3.083735635736290615e+00
3.200000000000000067e-01 2.915852381802181981e+00 3.096662642316241332e+00
3.300000000000000155e-01 2.937134890897453054e+00 3.107196256010353430e+00
3.400000000000000244e-01 2.957085632766873751e+00 3.114305429998247554e+00
3.500000000000000333e-01 2.973519283397072055e+00 3.118550820233947807e+00
3.599999999999999867e-01 2.987627245376093921e+00 3.121044041755215215e+00
3.699999999999999956e-01 2.999971368107567038e+00 3.122541954751243409e+00
3.800000000000000044e-01 3.009955166668187410e+00 3.123060821123827324e+00
3.900000000000000133e-01 3.018042506174194450e+00 3.123022385884177687e+00
4.000000000000000222e-01 3.024759276499461969e+00 3.122688148393916840e+00
4.100000000000000311e-01 3.030721162100344035e+00 3.122129922031850580e+00
4.199999999999999845e-01 3.035694106930718839e+00 3.121514857822432099e+00
4.299999999999999933e-01 3.042062842514885013e+00 3.120406013776886311e+00
4.400000000000000022e-01 3.046944878592377393e+00 3.119403164353484748e+00
4.500000000000000111e-01 3.051614649565882242e+00 3.118257946135335690e+00
4.600000000000000200e-01 3.056837739929444631e+00 3.116743376537077559e+00
4.700000000000000289e-01 3.060995202556358485e+00 3.115328038052810555e+00
4.799999999999999822e-01 3.063930876182192620e+00 3.114207459927922805e+00
4.899999999999999911e-01 3.066166644493470539e+00 3.113354017408957564e+00
5.000000000000000000e-01 3.068393712432444520e+00 3.112457096216618258e+00
5.100000000000000089e-01 3.069877886828826785e+00 3.111807791357589448e+00
5.200000000000000178e-01 3.070556465337518137e+00 3.111488529827352689e+00
5.300000000000000266e-01 3.071450999156660533e+00 3.111081192849450172e+00
5.400000000000000355e-01 3.073421234651731115e+00 3.110113999356104220e+00
5.500000000000000444e-01 3.074680145189903513e+00 3.109460672948219262e+00
5.600000000000000533e-01 3.075615136290462903e+00 3.108987237238018064e+00
5.700000000000000622e-01 3.077138931634532337e+00 3.108144695470226981e+00
5.799999999999999600e-01 3.078101222394858283e+00 3.107632179280366280e+00
5.899999999999999689e-01 3.079264695191486378e+00 3.106947699432269783e+00
5.999999999999999778e-01 3.079653067647779352e+00 3.106630139892732956e+00
6.099999999999999867e-01 3.079883665631812040e+00 3.106410320311982165e+00
6.199999999999999956e-01 3.080036590845688149e+00 3.106306734897987365e+00
6.300000000000000044e-01 3.080741291564352835e+00 3.105872712508790379e+00
6.400000000000000133e-01 3.081518501252034969e+00 3.105398766523500331e+00
6.500000000000000222e-01 3.082325122429251607e+00 3.104889031370759334e+00
6.600000000000000311e-01 3.082850504933893454e+00 3.104530376852452811e+00
6.700000000000000400e-01 3.083244665967930676e+00 3.104276688454638222e+00
6.800000000000000488e-01 3.083540479607453921e+00 3.104084383745321585e+00
6.900000000000000577e-01 3.083767919970256344e+00 3.103936897777813009e+00
7.000000000000000666e-01 3.083847059890348241e+00 3.103870313456933872e+00
7.099999999999999645e-01 3.083885720428569233e+00 3.103840441046612053e+00
7.199999999999999734e-01 3.083958002508336183e+00 3.103712466818636440e+00
7.299999999999999822e-01 3.083977921715955528e+00 3.103680260094423549e+00
7.399999999999999911e-01 3.084042362017352712e+00 3.103565931644718834e+00
7.500000000000000000e-01 3.084118284451622838e+00 3.103425349338392980e+00
7.600000000000000089e-01 3.084145018558841045e+00 3.103373298544545023e+00
7.700000000000000178e-01 3.084159729399025718e+00 3.103349640389144515e+00
7.800000000000000266e-01 3.084170340385139930e+00 3.103338955879508809e+00
7.900000000000000355e-01 3.084173843235876955e+00 3.103333073892686311e+00
8.000000000000000444e-01 3.084175121020188648e+00 3.103334792939314468e+00
8.100000000000000533e-01 3.084178561533259977e+00 3.103332367593479635e+00
8.200000000000000622e-01 3.084178561533259977e+00 3.103332367593479635e+00
8.300000000000000711e-01 3.084178561533259977e+00 3.103332367593479635e+00
8.399999999999999689e-01 3.084178700374312854e+00 3.103332540656380090e+00
8.499999999999999778e-01 3.084178700374312854e+00 3.103332540656380090e+00
8.599999999999999867e-01 3.084178770510200618e+00 3.103332519701476944e+00
8.699999999999999956e-01 3.084179758498049484e+00 3.103333537581586032e+00
8.800000000000000044e-01 3.084179892248025467e+00 3.103333667403349594e+00
8.900000000000000133e-01 3.084180089367211774e+00 3.103333665739714586e+00
9.000000000000000222e-01 3.084180039205493884e+00 3.103333584394512457e+00
9.100000000000000311e-01 3.084180150801241638e+00 3.103333184965550551e+00
9.200000000000000400e-01 3.084180192372334428e+00 3.103332794292437580e+00
9.300000000000000488e-01 3.084180351563622136e+00 3.103332845519851002e+00
9.400000000000000577e-01 3.084180351563622136e+00 3.103332845519851002e+00
9.500000000000000666e-01 3.084180351563622136e+00 3.103332845519851002e+00
9.599999999999999645e-01 3.084178518319027340e+00 3.103332552523715648e+00
9.699999999999999734e-01 3.084178518319027340e+00 3.103332552523715648e+00
9.799999999999999822e-01 3.084178245651539196e+00 3.103332015178386083e+00
9.899999999999999911e-01 3.084178716915638052e+00 3.103324209577052795e+00
1.000000000000000000e+00 3.084176564394404352e+00 3.103316981271336594e+00
1.010000000000000009e+00 3.084176337977145188e+00 3.103317036060597722e+00
1.020000000000000018e+00 3.084168163932780704e+00 3.103320750356693747e+00
1.030000000000000027e+00 3.084127737058407259e+00 3.103340890084499204e+00
1.040000000000000036e+00 3.084126138381654059e+00 3.103341407361334348e+00
1.050000000000000044e+00 3.084061808559069640e+00 3.103377328632702437e+00
1.060000000000000053e+00 3.084022377284786565e+00 3.103400934902408537e+00
1.070000000000000062e+00 3.083606708705130206e+00 3.103692191593941718e+00
1.080000000000000071e+00 3.083369622856313441e+00 3.103858821028536497e+00
1.090000000000000080e+00 3.082258517652526564e+00 3.104685893687233467e+00
1.100000000000000089e+00 3.080575754277161682e+00 3.106048100278921975e+00
1.110000000000000098e+00 3.081885043221126441e+00 3.105101274747241735e+00
1.120000000000000107e+00 3.082418223002683533e+00 3.104798518239725524e+00
1.130000000000000115e+00 3.082457812487231053e+00 3.104802744449033369e+00
1.140000000000000124e+00 3.081890243387988892e+00 3.105229307889171952e+00
1.150000000000000133e+00 3.081593428413059055e+00 3.105492627509449211e+00
1.159999999999999920e+00 3.081445017066555714e+00 3.105607700843257213e+00
1.169999999999999929e+00 3.081457318700228765e+00 3.105631790525044789e+00
1.179999999999999938e+00 3.081520474404205068e+00 3.105730572258125655e+00
1.189999999999999947e+00 3.082764598659555322e+00 3.105337261253316772e+00
1.199999999999999956e+00 3.082784759268617059e+00 3.105379792885924140e+00
1.209999999999999964e+00 3.082624074685953897e+00 3.105485980913258448e+00
1.219999999999999973e+00 3.082542546338324918e+00 3.105533724647278504e+00
1.229999999999999982e+00 3.082551005783133125e+00 3.105546325902886817e+00
1.239999999999999991e+00 3.082283478255058551e+00 3.105734237456534874e+00
1.250000000000000000e+00 3.082094126762603636e+00 3.105856843457962313e+00
1.260000000000000009e+00 3.081979444418769809e+00 3.105932992948669202e+00
1.270000000000000018e+00 3.082064026167759430e+00 3.105937790805926468e+00
1.280000000000000027e+00 3.081733697934953220e+00 3.106192579392584641e+00
1.290000000000000036e+00 3.079612755258094747e+00 3.107824737498748657e+00
1.300000000000000044e+00 3.076744069415219940e+00 3.110043250602594789e+00
1.310000000000000053e+00 3.071483050709140183e+00 3.113798100351917508e+00
1.320000000000000062e+00 3.068385071871481351e+00 3.115888693864144798e+00
1.330000000000000071e+00 3.063480769155901839e+00 3.119062863866406410e+00
1.340000000000000080e+00 3.062542665268384035e+00 3.119567508562601788e+00
1.350000000000000089e+00 3.061220916885150523e+00 3.120382687612758943e+00
1.360000000000000098e+00 3.059076808746004517e+00 3.121694992444371763e+00
1.370000000000000107e+00 3.058462856602571112e+00 3.122191592025854501e+00
1.380000000000000115e+00 3.057735702372397668e+00 3.122626320857201598e+00
1.390000000000000124e+00 3.056869484980915264e+00 3.123166213614131603e+00
1.400000000000000133e+00 3.056325832828757694e+00 3.123548451333763243e+00
1.409999999999999920e+00 3.055499117096768913e+00 3.124769948235643469e+00
1.419999999999999929e+00 3.054834603222239320e+00 3.127855286680829128e+00
1.429999999999999938e+00 3.053456426982363414e+00 3.131057204428234986e+00
1.439999999999999947e+00 3.052542872218111381e+00 3.135182618566533908e+00
1.449999999999999956e+00 3.051530656236331573e+00 3.138423310638744468e+00
1.459999999999999964e+00 3.049959855879194937e+00 3.143925179764382793e+00
1.469999999999999973e+00 3.047622693140713768e+00 3.149995665547641099e+00
1.479999999999999982e+00 3.045194023417395979e+00 3.156292935682373457e+00
1.489999999999999991e+00 3.038066556860098633e+00 3.169495784276833650e+00
1.500000000000000000e+00 3.021124434010908910e+00 3.198322005074098140e+00
1.510000000000000009e+00 3.006457666100982973e+00 3.227213753281112485e+00
1.520000000000000018e+00 2.991259950635618114e+00 3.262563646933847483e+00
1.530000000000000027e+00 2.975024455346600760e+00 3.310397468801005161e+00
1.540000000000000036e+00 2.961306470388547218e+00 3.373560715399607446e+00
1.550000000000000044e+00 2.956270465868285235e+00 3.440428705374428908e+00
1.560000000000000053e+00 2.960892408456486269e+00 3.535203702097255540e+00
1.570000000000000062e+00 2.982833632851161099e+00 3.633064687451802222e+00
1.580000000000000071e+00 3.036214595117590953e+00 3.753404459886528599e+00
1.590000000000000080e+00 3.128866945991956250e+00 3.870456742357767155e+00
1.600000000000000089e+00 3.231297461870190624e+00 3.946841043803217985e+00
1.610000000000000098e+00 3.324018437017730143e+00 3.987731749516197688e+00
1.620000000000000107e+00 3.420039864077661029e+00 4.011164994668867223e+00
1.630000000000000115e+00 3.509793233265074086e+00 4.017978839059678897e+00
1.640000000000000124e+00 3.587140897091807723e+00 4.012422391420422230e+00
1.650000000000000133e+00 3.662568387980084772e+00 3.997543629308123236e+00
1.660000000000000142e+00 3.713532733697654464e+00 3.981143186831711311e+00
1.669999999999999929e+00 3.744466371765434953e+00 3.968807745895087447e+00
1.679999999999999938e+00 3.753951107140564680e+00 3.965201447285628511e+00
1.689999999999999947e+00 3.767895307519326220e+00 3.959555274727454499e+00
1.699999999999999956e+00 3.770915823413978796e+00 3.959424428360808879e+00
1.709999999999999964e+00 3.772760363698524966e+00 3.959395688514189882e+00
1.719999999999999973e+00 3.776103014018148851e+00 3.958991126416116391e+00
1.729999999999999982e+00 3.777248037995210250e+00 3.958951964021811154e+00
1.739999999999999991e+00 3.783245770354108473e+00 3.957255488734407578e+00
1.750000000000000000e+00 3.787355202348653638e+00 3.956051573845919211e+00
1.760000000000000009e+00 3.790142299995432840e+00 3.955188102145184903e+00
1.770000000000000018e+00 3.791960951108484412e+00 3.954644525800199428e+00
1.780000000000000027e+00 3.797039264623653931e+00 3.952565532477366528e+00
1.790000000000000036e+00 3.804212473861712240e+00 3.949405444434147761e+00
1.800000000000000044e+00 3.811072995721588530e+00 3.945988947003593150e+00
1.810000000000000053e+00 3.812314028344991002e+00 3.945087530435679390e+00
1.820000000000000062e+00 3.812350270090899773e+00 3.945027590154805086e+00
1.830000000000000071e+00 3.812535205883206935e+00 3.945070572906312911e+00
1.840000000000000080e+00 3.812596270918284347e+00 3.945031836734379738e+00
1.850000000000000089e+00 3.812760613828497291e+00 3.945051854352159104e+00
1.860000000000000098e+00 3.812874218251330660e+00 3.945157201612370379e+00
1.870000000000000107e+00 3.813079279859316717e+00 3.945189339029538278e+00
1.880000000000000115e+00 3.813105038987626649e+00 3.945225384539137181e+00
1.890000000000000124e+00 3.813133213601148874e+00 3.945278316054307233e+00
1.900000000000000133e+00 3.813140214368763381e+00 3.945255406368312734e+00
1.910000000000000142e+00 3.813097784007528634e+00 3.945220115949174211e+00
1.919999999999999929e+00 3.813075291643048814e+00 3.945147028746698759e+00
1.929999999999999938e+00 3.813197552908777599e+00 3.945132149311185277e+00
1.939999999999999947e+00 3.813274022708148081e+00 3.944955704817562747e+00
1.949999999999999956e+00 3.813694232991584165e+00 3.944821977082840547e+00
1.959999999999999964e+00 3.813865879338141252e+00 3.944764013664368907e+00
1.969999999999999973e+00 3.814039755911905250e+00 3.944622349371832204e+00
1.979999999999999982e+00 3.814047638198144519e+00 3.944409066790335316e+00
1.989999999999999991e+00 3.814187153937977470e+00 3.944375761749583376e+00
2.000000000000000000e+00 3.814155437399755488e+00 3.944209852507700287e+00
2.010000000000000231e+00 3.814370482662930328e+00 3.944158825951800118e+00
2.020000000000000018e+00 3.814371495449870864e+00 3.944094479109913287e+00
2.030000000000000249e+00 3.814483252768821053e+00 3.943977675552063467e+00
2.040000000000000036e+00 3.814667964591633709e+00 3.943875233931887880e+00
2.049999999999999822e+00 3.814609199944157591e+00 3.943748303303103331e+00
2.060000000000000053e+00 3.815184760908290063e+00 3.943628852945164187e+00
2.069999999999999840e+00 3.815460350815162105e+00 3.943463856776848520e+00
2.080000000000000071e+00 3.815591209498687242e+00 3.943345705493645603e+00
2.089999999999999858e+00 3.815675893275187303e+00 3.943324078190876936e+00
2.100000000000000089e+00 3.815674577384370103e+00 3.943311425265890513e+00
2.109999999999999876e+00 3.815723563263928586e+00 3.943210349323237107e+00
2.120000000000000107e+00 3.815810902863481235e+00 3.943183382929822844e+00
2.129999999999999893e+00 3.815723097325910196e+00 3.943133601396929144e+00
2.140000000000000124e+00 3.816126255318615268e+00 3.943060825169590000e+00
2.149999999999999911e+00 3.816133050969947149e+00 3.943081080156456864e+00
2.160000000000000142e+00 3.816446721716503010e+00 3.943085419296642247e+00
2.169999999999999929e+00 3.816401096095922263e+00 3.943126653866884546e+00
2.180000000000000160e+00 3.816391500596669761e+00 3.943210680823656222e+00
2.189999999999999947e+00 3.816447093032818039e+00 3.943242853404063553e+00
2.200000000000000178e+00 3.816391318779011055e+00 3.943257240080814352e+00
2.209999999999999964e+00 3.816325955811108006e+00 3.943330328936015317e+00
2.220000000000000195e+00 3.816369003745280875e+00 3.943328885854519239e+00
2.229999999999999982e+00 3.816349249582279057e+00 3.943323604059230547e+00
2.240000000000000213e+00 3.816096176240343141e+00 3.943364137609106201e+00
2.250000000000000000e+00 3.815828925748155687e+00 3.943329529165937597e+00
2.260000000000000231e+00 3.816024682647348065e+00 3.943389493873953100e+00
2.270000000000000018e+00 3.815980581467190103e+00 3.943458318812808283e+00
2.280000000000000249e+00 3.816048764425431283e+00 3.943592330983962224e+00
2.290000000000000036e+00 3.816105549071946434e+00 3.943673670278868393e+00
2.300000000000000266e+00 3.816102338251710968e+00 3.943826423201917564e+00
2.310000000000000053e+00 3.816081034369569913e+00 3.943945410766500181e+00
2.319999999999999840e+00 3.816230405768157308e+00 3.944198655658958774e+00
2.330000000000000071e+00 3.815899761308731986e+00 3.944589650331435049e+00
2.339999999999999858e+00 3.814543030964908876e+00 3.945469371946277004e+00
2.350000000000000089e+00 3.812890297677407947e+00 3.946452359936345911e+00
2.359999999999999876e+00 3.810943498393774664e+00 3.947532588041543722e+00
2.370000000000000107e+00 3.809500215858808492e+00 3.948322727342256311e+00
2.379999999999999893e+00 3.808378366958100170e+00 3.949022408340972401e+00
2.390000000000000124e+00 3.806184508442687076e+00 3.950363548398209801e+00
2.399999999999999911e+00 3.786549237008623336e+00 3.964483646873898870e+00
2.410000000000000142e+00 3.748287268874869405e+00 3.989401532637848469e+00
2.419999999999999929e+00 3.688951206572577135e+00 4.022141864573434589e+00
2.430000000000000160e+00 3.641022281524007642e+00 4.042840031641657284e+00
2.439999999999999947e+00 3.579224353331913910e+00 4.062432413192400560e+00
2.450000000000000178e+00 3.509806850596072891e+00 4.077136017584201966e+00
2.459999999999999964e+00 3.418732791910469082e+00 4.089823764018714947e+00
2.470000000000000195e+00 3.296797283777267218e+00 4.096284184866874511e+00
2.479999999999999982e+00 3.145295277271099810e+00 4.080370784483127622e+00
2.490000000000000213e+00 3.032688474448514082e+00 4.047992102624583310e+00
2.500000000000000000e+00 2.919946749156956844e+00 4.003753146229738213e+00
2.510000000000000231e+00 2.798505471108597931e+00 3.938906990930395757e+00
2.520000000000000018e+00 2.720867370336667257e+00 3.877148930231913759e+00
2.530000000000000249e+00 2.643477441535595052e+00 3.800992067074176806e+00
2.540000000000000036e+00 2.578991580852400212e+00 3.720030743089783876e+00
2.550000000000000266e+00 2.523798069512613651e+00 3.633010119173757602e+00
2.560000000000000053e+00 2.488362387034831258e+00 3.557314725987972714e+00
2.569999999999999840e+00 2.455789849326718510e+00 3.474009498784433880e+00
2.580000000000000071e+00 2.433777498425871766e+00 3.385293124833672618e+00
2.589999999999999858e+00 2.418573730694699719e+00 3.295396997874330935e+00
2.600000000000000089e+00 2.415645655627909338e+00 3.208813065828618694e+00
2.609999999999999876e+00 2.418342956239655006e+00 3.139920470154808019e+00
2.620000000000000107e+00 2.421768627019624365e+00 3.089934908580084016e+00
2.629999999999999893e+00 2.426836816529534424e+00 3.045819823103644630e+00
2.640000000000000124e+00 2.431406883686749065e+00 3.006358341542514356e+00
2.649999999999999911e+00 2.438321803958599876e+00 2.965511971947962788e+00
2.660000000000000142e+00 2.446436833421625767e+00 2.928922863219342698e+00
2.669999999999999929e+00 2.452705214613718709e+00 2.909312273455815223e+00
2.680000000000000160e+00 2.454641257524205589e+00 2.904950648842142602e+00
2.689999999999999947e+00 2.454817735081151309e+00 2.902816714376970975e+00
2.700000000000000178e+00 2.451197564982390720e+00 2.903482559708141952e+00
2.709999999999999964e+00 2.437411704035679083e+00 2.892688920499404848e+00
2.720000000000000195e+00 2.385259901164485719e+00 2.893087994450614708e+00
2.729999999999999982e+00 2.400389718294724251e+00 2.911698266412631408e+00
2.740000000000000213e+00 2.433183877343609414e+00 2.940821043522879652e+00
2.750000000000000000e+00 2.437132501240769855e+00 2.981685351523359451e+00
2.760000000000000231e+00 2.430019254104413662e+00 3.032442833059511678e+00
2.770000000000000018e+00 2.427374828168322285e+00 3.084222704523633229e+00
2.780000000000000249e+00 2.428995802095605061e+00 3.130305895788000559e+00
2.790000000000000036e+00 2.440922284229249950e+00 3.216065695759801724e+00
2.800000000000000266e+00 2.458211403031957953e+00 3.285630386351930721e+00
2.810000000000000053e+00 2.479701744705118394e+00 3.347209244512639792e+00
2.819999999999999840e+00 2.500268797685340605e+00 3.394313250692650552e+00
2.830000000000000071e+00 2.523952014972771885e+00 3.440094185202513088e+00
2.839999999999999858e+00 2.545921326349083635e+00 3.474763692266638948e+00
2.850000000000000089e+00 2.578576279653439052e+00 3.518717106443514986e+00
2.859999999999999876e+00 2.615119325786007476e+00 3.561512128944026134e+00
2.870000000000000107e+00 2.649522420088690211e+00 3.599714232853013840e+00
2.879999999999999893e+00 2.685718750922949649e+00 3.636330686847893734e+00
2.890000000000000124e+00 2.731923560442535148e+00 3.678875797000320524e+00
2.899999999999999911e+00 2.782084865810121599e+00 3.718891413300786652e+00
2.910000000000000142e+00 2.839917547482928573e+00 3.755209929314175188e+00
2.919999999999999929e+00 2.895335657525145656e+00 3.785110338931001017e+00
2.930000000000000160e+00 2.964703791897784768e+00 3.815260411889065395e+00
2.939999999999999947e+00 3.033716389926335744e+00 3.836859045073130581e+00
2.950000000000000178e+00 3.105618100010623550e+00 3.852815346754322690e+00
2.959999999999999964e+00 3.170395950628326798e+00 3.861917484520865695e+00
2.970000000000000195e+00 3.255551644559955715e+00 3.862599506424808649e+00
2.979999999999999982e+00 3.343748363131733736e+00 3.851975061054972560e+00
2.990000000000000213e+00 3.463125355980715359e+00 3.817112372023740097e+00
3.000000000000000000e+00 3.657530199732830667e+00 3.697467383761355642e+00
