0.000000000000000000e+00 2.883568080019950908e-01
1.000000000000000021e-02 2.883568080019950908e-01
2.000000000000000042e-02 8.220488345843554034e-01
2.999999999999999889e-02 8.220487836581468200e-01
4.000000000000000083e-02 8.220487633985280596e-01
5.000000000000000278e-02 1.630421475466489856e+00
5.999999999999999778e-02 1.630421475466489856e+00
7.000000000000000666e-02 1.630421475466489856e+00
8.000000000000000167e-02 1.630421475466489856e+00
8.999999999999999667e-02 1.630421665835380507e+00
1.000000000000000056e-01 1.630421619014740031e+00
1.100000000000000006e-01 1.630421646094322163e+00
1.199999999999999956e-01 1.630421500104665800e+00
1.300000000000000044e-01 1.635599874894618999e+00
1.400000000000000133e-01 3.550045843777656529e+00
1.499999999999999944e-01 3.550045843777656529e+00
1.600000000000000033e-01 3.550045843777656529e+00
1.700000000000000122e-01 3.550045843777656529e+00
1.799999999999999933e-01 3.550045843777656529e+00
1.900000000000000022e-01 3.550045843777656529e+00
2.000000000000000111e-01 3.550045843777656529e+00
2.099999999999999922e-01 3.550045843777656529e+00
2.200000000000000011e-01 3.549982007415294571e+00
2.300000000000000100e-01 3.549869148037433586e+00
2.399999999999999911e-01 3.549724851579666218e+00
2.500000000000000000e-01 3.549548200993537961e+00
2.600000000000000089e-01 3.549498252370357321e+00
2.700000000000000178e-01 3.549392970547676107e+00
2.800000000000000266e-01 3.549267348885536411e+00
2.899999999999999800e-01 3.549121892385482813e+00
2.999999999999999889e-01 3.548972205367088240e+00
3.099999999999999978e-01 3.548639135181903992e+00
3.200000000000000067e-01 3.548299639017582052e+00
3.300000000000000155e-01 3.547919987075328851e+00
3.400000000000000244e-01 3.547485478172302198e+00
3.500000000000000333e-01 3.547363181450366998e+00
3.599999999999999867e-01 3.547183515112400265e+00
3.699999999999999956e-01 3.547169626998901482e+00
3.800000000000000044e-01 3.547097517983913484e+00
3.900000000000000133e-01 3.546924739894866896e+00
4.000000000000000222e-01 3.546822726261615877e+00
4.100000000000000311e-01 3.546557810111045761e+00
4.199999999999999845e-01 3.546185283837318458e+00
4.299999999999999933e-01 3.545788223729133826e+00
4.400000000000000022e-01 3.545438209857940670e+00
4.500000000000000111e-01 3.544972171516418413e+00
4.600000000000000200e-01 3.544474646236896564e+00
4.700000000000000289e-01 3.543057979733943874e+00
4.799999999999999822e-01 3.540563647403716985e+00
4.899999999999999911e-01 3.538825138890743460e+00
5.000000000000000000e-01 3.537796736423969080e+00
5.100000000000000089e-01 3.536031087200641743e+00
5.200000000000000178e-01 3.533354395740032405e+00
5.300000000000000266e-01 3.524497326672077158e+00
5.400000000000000355e-01 3.514735648875236596e+00
5.500000000000000444e-01 3.500639321839809526e+00
5.600000000000000533e-01 3.483258966987133221e+00
5.700000000000000622e-01 3.444271347527503746e+00
5.799999999999999600e-01 3.383331329059600989e+00
5.899999999999999689e-01 3.319413462889194477e+00
5.999999999999999778e-01 3.256872682819366371e+00
6.099999999999999867e-01 3.200445373511314529e+00
6.199999999999999956e-01 3.152408876428604234e+00
6.300000000000000044e-01 3.118875678138732788e+00
6.400000000000000133e-01 3.087479533824920797e+00
6.500000000000000222e-01 3.061989492831230120e+00
6.600000000000000311e-01 3.039733961741924340e+00
6.700000000000000400e-01 3.022040174286365399e+00
6.800000000000000488e-01 3.006953721001148327e+00
6.900000000000000577e-01 2.995816816213130895e+00
7.000000000000000666e-01 2.989845435388088113e+00
7.099999999999999645e-01 2.987134678771495633e+00
7.199999999999999734e-01 2.982396282651424535e+00
7.299999999999999822e-01 2.978754774656295901e+00
7.399999999999999911e-01 2.977087378067970302e+00
7.500000000000000000e-01 2.972551564340591312e+00
7.600000000000000089e-01 2.967826223354339543e+00
7.700000000000000178e-01 2.961620640475750132e+00
7.800000000000000266e-01 2.960918669121265445e+00
7.900000000000000355e-01 2.962351672546863490e+00
8.000000000000000444e-01 2.964819113812446449e+00
8.100000000000000533e-01 2.966567858257293633e+00
8.200000000000000622e-01 2.970092232797145737e+00
8.300000000000000711e-01 2.979702480559349276e+00
8.399999999999999689e-01 2.993697735593318754e+00
8.499999999999999778e-01 3.013465958471298389e+00
8.599999999999999867e-01 3.043415958597659898e+00
8.699999999999999956e-01 3.074635188143253206e+00
8.800000000000000044e-01 3.100551571030616849e+00
8.900000000000000133e-01 3.127969163444042078e+00
9.000000000000000222e-01 3.146783046824932040e+00
9.100000000000000311e-01 3.168047799322605051e+00
9.200000000000000400e-01 3.189611233260631451e+00
9.300000000000000488e-01 3.210816649727821215e+00
9.400000000000000577e-01 3.232040263144969838e+00
9.500000000000000666e-01 3.248537953746318596e+00
9.599999999999999645e-01 3.262715529696941452e+00
9.699999999999999734e-01 3.274028059229850740e+00
9.799999999999999822e-01 3.282488600964546421e+00
9.899999999999999911e-01 3.288931052808761635e+00
1.000000000000000000e+00 3.297886232953071595e+00
1.010000000000000009e+00 3.305922423748969941e+00
1.020000000000000018e+00 3.312098677086829923e+00
1.030000000000000027e+00 3.316391931746005994e+00
1.040000000000000036e+00 3.320451495528220942e+00
1.050000000000000044e+00 3.323170040659904512e+00
1.060000000000000053e+00 3.325473179590701989e+00
1.070000000000000062e+00 3.327206274878978576e+00
1.080000000000000071e+00 3.328869036128521142e+00
1.090000000000000080e+00 3.330348014571666848e+00
1.100000000000000089e+00 3.331624672834873291e+00
1.110000000000000098e+00 3.332697954714298305e+00
1.120000000000000107e+00 3.333387468132972931e+00
1.130000000000000115e+00 3.334705678775310655e+00
1.140000000000000124e+00 3.335684427809715302e+00
1.150000000000000133e+00 3.336277705416679229e+00
1.159999999999999920e+00 3.337107730159759367e+00
1.169999999999999929e+00 3.337819517340660180e+00
1.179999999999999938e+00 3.338105510747432891e+00
1.189999999999999947e+00 3.338278787791729041e+00
1.199999999999999956e+00 3.338540574271678718e+00
1.209999999999999964e+00 3.338555077354908196e+00
1.219999999999999973e+00 3.338584701383113806e+00
1.229999999999999982e+00 3.338584701383113806e+00
1.239999999999999991e+00 3.338584701383113806e+00
1.250000000000000000e+00 3.338584701383113806e+00
1.260000000000000009e+00 3.338584701383113806e+00
1.270000000000000018e+00 3.338584701383113806e+00
1.280000000000000027e+00 3.338584701383113806e+00
1.290000000000000036e+00 3.338584701383113806e+00
1.300000000000000044e+00 3.338584701383113806e+00
1.310000000000000053e+00 3.338584701383113806e+00
1.320000000000000062e+00 3.338584701383113806e+00
1.330000000000000071e+00 3.338584701383113806e+00
1.340000000000000080e+00 3.338584701383113806e+00
1.350000000000000089e+00 3.338584701383113806e+00
1.360000000000000098e+00 3.338584701383113806e+00
1.370000000000000107e+00 3.338584701383113806e+00
1.380000000000000115e+00 3.338584701383113806e+00
1.390000000000000124e+00 3.338584701383113806e+00
1.400000000000000133e+00 3.338584701383113806e+00
1.409999999999999920e+00 3.338584701383113806e+00
1.419999999999999929e+00 3.338584701383113806e+00
1.429999999999999938e+00 3.338584701383113806e+00
1.439999999999999947e+00 3.338584701383113806e+00
1.449999999999999956e+00 3.338584701383113806e+00
1.459999999999999964e+00 3.338584701383113806e+00
1.469999999999999973e+00 3.338584701383113806e+00
1.479999999999999982e+00 3.338584701383113806e+00
1.489999999999999991e+00 3.338584701383113806e+00
1.500000000000000000e+00 3.338584701383113806e+00
1.510000000000000009e+00 3.338584701383113806e+00
1.520000000000000018e+00 3.338584701383113806e+00
1.530000000000000027e+00 3.338584701383113806e+00
1.540000000000000036e+00 3.338584718544483021e+00
1.550000000000000044e+00 3.338584429500103035e+00
1.560000000000000053e+00 3.338584429500103035e+00
1.570000000000000062e+00 3.338582827856540813e+00
1.580000000000000071e+00 3.338582827856540813e+00
1.590000000000000080e+00 3.338582827856540813e+00
1.600000000000000089e+00 3.338581582133770098e+00
1.610000000000000098e+00 3.338581582133770098e+00
1.620000000000000107e+00 3.338581582133770098e+00
1.630000000000000115e+00 3.338581582133770098e+00
1.640000000000000124e+00 3.338581582133770098e+00
1.650000000000000133e+00 3.338581490907669203e+00
1.660000000000000142e+00 3.338581109242439116e+00
1.669999999999999929e+00 3.338580470659732846e+00
1.679999999999999938e+00 3.338580202095508653e+00
1.689999999999999947e+00 3.338578607456684111e+00
1.699999999999999956e+00 3.338568415269851819e+00
1.709999999999999964e+00 3.338570612552166139e+00
1.719999999999999973e+00 3.338571486897468521e+00
1.729999999999999982e+00 3.338571486897468521e+00
1.739999999999999991e+00 3.338571486897468521e+00
1.750000000000000000e+00 3.338571486897468521e+00
1.760000000000000009e+00 3.338571182963848027e+00
1.770000000000000018e+00 3.338574812798499991e+00
1.780000000000000027e+00 3.338576102483272745e+00
1.790000000000000036e+00 3.338580452477931892e+00
1.800000000000000044e+00 3.338586048390865368e+00
1.810000000000000053e+00 3.338588045268058746e+00
1.820000000000000062e+00 3.338596725466251414e+00
1.830000000000000071e+00 3.338593421287536778e+00
1.840000000000000080e+00 3.338595827174186681e+00
1.850000000000000089e+00 3.338592646055221547e+00
1.860000000000000098e+00 3.338589778027534649e+00
1.870000000000000107e+00 3.338586160316467488e+00
1.880000000000000115e+00 3.338572104163169740e+00
1.890000000000000124e+00 3.338570252163409968e+00
1.900000000000000133e+00 3.338567320444584041e+00
1.910000000000000142e+00 3.338555119044780639e+00
1.919999999999999929e+00 3.338546047594547428e+00
1.929999999999999938e+00 3.338543042614459999e+00
1.939999999999999947e+00 3.338537432887554335e+00
1.949999999999999956e+00 3.338502718811035219e+00
1.959999999999999964e+00 3.338489326009750346e+00
1.969999999999999973e+00 3.338510673341751112e+00
1.979999999999999982e+00 3.338501239991188196e+00
1.989999999999999991e+00 3.338486465764045619e+00
2.000000000000000000e+00 3.338451278064250793e+00
2.010000000000000231e+00 3.338462002954483143e+00
2.020000000000000018e+00 3.338460663115978111e+00
2.030000000000000249e+00 3.338438431661129080e+00
2.040000000000000036e+00 3.338364717237949364e+00
2.049999999999999822e+00 3.338349388349056035e+00
2.060000000000000053e+00 3.338352669215202351e+00
2.069999999999999840e+00 3.338326392776965967e+00
2.080000000000000071e+00 3.338326406428814064e+00
2.089999999999999858e+00 3.338257657027244640e+00
2.100000000000000089e+00 3.338245675423145098e+00
2.109999999999999876e+00 3.338180337684154342e+00
2.120000000000000107e+00 3.338133968851566102e+00
2.129999999999999893e+00 3.338086185338497103e+00
2.140000000000000124e+00 3.337973754367828505e+00
2.149999999999999911e+00 3.337990217990875141e+00
2.160000000000000142e+00 3.337975196766853170e+00
2.169999999999999929e+00 3.337882103986740123e+00
2.180000000000000160e+00 3.337854470160007470e+00
2.189999999999999947e+00 3.337783068666458242e+00
2.200000000000000178e+00 3.337742705538272681e+00
2.209999999999999964e+00 3.337687036666870277e+00
2.220000000000000195e+00 3.337598607847690690e+00
2.229999999999999982e+00 3.337509976372718956e+00
2.240000000000000213e+00 3.337488410675525596e+00
2.250000000000000000e+00 3.337204013643264577e+00
2.260000000000000231e+00 3.336948457336425644e+00
2.270000000000000018e+00 3.336782633695602573e+00
2.280000000000000249e+00 3.336610587909221604e+00
2.290000000000000036e+00 3.336570115628242572e+00
2.300000000000000266e+00 3.336552291355133093e+00
2.310000000000000053e+00 3.336653310976028575e+00
2.319999999999999840e+00 3.336805582876205545e+00
2.330000000000000071e+00 3.337140015850067254e+00
2.339999999999999858e+00 3.337345627400875259e+00
2.350000000000000089e+00 3.338017089488506173e+00
2.359999999999999876e+00 3.338486992309093626e+00
2.370000000000000107e+00 3.338873419244289487e+00
2.379999999999999893e+00 3.339619153363704740e+00
2.390000000000000124e+00 3.340431595733165615e+00
2.399999999999999911e+00 3.341609751780032944e+00
2.410000000000000142e+00 3.342947558884620474e+00
2.419999999999999929e+00 3.343421251397133087e+00
2.430000000000000160e+00 3.343252204661369298e+00
2.439999999999999947e+00 3.342731956880092614e+00
2.450000000000000178e+00 3.343811997466087149e+00
2.459999999999999964e+00 3.343622484748363544e+00
2.470000000000000195e+00 3.344607618381977066e+00
2.479999999999999982e+00 3.346032983751296985e+00
2.490000000000000213e+00 3.349237018215656114e+00
2.500000000000000000e+00 3.355184759552478635e+00
2.510000000000000231e+00 3.360503473172187672e+00
2.520000000000000018e+00 3.364249839251041596e+00
2.530000000000000249e+00 3.368070057630538905e+00
2.540000000000000036e+00 3.371247421863079019e+00
2.550000000000000266e+00 3.374957850270271287e+00
2.560000000000000053e+00 3.377559195547104043e+00
2.569999999999999840e+00 3.378152546572685377e+00
2.580000000000000071e+00 3.381844350068569316e+00
2.589999999999999858e+00 3.388417188014984038e+00
2.600000000000000089e+00 3.394218729822635616e+00
2.609999999999999876e+00 3.398947139775752913e+00
2.620000000000000107e+00 3.406195144031047839e+00
2.629999999999999893e+00 3.411246899793148213e+00
2.640000000000000124e+00 3.415754069755077449e+00
2.649999999999999911e+00 3.420369105191230830e+00
2.660000000000000142e+00 3.425473120999336096e+00
2.669999999999999929e+00 3.430485869929790432e+00
2.680000000000000160e+00 3.436577705447673825e+00
2.689999999999999947e+00 3.442568314859867140e+00
2.700000000000000178e+00 3.449057741596698978e+00
2.709999999999999964e+00 3.454882135393619436e+00
2.720000000000000195e+00 3.460151716969013247e+00
2.729999999999999982e+00 3.465059790380001115e+00
2.740000000000000213e+00 3.469886488614082332e+00
2.750000000000000000e+00 3.474372123317718497e+00
2.760000000000000231e+00 3.478730806460380354e+00
2.770000000000000018e+00 3.482602017724513832e+00
2.780000000000000249e+00 3.486088287799358199e+00
2.790000000000000036e+00 3.489207965629100627e+00
2.800000000000000266e+00 3.491904679663181188e+00
2.810000000000000053e+00 3.494152891459465060e+00
2.819999999999999840e+00 3.496204372818469963e+00
2.830000000000000071e+00 3.498192080800533343e+00
2.839999999999999858e+00 3.500273251187801193e+00
2.850000000000000089e+00 3.502557234029769706e+00
2.859999999999999876e+00 3.504331959753036685e+00
2.870000000000000107e+00 3.506326134815215934e+00
2.879999999999999893e+00 3.508140857186317518e+00
2.890000000000000124e+00 3.509965145936012387e+00
2.899999999999999911e+00 3.512043422508239754e+00
2.910000000000000142e+00 3.513662295918464462e+00
2.919999999999999929e+00 3.515364337530136218e+00
2.930000000000000160e+00 3.517099014267921486e+00
2.939999999999999947e+00 3.518766475684642625e+00
2.950000000000000178e+00 3.520181839704513482e+00
2.959999999999999964e+00 3.521282995123863113e+00
2.970000000000000195e+00 3.522306191606521697e+00
2.979999999999999982e+00 3.522995763776302525e+00
2.990000000000000213e+00 3.523522661533355915e+00
3.000000000000000000e+00 3.524246948103904931e+00
