0.000000000000000000e+00 2.837747928170299416e-01 2.929388231869602399e-01
1.000000000000000021e-02 2.837747928170299416e-01 2.929388231869602399e-01
2.000000000000000042e-02 8.159360519536393852e-01 8.281616172150714217e-01
2.999999999999999889e-02 8.159360254094617515e-01 8.281615419068318884e-01
4.000000000000000083e-02 8.159362186758759572e-01 8.281613081211801619e-01
5.000000000000000278e-02 1.619034357170630489e+00 1.641808593762349222e+00
5.999999999999999778e-02 1.619034357170630489e+00 1.641808593762349222e+00
7.000000000000000666e-02 1.619034357170630489e+00 1.641808593762349222e+00
8.000000000000000167e-02 1.619034357170630489e+00 1.641808593762349222e+00
8.999999999999999667e-02 1.619034580013453573e+00 1.641808751657307441e+00
1.000000000000000056e-01 1.619034558204968555e+00 1.641808679824511508e+00
1.100000000000000006e-01 1.619034579089251524e+00 1.641808713099392802e+00
1.199999999999999956e-01 1.619034413112039994e+00 1.641808587097291605e+00
1.300000000000000044e-01 1.534010831123973961e+00 1.737188918665264037e+00
1.400000000000000133e-01 3.509573796686267677e+00 3.590517890869045381e+00
1.499999999999999944e-01 3.509573796686267677e+00 3.590517890869045381e+00
1.600000000000000033e-01 3.509573796686267677e+00 3.590517890869045381e+00
1.700000000000000122e-01 3.509573796686267677e+00 3.590517890869045381e+00
1.799999999999999933e-01 3.509573796686267677e+00 3.590517890869045381e+00
1.900000000000000022e-01 3.509573796686267677e+00 3.590517890869045381e+00
2.000000000000000111e-01 3.509573796686267677e+00 3.590517890869045381e+00
2.099999999999999922e-01 3.509573796686267677e+00 3.590517890869045381e+00
2.200000000000000011e-01 3.509482812143777331e+00 3.590481202686811812e+00
2.300000000000000100e-01 3.509323686956510535e+00 3.590414609118356637e+00
2.399999999999999911e-01 3.509112580514163859e+00 3.590337122645168577e+00
2.500000000000000000e-01 3.508875501820912568e+00 3.590220900166163354e+00
2.600000000000000089e-01 3.508809762848111191e+00 3.590186741892603450e+00
2.700000000000000178e-01 3.508687547342281832e+00 3.590098393753070383e+00
2.800000000000000266e-01 3.508511062091454580e+00 3.590023635679618241e+00
2.899999999999999800e-01 3.508327961137291950e+00 3.589915823633673675e+00
2.999999999999999889e-01 3.508123247569361780e+00 3.589821163164814699e+00
3.099999999999999978e-01 3.507653336732988070e+00 3.589624933630819914e+00
3.200000000000000067e-01 3.507199704075298907e+00 3.589399573959865197e+00
3.300000000000000155e-01 3.506693642543457834e+00 3.589146331607199869e+00
3.400000000000000244e-01 3.506140486518071420e+00 3.588830469826532976e+00
3.500000000000000333e-01 3.505918084384992195e+00 3.588808278515741801e+00
3.599999999999999867e-01 3.505620302521731180e+00 3.588746727703069350e+00
3.699999999999999956e-01 3.505562057951302712e+00 3.588777196046500251e+00
3.800000000000000044e-01 3.505401324036212074e+00 3.588793711931614894e+00
3.900000000000000133e-01 3.504956802367266810e+00 3.588892677422466981e+00
4.000000000000000222e-01 3.504668940701339608e+00 3.588976511821892146e+00
4.100000000000000311e-01 3.503959501254272357e+00 3.589156118967819165e+00
4.199999999999999845e-01 3.502946648853819234e+00 3.589423918820817683e+00
4.299999999999999933e-01 3.501828657286956137e+00 3.589747790171311514e+00
4.400000000000000022e-01 3.500812601828851456e+00 3.590063817887029884e+00
4.500000000000000111e-01 3.499457053385079064e+00 3.590487289647757763e+00
4.600000000000000200e-01 3.497890070810742102e+00 3.591059221663051026e+00
4.700000000000000289e-01 3.492941626080233064e+00 3.593174333387654684e+00
4.799999999999999822e-01 3.484402879779906925e+00 3.596724415027527044e+00
4.899999999999999911e-01 3.478924356712418842e+00 3.598725921069068079e+00
5.000000000000000000e-01 3.475790596423722789e+00 3.599802876424215370e+00
5.100000000000000089e-01 3.470248048654410500e+00 3.601814125746872985e+00
5.200000000000000178e-01 3.461640553348908078e+00 3.605068238131156733e+00
5.300000000000000266e-01 3.433370881792413343e+00 3.615623771551740973e+00
5.400000000000000355e-01 3.405672388806405326e+00 3.623798908944067865e+00
5.500000000000000444e-01 3.369864222441495194e+00 3.631414421238123857e+00
5.600000000000000533e-01 3.329935388773578531e+00 3.636582545200687910e+00
5.700000000000000622e-01 3.252189432283508985e+00 3.636353262771498507e+00
5.799999999999999600e-01 3.152602133766310821e+00 3.614060524352891157e+00
5.899999999999999689e-01 3.067418884266624790e+00 3.571408041511764164e+00
5.999999999999999778e-01 2.998363627875876070e+00 3.515381737762856673e+00
6.099999999999999867e-01 2.945967412754051828e+00 3.454923334268577229e+00
6.199999999999999956e-01 2.908418632774472989e+00 3.396399120082735479e+00
6.300000000000000044e-01 2.888040086121359540e+00 3.349711270156106036e+00
6.400000000000000133e-01 2.874799848621213627e+00 3.300159219028627966e+00
6.500000000000000222e-01 2.867029640633382837e+00 3.256949345029077403e+00
6.600000000000000311e-01 2.863155951110531117e+00 3.216311972373317563e+00
6.700000000000000400e-01 2.861810619200246375e+00 3.182269729372484424e+00
6.800000000000000488e-01 2.862902830280977362e+00 3.151004611721319293e+00
6.900000000000000577e-01 2.864355286073001050e+00 3.127278346353260741e+00
7.000000000000000666e-01 2.865721676194681766e+00 3.113969194581494460e+00
7.099999999999999645e-01 2.866101752390807000e+00 3.108167605152184265e+00
7.199999999999999734e-01 2.867096921221989003e+00 3.097695644080860067e+00
7.299999999999999822e-01 2.867538918050396290e+00 3.089970631262195511e+00
7.399999999999999911e-01 2.867204078589217886e+00 3.086970677546722719e+00
7.500000000000000000e-01 2.865087465938650713e+00 3.080015662742531912e+00
7.600000000000000089e-01 2.863960501841159800e+00 3.071691944867519286e+00
7.700000000000000178e-01 2.864526042458373833e+00 3.058715238493126432e+00
7.800000000000000266e-01 2.862864840941188760e+00 3.058972497301342131e+00
7.900000000000000355e-01 2.862699601015551654e+00 3.062003744078175327e+00
8.000000000000000444e-01 2.862260852896980623e+00 3.067377374727912276e+00
8.100000000000000533e-01 2.860600014376226241e+00 3.072535702138361025e+00
8.200000000000000622e-01 2.858208609749612883e+00 3.081975855844678591e+00
8.300000000000000711e-01 2.856284124879305608e+00 3.103120836239392943e+00
8.399999999999999689e-01 2.857986159790661063e+00 3.129409311395976445e+00
8.499999999999999778e-01 2.863030780322112445e+00 3.163901136620484333e+00
8.599999999999999867e-01 2.877926935740498404e+00 3.208904981454821392e+00
8.699999999999999956e-01 2.901029254557836889e+00 3.248241121728669523e+00
8.800000000000000044e-01 2.920435381689872933e+00 3.280667760371360764e+00
8.900000000000000133e-01 2.942606850694129417e+00 3.313331476193954739e+00
9.000000000000000222e-01 2.961589430363902764e+00 3.331976663285961315e+00
9.100000000000000311e-01 2.985434643279159861e+00 3.350660955366050242e+00
9.200000000000000400e-01 3.011854877491872085e+00 3.367367589029390818e+00
9.300000000000000488e-01 3.042052952738065308e+00 3.379580346717577122e+00
9.400000000000000577e-01 3.074124003687458639e+00 3.389956522602481037e+00
9.500000000000000666e-01 3.103551693988622073e+00 3.393524213504015119e+00
9.599999999999999645e-01 3.128875957783772144e+00 3.396555101610110761e+00
9.699999999999999734e-01 3.151219300449831007e+00 3.396836818009870473e+00
9.799999999999999822e-01 3.167724521779246238e+00 3.397252680149846604e+00
9.899999999999999911e-01 3.181058811202412517e+00 3.396803294415110752e+00
1.000000000000000000e+00 3.200441595116926941e+00 3.395330870789216249e+00
1.010000000000000009e+00 3.219150736966194692e+00 3.392694110531745189e+00
1.020000000000000018e+00 3.234672798436583285e+00 3.389524555737076561e+00
1.030000000000000027e+00 3.246020758724614819e+00 3.386763104767397170e+00
1.040000000000000036e+00 3.257508347936788784e+00 3.383394643119653100e+00
1.050000000000000044e+00 3.265831329157231178e+00 3.380508752162577846e+00
1.060000000000000053e+00 3.273079772285576450e+00 3.377866586895827528e+00
1.070000000000000062e+00 3.278545358132306742e+00 3.375867191625650410e+00
1.080000000000000071e+00 3.283557005827919983e+00 3.374181066429122300e+00
1.090000000000000080e+00 3.288253249370108655e+00 3.372442779773225041e+00
1.100000000000000089e+00 3.292378857229518729e+00 3.370870488440227852e+00
1.110000000000000098e+00 3.296045159716587847e+00 3.369350749712008763e+00
1.120000000000000107e+00 3.298465976402149114e+00 3.368308959863796748e+00
1.130000000000000115e+00 3.303592605380851754e+00 3.365818752169769557e+00
1.140000000000000124e+00 3.307797585160182408e+00 3.363571270459248197e+00
1.150000000000000133e+00 3.310399548480681187e+00 3.362155862352677271e+00
1.159999999999999920e+00 3.314502849748153235e+00 3.359712610571365499e+00
1.169999999999999929e+00 3.318471278932541679e+00 3.357167755748778681e+00
1.179999999999999938e+00 3.320036170455637148e+00 3.356174851039228635e+00
1.189999999999999947e+00 3.321047280576291616e+00 3.355510295007166466e+00
1.199999999999999956e+00 3.322671206708543323e+00 3.354409941834814113e+00
1.209999999999999964e+00 3.322761622693873651e+00 3.354348532015942741e+00
1.219999999999999973e+00 3.322952513853952627e+00 3.354216888912274985e+00
1.229999999999999982e+00 3.322952513853952627e+00 3.354216888912274985e+00
1.239999999999999991e+00 3.322952513853952627e+00 3.354216888912274985e+00
1.250000000000000000e+00 3.322952513853952627e+00 3.354216888912274985e+00
1.260000000000000009e+00 3.322952513853952627e+00 3.354216888912274985e+00
1.270000000000000018e+00 3.322952513853952627e+00 3.354216888912274985e+00
1.280000000000000027e+00 3.322952513853952627e+00 3.354216888912274985e+00
1.290000000000000036e+00 3.322952513853952627e+00 3.354216888912274985e+00
1.300000000000000044e+00 3.322952513853952627e+00 3.354216888912274985e+00
1.310000000000000053e+00 3.322952513853952627e+00 3.354216888912274985e+00
1.320000000000000062e+00 3.322952513853952627e+00 3.354216888912274985e+00
1.330000000000000071e+00 3.322952513853952627e+00 3.354216888912274985e+00
1.340000000000000080e+00 3.322952513853952627e+00 3.354216888912274985e+00
1.350000000000000089e+00 3.322952513853952627e+00 3.354216888912274985e+00
1.360000000000000098e+00 3.322952513853952627e+00 3.354216888912274985e+00
1.370000000000000107e+00 3.322952513853952627e+00 3.354216888912274985e+00
1.380000000000000115e+00 3.322952513853952627e+00 3.354216888912274985e+00
1.390000000000000124e+00 3.322952513853952627e+00 3.354216888912274985e+00
1.400000000000000133e+00 3.322952513853952627e+00 3.354216888912274985e+00
1.409999999999999920e+00 3.322952513853952627e+00 3.354216888912274985e+00
1.419999999999999929e+00 3.322952513853952627e+00 3.354216888912274985e+00
1.429999999999999938e+00 3.322952513853952627e+00 3.354216888912274985e+00
1.439999999999999947e+00 3.322952513853952627e+00 3.354216888912274985e+00
1.449999999999999956e+00 3.322952513853952627e+00 3.354216888912274985e+00
1.459999999999999964e+00 3.322952513853952627e+00 3.354216888912274985e+00
1.469999999999999973e+00 3.322952513853952627e+00 3.354216888912274985e+00
1.479999999999999982e+00 3.322952513853952627e+00 3.354216888912274985e+00
1.489999999999999991e+00 3.322952513853952627e+00 3.354216888912274985e+00
1.500000000000000000e+00 3.322952513853952627e+00 3.354216888912274985e+00
1.510000000000000009e+00 3.322952513853952627e+00 3.354216888912274985e+00
1.520000000000000018e+00 3.322952513853952627e+00 3.354216888912274985e+00
1.530000000000000027e+00 3.322952513853952627e+00 3.354216888912274985e+00
1.540000000000000036e+00 3.322952514198495244e+00 3.354216922890470798e+00
1.550000000000000044e+00 3.322951696396550414e+00 3.354217162603655655e+00
1.560000000000000053e+00 3.322951696396550414e+00 3.354217162603655655e+00
1.570000000000000062e+00 3.322947402545550766e+00 3.354218253167530861e+00
1.580000000000000071e+00 3.322947402545550766e+00 3.354218253167530861e+00
1.590000000000000080e+00 3.322947402545550766e+00 3.354218253167530861e+00
1.600000000000000089e+00 3.322944063317519792e+00 3.354219100950020405e+00
1.610000000000000098e+00 3.322944063317519792e+00 3.354219100950020405e+00
1.620000000000000107e+00 3.322944063317519792e+00 3.354219100950020405e+00
1.630000000000000115e+00 3.322944063317519792e+00 3.354219100950020405e+00
1.640000000000000124e+00 3.322944063317519792e+00 3.354219100950020405e+00
1.650000000000000133e+00 3.322943831731688391e+00 3.354219150083650014e+00
1.660000000000000142e+00 3.322942832193029883e+00 3.354219386291848348e+00
1.669999999999999929e+00 3.322941211196781985e+00 3.354219730122683707e+00
1.679999999999999938e+00 3.322940513289574405e+00 3.354219890901442902e+00
1.689999999999999947e+00 3.322936591525887273e+00 3.354220623387480948e+00
1.699999999999999956e+00 3.322909996872378535e+00 3.354226833667325103e+00
1.709999999999999964e+00 3.322912575172631389e+00 3.354228649931700890e+00
1.719999999999999973e+00 3.322913452121397881e+00 3.354229521673539161e+00
1.729999999999999982e+00 3.322913452121397881e+00 3.354229521673539161e+00
1.739999999999999991e+00 3.322913452121397881e+00 3.354229521673539161e+00
1.750000000000000000e+00 3.322913452121397881e+00 3.354229521673539161e+00
1.760000000000000009e+00 3.322912651617277557e+00 3.354229714310418498e+00
1.770000000000000018e+00 3.322919018260359625e+00 3.354230607336640357e+00
1.780000000000000027e+00 3.322913421480590213e+00 3.354238783485955278e+00
1.790000000000000036e+00 3.322921116098030314e+00 3.354239788857833471e+00
1.800000000000000044e+00 3.322937733355011858e+00 3.354234363426718879e+00
1.810000000000000053e+00 3.322941151972695462e+00 3.354234938563422030e+00
1.820000000000000062e+00 3.322956326679070926e+00 3.354237124253431901e+00
1.830000000000000071e+00 3.322951147637891900e+00 3.354235694937181655e+00
1.840000000000000080e+00 3.322950231584837599e+00 3.354241422763535763e+00
1.850000000000000089e+00 3.322952019917048805e+00 3.354233272193394289e+00
1.860000000000000098e+00 3.322951640367719506e+00 3.354227915687349793e+00
1.870000000000000107e+00 3.322954431924056262e+00 3.354217888708878714e+00
1.880000000000000115e+00 3.322949627324998101e+00 3.354194581001341380e+00
1.890000000000000124e+00 3.322942037160106388e+00 3.354198467166713549e+00
1.900000000000000133e+00 3.322947996774763268e+00 3.354186644114404814e+00
1.910000000000000142e+00 3.322920405562588719e+00 3.354189832526972559e+00
1.919999999999999929e+00 3.322886467902047336e+00 3.354205627287047520e+00
1.929999999999999938e+00 3.322893409635789830e+00 3.354192675593130168e+00
1.939999999999999947e+00 3.322885940080821499e+00 3.354188925694287171e+00
1.949999999999999956e+00 3.322726691425637036e+00 3.354278746196433403e+00
1.959999999999999964e+00 3.322710572032073095e+00 3.354268079987427598e+00
1.969999999999999973e+00 3.322908748917249966e+00 3.354112597766252257e+00
1.979999999999999982e+00 3.322948310334925548e+00 3.354054169647450845e+00
1.989999999999999991e+00 3.322933163220138653e+00 3.354039768307952585e+00
2.000000000000000000e+00 3.322911685246927593e+00 3.353990870881573994e+00
2.010000000000000231e+00 3.322954004895115165e+00 3.353970001013851121e+00
2.020000000000000018e+00 3.322953702377715590e+00 3.353967623854240632e+00
2.030000000000000249e+00 3.322930317836963354e+00 3.353946545485294806e+00
2.040000000000000036e+00 3.322781115754457115e+00 3.353948318721441613e+00
2.049999999999999822e+00 3.322723845407489662e+00 3.353974931290622408e+00
2.060000000000000053e+00 3.322665366573830159e+00 3.354039971856574542e+00
2.069999999999999840e+00 3.322558827510725621e+00 3.354093958043206314e+00
2.080000000000000071e+00 3.322496014180400081e+00 3.354156798677228046e+00
2.089999999999999858e+00 3.322342530487252699e+00 3.354172783567236582e+00
2.100000000000000089e+00 3.322255557012456784e+00 3.354235793833833412e+00
2.109999999999999876e+00 3.322008171738671134e+00 3.354352503629637550e+00
2.120000000000000107e+00 3.321819172420702682e+00 3.354448765282429523e+00
2.129999999999999893e+00 3.321622435610260382e+00 3.354549935066733823e+00
2.140000000000000124e+00 3.321130308797227038e+00 3.354817199938429972e+00
2.149999999999999911e+00 3.321008085996266068e+00 3.354972349985484215e+00
2.160000000000000142e+00 3.320899924518331492e+00 3.355050469015374848e+00
2.169999999999999929e+00 3.320389454546326835e+00 3.355374753427153411e+00
2.180000000000000160e+00 3.320165934394862184e+00 3.355543005925152755e+00
2.189999999999999947e+00 3.319879590812266912e+00 3.355686546520649571e+00
2.200000000000000178e+00 3.319605803312281278e+00 3.355879607764264083e+00
2.209999999999999964e+00 3.319361128459506816e+00 3.356012944874233739e+00
2.220000000000000195e+00 3.318763301825563339e+00 3.356433913869818042e+00
2.229999999999999982e+00 3.318450044750615113e+00 3.356569907994822799e+00
2.240000000000000213e+00 3.318142414813544772e+00 3.356834406537506421e+00
2.250000000000000000e+00 3.316484780609443739e+00 3.357923246677085416e+00
2.260000000000000231e+00 3.315107901330384355e+00 3.358789013342466934e+00
2.270000000000000018e+00 3.314324904491626533e+00 3.359240362899578614e+00
2.280000000000000249e+00 3.313089014089756645e+00 3.360132161728686562e+00
2.290000000000000036e+00 3.312136002400297929e+00 3.361004228856187215e+00
2.300000000000000266e+00 3.311383228960146141e+00 3.361721353750120045e+00
2.310000000000000053e+00 3.310983512822742281e+00 3.362323109129314869e+00
2.319999999999999840e+00 3.310105856602351349e+00 3.363505309150059741e+00
2.330000000000000071e+00 3.309310671486642708e+00 3.364969360213491800e+00
2.339999999999999858e+00 3.308498287246221192e+00 3.366192967555529325e+00
2.350000000000000089e+00 3.307533784703189816e+00 3.368500394273822529e+00
2.359999999999999876e+00 3.306833873439531057e+00 3.370140111178656195e+00
2.370000000000000107e+00 3.305582150574895461e+00 3.372164687913683512e+00
2.379999999999999893e+00 3.304090085952422928e+00 3.375148220774986552e+00
2.390000000000000124e+00 3.303070273640359211e+00 3.377792917825972019e+00
2.399999999999999911e+00 3.302020893313513561e+00 3.381198610246552327e+00
2.410000000000000142e+00 3.300928123615127774e+00 3.384966994154113173e+00
2.419999999999999929e+00 3.294698515662318528e+00 3.392143987131947647e+00
2.430000000000000160e+00 3.286985437133382426e+00 3.399518972189356170e+00
2.439999999999999947e+00 3.277823781326658192e+00 3.407640132433527036e+00
2.450000000000000178e+00 3.275226471228362080e+00 3.412397523703812219e+00
2.459999999999999964e+00 3.265576836049789655e+00 3.421668133446937432e+00
2.470000000000000195e+00 3.262217996848487012e+00 3.426997239915467119e+00
2.479999999999999982e+00 3.259219112352266912e+00 3.432846855150327059e+00
2.490000000000000213e+00 3.262842990075544236e+00 3.435631046355767992e+00
2.500000000000000000e+00 3.272530459869632313e+00 3.437839059235324957e+00
2.510000000000000231e+00 3.279675332628262385e+00 3.441331613716112958e+00
2.520000000000000018e+00 3.281281399315336689e+00 3.447218279186746503e+00
2.530000000000000249e+00 3.280614998608129440e+00 3.455525116652948370e+00
2.540000000000000036e+00 3.280380369401824314e+00 3.462114474324333724e+00
2.550000000000000266e+00 3.283341963809184971e+00 3.466573736731357602e+00
2.560000000000000053e+00 3.287461073553457069e+00 3.467657317540751016e+00
2.569999999999999840e+00 3.274428944496606153e+00 3.481876148648764602e+00
2.580000000000000071e+00 3.279689148155125356e+00 3.483999551982013276e+00
2.589999999999999858e+00 3.292832892757280305e+00 3.484001483272687771e+00
2.600000000000000089e+00 3.298190130910314100e+00 3.490247328734957133e+00
2.609999999999999876e+00 3.300147516019036331e+00 3.497746763532469494e+00
2.620000000000000107e+00 3.317545685140242284e+00 3.494844602921853394e+00
2.629999999999999893e+00 3.326354319891605904e+00 3.496139479694690522e+00
2.640000000000000124e+00 3.330444641245485116e+00 3.501063498264669782e+00
2.649999999999999911e+00 3.334800598174779473e+00 3.505937612207682186e+00
2.660000000000000142e+00 3.339591388169657726e+00 3.511354853829014466e+00
2.669999999999999929e+00 3.344459821097141905e+00 3.516511918762438960e+00
2.680000000000000160e+00 3.350773046753554141e+00 3.522382364141793509e+00
2.689999999999999947e+00 3.357168789591039371e+00 3.527967840128694910e+00
2.700000000000000178e+00 3.364692218299501381e+00 3.533423264893896576e+00
2.709999999999999964e+00 3.371837856957787150e+00 3.537926413829451722e+00
2.720000000000000195e+00 3.378613219523864064e+00 3.541690214414162430e+00
2.729999999999999982e+00 3.385228312676054063e+00 3.544891268083948166e+00
2.740000000000000213e+00 3.392081835787135624e+00 3.547691141441029039e+00
2.750000000000000000e+00 3.398697368286123677e+00 3.550046878349313317e+00
2.760000000000000231e+00 3.405460550349386661e+00 3.552001062571374046e+00
2.770000000000000018e+00 3.411554214691752573e+00 3.553649820757275091e+00
2.780000000000000249e+00 3.417354641295132112e+00 3.554821934303584285e+00
2.790000000000000036e+00 3.422697997771764200e+00 3.555717933486437055e+00
2.800000000000000266e+00 3.427477100509313424e+00 3.556332258817048952e+00
2.810000000000000053e+00 3.431554789133747452e+00 3.556750993785182668e+00
2.819999999999999840e+00 3.435373706695087126e+00 3.557035038941852800e+00
2.830000000000000071e+00 3.439175666953904198e+00 3.557208494647162489e+00
2.839999999999999858e+00 3.443302991804753965e+00 3.557243510570848422e+00
2.850000000000000089e+00 3.447912539353718220e+00 3.557201928705821192e+00
2.859999999999999876e+00 3.451608623533353182e+00 3.557055295972720188e+00
2.870000000000000107e+00 3.455907177174704081e+00 3.556745092455727786e+00
2.879999999999999893e+00 3.459955523879940653e+00 3.556326190492694383e+00
2.890000000000000124e+00 3.464184135780650209e+00 3.555746156091374566e+00
2.899999999999999911e+00 3.469342878308500744e+00 3.554743966707978764e+00
2.910000000000000142e+00 3.473493093532458609e+00 3.553831498304470315e+00
2.919999999999999929e+00 3.478235777447297838e+00 3.552492897612974598e+00
2.930000000000000160e+00 3.483344628740532301e+00 3.550853399795310672e+00
2.939999999999999947e+00 3.488766382148389855e+00 3.548766569220895395e+00
2.950000000000000178e+00 3.493710003969444866e+00 3.546653675439582099e+00
2.959999999999999964e+00 3.497896808747277930e+00 3.544669181500448296e+00
2.970000000000000195e+00 3.502329771577486373e+00 3.542282611635557021e+00
2.979999999999999982e+00 3.505641930863943045e+00 3.540349596688662004e+00
2.990000000000000213e+00 3.508310388430003091e+00 3.538734934636708740e+00
3.000000000000000000e+00 3.512731359754336147e+00 3.535762536453473714e+00
