0.000000000000000000e+00 1.177060576171427980e-01
1.000000000000000021e-02 4.228786351937055543e-01
2.000000000000000042e-02 3.170747026486396614e+00
2.999999999999999889e-02 3.173398569686412873e+00
4.000000000000000083e-02 3.183443312735557473e+00
5.000000000000000278e-02 3.197494825551509656e+00
5.999999999999999778e-02 3.203727639119624993e+00
7.000000000000000666e-02 3.207110562384128727e+00
8.000000000000000167e-02 3.208116313235759520e+00
8.999999999999999667e-02 3.208212586522102505e+00
1.000000000000000056e-01 3.208437654294967523e+00
1.100000000000000006e-01 3.208589412031173538e+00
1.199999999999999956e-01 3.209007758922576947e+00
1.300000000000000044e-01 3.209677825345992996e+00
1.400000000000000133e-01 3.209968713991642186e+00
1.499999999999999944e-01 3.210208862652778716e+00
1.600000000000000033e-01 3.210259536983966822e+00
1.700000000000000122e-01 3.210473196568488952e+00
1.799999999999999933e-01 3.210668886933326860e+00
1.900000000000000022e-01 3.210837918915748546e+00
2.000000000000000111e-01 3.211358557286262627e+00
2.099999999999999922e-01 3.211782342474460705e+00
2.200000000000000011e-01 3.212074775249957881e+00
2.300000000000000100e-01 3.212352278406620076e+00
2.399999999999999911e-01 3.212521338031292029e+00
2.500000000000000000e-01 3.212788115592002836e+00
2.600000000000000089e-01 3.213194805734157722e+00
2.700000000000000178e-01 3.213467913248539087e+00
2.800000000000000266e-01 3.213694984052181347e+00
2.899999999999999800e-01 3.213864099047183842e+00
2.999999999999999889e-01 3.214069744262695316e+00
3.099999999999999978e-01 3.214236558620929607e+00
3.200000000000000067e-01 3.214499534721374729e+00
3.300000000000000155e-01 3.214705525219440307e+00
3.400000000000000244e-01 3.214822318718433269e+00
3.500000000000000333e-01 3.214974230587482662e+00
3.599999999999999867e-01 3.215101765313148618e+00
3.699999999999999956e-01 3.215255666701793746e+00
3.800000000000000044e-01 3.215410677115916993e+00
3.900000000000000133e-01 3.215583440096378531e+00
4.000000000000000222e-01 3.215801174192428391e+00
4.100000000000000311e-01 3.215918187003135476e+00
4.199999999999999845e-01 3.216070385761260919e+00
4.299999999999999933e-01 3.216246098363399586e+00
4.400000000000000022e-01 3.216426693148612959e+00
4.500000000000000111e-01 3.216578970766067691e+00
4.600000000000000200e-01 3.216736686880588447e+00
4.700000000000000289e-01 3.216897169024944159e+00
4.799999999999999822e-01 3.217038917348384874e+00
4.899999999999999911e-01 3.217193536748886196e+00
5.000000000000000000e-01 3.217351492788791845e+00
5.100000000000000089e-01 3.217487768776416956e+00
5.200000000000000178e-01 3.217592161076068713e+00
5.300000000000000266e-01 3.217698255138397023e+00
5.400000000000000355e-01 3.217775158627033338e+00
5.500000000000000444e-01 3.217875660579204489e+00
5.600000000000000533e-01 3.217932761280536624e+00
5.700000000000000622e-01 3.218007059581279972e+00
5.799999999999999600e-01 3.218068576099872402e+00
5.899999999999999689e-01 3.218120149559974497e+00
5.999999999999999778e-01 3.218186167285442156e+00
6.099999999999999867e-01 3.218245235974788621e+00
6.199999999999999956e-01 3.218279901936054177e+00
6.300000000000000044e-01 3.218279162955284267e+00
6.400000000000000133e-01 3.218335338304042725e+00
6.500000000000000222e-01 3.218367910857200531e+00
6.600000000000000311e-01 3.218411634607315275e+00
6.700000000000000400e-01 3.218484496586322852e+00
6.800000000000000488e-01 3.218516379883289424e+00
6.900000000000000577e-01 3.218614885463714437e+00
7.000000000000000666e-01 3.218669434182643840e+00
7.099999999999999645e-01 3.218735659596919874e+00
7.199999999999999734e-01 3.218767782099246855e+00
7.299999999999999822e-01 3.218797400655746266e+00
7.399999999999999911e-01 3.218884363157749284e+00
7.500000000000000000e-01 3.218957100648879965e+00
7.600000000000000089e-01 3.218954905049800974e+00
7.700000000000000178e-01 3.218966094958782165e+00
7.800000000000000266e-01 3.219037535121441085e+00
7.900000000000000355e-01 3.219162315754890535e+00
8.000000000000000444e-01 3.219280878076553165e+00
8.100000000000000533e-01 3.219378494489192999e+00
8.200000000000000622e-01 3.219512911355495444e+00
8.300000000000000711e-01 3.219707810578346319e+00
8.399999999999999689e-01 3.219728325846195283e+00
8.499999999999999778e-01 3.219818540558815112e+00
8.599999999999999867e-01 3.219973173050880266e+00
8.699999999999999956e-01 3.220155424208641204e+00
8.800000000000000044e-01 3.220506049807071669e+00
8.900000000000000133e-01 3.220929711384773242e+00
9.000000000000000222e-01 3.221461013855934308e+00
9.100000000000000311e-01 3.222022461898327084e+00
9.200000000000000400e-01 3.222579598319530447e+00
9.300000000000000488e-01 3.223542220008373427e+00
9.400000000000000577e-01 3.224256761186123033e+00
9.500000000000000666e-01 3.224880555953979488e+00
9.599999999999999645e-01 3.226339444961547898e+00
9.699999999999999734e-01 3.227704325559139331e+00
9.799999999999999822e-01 3.228141094231605557e+00
9.899999999999999911e-01 3.228819877653121839e+00
1.000000000000000000e+00 3.231785672702789380e+00
1.010000000000000009e+00 3.236256637156009752e+00
1.020000000000000018e+00 3.240023310470581119e+00
1.030000000000000027e+00 3.243467950861453897e+00
1.040000000000000036e+00 3.248094903202056738e+00
1.050000000000000044e+00 3.252797603681087502e+00
1.060000000000000053e+00 3.257898941593170061e+00
1.070000000000000062e+00 3.263415204095840405e+00
1.080000000000000071e+00 3.270154706881046369e+00
1.090000000000000080e+00 3.279360873756408612e+00
1.100000000000000089e+00 3.287911353101730327e+00
1.110000000000000098e+00 3.296847786076068765e+00
1.120000000000000107e+00 3.305676274514198099e+00
1.130000000000000115e+00 3.314284676883220815e+00
1.140000000000000124e+00 3.321161519038677401e+00
1.150000000000000133e+00 3.330297769470214941e+00
1.159999999999999920e+00 3.339956835932731849e+00
1.169999999999999929e+00 3.349517344768047522e+00
1.179999999999999938e+00 3.358827372062206162e+00
1.189999999999999947e+00 3.365775211839675762e+00
1.199999999999999956e+00 3.369446021339893349e+00
1.209999999999999964e+00 3.374267507247924680e+00
1.219999999999999973e+00 3.379557726061344081e+00
1.229999999999999982e+00 3.383543435852527814e+00
1.239999999999999991e+00 3.388559077169895239e+00
1.250000000000000000e+00 3.393128449571132688e+00
1.260000000000000009e+00 3.397185774409770875e+00
1.270000000000000018e+00 3.400895004453658999e+00
1.280000000000000027e+00 3.403477590878009718e+00
1.290000000000000036e+00 3.408225366754531915e+00
1.300000000000000044e+00 3.412549785726070262e+00
1.310000000000000053e+00 3.416210062038898432e+00
1.320000000000000062e+00 3.420432806239128265e+00
1.330000000000000071e+00 3.423995456290245265e+00
1.340000000000000080e+00 3.428922474250793329e+00
1.350000000000000089e+00 3.431503433966636596e+00
1.360000000000000098e+00 3.433058533813953428e+00
1.370000000000000107e+00 3.434665338330268991e+00
1.380000000000000115e+00 3.435963726055621947e+00
1.390000000000000124e+00 3.438107602379322003e+00
1.400000000000000133e+00 3.439965834922790400e+00
1.409999999999999920e+00 3.443206641194820339e+00
1.419999999999999929e+00 3.445818953199386581e+00
1.429999999999999938e+00 3.450281590847969149e+00
1.439999999999999947e+00 3.454741083247661493e+00
1.449999999999999956e+00 3.457642526361942359e+00
1.459999999999999964e+00 3.462253407163620178e+00
1.469999999999999973e+00 3.466309576439857487e+00
1.479999999999999982e+00 3.469511839249133978e+00
1.489999999999999991e+00 3.472762191762924111e+00
1.500000000000000000e+00 3.475930012791156987e+00
1.510000000000000009e+00 3.480646467943191436e+00
1.520000000000000018e+00 3.483756124522686015e+00
1.530000000000000027e+00 3.487332061343193068e+00
1.540000000000000036e+00 3.488186462194919457e+00
1.550000000000000044e+00 3.489567734549045674e+00
1.560000000000000053e+00 3.489305179779529364e+00
1.570000000000000062e+00 3.489124951882362158e+00
1.580000000000000071e+00 3.488455403578281544e+00
1.590000000000000080e+00 3.487621248102187987e+00
1.600000000000000089e+00 3.487087388975620428e+00
1.610000000000000098e+00 3.487017570259570931e+00
1.620000000000000107e+00 3.486974990074634739e+00
1.630000000000000115e+00 3.486657869253158459e+00
1.640000000000000124e+00 3.486516588361263214e+00
1.650000000000000133e+00 3.486411466200351583e+00
1.660000000000000142e+00 3.486316025567054666e+00
1.669999999999999929e+00 3.486166964802742019e+00
1.679999999999999938e+00 3.485933082673549510e+00
1.689999999999999947e+00 3.486044925782680437e+00
1.699999999999999956e+00 3.485920632884502268e+00
1.709999999999999964e+00 3.485906824686527461e+00
1.719999999999999973e+00 3.485509272015094862e+00
1.729999999999999982e+00 3.485299707219600585e+00
1.739999999999999991e+00 3.485140512516498479e+00
1.750000000000000000e+00 3.484514317915439641e+00
1.760000000000000009e+00 3.483981006209850406e+00
1.770000000000000018e+00 3.483417606060505101e+00
1.780000000000000027e+00 3.482590050663948222e+00
1.790000000000000036e+00 3.480986040205955589e+00
1.800000000000000044e+00 3.479107585983276518e+00
1.810000000000000053e+00 3.478193231163024812e+00
1.820000000000000062e+00 3.477416604452133075e+00
1.830000000000000071e+00 3.476341870214938901e+00
1.840000000000000080e+00 3.470766666371822406e+00
1.850000000000000089e+00 3.461291582722664018e+00
1.860000000000000098e+00 3.457851671116352055e+00
1.870000000000000107e+00 3.453743438699245605e+00
1.880000000000000115e+00 3.449822315826415853e+00
1.890000000000000124e+00 3.445410927495956344e+00
1.900000000000000133e+00 3.443963581249713801e+00
1.910000000000000142e+00 3.437828766169547912e+00
1.919999999999999929e+00 3.440634487843513334e+00
1.929999999999999938e+00 3.440976572306156278e+00
1.939999999999999947e+00 3.438079499156474927e+00
1.949999999999999956e+00 3.434580663676261914e+00
1.959999999999999964e+00 3.428003870198726766e+00
1.969999999999999973e+00 3.424628140373230156e+00
1.979999999999999982e+00 3.439689815484285429e+00
1.989999999999999991e+00 3.450878394865989574e+00
2.000000000000000000e+00 3.458042746744155682e+00
2.010000000000000231e+00 3.466019589500427323e+00
2.020000000000000018e+00 3.472420513002872688e+00
2.030000000000000249e+00 3.478110238910913310e+00
2.040000000000000036e+00 3.473908701891899042e+00
2.049999999999999822e+00 3.483700683784484831e+00
2.060000000000000053e+00 3.489260324072837705e+00
2.069999999999999840e+00 3.495980398008823542e+00
2.080000000000000071e+00 3.508879904150962847e+00
2.089999999999999858e+00 3.515658704984188088e+00
2.100000000000000089e+00 3.523358224968910157e+00
2.109999999999999876e+00 3.531616133182048589e+00
2.120000000000000107e+00 3.539809731504917067e+00
2.129999999999999893e+00 3.547119977884292563e+00
2.140000000000000124e+00 3.556244366996288431e+00
2.149999999999999911e+00 3.564442527213096401e+00
2.160000000000000142e+00 3.573821405310630972e+00
2.169999999999999929e+00 3.582230863025188228e+00
2.180000000000000160e+00 3.591027264227867111e+00
2.189999999999999947e+00 3.600075432147979537e+00
2.200000000000000178e+00 3.608937469294071221e+00
2.209999999999999964e+00 3.617622595386505324e+00
2.220000000000000195e+00 3.626573706614971027e+00
2.229999999999999982e+00 3.636020869121551424e+00
2.240000000000000213e+00 3.643421989960670349e+00
2.250000000000000000e+00 3.651421626131534648e+00
2.260000000000000231e+00 3.658707917063236170e+00
2.270000000000000018e+00 3.666508787331581143e+00
2.280000000000000249e+00 3.674556021535396511e+00
2.290000000000000036e+00 3.682449664604663830e+00
2.300000000000000266e+00 3.690120808863639912e+00
2.310000000000000053e+00 3.696805714004039789e+00
2.319999999999999840e+00 3.704306111583709704e+00
2.330000000000000071e+00 3.710471989648342017e+00
2.339999999999999858e+00 3.716420952186584525e+00
2.350000000000000089e+00 3.720974551625251703e+00
2.359999999999999876e+00 3.725801067399978628e+00
2.370000000000000107e+00 3.729484513247013133e+00
2.379999999999999893e+00 3.733025273141861167e+00
2.390000000000000124e+00 3.737152100696563561e+00
2.399999999999999911e+00 3.740477346992492791e+00
2.410000000000000142e+00 3.743428604338169041e+00
2.419999999999999929e+00 3.746135442166328211e+00
2.430000000000000160e+00 3.748294349546432702e+00
2.439999999999999947e+00 3.751036437323093331e+00
2.450000000000000178e+00 3.753375371329784382e+00
2.459999999999999964e+00 3.755402689981460540e+00
2.470000000000000195e+00 3.757380928583144986e+00
2.479999999999999982e+00 3.759103700432777195e+00
2.490000000000000213e+00 3.760725989632606403e+00
2.500000000000000000e+00 3.762012955706119488e+00
2.510000000000000231e+00 3.763068860502242874e+00
2.520000000000000018e+00 3.763906876590251915e+00
2.530000000000000249e+00 3.764681785409450310e+00
2.540000000000000036e+00 3.765729508047103824e+00
2.550000000000000266e+00 3.766726374108791298e+00
2.560000000000000053e+00 3.767564505491256543e+00
2.569999999999999840e+00 3.768204351143837005e+00
2.580000000000000071e+00 3.768788231151103840e+00
2.589999999999999858e+00 3.769360870425701115e+00
2.600000000000000089e+00 3.770008734128475147e+00
2.609999999999999876e+00 3.770739467873573503e+00
2.620000000000000107e+00 3.771277537894249132e+00
2.629999999999999893e+00 3.771741864640712816e+00
2.640000000000000124e+00 3.772106833710670681e+00
2.649999999999999911e+00 3.772368422999381909e+00
2.660000000000000142e+00 3.772624118237495328e+00
2.669999999999999929e+00 3.772889426438808425e+00
2.680000000000000160e+00 3.773143713986873760e+00
2.689999999999999947e+00 3.773280059587955648e+00
2.700000000000000178e+00 3.773352860038280632e+00
2.709999999999999964e+00 3.773493273558616856e+00
2.720000000000000195e+00 3.773619666705131603e+00
2.729999999999999982e+00 3.773706212291717321e+00
2.740000000000000213e+00 3.773806467120647490e+00
2.750000000000000000e+00 3.773886516046524253e+00
2.760000000000000231e+00 3.773991284489631504e+00
2.770000000000000018e+00 3.774061936881542234e+00
2.780000000000000249e+00 3.774145139739513599e+00
2.790000000000000036e+00 3.774261862711906446e+00
2.800000000000000266e+00 3.774383821041583875e+00
2.810000000000000053e+00 3.774497130444049997e+00
2.819999999999999840e+00 3.774603283097743844e+00
2.830000000000000071e+00 3.774738627297878235e+00
2.839999999999999858e+00 3.774833515820503305e+00
2.850000000000000089e+00 3.774968952479362372e+00
2.859999999999999876e+00 3.775059500586986694e+00
2.870000000000000107e+00 3.775156349892616170e+00
2.879999999999999893e+00 3.775245378830432763e+00
2.890000000000000124e+00 3.775306374640464924e+00
2.899999999999999911e+00 3.775358296937942448e+00
2.910000000000000142e+00 3.775433874709606119e+00
2.919999999999999929e+00 3.775458171105384952e+00
2.930000000000000160e+00 3.775512823843956145e+00
2.939999999999999947e+00 3.775572934496402855e+00
2.950000000000000178e+00 3.775597849643230308e+00
2.959999999999999964e+00 3.775656677691936469e+00
2.970000000000000195e+00 3.775695744090080463e+00
2.979999999999999982e+00 3.775723121850490749e+00
2.990000000000000213e+00 3.775741919960975856e+00
3.000000000000000000e+00 3.775764418761730301e+00
