0.000000000000000000e+00 2.411096145311870109e-01 2.905086491986236807e-01
1.000000000000000021e-02 1.341411291803421557e+00 1.589667613149581493e+00
2.000000000000000042e-02 1.411119485340436297e+00 1.567450866241137275e+00
2.999999999999999889e-02 1.410529061026716491e+00 1.567721647705888621e+00
4.000000000000000083e-02 1.408938502633988232e+00 1.567923803040564668e+00
5.000000000000000278e-02 1.014239100913995717e+00 2.732178257524973120e+00
5.999999999999999778e-02 3.829602559904980552e+00 3.999678748068880907e+00
7.000000000000000666e-02 3.839456559380082012e+00 3.992793139654608581e+00
8.000000000000000167e-02 3.840457376034753345e+00 3.992043833405477748e+00
8.999999999999999667e-02 3.841219726931786926e+00 3.991518233373426927e+00
1.000000000000000056e-01 3.818365965524090022e+00 4.005535225448237924e+00
1.100000000000000006e-01 3.746126707170747583e+00 4.041687563363767666e+00
1.199999999999999956e-01 3.615479223159625999e+00 4.081051422578021892e+00
1.300000000000000044e-01 3.402688787301308082e+00 4.074316467882865389e+00
1.400000000000000133e-01 3.185041951853718523e+00 3.939728987005267413e+00
1.499999999999999944e-01 3.044870385561952553e+00 3.723147647069921184e+00
1.600000000000000033e-01 3.014574534683319040e+00 3.512713683195022529e+00
1.700000000000000122e-01 3.042079842867073225e+00 3.372655163884941132e+00
1.799999999999999933e-01 3.099457731593394438e+00 3.256232563401913804e+00
1.900000000000000022e-01 3.127914303741274882e+00 3.216083722877682849e+00
2.000000000000000111e-01 3.140490463170932944e+00 3.198799172172618999e+00
2.099999999999999922e-01 3.152308004161591182e+00 3.184136344440703592e+00
2.200000000000000011e-01 3.152749825161628383e+00 3.183610847688980616e+00
2.300000000000000100e-01 3.152749825161628383e+00 3.183610847688980616e+00
2.399999999999999911e-01 3.152749825161628383e+00 3.183610847688980616e+00
2.500000000000000000e-01 3.152749825161628383e+00 3.183610847688980616e+00
2.600000000000000089e-01 3.152749825161628383e+00 3.183610847688980616e+00
2.700000000000000178e-01 3.152749825161628383e+00 3.183610847688980616e+00
2.800000000000000266e-01 3.152749825161628383e+00 3.183610847688980616e+00
2.899999999999999800e-01 3.152749825161628383e+00 3.183610847688980616e+00
2.999999999999999889e-01 3.152749825161628383e+00 3.183610847688980616e+00
3.099999999999999978e-01 3.152749825161628383e+00 3.183610847688980616e+00
3.200000000000000067e-01 3.152749825161628383e+00 3.183610847688980616e+00
3.300000000000000155e-01 3.152749825161628383e+00 3.183610847688980616e+00
3.400000000000000244e-01 3.152749825161628383e+00 3.183610847688980616e+00
3.500000000000000333e-01 3.152749825161628383e+00 3.183610847688980616e+00
3.599999999999999867e-01 3.152749825161628383e+00 3.183610847688980616e+00
3.699999999999999956e-01 3.152749825161628383e+00 3.183610847688980616e+00
3.800000000000000044e-01 3.152749825161628383e+00 3.183610847688980616e+00
3.900000000000000133e-01 3.152749825161628383e+00 3.183610847688980616e+00
4.000000000000000222e-01 3.152749825161628383e+00 3.183610847688980616e+00
4.100000000000000311e-01 3.152749825161628383e+00 3.183610847688980616e+00
4.199999999999999845e-01 3.152749825161628383e+00 3.183610847688980616e+00
4.299999999999999933e-01 3.152749825161628383e+00 3.183610847688980616e+00
4.400000000000000022e-01 3.152749825161628383e+00 3.183610847688980616e+00
4.500000000000000111e-01 3.152749825161628383e+00 3.183610847688980616e+00
4.600000000000000200e-01 3.152749825161628383e+00 3.183610847688980616e+00
4.700000000000000289e-01 3.152749825161628383e+00 3.183610847688980616e+00
4.799999999999999822e-01 3.152749825161628383e+00 3.183610847688980616e+00
4.899999999999999911e-01 3.152749825161628383e+00 3.183610847688980616e+00
5.000000000000000000e-01 3.152749825161628383e+00 3.183610847688980616e+00
5.100000000000000089e-01 3.152749825161628383e+00 3.183610847688980616e+00
5.200000000000000178e-01 3.152749825161628383e+00 3.183610847688980616e+00
5.300000000000000266e-01 3.152749825161628383e+00 3.183610847688980616e+00
5.400000000000000355e-01 3.152749825161628383e+00 3.183610847688980616e+00
5.500000000000000444e-01 3.152749825161628383e+00 3.183610847688980616e+00
5.600000000000000533e-01 3.152749825161628383e+00 3.183610847688980616e+00
5.700000000000000622e-01 3.152749825161628383e+00 3.183610847688980616e+00
5.799999999999999600e-01 3.152749825161628383e+00 3.183610847688980616e+00
5.899999999999999689e-01 3.152749825161628383e+00 3.183610847688980616e+00
5.999999999999999778e-01 3.152749825161628383e+00 3.183610847688980616e+00
6.099999999999999867e-01 3.152749825161628383e+00 3.183610847688980616e+00
6.199999999999999956e-01 3.152749825161628383e+00 3.183610847688980616e+00
6.300000000000000044e-01 3.152749825161628383e+00 3.183610847688980616e+00
6.400000000000000133e-01 3.152749825161628383e+00 3.183610847688980616e+00
6.500000000000000222e-01 3.152749825161628383e+00 3.183610847688980616e+00
6.600000000000000311e-01 3.152749825161628383e+00 3.183610847688980616e+00
6.700000000000000400e-01 3.152749825161628383e+00 3.183610847688980616e+00
6.800000000000000488e-01 3.152749825161628383e+00 3.183610847688980616e+00
6.900000000000000577e-01 3.152750406497482505e+00 3.183610973483558038e+00
7.000000000000000666e-01 3.152754476169477904e+00 3.183611853724587881e+00
7.099999999999999645e-01 3.152755348315147366e+00 3.183612042274567067e+00
7.199999999999999734e-01 3.152755993521642708e+00 3.183612286045121920e+00
7.299999999999999822e-01 3.152761585957149837e+00 3.183614398077388774e+00
7.399999999999999911e-01 3.152761801073954651e+00 3.183614479286267063e+00
7.500000000000000000e-01 3.152771269244965868e+00 3.183618102002325312e+00
7.600000000000000089e-01 3.152783958258154939e+00 3.183623804345605102e+00
7.700000000000000178e-01 3.152817013290913017e+00 3.183639533387630394e+00
7.800000000000000266e-01 3.152829101796238209e+00 3.183645750098140770e+00
7.900000000000000355e-01 3.152840945710270848e+00 3.183650442186266805e+00
8.000000000000000444e-01 3.152851958879522964e+00 3.183652681556649267e+00
8.100000000000000533e-01 3.152867556245209091e+00 3.183655468504546615e+00
8.200000000000000622e-01 3.152892992993928445e+00 3.183663679011725200e+00
8.300000000000000711e-01 3.152906581762731975e+00 3.183668822580872693e+00
8.399999999999999689e-01 3.152922009244124357e+00 3.183672718672593493e+00
8.499999999999999778e-01 3.152935957217659624e+00 3.183676294879469904e+00
8.599999999999999867e-01 3.152945582650613421e+00 3.183677466255713018e+00
8.699999999999999956e-01 3.152951005544113450e+00 3.183677689281059209e+00
8.800000000000000044e-01 3.152972907543432513e+00 3.183682191099870273e+00
8.900000000000000133e-01 3.152996693292710706e+00 3.183689993347075475e+00
9.000000000000000222e-01 3.153027748144381803e+00 3.183696923515087818e+00
9.100000000000000311e-01 3.153048842999577772e+00 3.183702642276644568e+00
9.200000000000000400e-01 3.153062299400516189e+00 3.183705654381565608e+00
9.300000000000000488e-01 3.153069830975187227e+00 3.183708140602457437e+00
9.400000000000000577e-01 3.153078086190901352e+00 3.183709595612802090e+00
9.500000000000000666e-01 3.153083867755371639e+00 3.183710046667617366e+00
9.599999999999999645e-01 3.153084825339118602e+00 3.183711401820381148e+00
9.699999999999999734e-01 3.153085438592934331e+00 3.183711599823928040e+00
9.799999999999999822e-01 3.153087669622962608e+00 3.183711636187966043e+00
9.899999999999999911e-01 3.153084455740570391e+00 3.183712011744857406e+00
1.000000000000000000e+00 3.153085859051255824e+00 3.183712089161367942e+00
1.010000000000000009e+00 3.153086151377231250e+00 3.183712073610752480e+00
1.020000000000000018e+00 3.153087466878745637e+00 3.183712003598358820e+00
1.030000000000000027e+00 3.153077998046005082e+00 3.183714484625733032e+00
1.040000000000000036e+00 3.153069314280137814e+00 3.183716856030836428e+00
1.050000000000000044e+00 3.153053691472952558e+00 3.183720650415475362e+00
1.060000000000000053e+00 3.153047004240984386e+00 3.183723214446072980e+00
1.070000000000000062e+00 3.153040217981007753e+00 3.183725109186502866e+00
1.080000000000000071e+00 3.153037506298182358e+00 3.183725467010380505e+00
1.090000000000000080e+00 3.153033736876300175e+00 3.183726191383549065e+00
1.100000000000000089e+00 3.153029366593048444e+00 3.183727517023399400e+00
1.110000000000000098e+00 3.153017947274023403e+00 3.183731339225000401e+00
1.120000000000000107e+00 3.153008975177109097e+00 3.183734533595740768e+00
1.130000000000000115e+00 3.153007834587930880e+00 3.183734937147260524e+00
1.140000000000000124e+00 3.152989723757271268e+00 3.183741857139106290e+00
1.150000000000000133e+00 3.152735710272661862e+00 3.183879557638295665e+00
1.159999999999999920e+00 3.152527620061123415e+00 3.183994918638980209e+00
1.169999999999999929e+00 3.152120041791076854e+00 3.184222729677085528e+00
1.179999999999999938e+00 3.151609534199931950e+00 3.184509602047702614e+00
1.189999999999999947e+00 3.151234899694452807e+00 3.184723320701588811e+00
1.199999999999999956e+00 3.150987830725861194e+00 3.184848507860945865e+00
1.209999999999999964e+00 3.150471867533522818e+00 3.185095023550194249e+00
1.219999999999999973e+00 3.150127406854655199e+00 3.185240520334217784e+00
1.229999999999999982e+00 3.149733215951549870e+00 3.185438983412158809e+00
1.239999999999999991e+00 3.149236647248603305e+00 3.185701732644699469e+00
1.250000000000000000e+00 3.148704920468103019e+00 3.185983903007734597e+00
1.260000000000000009e+00 3.147765133107885749e+00 3.186500223184838720e+00
1.270000000000000018e+00 3.147245614912029588e+00 3.186724904125217250e+00
1.280000000000000027e+00 3.146682259458369213e+00 3.186950432916813458e+00
1.290000000000000036e+00 3.146389733629909369e+00 3.187078186516079104e+00
1.300000000000000044e+00 3.145819493863682759e+00 3.187351719701189801e+00
1.310000000000000053e+00 3.145400663448583156e+00 3.187553265818346748e+00
1.320000000000000062e+00 3.145140413653085165e+00 3.187779474275877600e+00
1.330000000000000071e+00 3.144482526916633880e+00 3.188388120728363084e+00
1.340000000000000080e+00 3.144081998711693249e+00 3.188576640619170899e+00
1.350000000000000089e+00 3.143424881895620082e+00 3.188903821321886767e+00
1.360000000000000098e+00 3.142790933353166061e+00 3.189226566704054022e+00
1.370000000000000107e+00 3.141583845073391945e+00 3.189971652715990924e+00
1.380000000000000115e+00 3.140300332886619916e+00 3.190819873383598182e+00
1.390000000000000124e+00 3.138758953039464394e+00 3.192051075146379979e+00
1.400000000000000133e+00 3.137376990997574389e+00 3.193099246828772664e+00
1.409999999999999920e+00 3.135620306365607401e+00 3.194467265102745923e+00
1.419999999999999929e+00 3.134836901142271870e+00 3.195006709907380227e+00
1.429999999999999938e+00 3.133542565370831312e+00 3.196070455502238339e+00
1.439999999999999947e+00 3.128592614392576632e+00 3.202172000528039408e+00
1.449999999999999956e+00 3.120686249466180673e+00 3.210585745939969815e+00
1.459999999999999964e+00 3.108746356715851089e+00 3.224822284646339465e+00
1.469999999999999973e+00 3.096723518800464703e+00 3.239985495510372182e+00
1.479999999999999982e+00 3.084060109824464657e+00 3.259858924956990922e+00
1.489999999999999991e+00 3.068692250355390616e+00 3.285048307620378250e+00
1.500000000000000000e+00 3.054826487408690561e+00 3.310906489280648124e+00
1.510000000000000009e+00 3.049039914684105401e+00 3.342259694919776702e+00
1.520000000000000018e+00 3.044259165287190871e+00 3.395151482801264553e+00
1.530000000000000027e+00 3.034391446241120782e+00 3.466894088932295226e+00
1.540000000000000036e+00 3.057316760722710747e+00 3.589306965597556243e+00
1.550000000000000044e+00 3.119325557599568643e+00 3.719434740056490885e+00
1.560000000000000053e+00 3.244102064690712162e+00 3.825802714853164588e+00
1.570000000000000062e+00 3.374604500277037733e+00 3.874858126952652970e+00
1.580000000000000071e+00 3.470969060389862637e+00 3.881830529019965947e+00
1.590000000000000080e+00 3.538805228325712537e+00 3.874192440598619225e+00
1.600000000000000089e+00 3.581110791946522376e+00 3.863682822078593482e+00
1.610000000000000098e+00 3.631119160519565181e+00 3.847191566700016718e+00
1.620000000000000107e+00 3.662656555723669882e+00 3.832674292388436044e+00
1.630000000000000115e+00 3.682601006371482910e+00 3.820960638950363197e+00
1.640000000000000124e+00 3.689328190086483161e+00 3.817141641995311474e+00
1.650000000000000133e+00 3.693592122145227030e+00 3.814701264848181061e+00
1.660000000000000142e+00 3.695175249301908327e+00 3.814271283638956067e+00
1.669999999999999929e+00 3.696916007455427700e+00 3.813703956123749794e+00
1.679999999999999938e+00 3.697632742438858866e+00 3.813396345877105187e+00
1.689999999999999947e+00 3.699262390840958759e+00 3.812654320618201531e+00
1.699999999999999956e+00 3.700211919561551266e+00 3.812286333288027240e+00
1.709999999999999964e+00 3.700760827503013495e+00 3.812178072047424315e+00
1.719999999999999973e+00 3.701761473564373350e+00 3.811876817470325474e+00
1.729999999999999982e+00 3.703111019134203818e+00 3.811362580900510277e+00
1.739999999999999991e+00 3.704652115921136080e+00 3.810690802760962725e+00
1.750000000000000000e+00 3.705462846145827882e+00 3.810307715134422679e+00
1.760000000000000009e+00 3.706363871500365725e+00 3.809944503877289002e+00
1.770000000000000018e+00 3.707601956742225813e+00 3.809421165830672695e+00
1.780000000000000027e+00 3.707934271522955072e+00 3.809319420102640130e+00
1.790000000000000036e+00 3.708590019447487673e+00 3.809093371846991705e+00
1.800000000000000044e+00 3.708968668316910300e+00 3.808954312811782206e+00
1.810000000000000053e+00 3.709456545102344460e+00 3.808657510855450123e+00
1.820000000000000062e+00 3.709667323295462449e+00 3.808544732301843094e+00
1.830000000000000071e+00 3.709956970614034955e+00 3.808342632533471939e+00
1.840000000000000080e+00 3.710284744828266756e+00 3.807954390198665440e+00
1.850000000000000089e+00 3.710428744721486982e+00 3.807843978419229725e+00
1.860000000000000098e+00 3.710681007305382195e+00 3.807639716852905032e+00
1.870000000000000107e+00 3.711029511691080085e+00 3.807595024599088607e+00
1.880000000000000115e+00 3.711278015075254011e+00 3.807520443648767738e+00
1.890000000000000124e+00 3.711739913432588800e+00 3.807249354255208829e+00
1.900000000000000133e+00 3.712023199078055669e+00 3.806975792349366117e+00
1.910000000000000142e+00 3.712392403404308538e+00 3.806509919040607315e+00
1.919999999999999929e+00 3.712718924534993192e+00 3.805816072994990584e+00
1.929999999999999938e+00 3.713117936244317185e+00 3.805295715069464180e+00
1.939999999999999947e+00 3.713436343059382416e+00 3.805012910876431675e+00
1.949999999999999956e+00 3.713988255579771192e+00 3.804944584810434627e+00
1.959999999999999964e+00 3.714303856127889603e+00 3.804407012326089799e+00
1.969999999999999973e+00 3.714429142705121922e+00 3.804246369899591418e+00
1.979999999999999982e+00 3.714682907308815896e+00 3.803825233965636432e+00
1.989999999999999991e+00 3.715016205380587966e+00 3.803487422305912968e+00
2.000000000000000000e+00 3.715320787252600176e+00 3.802809898720567183e+00
2.010000000000000231e+00 3.715638437680647499e+00 3.802201520481660602e+00
2.020000000000000018e+00 3.715926943108051717e+00 3.801599524982959721e+00
2.030000000000000249e+00 3.716190793780590251e+00 3.801073218012545940e+00
2.040000000000000036e+00 3.716479228557488135e+00 3.800451066933730360e+00
2.049999999999999822e+00 3.716970528996900391e+00 3.799408769842668399e+00
2.060000000000000053e+00 3.717164178587649470e+00 3.799080882290150729e+00
2.069999999999999840e+00 3.717250337296333029e+00 3.798860217012558493e+00
2.080000000000000071e+00 3.717515260994104231e+00 3.798319807627531297e+00
2.089999999999999858e+00 3.717593438945728579e+00 3.798164272660296881e+00
2.100000000000000089e+00 3.717762628888798382e+00 3.797841207676219355e+00
2.109999999999999876e+00 3.717862653167977705e+00 3.797668107702001805e+00
2.120000000000000107e+00 3.717989888876654714e+00 3.797404507008812491e+00
2.129999999999999893e+00 3.718069296162544557e+00 3.797278185894073399e+00
2.140000000000000124e+00 3.718141503702891537e+00 3.797129688156353655e+00
2.149999999999999911e+00 3.718140879443784463e+00 3.797079767371515757e+00
2.160000000000000142e+00 3.718134191503334129e+00 3.797063110561561317e+00
2.169999999999999929e+00 3.718139058387804230e+00 3.797051321794462364e+00
2.180000000000000160e+00 3.718198948098660583e+00 3.796892607234477079e+00
2.189999999999999947e+00 3.718179067177174613e+00 3.796912681494357233e+00
2.200000000000000178e+00 3.718215000919434576e+00 3.796794188629057931e+00
2.209999999999999964e+00 3.718206589147584396e+00 3.796798518212301410e+00
2.220000000000000195e+00 3.718188252807193894e+00 3.796802960957950557e+00
2.229999999999999982e+00 3.718188162189450807e+00 3.796802910832437483e+00
2.240000000000000213e+00 3.718188146401510075e+00 3.796802848652735207e+00
2.250000000000000000e+00 3.718188146401510075e+00 3.796802848652735207e+00
2.260000000000000231e+00 3.718188146401510075e+00 3.796802848652735207e+00
2.270000000000000018e+00 3.718188146401510075e+00 3.796802848652735207e+00
2.280000000000000249e+00 3.718188146401510075e+00 3.796802848652735207e+00
2.290000000000000036e+00 3.718188146401510075e+00 3.796802848652735207e+00
2.300000000000000266e+00 3.718199212389505792e+00 3.796805931915723686e+00
2.310000000000000053e+00 3.718208150050087646e+00 3.796807987354354097e+00
2.319999999999999840e+00 3.718216538839905105e+00 3.796809817675979026e+00
2.330000000000000071e+00 3.718233064233035456e+00 3.796812120808391811e+00
2.339999999999999858e+00 3.718233064233035456e+00 3.796812120808391811e+00
2.350000000000000089e+00 3.718238506920919839e+00 3.796813687855615349e+00
2.359999999999999876e+00 3.718239080423415555e+00 3.796813923469482877e+00
2.370000000000000107e+00 3.718241191690332847e+00 3.796814927270047768e+00
2.379999999999999893e+00 3.718242134167501600e+00 3.796814807947328507e+00
2.390000000000000124e+00 3.718243297246494716e+00 3.796815135389766116e+00
2.399999999999999911e+00 3.718243297246494716e+00 3.796815135389766116e+00
2.410000000000000142e+00 3.718245719773597191e+00 3.796815581968002729e+00
2.419999999999999929e+00 3.718246053242798776e+00 3.796815622448805438e+00
2.430000000000000160e+00 3.718246128201435852e+00 3.796815656290102758e+00
2.439999999999999947e+00 3.718246128201435852e+00 3.796815656290102758e+00
2.450000000000000178e+00 3.718246128201435852e+00 3.796815656290102758e+00
2.459999999999999964e+00 3.718246128201435852e+00 3.796815656290102758e+00
2.470000000000000195e+00 3.718246128201435852e+00 3.796815656290102758e+00
2.479999999999999982e+00 3.718245961299041280e+00 3.796815645360848368e+00
2.490000000000000213e+00 3.718245961299041280e+00 3.796815645360848368e+00
2.500000000000000000e+00 3.718245815877735172e+00 3.796815679755389805e+00
2.510000000000000231e+00 3.718245837710226986e+00 3.796815759985123329e+00
2.520000000000000018e+00 3.718245881375478845e+00 3.796815920444322145e+00
2.530000000000000249e+00 3.718245881375478845e+00 3.796815920444322145e+00
2.540000000000000036e+00 3.718245881375478845e+00 3.796815920444322145e+00
2.550000000000000266e+00 3.718245881375478845e+00 3.796815920444322145e+00
2.560000000000000053e+00 3.718245881375478845e+00 3.796815920444322145e+00
2.569999999999999840e+00 3.718245859501716044e+00 3.796815911209229011e+00
2.580000000000000071e+00 3.718245859501716044e+00 3.796815911209229011e+00
2.589999999999999858e+00 3.718245859501716044e+00 3.796815911209229011e+00
2.600000000000000089e+00 3.718245859501716044e+00 3.796815911209229011e+00
2.609999999999999876e+00 3.718245762275428579e+00 3.796815876394539213e+00
2.620000000000000107e+00 3.718245755345923165e+00 3.796815887901681563e+00
2.629999999999999893e+00 3.718245755345923165e+00 3.796815887901681563e+00
2.640000000000000124e+00 3.718245629821903542e+00 3.796815797895304989e+00
2.649999999999999911e+00 3.718245629821903542e+00 3.796815797895304989e+00
2.660000000000000142e+00 3.718245629821903542e+00 3.796815797895304989e+00
2.669999999999999929e+00 3.718245629821903542e+00 3.796815797895304989e+00
2.680000000000000160e+00 3.718245629821903542e+00 3.796815797895304989e+00
2.689999999999999947e+00 3.718245561924693909e+00 3.796815684689762271e+00
2.700000000000000178e+00 3.718245561924693909e+00 3.796815684689762271e+00
2.709999999999999964e+00 3.718245561924693909e+00 3.796815684689762271e+00
2.720000000000000195e+00 3.718245561924693909e+00 3.796815684689762271e+00
2.729999999999999982e+00 3.718245561924693909e+00 3.796815684689762271e+00
2.740000000000000213e+00 3.718245561924693909e+00 3.796815684689762271e+00
2.750000000000000000e+00 3.718245561924693909e+00 3.796815684689762271e+00
2.760000000000000231e+00 3.718245561924693909e+00 3.796815684689762271e+00
2.770000000000000018e+00 3.718245561924693909e+00 3.796815684689762271e+00
2.780000000000000249e+00 3.718245561924693909e+00 3.796815684689762271e+00
2.790000000000000036e+00 3.718245561924693909e+00 3.796815684689762271e+00
2.800000000000000266e+00 3.718245562499902679e+00 3.796815692616559712e+00
2.810000000000000053e+00 3.718245228189251073e+00 3.796815368643978061e+00
2.819999999999999840e+00 3.718245113761614373e+00 3.796815203430463637e+00
2.830000000000000071e+00 3.718245113761614373e+00 3.796815203430463637e+00
2.839999999999999858e+00 3.718245113761614373e+00 3.796815203430463637e+00
2.850000000000000089e+00 3.718245607461521107e+00 3.796815307255199112e+00
2.859999999999999876e+00 3.718245607461521107e+00 3.796815307255199112e+00
2.870000000000000107e+00 3.718246671987323282e+00 3.796815655130596490e+00
2.879999999999999893e+00 3.718247605705104597e+00 3.796815952472843314e+00
2.890000000000000124e+00 3.718247605705104597e+00 3.796815952472843314e+00
2.899999999999999911e+00 3.718247605705104597e+00 3.796815952472843314e+00
2.910000000000000142e+00 3.718247605705104597e+00 3.796815952472843314e+00
2.919999999999999929e+00 3.718247630147350602e+00 3.796815962982761139e+00
2.930000000000000160e+00 3.718247630147350602e+00 3.796815962982761139e+00
2.939999999999999947e+00 3.718247630147350602e+00 3.796815962982761139e+00
2.950000000000000178e+00 3.718247630147350602e+00 3.796815962982761139e+00
2.959999999999999964e+00 3.718247630147350602e+00 3.796815962982761139e+00
2.970000000000000195e+00 3.718247630147350602e+00 3.796815962982761139e+00
2.979999999999999982e+00 3.718247630147350602e+00 3.796815962982761139e+00
2.990000000000000213e+00 3.718247658924714205e+00 3.796815964956625766e+00
3.000000000000000000e+00 3.718247658924714205e+00 3.796815964956625766e+00
