0.000000000000000000e+00 1.030288803942102233e-01 1.323832348400753867e-01
1.000000000000000021e-02 3.809765843248812400e-01 4.647806860625298686e-01
2.000000000000000042e-02 3.035248268016537576e+00 3.306245784956255651e+00
2.999999999999999889e-02 3.049284554859454488e+00 3.297512584513371259e+00
4.000000000000000083e-02 3.080324868332800392e+00 3.286561757138314555e+00
5.000000000000000278e-02 3.129419099262267245e+00 3.265570551840752067e+00
5.999999999999999778e-02 3.155689670702102045e+00 3.251765607537147940e+00
7.000000000000000666e-02 3.169883405679267963e+00 3.244337719088989491e+00
8.000000000000000167e-02 3.174512076207091305e+00 3.241720550264427736e+00
8.999999999999999667e-02 3.174851433929914091e+00 3.241573739114290920e+00
1.000000000000000056e-01 3.175691481579787645e+00 3.241183827010147400e+00
1.100000000000000006e-01 3.176297674442538632e+00 3.240881149619808443e+00
1.199999999999999956e-01 3.178055422125991125e+00 3.239960095719162769e+00
1.300000000000000044e-01 3.180915795960777004e+00 3.238439854731208989e+00
1.400000000000000133e-01 3.182116692448807793e+00 3.237820735534476579e+00
1.499999999999999944e-01 3.182954486265463512e+00 3.237463239040093921e+00
1.600000000000000033e-01 3.183090793774830285e+00 3.237428280193103358e+00
1.700000000000000122e-01 3.183710160860572458e+00 3.237236232276405445e+00
1.799999999999999933e-01 3.184347562487122030e+00 3.236990211379531690e+00
1.900000000000000022e-01 3.184866014342981000e+00 3.236809823488516091e+00
2.000000000000000111e-01 3.186064669744788080e+00 3.236652444827737174e+00
2.099999999999999922e-01 3.187196961804666717e+00 3.236367723144254693e+00
2.200000000000000011e-01 3.188103930168031841e+00 3.236045620331883921e+00
2.300000000000000100e-01 3.188926016485206905e+00 3.235778540328033248e+00
2.399999999999999911e-01 3.189372383803632527e+00 3.235670292258951530e+00
2.500000000000000000e-01 3.190087289199279308e+00 3.235488941984726363e+00
2.600000000000000089e-01 3.191096845149966832e+00 3.235292766318348612e+00
2.700000000000000178e-01 3.191664777752451165e+00 3.235271048744627009e+00
2.800000000000000266e-01 3.192106108952039278e+00 3.235283859152323416e+00
2.899999999999999800e-01 3.192341655913901732e+00 3.235386542180465952e+00
2.999999999999999889e-01 3.192605172180142503e+00 3.235534316345248129e+00
3.099999999999999978e-01 3.192901123401709729e+00 3.235571993840149485e+00
3.200000000000000067e-01 3.193308985583838133e+00 3.235690083858911326e+00
3.300000000000000155e-01 3.193555121207767744e+00 3.235855929231112871e+00
3.400000000000000244e-01 3.193722523884815256e+00 3.235922113552051282e+00
3.500000000000000333e-01 3.193882959131885357e+00 3.236065502043079967e+00
3.599999999999999867e-01 3.194048228757039976e+00 3.236155301869257261e+00
3.699999999999999956e-01 3.194191172665457046e+00 3.236320160738130447e+00
3.800000000000000044e-01 3.194323876815039043e+00 3.236497477416794943e+00
3.900000000000000133e-01 3.194477908580654280e+00 3.236688971612102783e+00
4.000000000000000222e-01 3.194737082240366011e+00 3.236865266144490771e+00
4.100000000000000311e-01 3.194832853331406319e+00 3.237003520674864632e+00
4.199999999999999845e-01 3.194975001266388226e+00 3.237165770256133612e+00
4.299999999999999933e-01 3.195119443780888080e+00 3.237372752945911092e+00
4.400000000000000022e-01 3.195278354715389124e+00 3.237575031581836793e+00
4.500000000000000111e-01 3.195395118003240498e+00 3.237762823528894884e+00
4.600000000000000200e-01 3.195523200804102792e+00 3.237950172957074102e+00
4.700000000000000289e-01 3.195630558958186818e+00 3.238163779091701500e+00
4.799999999999999822e-01 3.195706390066433311e+00 3.238371444630336438e+00
4.899999999999999911e-01 3.195835664570083612e+00 3.238551408927688779e+00
5.000000000000000000e-01 3.195965656703658286e+00 3.238737328873925403e+00
5.100000000000000089e-01 3.196055547441117195e+00 3.238919990111716718e+00
5.200000000000000178e-01 3.196114739921445569e+00 3.239069582230691857e+00
5.300000000000000266e-01 3.196171004977859997e+00 3.239225505298934049e+00
5.400000000000000355e-01 3.196193119678210515e+00 3.239357197575856162e+00
5.500000000000000444e-01 3.196259333888681553e+00 3.239491987269727424e+00
5.600000000000000533e-01 3.196285452559673335e+00 3.239580070001399914e+00
5.700000000000000622e-01 3.196313021778016683e+00 3.239701097384543260e+00
5.799999999999999600e-01 3.196340791117073810e+00 3.239796361082670995e+00
5.899999999999999689e-01 3.196372096291287157e+00 3.239868202828661836e+00
5.999999999999999778e-01 3.196392820005350188e+00 3.239979514565534124e+00
6.099999999999999867e-01 3.196394474613621917e+00 3.240095997335955325e+00
6.199999999999999956e-01 3.196394574232669594e+00 3.240165229639438760e+00
6.300000000000000044e-01 3.196344289550248519e+00 3.240214036360320016e+00
6.400000000000000133e-01 3.196373283757758532e+00 3.240297392850326919e+00
6.500000000000000222e-01 3.196361403924991240e+00 3.240374417789409822e+00
6.600000000000000311e-01 3.196366267528071514e+00 3.240457001686559035e+00
6.700000000000000400e-01 3.196391057820284320e+00 3.240577935352361383e+00
6.800000000000000488e-01 3.196384326854309066e+00 3.240648432912269783e+00
6.900000000000000577e-01 3.196425540276611521e+00 3.240804230650817352e+00
7.000000000000000666e-01 3.196438023605089107e+00 3.240900844760198574e+00
7.099999999999999645e-01 3.196425078477520554e+00 3.241046240716319193e+00
7.199999999999999734e-01 3.196360447001474814e+00 3.241175117197018896e+00
7.299999999999999822e-01 3.196308770847840819e+00 3.241286030463651713e+00
7.399999999999999911e-01 3.196251001151610094e+00 3.241517725163888475e+00
7.500000000000000000e-01 3.196151896426135952e+00 3.241762304871623979e+00
7.600000000000000089e-01 3.195879934277080281e+00 3.242029875822521667e+00
7.700000000000000178e-01 3.195486149976172197e+00 3.242446039941392133e+00
7.800000000000000266e-01 3.195394068358128337e+00 3.242681001884753833e+00
7.900000000000000355e-01 3.195190901654548110e+00 3.243133729855232961e+00
8.000000000000000444e-01 3.195014578675791306e+00 3.243547177477315024e+00
8.100000000000000533e-01 3.194772300912820828e+00 3.243984688065565170e+00
8.200000000000000622e-01 3.194393733081779541e+00 3.244632089629211347e+00
8.300000000000000711e-01 3.193882369891414719e+00 3.245533251265277919e+00
8.399999999999999689e-01 3.192958842889285442e+00 3.246497808803105123e+00
8.499999999999999778e-01 3.192338436205781171e+00 3.247298644911849053e+00
8.599999999999999867e-01 3.191854356832159123e+00 3.248091989269601410e+00
8.699999999999999956e-01 3.191642728515343475e+00 3.248668119901938933e+00
8.800000000000000044e-01 3.191207356884867785e+00 3.249804742729275553e+00
8.900000000000000133e-01 3.190749079605974536e+00 3.251110343163571947e+00
9.000000000000000222e-01 3.190183901203589301e+00 3.252738126508279315e+00
9.100000000000000311e-01 3.189392642606975414e+00 3.254652281189678753e+00
9.200000000000000400e-01 3.188691131403055046e+00 3.256468065236005849e+00
9.300000000000000488e-01 3.187541068734117022e+00 3.259543371282629831e+00
9.400000000000000577e-01 3.186267882308366328e+00 3.262245640063879737e+00
9.500000000000000666e-01 3.185313047686084253e+00 3.264448064221874724e+00
9.599999999999999645e-01 3.182600680498067991e+00 3.270078209425027804e+00
9.699999999999999734e-01 3.180052686867204770e+00 3.275355964251073893e+00
9.799999999999999822e-01 3.168203202039260979e+00 3.288078986423950134e+00
9.899999999999999911e-01 3.161106142939457353e+00 3.296533612366786326e+00
1.000000000000000000e+00 3.162649473886693929e+00 3.300921871518884831e+00
1.010000000000000009e+00 3.167996280959421540e+00 3.304516993352597964e+00
1.020000000000000018e+00 3.171550490377905707e+00 3.308496130563256532e+00
1.030000000000000027e+00 3.171616166077132259e+00 3.315319735645775534e+00
1.040000000000000036e+00 3.171984650051666410e+00 3.324205156352447066e+00
1.050000000000000044e+00 3.172167870904013309e+00 3.333427336458161694e+00
1.060000000000000053e+00 3.172679787793551309e+00 3.343118095392788813e+00
1.070000000000000062e+00 3.172992036886111755e+00 3.353838371305569055e+00
1.080000000000000071e+00 3.176712186625554324e+00 3.363597227136538415e+00
1.090000000000000080e+00 3.176759210822879709e+00 3.381962536689937515e+00
1.100000000000000089e+00 3.180562434608569244e+00 3.395260271594891410e+00
1.110000000000000098e+00 3.183684235995190015e+00 3.410011336156947515e+00
1.120000000000000107e+00 3.186061613240134260e+00 3.425290935788261937e+00
1.130000000000000115e+00 3.187196319945612810e+00 3.441373033820828820e+00
1.140000000000000124e+00 3.190316291167894391e+00 3.452006746909460411e+00
1.150000000000000133e+00 3.198904614375681188e+00 3.461690924564748695e+00
1.159999999999999920e+00 3.209841366932011830e+00 3.470072304933451868e+00
1.169999999999999929e+00 3.222724212101639729e+00 3.476310477434455315e+00
1.179999999999999938e+00 3.235393553686193524e+00 3.482261190438218801e+00
1.189999999999999947e+00 3.244246951579009330e+00 3.487303472100342194e+00
1.199999999999999956e+00 3.250945236541767258e+00 3.487946806138019440e+00
1.209999999999999964e+00 3.257780407792169708e+00 3.490754606703679652e+00
1.219999999999999973e+00 3.264630419353209412e+00 3.494485032769478750e+00
1.229999999999999982e+00 3.271328937588368735e+00 3.495757934116686894e+00
1.239999999999999991e+00 3.274979425777894804e+00 3.502138728561895675e+00
1.250000000000000000e+00 3.278961407175287945e+00 3.507295491966977430e+00
1.260000000000000009e+00 3.282911787894361666e+00 3.511459760925180085e+00
1.270000000000000018e+00 3.286918893468676384e+00 3.514871115438641613e+00
1.280000000000000027e+00 3.290504196933017766e+00 3.516450984823001669e+00
1.290000000000000036e+00 3.297347097546867278e+00 3.519103635962196552e+00
1.300000000000000044e+00 3.303392827147586530e+00 3.521706744304553993e+00
1.310000000000000053e+00 3.308906430191862924e+00 3.523513693885933939e+00
1.320000000000000062e+00 3.312747315207666521e+00 3.528118297270590009e+00
1.330000000000000071e+00 3.315604450085374744e+00 3.532386462495115786e+00
1.340000000000000080e+00 3.318931578680004435e+00 3.538913369821582222e+00
1.350000000000000089e+00 3.321052204435456900e+00 3.541954663497816291e+00
1.360000000000000098e+00 3.323577267481770292e+00 3.542539800146136564e+00
1.370000000000000107e+00 3.325617127030276787e+00 3.543713549630261195e+00
1.380000000000000115e+00 3.327112540876997926e+00 3.544814911234245969e+00
1.390000000000000124e+00 3.328855740800282792e+00 3.547359463958361214e+00
1.400000000000000133e+00 3.330739635492943940e+00 3.549192034352636860e+00
1.409999999999999920e+00 3.332953610312607839e+00 3.553459672077032838e+00
1.419999999999999929e+00 3.334976601916066485e+00 3.556661304482706676e+00
1.429999999999999938e+00 3.337773505732699153e+00 3.562789675963239144e+00
1.439999999999999947e+00 3.342949085568754697e+00 3.566533080926568289e+00
1.449999999999999956e+00 3.346511398281539762e+00 3.568773654442344956e+00
1.459999999999999964e+00 3.351161441565763788e+00 3.573345372761476568e+00
1.469999999999999973e+00 3.356016070709799237e+00 3.576603082169915737e+00
1.479999999999999982e+00 3.359928158479788873e+00 3.579095520018479082e+00
1.489999999999999991e+00 3.363389814287410573e+00 3.582134569238437649e+00
1.500000000000000000e+00 3.366491653473952184e+00 3.585368372108361790e+00
1.510000000000000009e+00 3.369667854719090361e+00 3.591625081167292510e+00
1.520000000000000018e+00 3.373559131120020815e+00 3.593953117925351215e+00
1.530000000000000027e+00 3.375595099687917156e+00 3.599069022998468981e+00
1.540000000000000036e+00 3.376689372323498972e+00 3.599683552066339942e+00
1.550000000000000044e+00 3.377573061387580733e+00 3.601562407710510616e+00
1.560000000000000053e+00 3.378266158881761072e+00 3.600344200677297657e+00
1.570000000000000062e+00 3.378914212728753697e+00 3.599335691035970619e+00
1.580000000000000071e+00 3.379138030752134814e+00 3.597772776404428274e+00
1.590000000000000080e+00 3.379955041684515660e+00 3.595287454519860315e+00
1.600000000000000089e+00 3.380590349701207753e+00 3.593584428250033103e+00
1.610000000000000098e+00 3.380896864313732486e+00 3.593138276205409376e+00
1.620000000000000107e+00 3.381306686551198037e+00 3.592643293598071441e+00
1.630000000000000115e+00 3.381678596851781293e+00 3.591637141654535625e+00
1.640000000000000124e+00 3.381994238968308863e+00 3.591038937754217564e+00
1.650000000000000133e+00 3.382366009654148353e+00 3.590456922746554813e+00
1.660000000000000142e+00 3.382860516468764622e+00 3.589771534665344710e+00
1.669999999999999929e+00 3.383216015950071931e+00 3.589117913655412107e+00
1.679999999999999938e+00 3.383512789707623369e+00 3.588353375639475651e+00
1.689999999999999947e+00 3.383874479541090441e+00 3.588215372024270433e+00
1.699999999999999956e+00 3.384419112537858876e+00 3.587422153231145661e+00
1.709999999999999964e+00 3.384691549982977055e+00 3.587122099390077867e+00
1.719999999999999973e+00 3.385055821540442711e+00 3.585962722489747012e+00
1.729999999999999982e+00 3.385262726023971602e+00 3.585336688415229567e+00
1.739999999999999991e+00 3.385485308638802149e+00 3.584795716394194809e+00
1.750000000000000000e+00 3.385230888808649308e+00 3.583797747022229974e+00
1.760000000000000009e+00 3.384804563978368819e+00 3.583157448441331994e+00
1.770000000000000018e+00 3.384996810541421208e+00 3.581838401579588993e+00
1.780000000000000027e+00 3.384744792439672523e+00 3.580435308888223922e+00
1.790000000000000036e+00 3.383661631308454432e+00 3.578310449103456747e+00
1.800000000000000044e+00 3.382226347246263920e+00 3.575988824720289116e+00
1.810000000000000053e+00 3.381273250402148545e+00 3.575113211923901080e+00
1.820000000000000062e+00 3.380664999792180936e+00 3.574168209112085215e+00
1.830000000000000071e+00 3.378805687670982216e+00 3.573878052758895585e+00
1.840000000000000080e+00 3.367324298871372079e+00 3.574209033872272734e+00
1.850000000000000089e+00 3.352436954117937518e+00 3.570146211327390517e+00
1.860000000000000098e+00 3.346834450784476722e+00 3.568868891448227387e+00
1.870000000000000107e+00 3.339658342973898186e+00 3.567828534424593023e+00
1.880000000000000115e+00 3.331595504594431212e+00 3.568049127058400494e+00
1.890000000000000124e+00 3.323442371142893315e+00 3.567379483849019373e+00
1.900000000000000133e+00 3.320147303181528287e+00 3.567779859317899316e+00
1.910000000000000142e+00 3.286882116769124007e+00 3.588775415569971816e+00
1.919999999999999929e+00 3.298567312275307195e+00 3.582701663411719473e+00
1.929999999999999938e+00 3.299323726565843717e+00 3.582629418046468839e+00
1.939999999999999947e+00 3.286869497015779906e+00 3.589289501297169949e+00
1.949999999999999956e+00 3.271707605589049273e+00 3.597453721763474555e+00
1.959999999999999964e+00 3.240343155776542972e+00 3.615664584620910560e+00
1.969999999999999973e+00 3.219129819524579883e+00 3.630126461221880430e+00
1.979999999999999982e+00 3.261950607252663836e+00 3.617429023715907022e+00
1.989999999999999991e+00 3.293514935659216825e+00 3.608241854072762322e+00
2.000000000000000000e+00 3.309764686237877562e+00 3.606320807250433802e+00
2.010000000000000231e+00 3.323044159047959134e+00 3.608995019952895511e+00
2.020000000000000018e+00 3.332835047988199850e+00 3.612005978017545527e+00
2.030000000000000249e+00 3.332599633866684119e+00 3.623620843955142501e+00
2.040000000000000036e+00 3.291641323891008941e+00 3.656176079892789144e+00
2.049999999999999822e+00 3.318510886244295577e+00 3.648890481324674084e+00
2.060000000000000053e+00 3.326014882724130040e+00 3.652505765421545370e+00
2.069999999999999840e+00 3.337005289496638660e+00 3.654955506521008424e+00
2.080000000000000071e+00 3.369395739769581510e+00 3.648364068532344184e+00
2.089999999999999858e+00 3.379014148986595245e+00 3.652303260981780930e+00
2.100000000000000089e+00 3.388406393332657807e+00 3.658310056605162508e+00
2.109999999999999876e+00 3.395235507078341985e+00 3.667996759285755193e+00
2.120000000000000107e+00 3.400898296593674708e+00 3.678721166416159427e+00
2.129999999999999893e+00 3.406367724897879423e+00 3.687872230870705703e+00
2.140000000000000124e+00 3.413223008739033837e+00 3.699265725253543025e+00
2.149999999999999911e+00 3.419574705697558059e+00 3.709310348728634743e+00
2.160000000000000142e+00 3.427316962075519946e+00 3.720325848545741998e+00
2.169999999999999929e+00 3.434661434566052662e+00 3.729800291484323793e+00
2.180000000000000160e+00 3.442292642784221091e+00 3.739761885671513131e+00
2.189999999999999947e+00 3.450677909888200556e+00 3.749472954407758518e+00
2.200000000000000178e+00 3.457717638552616268e+00 3.760157300035526173e+00
2.209999999999999964e+00 3.466622313144671175e+00 3.768622877628339474e+00
2.220000000000000195e+00 3.475305720312140689e+00 3.777841692917801364e+00
2.229999999999999982e+00 3.485240398730228506e+00 3.786801339512874343e+00
2.240000000000000213e+00 3.492912168042075827e+00 3.793931811879264870e+00
2.250000000000000000e+00 3.501682755803370295e+00 3.801160496459699001e+00
2.260000000000000231e+00 3.510335595694695776e+00 3.807080238431776564e+00
2.270000000000000018e+00 3.520659748328838212e+00 3.812357826334324074e+00
2.280000000000000249e+00 3.534692856704788611e+00 3.814419186366004411e+00
2.290000000000000036e+00 3.548163971655165394e+00 3.816735357554162267e+00
2.300000000000000266e+00 3.561147602995810679e+00 3.819094014731469144e+00
2.310000000000000053e+00 3.572345193905743788e+00 3.821266234102335790e+00
2.319999999999999840e+00 3.587323048928730884e+00 3.821289174238688524e+00
2.330000000000000071e+00 3.598169054521696886e+00 3.822774924774987149e+00
2.339999999999999858e+00 3.608756181717367451e+00 3.824085722655801600e+00
2.350000000000000089e+00 3.617146482376388139e+00 3.824802620874115267e+00
2.359999999999999876e+00 3.626406556631202704e+00 3.825195578168754551e+00
2.370000000000000107e+00 3.633633459999595416e+00 3.825335566494430850e+00
2.379999999999999893e+00 3.640797421599584638e+00 3.825253124684137696e+00
2.390000000000000124e+00 3.649498382182564615e+00 3.824805819210562507e+00
2.399999999999999911e+00 3.656553437361886427e+00 3.824401256623099155e+00
2.410000000000000142e+00 3.662938629231436316e+00 3.823918579444901766e+00
2.419999999999999929e+00 3.668906447724260111e+00 3.823364436608396311e+00
2.430000000000000160e+00 3.672370410025444176e+00 3.824218289067421228e+00
2.439999999999999947e+00 3.679497194591864861e+00 3.822575680054321801e+00
2.450000000000000178e+00 3.686357707002375417e+00 3.820393035657193348e+00
2.459999999999999964e+00 3.691505018195690990e+00 3.819300361767230090e+00
2.470000000000000195e+00 3.696744775303748121e+00 3.818017081862541851e+00
2.479999999999999982e+00 3.701513123504275082e+00 3.816694277361279308e+00
2.490000000000000213e+00 3.705899274870230187e+00 3.815552704394982619e+00
2.500000000000000000e+00 3.709575750673179684e+00 3.814450160739059292e+00
2.510000000000000231e+00 3.712620707706682843e+00 3.813517013297802905e+00
2.520000000000000018e+00 3.715157053236015194e+00 3.812656699944488636e+00
2.530000000000000249e+00 3.717388298117360268e+00 3.811975272701540352e+00
2.540000000000000036e+00 3.720559312141307640e+00 3.810899703952900008e+00
2.550000000000000266e+00 3.723680319408977812e+00 3.809772428808604783e+00
2.560000000000000053e+00 3.726297018254043802e+00 3.808831992728469285e+00
2.569999999999999840e+00 3.728348491086091787e+00 3.808060211201582224e+00
2.580000000000000071e+00 3.730210034141534958e+00 3.807366428160672722e+00
2.589999999999999858e+00 3.732050295258821926e+00 3.806671445592580305e+00
2.600000000000000089e+00 3.734264875927058469e+00 3.805752592329891826e+00
2.609999999999999876e+00 3.736948637870392442e+00 3.804530297876754563e+00
2.620000000000000107e+00 3.738917627602796667e+00 3.803637448185701597e+00
2.629999999999999893e+00 3.740745801378616786e+00 3.802737927902808845e+00
2.640000000000000124e+00 3.742197460013156451e+00 3.802016207408184911e+00
2.649999999999999911e+00 3.743298691343463602e+00 3.801438154655300217e+00
2.660000000000000142e+00 3.744369489697407349e+00 3.800878746777583306e+00
2.669999999999999929e+00 3.745472073873796770e+00 3.800306779003820079e+00
2.680000000000000160e+00 3.746600604867556861e+00 3.799686823106190658e+00
2.689999999999999947e+00 3.747181441480886832e+00 3.799378677695024464e+00
2.700000000000000178e+00 3.747481931800586974e+00 3.799223788275974290e+00
2.709999999999999964e+00 3.748035032944008194e+00 3.798951514173225519e+00
2.720000000000000195e+00 3.748550748354333439e+00 3.798688585055929767e+00
2.729999999999999982e+00 3.748892616423089130e+00 3.798519808160345512e+00
2.740000000000000213e+00 3.749260838257439499e+00 3.798352095983855481e+00
2.750000000000000000e+00 3.749551001701039610e+00 3.798222030392008897e+00
2.760000000000000231e+00 3.749990772684853813e+00 3.797991796294409195e+00
2.770000000000000018e+00 3.750237576620786939e+00 3.797886297142297529e+00
2.780000000000000249e+00 3.750541033559254167e+00 3.797749245919773031e+00
2.790000000000000036e+00 3.750993638393915308e+00 3.797530087029897583e+00
2.800000000000000266e+00 3.751439494466256352e+00 3.797328147616911398e+00
2.810000000000000053e+00 3.751842626728993491e+00 3.797151634159106504e+00
2.819999999999999840e+00 3.752281912192605429e+00 3.796924654002882260e+00
2.830000000000000071e+00 3.752817042568358019e+00 3.796660212027398451e+00
2.839999999999999858e+00 3.753194102787819730e+00 3.796472928853186879e+00
2.850000000000000089e+00 3.753789012498234712e+00 3.796148892460490032e+00
2.859999999999999876e+00 3.754118281984641481e+00 3.796000719189331907e+00
2.870000000000000107e+00 3.754525401220611958e+00 3.795787298564620382e+00
2.879999999999999893e+00 3.754854349002605840e+00 3.795636408658259686e+00
2.890000000000000124e+00 3.755094937849449366e+00 3.795517811431480482e+00
2.899999999999999911e+00 3.755331187202548104e+00 3.795385406673336792e+00
2.910000000000000142e+00 3.755633283269725897e+00 3.795234466149486341e+00
2.919999999999999929e+00 3.755734211785560106e+00 3.795182130425209799e+00
2.930000000000000160e+00 3.755944843116299392e+00 3.795080804571612898e+00
2.939999999999999947e+00 3.756139451847942290e+00 3.795006417144863420e+00
2.950000000000000178e+00 3.756254129132165609e+00 3.794941570154295007e+00
2.959999999999999964e+00 3.756519418187744819e+00 3.794793937196128120e+00
2.970000000000000195e+00 3.756681391547409543e+00 3.794710096632751384e+00
2.979999999999999982e+00 3.756769044849628703e+00 3.794677198851352795e+00
2.990000000000000213e+00 3.756843150748045534e+00 3.794640689173906178e+00
3.000000000000000000e+00 3.756919964487224650e+00 3.794608873036235952e+00
