0.000000000000000000e+00 1.501562753513455417e-01
1.000000000000000021e-02 1.201091801260709691e+00
2.000000000000000042e-02 1.201091801260709691e+00
2.999999999999999889e-02 1.201091801260709691e+00
4.000000000000000083e-02 1.201091813727617197e+00
5.000000000000000278e-02 1.201091813727617197e+00
5.999999999999999778e-02 1.201091813727617197e+00
7.000000000000000666e-02 1.629334010875225003e+00
8.000000000000000167e-02 3.944248853316306924e+00
8.999999999999999667e-02 3.944192282068729405e+00
1.000000000000000056e-01 3.944167627513408547e+00
1.100000000000000006e-01 3.944157189967632426e+00
1.199999999999999956e-01 3.944120615768432536e+00
1.300000000000000044e-01 3.944010300781726652e+00
1.400000000000000133e-01 3.943956086208820544e+00
1.499999999999999944e-01 3.943985355088710953e+00
1.600000000000000033e-01 3.944000557670593210e+00
1.700000000000000122e-01 3.943997624657153978e+00
1.799999999999999933e-01 3.943981729180813023e+00
1.900000000000000022e-01 3.943956392769813579e+00
2.000000000000000111e-01 3.943940797562599077e+00
2.099999999999999922e-01 3.943910860526561812e+00
2.200000000000000011e-01 3.943721524209976348e+00
2.300000000000000100e-01 3.943443277182578921e+00
2.399999999999999911e-01 3.943151925840377992e+00
2.500000000000000000e-01 3.942600225145816761e+00
2.600000000000000089e-01 3.941536659934520515e+00
2.700000000000000178e-01 3.936868065552711293e+00
2.800000000000000266e-01 3.925774724600314958e+00
2.899999999999999800e-01 3.901679824867248403e+00
2.999999999999999889e-01 3.855103029913902191e+00
3.099999999999999978e-01 3.801541500725746037e+00
3.200000000000000067e-01 3.729528520884513920e+00
3.300000000000000155e-01 3.660132336845397738e+00
3.400000000000000244e-01 3.591688547196388193e+00
3.500000000000000333e-01 3.536290916039943610e+00
3.599999999999999867e-01 3.500007655496597092e+00
3.699999999999999956e-01 3.463207156398296238e+00
3.800000000000000044e-01 3.444829980070590825e+00
3.900000000000000133e-01 3.430970715208053523e+00
4.000000000000000222e-01 3.426716554217338562e+00
4.100000000000000311e-01 3.424303628365993557e+00
4.199999999999999845e-01 3.422692805986404352e+00
4.299999999999999933e-01 3.421411404101848408e+00
4.400000000000000022e-01 3.420731118419170436e+00
4.500000000000000111e-01 3.420655897479057295e+00
4.600000000000000200e-01 3.420807431113719765e+00
4.700000000000000289e-01 3.421477244091033931e+00
4.799999999999999822e-01 3.422890851044654958e+00
4.899999999999999911e-01 3.424751927642822213e+00
5.000000000000000000e-01 3.426035462114811025e+00
5.100000000000000089e-01 3.427411797418594475e+00
5.200000000000000178e-01 3.427783619115352565e+00
5.300000000000000266e-01 3.427844235072135870e+00
5.400000000000000355e-01 3.427883766095638496e+00
5.500000000000000444e-01 3.428063969440460212e+00
5.600000000000000533e-01 3.428063969440460212e+00
5.700000000000000622e-01 3.428068091781139248e+00
5.799999999999999600e-01 3.428068091781139248e+00
5.899999999999999689e-01 3.428068091781139248e+00
5.999999999999999778e-01 3.428068091781139248e+00
6.099999999999999867e-01 3.428068091781139248e+00
6.199999999999999956e-01 3.428068091781139248e+00
6.300000000000000044e-01 3.428068091781139248e+00
6.400000000000000133e-01 3.428068091781139248e+00
6.500000000000000222e-01 3.428068091781139248e+00
6.600000000000000311e-01 3.428068091781139248e+00
6.700000000000000400e-01 3.428068091781139248e+00
6.800000000000000488e-01 3.428068091781139248e+00
6.900000000000000577e-01 3.428068091781139248e+00
7.000000000000000666e-01 3.428068091781139248e+00
7.099999999999999645e-01 3.428068091781139248e+00
7.199999999999999734e-01 3.428068091781139248e+00
7.299999999999999822e-01 3.428068091781139248e+00
7.399999999999999911e-01 3.428068091781139248e+00
7.500000000000000000e-01 3.428068091781139248e+00
7.600000000000000089e-01 3.428068091781139248e+00
7.700000000000000178e-01 3.428068091781139248e+00
7.800000000000000266e-01 3.428068091781139248e+00
7.900000000000000355e-01 3.428068091781139248e+00
8.000000000000000444e-01 3.428068091781139248e+00
8.100000000000000533e-01 3.428068091781139248e+00
8.200000000000000622e-01 3.428068091781139248e+00
8.300000000000000711e-01 3.428068091781139248e+00
8.399999999999999689e-01 3.428068091781139248e+00
8.499999999999999778e-01 3.428068948330879273e+00
8.599999999999999867e-01 3.428078484637737233e+00
8.699999999999999956e-01 3.428112184619903413e+00
8.800000000000000044e-01 3.428176538956165142e+00
8.900000000000000133e-01 3.428200151376724403e+00
9.000000000000000222e-01 3.428216128022670617e+00
9.100000000000000311e-01 3.428275719408989008e+00
9.200000000000000400e-01 3.428327233853340150e+00
9.300000000000000488e-01 3.428375306589603433e+00
9.400000000000000577e-01 3.428402299571037481e+00
9.500000000000000666e-01 3.428402520775795104e+00
9.599999999999999645e-01 3.428411674640178486e+00
9.699999999999999734e-01 3.428418703925609545e+00
9.799999999999999822e-01 3.428430851752758191e+00
9.899999999999999911e-01 3.428432391190528783e+00
1.000000000000000000e+00 3.428435314860343919e+00
1.010000000000000009e+00 3.428436893560886212e+00
1.020000000000000018e+00 3.428436893560886212e+00
1.030000000000000027e+00 3.428437557175159522e+00
1.040000000000000036e+00 3.428449167566299582e+00
1.050000000000000044e+00 3.428452625162601297e+00
1.060000000000000053e+00 3.428453512573242268e+00
1.070000000000000062e+00 3.428454827384948889e+00
1.080000000000000071e+00 3.428454390058517376e+00
1.090000000000000080e+00 3.428476609742641568e+00
1.100000000000000089e+00 3.428490328543186028e+00
1.110000000000000098e+00 3.428570297961234914e+00
1.120000000000000107e+00 3.428627617328166899e+00
1.130000000000000115e+00 3.428710794372558546e+00
1.140000000000000124e+00 3.428762420935630661e+00
1.150000000000000133e+00 3.428855005676746170e+00
1.159999999999999920e+00 3.429025711772441642e+00
1.169999999999999929e+00 3.429345778143405798e+00
1.179999999999999938e+00 3.429563387460708768e+00
1.189999999999999947e+00 3.429848547861575891e+00
1.199999999999999956e+00 3.430340744056701752e+00
1.209999999999999964e+00 3.430898434197902525e+00
1.219999999999999973e+00 3.431519500300884040e+00
1.229999999999999982e+00 3.432271105575561698e+00
1.239999999999999991e+00 3.432782838666438963e+00
1.250000000000000000e+00 3.433319279828071391e+00
1.260000000000000009e+00 3.433056128342151680e+00
1.270000000000000018e+00 3.433846466608047265e+00
1.280000000000000027e+00 3.435019880750179500e+00
1.290000000000000036e+00 3.436712670259475910e+00
1.300000000000000044e+00 3.437656001143455597e+00
1.310000000000000053e+00 3.438069401459693974e+00
1.320000000000000062e+00 3.437908761739731034e+00
1.330000000000000071e+00 3.438389536709785421e+00
1.340000000000000080e+00 3.438982152810096782e+00
1.350000000000000089e+00 3.439109075624942946e+00
1.360000000000000098e+00 3.438994214553833029e+00
1.370000000000000107e+00 3.438416773383617286e+00
1.380000000000000115e+00 3.437724185254573683e+00
1.390000000000000124e+00 3.434921396458149090e+00
1.400000000000000133e+00 3.431188025596141777e+00
1.409999999999999920e+00 3.429348322935104498e+00
1.419999999999999929e+00 3.427285605442524030e+00
1.429999999999999938e+00 3.425252437126636629e+00
1.439999999999999947e+00 3.423236083486079995e+00
1.449999999999999956e+00 3.421944902827739554e+00
1.459999999999999964e+00 3.420961288325786498e+00
1.469999999999999973e+00 3.419583820469379365e+00
1.479999999999999982e+00 3.418403195414543294e+00
1.489999999999999991e+00 3.416705650541782546e+00
1.500000000000000000e+00 3.414220192379951335e+00
1.510000000000000009e+00 3.412458850224018292e+00
1.520000000000000018e+00 3.410187950606346163e+00
1.530000000000000027e+00 3.406661994755268097e+00
1.540000000000000036e+00 3.403889063367843804e+00
1.550000000000000044e+00 3.399865715200900862e+00
1.560000000000000053e+00 3.395256490969658092e+00
1.570000000000000062e+00 3.390402585973739669e+00
1.580000000000000071e+00 3.385034575493335751e+00
1.590000000000000080e+00 3.380049544346332535e+00
1.600000000000000089e+00 3.374722580742835820e+00
1.610000000000000098e+00 3.369028243224621022e+00
1.620000000000000107e+00 3.360551482372283960e+00
1.630000000000000115e+00 3.350349623680114686e+00
1.640000000000000124e+00 3.336882048008441792e+00
1.650000000000000133e+00 3.321038316950798208e+00
1.660000000000000142e+00 3.308738848030567059e+00
1.669999999999999929e+00 3.293870476322174223e+00
1.679999999999999938e+00 3.285989180233478635e+00
1.689999999999999947e+00 3.287518167810440151e+00
1.699999999999999956e+00 3.285594162590503853e+00
1.709999999999999964e+00 3.283787499234676499e+00
1.719999999999999973e+00 3.277414631607532325e+00
1.729999999999999982e+00 3.271905981316566514e+00
1.739999999999999991e+00 3.265153663113117055e+00
1.750000000000000000e+00 3.254740031943321288e+00
1.760000000000000009e+00 3.247862185311317429e+00
1.770000000000000018e+00 3.240271107988357713e+00
1.780000000000000027e+00 3.233382297635078562e+00
1.790000000000000036e+00 3.228311801307201190e+00
1.800000000000000044e+00 3.223700000498294749e+00
1.810000000000000053e+00 3.219277799055576317e+00
1.820000000000000062e+00 3.215518586084842756e+00
1.830000000000000071e+00 3.210353161356449103e+00
1.840000000000000080e+00 3.206029573841095104e+00
1.850000000000000089e+00 3.201624788036346647e+00
1.860000000000000098e+00 3.197113710463046932e+00
1.870000000000000107e+00 3.193386080501079416e+00
1.880000000000000115e+00 3.189713201065063508e+00
1.890000000000000124e+00 3.185414448482990046e+00
1.900000000000000133e+00 3.181625158221721428e+00
1.910000000000000142e+00 3.179088345587253617e+00
1.919999999999999929e+00 3.177179013774395155e+00
1.929999999999999938e+00 3.176365987000465463e+00
1.939999999999999947e+00 3.175306824946403594e+00
1.949999999999999956e+00 3.175481433322429492e+00
1.959999999999999964e+00 3.177414960405826605e+00
1.969999999999999973e+00 3.179213391239643194e+00
1.979999999999999982e+00 3.180813966515064095e+00
1.989999999999999991e+00 3.182540654666423663e+00
2.000000000000000000e+00 3.186546712629795053e+00
2.010000000000000231e+00 3.193147578623294791e+00
2.020000000000000018e+00 3.198421332509517878e+00
2.030000000000000249e+00 3.206325423448085576e+00
2.040000000000000036e+00 3.218445112166404609e+00
2.049999999999999822e+00 3.231702161526679884e+00
2.060000000000000053e+00 3.254257415692806354e+00
2.069999999999999840e+00 3.275356509449482090e+00
2.080000000000000071e+00 3.300248787851333798e+00
2.089999999999999858e+00 3.332424629313945896e+00
2.100000000000000089e+00 3.360700666098594525e+00
2.109999999999999876e+00 3.386815101997852295e+00
2.120000000000000107e+00 3.416241325094699910e+00
2.129999999999999893e+00 3.441330129923820369e+00
2.140000000000000124e+00 3.467482872400283966e+00
2.149999999999999911e+00 3.492764857454299765e+00
2.160000000000000142e+00 3.515623566162586311e+00
2.169999999999999929e+00 3.546578291261196281e+00
2.180000000000000160e+00 3.572670689063072391e+00
2.189999999999999947e+00 3.596904490861892789e+00
2.200000000000000178e+00 3.622942333581447460e+00
2.209999999999999964e+00 3.647955553665161332e+00
2.220000000000000195e+00 3.673931187732219605e+00
2.229999999999999982e+00 3.697463771789073927e+00
2.240000000000000213e+00 3.721245617363452940e+00
2.250000000000000000e+00 3.738627514069080338e+00
2.260000000000000231e+00 3.754905019419193302e+00
2.270000000000000018e+00 3.770532693920135348e+00
2.280000000000000249e+00 3.783915425744056815e+00
2.290000000000000036e+00 3.795548900568485262e+00
2.300000000000000266e+00 3.806089954466819858e+00
2.310000000000000053e+00 3.814268696372509204e+00
2.319999999999999840e+00 3.821276703598499136e+00
2.330000000000000071e+00 3.827914417989254137e+00
2.339999999999999858e+00 3.833300727002620700e+00
2.350000000000000089e+00 3.837841742312908089e+00
2.359999999999999876e+00 3.841250605647564154e+00
2.370000000000000107e+00 3.843155091271400536e+00
2.379999999999999893e+00 3.845272954967021928e+00
2.390000000000000124e+00 3.846387562081813982e+00
2.399999999999999911e+00 3.847125168988704491e+00
2.410000000000000142e+00 3.847857852635383491e+00
2.419999999999999929e+00 3.848229640400409490e+00
2.430000000000000160e+00 3.848432692031860558e+00
2.439999999999999947e+00 3.848566538217067734e+00
2.450000000000000178e+00 3.848608254973888254e+00
2.459999999999999964e+00 3.848622288458347196e+00
2.470000000000000195e+00 3.848630516593456452e+00
2.479999999999999982e+00 3.848634402973651891e+00
2.490000000000000213e+00 3.848556002426147593e+00
2.500000000000000000e+00 3.848533076033592071e+00
2.510000000000000231e+00 3.848493707480430626e+00
2.520000000000000018e+00 3.848453577802181336e+00
2.530000000000000249e+00 3.848420763282776047e+00
2.540000000000000036e+00 3.848364556391238978e+00
2.550000000000000266e+00 3.848333734371661929e+00
2.560000000000000053e+00 3.848297577261924562e+00
2.569999999999999840e+00 3.848292355601787396e+00
2.580000000000000071e+00 3.848270012512207128e+00
2.589999999999999858e+00 3.848257042706012765e+00
2.600000000000000089e+00 3.848210341339111107e+00
2.609999999999999876e+00 3.848177823305130030e+00
2.620000000000000107e+00 3.848157961003780159e+00
2.629999999999999893e+00 3.848121092457771120e+00
2.640000000000000124e+00 3.848097511537075022e+00
2.649999999999999911e+00 3.848021496014594867e+00
2.660000000000000142e+00 3.847918393294811334e+00
2.669999999999999929e+00 3.847875834984779253e+00
2.680000000000000160e+00 3.847839899654388329e+00
2.689999999999999947e+00 3.847797990453243333e+00
2.700000000000000178e+00 3.847759907655715850e+00
2.709999999999999964e+00 3.847741054806709471e+00
2.720000000000000195e+00 3.847730757765770004e+00
2.729999999999999982e+00 3.847713569366931985e+00
2.740000000000000213e+00 3.847684841349124696e+00
2.750000000000000000e+00 3.847621911425590735e+00
2.760000000000000231e+00 3.847592999129295421e+00
2.770000000000000018e+00 3.847577052469253633e+00
2.780000000000000249e+00 3.847527897129058960e+00
2.790000000000000036e+00 3.847490094380378700e+00
2.800000000000000266e+00 3.847486770193576877e+00
2.810000000000000053e+00 3.847484325730800681e+00
2.819999999999999840e+00 3.847469375691413784e+00
2.830000000000000071e+00 3.847443639538288274e+00
2.839999999999999858e+00 3.847402115402221767e+00
2.850000000000000089e+00 3.847366652574539359e+00
2.859999999999999876e+00 3.847356633243560697e+00
2.870000000000000107e+00 3.847327424097060966e+00
2.879999999999999893e+00 3.847308357057571460e+00
2.890000000000000124e+00 3.847307589445114306e+00
2.899999999999999911e+00 3.847297086739540184e+00
2.910000000000000142e+00 3.847284921429157123e+00
2.919999999999999929e+00 3.847267660772800468e+00
2.930000000000000160e+00 3.847259278159141704e+00
2.939999999999999947e+00 3.847251777496337954e+00
2.950000000000000178e+00 3.847247042353153290e+00
2.959999999999999964e+00 3.847227391729354906e+00
2.970000000000000195e+00 3.847227391729354906e+00
2.979999999999999982e+00 3.847227391729354906e+00
2.990000000000000213e+00 3.847227391729354906e+00
3.000000000000000000e+00 3.847227391729354906e+00
