0.000000000000000000e+00 4.486951576181698043e-01 4.839415123931121165e-01
1.000000000000000021e-02 3.391146391930652815e+00 3.809157357225345653e+00
2.000000000000000042e-02 2.998325547546267789e+00 3.513515384641765937e+00
2.999999999999999889e-02 2.978929195474413039e+00 3.177748992058011535e+00
4.000000000000000083e-02 3.007174138515964046e+00 3.105230013648495380e+00
5.000000000000000278e-02 3.021013035009618708e+00 3.081331146566156587e+00
5.999999999999999778e-02 3.029707599313094857e+00 3.068636581442520050e+00
7.000000000000000666e-02 3.031080048739389632e+00 3.066348055151029151e+00
8.000000000000000167e-02 3.032516564405945303e+00 3.064163376046630027e+00
8.999999999999999667e-02 3.033855977534640758e+00 3.062257194748531752e+00
1.000000000000000056e-01 3.035383768059203291e+00 3.060415421613266851e+00
1.100000000000000006e-01 3.035871687708745270e+00 3.059794713510623154e+00
1.199999999999999956e-01 3.036189146453652565e+00 3.059382091572966811e+00
1.300000000000000044e-01 3.036421673815608901e+00 3.059102439663051509e+00
1.400000000000000133e-01 3.036521564836853759e+00 3.058929349965697764e+00
1.499999999999999944e-01 3.036659528000675845e+00 3.058729156477129951e+00
1.600000000000000033e-01 3.036695347485923957e+00 3.058667697457885470e+00
1.700000000000000122e-01 3.036728152275831150e+00 3.058613139032571482e+00
1.799999999999999933e-01 3.036727808023088393e+00 3.058608040861494182e+00
1.900000000000000022e-01 3.036739411508284192e+00 3.058589308331765899e+00
2.000000000000000111e-01 3.036750248578336642e+00 3.058562477032396476e+00
2.099999999999999922e-01 3.036757848018356576e+00 3.058553052579215503e+00
2.200000000000000011e-01 3.036769662642089695e+00 3.058537257295043776e+00
2.300000000000000100e-01 3.036779970667249806e+00 3.058520608141535035e+00
2.399999999999999911e-01 3.036798576670954208e+00 3.058513129910161776e+00
2.500000000000000000e-01 3.036789612697983642e+00 3.058539754152869605e+00
2.600000000000000089e-01 3.036793783028987281e+00 3.058536939555736911e+00
2.700000000000000178e-01 3.036798625100102011e+00 3.058528044883761954e+00
2.800000000000000266e-01 3.036778360963932499e+00 3.058565607684977650e+00
2.899999999999999800e-01 3.036783493338598650e+00 3.058584544219003387e+00
2.999999999999999889e-01 3.036802405230234037e+00 3.058566022175122967e+00
3.099999999999999978e-01 3.036810796146388380e+00 3.058531871294980053e+00
3.200000000000000067e-01 3.036822647318204726e+00 3.058431449599901431e+00
3.300000000000000155e-01 3.036874630341487080e+00 3.058387226114315904e+00
3.400000000000000244e-01 3.036842686342455355e+00 3.058369278922818513e+00
3.500000000000000333e-01 3.036856288853214902e+00 3.058243626021815320e+00
3.599999999999999867e-01 3.036893724248280968e+00 3.058269794900545513e+00
3.699999999999999956e-01 3.036848217431497687e+00 3.058260513332891506e+00
3.800000000000000044e-01 3.036843237656870365e+00 3.058208558250150588e+00
3.900000000000000133e-01 3.035874576000856973e+00 3.059389324102711694e+00
4.000000000000000222e-01 3.033349894642437761e+00 3.062426341872606983e+00
4.100000000000000311e-01 3.031375977951482614e+00 3.065066721237703629e+00
4.199999999999999845e-01 3.034072666460329248e+00 3.061782469204610724e+00
4.299999999999999933e-01 3.034259992230358360e+00 3.061540535561618537e+00
4.400000000000000022e-01 3.035312943287387988e+00 3.060135299133762032e+00
4.500000000000000111e-01 3.036025848318308462e+00 3.059217975715428750e+00
4.600000000000000200e-01 3.036406359127022725e+00 3.058721940104506487e+00
4.700000000000000289e-01 3.036470069566927776e+00 3.058618035625256582e+00
4.799999999999999822e-01 3.036656148667826738e+00 3.058350212654576072e+00
4.899999999999999911e-01 3.036698647571464349e+00 3.058278105591873519e+00
5.000000000000000000e-01 3.036688984640000921e+00 3.058279813677908354e+00
5.100000000000000089e-01 3.036691234558707819e+00 3.058269837538117208e+00
5.200000000000000178e-01 3.036633920282180821e+00 3.058301196967307956e+00
5.300000000000000266e-01 3.036633459873679719e+00 3.058320218400474744e+00
5.400000000000000355e-01 3.036593501898880554e+00 3.058327215211753547e+00
5.500000000000000444e-01 3.036530144265386255e+00 3.058359544297960753e+00
5.600000000000000533e-01 3.036470741887892011e+00 3.058369868063127051e+00
5.700000000000000622e-01 3.036442780250312445e+00 3.058363181210754789e+00
5.799999999999999600e-01 3.036041567768730243e+00 3.058856548862777469e+00
5.899999999999999689e-01 3.035153396143454252e+00 3.060176581387978878e+00
5.999999999999999778e-01 3.034075643047388304e+00 3.061688092208806999e+00
6.099999999999999867e-01 3.033002455644661310e+00 3.063189063258117351e+00
6.199999999999999956e-01 3.031371496357451623e+00 3.065566835632790532e+00
6.300000000000000044e-01 3.029014979048182621e+00 3.069293262524197541e+00
6.400000000000000133e-01 3.026436916620028672e+00 3.074556277096974544e+00
6.500000000000000222e-01 3.023752034887581264e+00 3.080302938447684991e+00
6.600000000000000311e-01 3.019221301842447858e+00 3.089791528267148202e+00
6.700000000000000400e-01 3.008645780608925957e+00 3.104788315717902147e+00
6.800000000000000488e-01 3.006293206450212807e+00 3.114953828600179442e+00
6.900000000000000577e-01 3.006902333145650807e+00 3.125387860722032229e+00
7.000000000000000666e-01 3.008658131622981458e+00 3.135988914127636917e+00
7.099999999999999645e-01 3.019200931352260753e+00 3.144859511386272288e+00
7.199999999999999734e-01 3.022993811078915627e+00 3.154952959379305533e+00
7.299999999999999822e-01 3.026224135749912669e+00 3.164553341433429701e+00
7.399999999999999911e-01 3.031099153461234597e+00 3.175425982170326566e+00
7.500000000000000000e-01 3.037077348386932218e+00 3.185912105462860300e+00
7.600000000000000089e-01 3.045943535469807006e+00 3.198926731897555609e+00
7.700000000000000178e-01 3.055151183800085324e+00 3.209384288411752717e+00
7.800000000000000266e-01 3.064470706434157865e+00 3.219157311477753414e+00
7.900000000000000355e-01 3.074584656216174494e+00 3.227398317998379618e+00
8.000000000000000444e-01 3.085213857361289946e+00 3.236454381183174078e+00
8.100000000000000533e-01 3.094061388819042691e+00 3.251752312305148607e+00
8.200000000000000622e-01 3.104782323560229873e+00 3.256927994323261633e+00
8.300000000000000711e-01 3.114798018066627261e+00 3.263166070626037918e+00
8.399999999999999689e-01 3.124020405209788631e+00 3.264017095691433834e+00
8.499999999999999778e-01 3.132224851087999529e+00 3.264212276115941780e+00
8.599999999999999867e-01 3.139884785096417996e+00 3.259559341891038908e+00
8.699999999999999956e-01 3.152491622606964583e+00 3.246496342175750449e+00
8.800000000000000044e-01 3.158814843459403221e+00 3.242246734528267282e+00
8.900000000000000133e-01 3.162814698658673596e+00 3.240363562020571297e+00
9.000000000000000222e-01 3.166227798657865744e+00 3.239136523389368083e+00
9.100000000000000311e-01 3.170310189522818067e+00 3.237534063049241961e+00
9.200000000000000400e-01 3.171971604710254411e+00 3.236712794513072922e+00
9.300000000000000488e-01 3.173575339269416151e+00 3.236068424959404499e+00
9.400000000000000577e-01 3.174433099561332572e+00 3.235745507439971913e+00
9.500000000000000666e-01 3.176192771619811506e+00 3.235088304997429720e+00
9.599999999999999645e-01 3.177074934958402874e+00 3.234647918129975874e+00
9.699999999999999734e-01 3.177761621957647442e+00 3.233628335174691948e+00
9.799999999999999822e-01 3.177996134562448560e+00 3.232942602181478442e+00
9.899999999999999911e-01 3.178402141915707801e+00 3.231835072735400161e+00
1.000000000000000000e+00 3.178832809264844350e+00 3.230894644472414257e+00
1.010000000000000009e+00 3.179231984356479579e+00 3.230111588717861082e+00
1.020000000000000018e+00 3.179628584044339679e+00 3.229459893080827815e+00
1.030000000000000027e+00 3.180375185116059544e+00 3.228433084232084749e+00
1.040000000000000036e+00 3.181756167751056186e+00 3.226121863979595883e+00
1.050000000000000044e+00 3.182946058356320052e+00 3.224283995335543551e+00
1.060000000000000053e+00 3.183365289981320068e+00 3.224035371878192002e+00
1.070000000000000062e+00 3.183906861454995241e+00 3.223509309132544853e+00
1.080000000000000071e+00 3.184189842537520132e+00 3.223275067530992022e+00
1.090000000000000080e+00 3.184287251927549800e+00 3.223202414796654924e+00
1.100000000000000089e+00 3.184363098180720719e+00 3.223205846745541336e+00
1.110000000000000098e+00 3.180194850575788212e+00 3.226729783909456639e+00
1.120000000000000107e+00 3.176739101788178310e+00 3.231055489223822796e+00
1.130000000000000115e+00 3.180431345318069258e+00 3.227487907730827832e+00
1.140000000000000124e+00 3.181943786047472855e+00 3.225980066963658466e+00
1.150000000000000133e+00 3.183739242308207373e+00 3.223409891793660442e+00
1.159999999999999920e+00 3.184319537295310809e+00 3.222962669878990383e+00
1.169999999999999929e+00 3.184355528393635115e+00 3.223005787839046565e+00
1.179999999999999938e+00 3.185235955129278373e+00 3.222016588863717779e+00
1.189999999999999947e+00 3.185779818693091681e+00 3.221668732132027646e+00
1.199999999999999956e+00 3.185788451850691594e+00 3.221589154588898829e+00
1.209999999999999964e+00 3.185848018419845662e+00 3.221541204879180942e+00
1.219999999999999973e+00 3.186005532207180302e+00 3.221425051913570314e+00
1.229999999999999982e+00 3.186018845523012732e+00 3.221332555615293192e+00
1.239999999999999991e+00 3.186098942084669261e+00 3.221197787584901384e+00
1.250000000000000000e+00 3.186337680594546029e+00 3.221016337125676365e+00
1.260000000000000009e+00 3.186492424999625150e+00 3.220924010327904874e+00
1.270000000000000018e+00 3.186462063998928507e+00 3.220900842018375343e+00
1.280000000000000027e+00 3.186440794707341873e+00 3.220916110514597364e+00
1.290000000000000036e+00 3.186435452089511067e+00 3.220932855148114449e+00
1.300000000000000044e+00 3.186390384890179117e+00 3.220960769923587375e+00
1.310000000000000053e+00 3.186327930708381828e+00 3.221009323100592958e+00
1.320000000000000062e+00 3.185847208432948996e+00 3.221289657597743883e+00
1.330000000000000071e+00 3.185846763513449975e+00 3.221285867068405917e+00
1.340000000000000080e+00 3.185433682274813272e+00 3.221553806815152576e+00
1.350000000000000089e+00 3.185087866822538860e+00 3.221768411210717442e+00
1.360000000000000098e+00 3.184629226834123195e+00 3.222077511885816925e+00
1.370000000000000107e+00 3.184305526082452875e+00 3.222264360029760244e+00
1.380000000000000115e+00 3.184117228906216734e+00 3.222365250556407101e+00
1.390000000000000124e+00 3.184094294938655700e+00 3.222365682020572386e+00
1.400000000000000133e+00 3.183908093220255697e+00 3.222466010802724323e+00
1.409999999999999920e+00 3.183548139703359148e+00 3.222694054343614667e+00
1.419999999999999929e+00 3.183505818957019784e+00 3.222736637808155002e+00
1.429999999999999938e+00 3.183327900416156542e+00 3.222892632406451963e+00
1.439999999999999947e+00 3.182620943306632366e+00 3.223366125203423582e+00
1.449999999999999956e+00 3.182409335044404042e+00 3.223570043336370983e+00
1.459999999999999964e+00 3.182351397225844369e+00 3.223624211471093570e+00
1.469999999999999973e+00 3.182165495190527160e+00 3.223820007333848991e+00
1.479999999999999982e+00 3.181972475421109614e+00 3.223961353652796014e+00
1.489999999999999991e+00 3.181964149282228149e+00 3.223986817419279838e+00
1.500000000000000000e+00 3.181975245603976266e+00 3.223997539239468413e+00
1.510000000000000009e+00 3.181937726289894908e+00 3.224107415922019104e+00
1.520000000000000018e+00 3.182097468853226196e+00 3.224137424125442131e+00
1.530000000000000027e+00 3.182133809152889015e+00 3.224181717246723089e+00
1.540000000000000036e+00 3.182108250930143711e+00 3.224268321759866218e+00
1.550000000000000044e+00 3.182161425158363866e+00 3.224304759128707065e+00
1.560000000000000053e+00 3.182167444140867385e+00 3.224349511654420741e+00
1.570000000000000062e+00 3.182318423416904629e+00 3.224390334045597051e+00
1.580000000000000071e+00 3.182336095565410083e+00 3.224421275512127316e+00
1.590000000000000080e+00 3.182436595909142518e+00 3.224488583610511050e+00
1.600000000000000089e+00 3.182425334109878712e+00 3.224567908549690110e+00
1.610000000000000098e+00 3.182411097550271961e+00 3.224799933977247512e+00
1.620000000000000107e+00 3.182405500565447909e+00 3.224927284025273622e+00
1.630000000000000115e+00 3.182468956402495941e+00 3.225061530863090553e+00
1.640000000000000124e+00 3.182817374238317232e+00 3.225162002359087676e+00
1.650000000000000133e+00 3.182752139637806454e+00 3.225571930105350038e+00
1.660000000000000142e+00 3.182915452962201464e+00 3.225791673578935814e+00
1.669999999999999929e+00 3.182682110632459427e+00 3.226325915514429710e+00
1.679999999999999938e+00 3.182472873831927895e+00 3.226854672511875410e+00
1.689999999999999947e+00 3.182538477432865331e+00 3.227156057593684846e+00
1.699999999999999956e+00 3.182227480897633409e+00 3.228264812469752609e+00
1.709999999999999964e+00 3.181047682421511702e+00 3.230447614023381320e+00
1.719999999999999973e+00 3.180117490947802050e+00 3.232825907937924459e+00
1.729999999999999982e+00 3.178355663739384163e+00 3.236846322368442053e+00
1.739999999999999991e+00 3.177248338694867780e+00 3.238906587853136454e+00
1.750000000000000000e+00 3.176086852928643456e+00 3.241217042559142225e+00
1.760000000000000009e+00 3.176338012771143138e+00 3.241707457185254437e+00
1.770000000000000018e+00 3.175805232957898294e+00 3.242614310437144542e+00
1.780000000000000027e+00 3.172470757537849462e+00 3.247222673095695900e+00
1.790000000000000036e+00 3.167487116682436099e+00 3.255098013393971979e+00
1.800000000000000044e+00 3.163820373614740333e+00 3.261017877604055037e+00
1.810000000000000053e+00 3.160492928909762078e+00 3.266768445549504740e+00
1.820000000000000062e+00 3.156835005662894211e+00 3.274269597007775090e+00
1.830000000000000071e+00 3.152970985491632128e+00 3.283001671363950713e+00
1.840000000000000080e+00 3.149344257961688598e+00 3.291773803108753782e+00
1.850000000000000089e+00 3.146252677164006695e+00 3.299948836889338377e+00
1.860000000000000098e+00 3.139962510998256295e+00 3.320539017927639502e+00
1.870000000000000107e+00 3.135212704320910149e+00 3.341730517229077435e+00
1.880000000000000115e+00 3.132213470129659338e+00 3.363362796683618594e+00
1.890000000000000124e+00 3.122976508146356966e+00 3.395346869067120910e+00
1.900000000000000133e+00 3.073163106711191972e+00 3.452427958509640682e+00
1.910000000000000142e+00 3.128120581697235725e+00 3.470839605180014775e+00
1.919999999999999929e+00 3.150719142334957645e+00 3.505892853462199810e+00
1.929999999999999938e+00 3.173555736080689194e+00 3.536156717580276165e+00
1.939999999999999947e+00 3.199499461921950783e+00 3.565050296784142425e+00
1.949999999999999956e+00 3.230907722883789468e+00 3.589642536839873443e+00
1.959999999999999964e+00 3.261088286251632162e+00 3.613223740330131939e+00
1.969999999999999973e+00 3.285655138013170884e+00 3.625898953831387495e+00
1.979999999999999982e+00 3.313520709663207775e+00 3.636579180196945593e+00
1.989999999999999991e+00 3.341639019666148513e+00 3.642555748219059808e+00
2.000000000000000000e+00 3.364355832038552041e+00 3.644748767623275487e+00
2.010000000000000231e+00 3.382272839334766079e+00 3.644517184058865045e+00
2.020000000000000018e+00 3.404368166063548529e+00 3.643557642418621789e+00
2.030000000000000249e+00 3.425195208182367335e+00 3.640007424626318322e+00
2.040000000000000036e+00 3.440248246014533162e+00 3.636878453814567980e+00
2.049999999999999822e+00 3.454256250837349107e+00 3.633270103833175391e+00
2.060000000000000053e+00 3.465611208772996221e+00 3.630566204661985985e+00
2.069999999999999840e+00 3.473814438293311824e+00 3.627978987409736789e+00
2.080000000000000071e+00 3.478363158202306238e+00 3.626453658442362560e+00
2.089999999999999858e+00 3.484373371552409893e+00 3.624874171515521937e+00
2.100000000000000089e+00 3.488556871242811663e+00 3.623935895971963195e+00
2.109999999999999876e+00 3.494597535087786255e+00 3.623648810017384925e+00
2.120000000000000107e+00 3.504565478667453604e+00 3.623039946790500565e+00
2.129999999999999893e+00 3.508411454615007141e+00 3.623289629054655681e+00
2.140000000000000124e+00 3.511477946883722279e+00 3.623123848083929399e+00
2.149999999999999911e+00 3.512665014331888713e+00 3.622732325479436355e+00
2.160000000000000142e+00 3.514010436479691801e+00 3.622620642440672167e+00
2.169999999999999929e+00 3.517793672391094084e+00 3.622984937313876941e+00
2.180000000000000160e+00 3.519971232318788168e+00 3.623169079933256320e+00
2.189999999999999947e+00 3.521205574119688819e+00 3.623147385751603444e+00
2.200000000000000178e+00 3.521957213671510267e+00 3.622991276714499165e+00
2.209999999999999964e+00 3.522262326404210331e+00 3.622828514178637160e+00
2.220000000000000195e+00 3.522769622060669903e+00 3.622400487292395610e+00
2.229999999999999982e+00 3.523156446550053111e+00 3.622155419180232094e+00
2.240000000000000213e+00 3.524146565273145626e+00 3.620667273161073396e+00
2.250000000000000000e+00 3.524561917524045018e+00 3.620450023742014967e+00
2.260000000000000231e+00 3.524970444784833123e+00 3.620264096741007354e+00
2.270000000000000018e+00 3.525276798216943952e+00 3.620044635312909875e+00
2.280000000000000249e+00 3.525712298941003464e+00 3.619551825962675107e+00
2.290000000000000036e+00 3.526189896763155307e+00 3.618990891162564782e+00
2.300000000000000266e+00 3.526621848679885485e+00 3.618455381439819707e+00
2.310000000000000053e+00 3.526863747457634979e+00 3.618202269941199312e+00
2.319999999999999840e+00 3.527033738421434972e+00 3.617976015735631545e+00
2.330000000000000071e+00 3.527194993000179579e+00 3.617756078743785686e+00
2.339999999999999858e+00 3.527326075675680350e+00 3.617511221926019260e+00
2.350000000000000089e+00 3.527452878140068027e+00 3.617297067891502405e+00
2.359999999999999876e+00 3.527688311985370806e+00 3.616895240589740990e+00
2.370000000000000107e+00 3.527918000944651133e+00 3.616501195074521391e+00
2.379999999999999893e+00 3.529129532142310843e+00 3.614243465885490281e+00
2.390000000000000124e+00 3.529907145864404239e+00 3.613003324001395011e+00
2.399999999999999911e+00 3.530491894579489198e+00 3.611952063373963462e+00
2.410000000000000142e+00 3.530861395904056899e+00 3.611319601682193792e+00
2.419999999999999929e+00 3.531177210471162731e+00 3.610706090586653261e+00
2.430000000000000160e+00 3.531725673287472222e+00 3.609705195490756413e+00
2.439999999999999947e+00 3.532454021587975390e+00 3.608331239289634063e+00
2.450000000000000178e+00 3.532904621223599051e+00 3.607392304626315216e+00
2.459999999999999964e+00 3.533269327358148360e+00 3.606675012274839887e+00
2.470000000000000195e+00 3.533644852589763907e+00 3.606002162886462692e+00
2.479999999999999982e+00 3.534133717074341874e+00 3.605139906544737372e+00
2.490000000000000213e+00 3.534530518735347293e+00 3.604368548113408011e+00
2.500000000000000000e+00 3.535158794119920511e+00 3.603397311837110539e+00
2.510000000000000231e+00 3.536135309554814476e+00 3.601649358080149632e+00
2.520000000000000018e+00 3.538209065092189576e+00 3.598327994596378865e+00
2.530000000000000249e+00 3.539936470540328450e+00 3.595666395246223779e+00
2.540000000000000036e+00 3.540923435807976638e+00 3.594073687552657326e+00
2.550000000000000266e+00 3.541840857765962802e+00 3.592681925379941354e+00
2.560000000000000053e+00 3.542076981587196638e+00 3.592340502200339625e+00
2.569999999999999840e+00 3.542795243458807253e+00 3.591220591120660277e+00
2.580000000000000071e+00 3.543495241685354902e+00 3.590171969441926070e+00
2.589999999999999858e+00 3.543685871192803649e+00 3.589904965460906094e+00
2.600000000000000089e+00 3.543878216864559061e+00 3.589617272370365431e+00
2.609999999999999876e+00 3.543880987136735605e+00 3.589569361993895313e+00
2.620000000000000107e+00 3.544014926938078958e+00 3.589428754626251994e+00
2.629999999999999893e+00 3.544187188387526444e+00 3.589233011254654659e+00
2.640000000000000124e+00 3.544408348709999323e+00 3.588942364299835042e+00
2.649999999999999911e+00 3.544481666225320904e+00 3.588857477489584280e+00
2.660000000000000142e+00 3.544488602366866914e+00 3.588861483034667899e+00
2.669999999999999929e+00 3.544492485897085210e+00 3.588860655334451977e+00
2.680000000000000160e+00 3.544495155245410256e+00 3.588859587357891900e+00
2.689999999999999947e+00 3.544504513572333870e+00 3.588862165056587727e+00
2.700000000000000178e+00 3.544512818744377292e+00 3.588858970243736124e+00
2.709999999999999964e+00 3.544539708475149542e+00 3.588850826264344374e+00
2.720000000000000195e+00 3.544555103608945323e+00 3.588843014462610448e+00
2.729999999999999982e+00 3.544589770181620469e+00 3.588828031675374231e+00
2.740000000000000213e+00 3.544605489923646324e+00 3.588819461100409391e+00
2.750000000000000000e+00 3.544611548523162625e+00 3.588814684983040237e+00
2.760000000000000231e+00 3.544612605350957679e+00 3.588812241856111918e+00
2.770000000000000018e+00 3.544611522498504197e+00 3.588802511992081445e+00
2.780000000000000249e+00 3.544620527889842165e+00 3.588794202310925385e+00
2.790000000000000036e+00 3.544622931897860152e+00 3.588791887109060053e+00
2.800000000000000266e+00 3.544624264237461464e+00 3.588791774142207291e+00
2.810000000000000053e+00 3.544624264237461464e+00 3.588791774142207291e+00
2.819999999999999840e+00 3.544624769105399142e+00 3.588786438308274374e+00
2.830000000000000071e+00 3.544625776608437029e+00 3.588775264398605280e+00
2.839999999999999858e+00 3.544626471419215719e+00 3.588774043612598774e+00
2.850000000000000089e+00 3.544629316170806455e+00 3.588758264376526341e+00
2.859999999999999876e+00 3.544630101547815215e+00 3.588750553016089029e+00
2.870000000000000107e+00 3.544631913780021293e+00 3.588736452871513549e+00
2.879999999999999893e+00 3.544631913780021293e+00 3.588736452871513549e+00
2.890000000000000124e+00 3.544631601668357224e+00 3.588733317202569051e+00
2.899999999999999911e+00 3.544631577418412505e+00 3.588733008920584666e+00
2.910000000000000142e+00 3.544631731761049398e+00 3.588733229858327878e+00
2.919999999999999929e+00 3.544631701588247807e+00 3.588733110971833895e+00
2.930000000000000160e+00 3.544631753035925481e+00 3.588733184617616256e+00
2.939999999999999947e+00 3.544631747001359301e+00 3.588733160840322789e+00
2.950000000000000178e+00 3.544631747001359301e+00 3.588733160840322789e+00
2.959999999999999964e+00 3.544632416315550039e+00 3.588733200220590724e+00
2.970000000000000195e+00 3.544632352007680787e+00 3.588733183976358099e+00
2.979999999999999982e+00 3.544632352007680787e+00 3.588733183976358099e+00
2.990000000000000213e+00 3.544632352007680787e+00 3.588733183976358099e+00
3.000000000000000000e+00 3.544632352007680787e+00 3.588733183976358099e+00
