0.000000000000000000e+00 2.331047816367447512e-01
1.000000000000000021e-02 8.461060048934817557e-01
2.000000000000000042e-02 8.536244599747657702e-01
2.999999999999999889e-02 8.553444369190931207e-01
4.000000000000000083e-02 8.558075968223810559e-01
5.000000000000000278e-02 8.558623055380583100e-01
5.999999999999999778e-02 1.101170145136117995e+00
7.000000000000000666e-02 3.955671623713969964e+00
8.000000000000000167e-02 3.955671623713969964e+00
8.999999999999999667e-02 3.955671623713969964e+00
1.000000000000000056e-01 3.955671623713969964e+00
1.100000000000000006e-01 3.955671623713969964e+00
1.199999999999999956e-01 3.955671623713969964e+00
1.300000000000000044e-01 3.955671623713969964e+00
1.400000000000000133e-01 3.955671187872886740e+00
1.499999999999999944e-01 3.955670502979755199e+00
1.600000000000000033e-01 3.955670191664695690e+00
1.700000000000000122e-01 3.955669880349636180e+00
1.799999999999999933e-01 3.955669474108219230e+00
1.900000000000000022e-01 3.955668220362663412e+00
2.000000000000000111e-01 3.955668123788833590e+00
2.099999999999999922e-01 3.955670725846290647e+00
2.200000000000000011e-01 3.955669950098991361e+00
2.300000000000000100e-01 3.955669687230586984e+00
2.399999999999999911e-01 3.955664935231208990e+00
2.500000000000000000e-01 3.955660803134441572e+00
2.600000000000000089e-01 3.955672419033050335e+00
2.700000000000000178e-01 3.955707481589317176e+00
2.800000000000000266e-01 3.955705418446064048e+00
2.899999999999999800e-01 3.955701487152576412e+00
2.999999999999999889e-01 3.955690045819282741e+00
3.099999999999999978e-01 3.955692794754505304e+00
3.200000000000000067e-01 3.955692619638443208e+00
3.300000000000000155e-01 3.909340477824211124e+00
3.400000000000000244e-01 3.718443116583824093e+00
3.500000000000000333e-01 3.365351080377101844e+00
3.599999999999999867e-01 3.105948398282528000e+00
3.699999999999999956e-01 3.015039641449451580e+00
3.800000000000000044e-01 3.000014681830406094e+00
3.900000000000000133e-01 3.000174491724967751e+00
4.000000000000000222e-01 3.000234488153457502e+00
4.100000000000000311e-01 3.000229832842349786e+00
4.199999999999999845e-01 3.000236503279209099e+00
4.299999999999999933e-01 3.000212027385234848e+00
4.400000000000000022e-01 3.000186705417632993e+00
4.500000000000000111e-01 3.000161679265499259e+00
4.600000000000000200e-01 3.000104564592838141e+00
4.700000000000000289e-01 2.999960342488289022e+00
4.799999999999999822e-01 2.999767786819934834e+00
4.899999999999999911e-01 2.999667680759429800e+00
5.000000000000000000e-01 2.999487664759159067e+00
5.100000000000000089e-01 2.999260108170509476e+00
5.200000000000000178e-01 2.999010852718353437e+00
5.300000000000000266e-01 2.998925864834785404e+00
5.400000000000000355e-01 2.998827125520706183e+00
5.500000000000000444e-01 2.998693337821960458e+00
5.600000000000000533e-01 2.998576028490066658e+00
5.700000000000000622e-01 2.998526984381675753e+00
5.799999999999999600e-01 2.998327365467548411e+00
5.899999999999999689e-01 2.998322492423057373e+00
5.999999999999999778e-01 2.998157728247642595e+00
6.099999999999999867e-01 2.998129399163723008e+00
6.199999999999999956e-01 2.997995857615471049e+00
6.300000000000000044e-01 2.997761418640613407e+00
6.400000000000000133e-01 2.997770249330997672e+00
6.500000000000000222e-01 2.997823231964111379e+00
6.600000000000000311e-01 2.997945824167728368e+00
6.700000000000000400e-01 2.997968031651973675e+00
6.800000000000000488e-01 2.997970233492851300e+00
6.900000000000000577e-01 2.997982361774444549e+00
7.000000000000000666e-01 2.997992518479823953e+00
7.099999999999999645e-01 2.997973522710799976e+00
7.199999999999999734e-01 2.997868127973079666e+00
7.299999999999999822e-01 2.997735065770149365e+00
7.399999999999999911e-01 2.997495327603817206e+00
7.500000000000000000e-01 2.997368888449668756e+00
7.600000000000000089e-01 2.997263389635086206e+00
7.700000000000000178e-01 2.997005789484977534e+00
7.800000000000000266e-01 2.996767937204837917e+00
7.900000000000000355e-01 2.996484091446399489e+00
8.000000000000000444e-01 2.995885067384242983e+00
8.100000000000000533e-01 2.995414396438598637e+00
8.200000000000000622e-01 2.995100430717468232e+00
8.300000000000000711e-01 2.994749368104934639e+00
8.399999999999999689e-01 2.994589678101539754e+00
8.499999999999999778e-01 2.994419522867202588e+00
8.599999999999999867e-01 2.994063676266670360e+00
8.699999999999999956e-01 2.993943969533443550e+00
8.800000000000000044e-01 2.993847842459678610e+00
8.900000000000000133e-01 2.993710628330707557e+00
9.000000000000000222e-01 2.993503758347034527e+00
9.100000000000000311e-01 2.993416931486129862e+00
9.200000000000000400e-01 2.993275293009280968e+00
9.300000000000000488e-01 2.993108856906890658e+00
9.400000000000000577e-01 2.992917133498191884e+00
9.500000000000000666e-01 2.991884903354644631e+00
9.599999999999999645e-01 2.991323014094829702e+00
9.699999999999999734e-01 2.991013477621078387e+00
9.799999999999999822e-01 2.990602959308624076e+00
9.899999999999999911e-01 2.990019563660621493e+00
1.000000000000000000e+00 2.989509474058151373e+00
1.010000000000000009e+00 2.989522969403267005e+00
1.020000000000000018e+00 2.991294747185706981e+00
1.030000000000000027e+00 2.992368672938346741e+00
1.040000000000000036e+00 2.994068858392238575e+00
1.050000000000000044e+00 2.996113364956379144e+00
1.060000000000000053e+00 3.001822897148132441e+00
1.070000000000000062e+00 3.014152704298496133e+00
1.080000000000000071e+00 3.031693599905967762e+00
1.090000000000000080e+00 3.050135596718788200e+00
1.100000000000000089e+00 3.074615210316181013e+00
1.110000000000000098e+00 3.096103505206107886e+00
1.120000000000000107e+00 3.157930967116355792e+00
1.130000000000000115e+00 3.237617698016166834e+00
1.140000000000000124e+00 3.301542166392803068e+00
1.150000000000000133e+00 3.367928077940940845e+00
1.159999999999999920e+00 3.424320382096767368e+00
1.169999999999999929e+00 3.478318705103397246e+00
1.179999999999999938e+00 3.531778493814468511e+00
1.189999999999999947e+00 3.583371620028018789e+00
1.199999999999999956e+00 3.621578978643417379e+00
1.209999999999999964e+00 3.643525344796180843e+00
1.219999999999999973e+00 3.648875180268287721e+00
1.229999999999999982e+00 3.651136236383914824e+00
1.239999999999999991e+00 3.651762702381610826e+00
1.250000000000000000e+00 3.651762702381610826e+00
1.260000000000000009e+00 3.651762702381610826e+00
1.270000000000000018e+00 3.651755687727928024e+00
1.280000000000000027e+00 3.651755687727928024e+00
1.290000000000000036e+00 3.651755687727928024e+00
1.300000000000000044e+00 3.651755687727928024e+00
1.310000000000000053e+00 3.651755687727928024e+00
1.320000000000000062e+00 3.651755687727928024e+00
1.330000000000000071e+00 3.651751571595668988e+00
1.340000000000000080e+00 3.651737727370262032e+00
1.350000000000000089e+00 3.651737727370262032e+00
1.360000000000000098e+00 3.651737165505886118e+00
1.370000000000000107e+00 3.651730926792621457e+00
1.380000000000000115e+00 3.651727286245822768e+00
1.390000000000000124e+00 3.651726978526115275e+00
1.400000000000000133e+00 3.651726978526115275e+00
1.409999999999999920e+00 3.651727299599647480e+00
1.419999999999999929e+00 3.651727299599647480e+00
1.429999999999999938e+00 3.651730825076103137e+00
1.439999999999999947e+00 3.651733852574825079e+00
1.449999999999999956e+00 3.651714832873344641e+00
1.459999999999999964e+00 3.651696947746276845e+00
1.469999999999999973e+00 3.651108512833118436e+00
1.479999999999999982e+00 3.649497347528934288e+00
1.489999999999999991e+00 3.649022564744949459e+00
1.500000000000000000e+00 3.647787873272895887e+00
1.510000000000000009e+00 3.647054706668853896e+00
1.520000000000000018e+00 3.645852607758045316e+00
1.530000000000000027e+00 3.645490780007839327e+00
1.540000000000000036e+00 3.644240551867484967e+00
1.550000000000000044e+00 3.643064084866046937e+00
1.560000000000000053e+00 3.641706662764549129e+00
1.570000000000000062e+00 3.639195087652206340e+00
1.580000000000000071e+00 3.636638517396450165e+00
1.590000000000000080e+00 3.635663294324874784e+00
1.600000000000000089e+00 3.635532084143161757e+00
1.610000000000000098e+00 3.635901188406944318e+00
1.620000000000000107e+00 3.635947144851684687e+00
1.630000000000000115e+00 3.635775930535793510e+00
1.640000000000000124e+00 3.635149886002540409e+00
1.650000000000000133e+00 3.635554498958587732e+00
1.660000000000000142e+00 3.635715176565647244e+00
1.669999999999999929e+00 3.635787651667595100e+00
1.679999999999999938e+00 3.635579274842739128e+00
1.689999999999999947e+00 3.635037431178092859e+00
1.699999999999999956e+00 3.634544019777774970e+00
1.709999999999999964e+00 3.634181502275466880e+00
1.719999999999999973e+00 3.633699343748092669e+00
1.729999999999999982e+00 3.633488371832370945e+00
1.739999999999999991e+00 3.633163532891273473e+00
1.750000000000000000e+00 3.632860015354156591e+00
1.760000000000000009e+00 3.632567644631862436e+00
1.770000000000000018e+00 3.632579983942508584e+00
1.780000000000000027e+00 3.632319251520633507e+00
1.790000000000000036e+00 3.632536378738880245e+00
1.800000000000000044e+00 3.633232843670845202e+00
1.810000000000000053e+00 3.633590499880313907e+00
1.820000000000000062e+00 3.634213933410644692e+00
1.830000000000000071e+00 3.635048148391246681e+00
1.840000000000000080e+00 3.635888959181308611e+00
1.850000000000000089e+00 3.636412711877822890e+00
1.860000000000000098e+00 3.637191198706626771e+00
1.870000000000000107e+00 3.638312311413288036e+00
1.880000000000000115e+00 3.639659114086628122e+00
1.890000000000000124e+00 3.641873094956874723e+00
1.900000000000000133e+00 3.645313447115421379e+00
1.910000000000000142e+00 3.649446473636626997e+00
1.919999999999999929e+00 3.652277251145839898e+00
1.929999999999999938e+00 3.654549617557525831e+00
1.939999999999999947e+00 3.656517834007740220e+00
1.949999999999999956e+00 3.656411290147304705e+00
1.959999999999999964e+00 3.657578699071407424e+00
1.969999999999999973e+00 3.658497630724907079e+00
1.979999999999999982e+00 3.659836887257099214e+00
1.989999999999999991e+00 3.660951726262569483e+00
2.000000000000000000e+00 3.661238887646198314e+00
2.010000000000000231e+00 3.661098638525009275e+00
2.020000000000000018e+00 3.660333928034305462e+00
2.030000000000000249e+00 3.659713210327625088e+00
2.040000000000000036e+00 3.658762782635688993e+00
2.049999999999999822e+00 3.658120292830467246e+00
2.060000000000000053e+00 3.657731122159957771e+00
2.069999999999999840e+00 3.657158108499050098e+00
2.080000000000000071e+00 3.657085664625167709e+00
2.089999999999999858e+00 3.657043048775196148e+00
2.100000000000000089e+00 3.656059215466976209e+00
2.109999999999999876e+00 3.647249780738353930e+00
2.120000000000000107e+00 3.646563105771541746e+00
2.129999999999999893e+00 3.646043764700889422e+00
2.140000000000000124e+00 3.645502835793495322e+00
2.149999999999999911e+00 3.607065381621122224e+00
2.160000000000000142e+00 3.327753348977565917e+00
2.169999999999999929e+00 2.260850273028612190e+00
2.180000000000000160e+00 1.775807190258502866e+00
2.189999999999999947e+00 1.842485966885089921e+00
2.200000000000000178e+00 2.584782730382680693e+00
2.209999999999999964e+00 3.546771837666034877e+00
2.220000000000000195e+00 3.728473848097324517e+00
2.229999999999999982e+00 3.776254982011318262e+00
2.240000000000000213e+00 3.780426456911563982e+00
2.250000000000000000e+00 3.785305669605731893e+00
2.260000000000000231e+00 3.785218510334491526e+00
2.270000000000000018e+00 3.785157024855613894e+00
2.280000000000000249e+00 3.785126053924560363e+00
2.290000000000000036e+00 3.785118610043525678e+00
2.300000000000000266e+00 3.785131066462993576e+00
2.310000000000000053e+00 3.785024323115348643e+00
2.319999999999999840e+00 3.784929301800727952e+00
2.330000000000000071e+00 3.784888119251728078e+00
2.339999999999999858e+00 3.784838860096931601e+00
2.350000000000000089e+00 3.784845833270549686e+00
2.359999999999999876e+00 3.784799174847602643e+00
2.370000000000000107e+00 3.784709804363250552e+00
2.379999999999999893e+00 3.784647297077178951e+00
2.390000000000000124e+00 3.784657362804412895e+00
2.399999999999999911e+00 3.784639936156272810e+00
2.410000000000000142e+00 3.784607314286231983e+00
2.419999999999999929e+00 3.784547845461368354e+00
2.430000000000000160e+00 3.784487417769431872e+00
2.439999999999999947e+00 3.784391192605495391e+00
2.450000000000000178e+00 3.784366653859615237e+00
2.459999999999999964e+00 3.784312365720272187e+00
2.470000000000000195e+00 3.784284511070251433e+00
2.479999999999999982e+00 3.784326890385151021e+00
2.490000000000000213e+00 3.784336508255004894e+00
2.500000000000000000e+00 3.784316116271019048e+00
2.510000000000000231e+00 3.784209856047630272e+00
2.520000000000000018e+00 3.784066770973205429e+00
2.530000000000000249e+00 3.783929643433094014e+00
2.540000000000000036e+00 3.783857778663635152e+00
2.550000000000000266e+00 3.783811290199756705e+00
2.560000000000000053e+00 3.783762440969943963e+00
2.569999999999999840e+00 3.783838652853965812e+00
2.580000000000000071e+00 3.783888899705409870e+00
2.589999999999999858e+00 3.783880986657142564e+00
2.600000000000000089e+00 3.783918557929992765e+00
2.609999999999999876e+00 3.783857684457302195e+00
2.620000000000000107e+00 3.783636435310840707e+00
2.629999999999999893e+00 3.783481009802818207e+00
2.640000000000000124e+00 3.783310055394172533e+00
2.649999999999999911e+00 3.783061513915062068e+00
2.660000000000000142e+00 3.782725627830028525e+00
2.669999999999999929e+00 3.782428463971614807e+00
2.680000000000000160e+00 3.782071152470111830e+00
2.689999999999999947e+00 3.781510544312000288e+00
2.700000000000000178e+00 3.781176951074600279e+00
2.709999999999999964e+00 3.780930960073471070e+00
2.720000000000000195e+00 3.780644306805133859e+00
2.729999999999999982e+00 3.780348984959125413e+00
2.740000000000000213e+00 3.780155027205943874e+00
2.750000000000000000e+00 3.780048061854839325e+00
2.760000000000000231e+00 3.779884434421062256e+00
2.770000000000000018e+00 3.779849335281848965e+00
2.780000000000000249e+00 3.779702671780586165e+00
2.790000000000000036e+00 3.779576474063396585e+00
2.800000000000000266e+00 3.779436316928863615e+00
2.810000000000000053e+00 3.779311235888004106e+00
2.819999999999999840e+00 3.779191955466270514e+00
2.830000000000000071e+00 3.779186173250675296e+00
2.839999999999999858e+00 3.779148187515735557e+00
2.850000000000000089e+00 3.779106294100284646e+00
2.859999999999999876e+00 3.779096193590164354e+00
2.870000000000000107e+00 3.779095781042575819e+00
2.879999999999999893e+00 3.779075157749653080e+00
2.890000000000000124e+00 3.779071030018329669e+00
2.899999999999999911e+00 3.779068523168563676e+00
2.910000000000000142e+00 3.779067561435699663e+00
2.919999999999999929e+00 3.779064767496585819e+00
2.930000000000000160e+00 3.779061344830989988e+00
2.939999999999999947e+00 3.779061298506259714e+00
2.950000000000000178e+00 3.779061317167282219e+00
2.959999999999999964e+00 3.779061270842552389e+00
2.970000000000000195e+00 3.779061270842552389e+00
2.979999999999999982e+00 3.779061289503574450e+00
2.990000000000000213e+00 3.779061289503574450e+00
3.000000000000000000e+00 3.779061289503574450e+00
