0.000000000000000000e+00 2.156564479103814103e-01 2.505531153631080921e-01
1.000000000000000021e-02 7.956437679656102047e-01 8.965682418213533067e-01
2.000000000000000042e-02 8.271122069950171962e-01 8.801367129545143442e-01
2.999999999999999889e-02 8.325852818615571138e-01 8.781035919766291276e-01
4.000000000000000083e-02 8.331783554496207111e-01 8.784368381951414007e-01
5.000000000000000278e-02 8.331555198966803522e-01 8.785690911794362679e-01
5.999999999999999778e-02 2.678081679441716156e-01 1.934532122328064485e+00
7.000000000000000666e-02 3.917938054818827620e+00 3.993405192609112309e+00
8.000000000000000167e-02 3.917938054818827620e+00 3.993405192609112309e+00
8.999999999999999667e-02 3.917938054818827620e+00 3.993405192609112309e+00
1.000000000000000056e-01 3.917938054818827620e+00 3.993405192609112309e+00
1.100000000000000006e-01 3.917938054818827620e+00 3.993405192609112309e+00
1.199999999999999956e-01 3.917938054818827620e+00 3.993405192609112309e+00
1.300000000000000044e-01 3.917938054818827620e+00 3.993405192609112309e+00
1.400000000000000133e-01 3.917937814350456183e+00 3.993404561395317298e+00
1.499999999999999944e-01 3.917937436483803992e+00 3.993403569475706405e+00
1.600000000000000033e-01 3.917937264731168323e+00 3.993403118598223056e+00
1.700000000000000122e-01 3.917937092981622182e+00 3.993402667717650179e+00
1.799999999999999933e-01 3.917935605243181296e+00 3.993403342973257164e+00
1.900000000000000022e-01 3.917929134404837033e+00 3.993407306320489791e+00
2.000000000000000111e-01 3.917929995061060655e+00 3.993406252516606525e+00
2.099999999999999922e-01 3.917938190708549762e+00 3.993403260984031533e+00
2.200000000000000011e-01 3.917937434022278786e+00 3.993402466175703935e+00
2.300000000000000100e-01 3.917937245018986214e+00 3.993402129442187753e+00
2.399999999999999911e-01 3.917937726005835675e+00 3.993392144456582304e+00
2.500000000000000000e-01 3.917933662325408850e+00 3.993387943943474294e+00
2.600000000000000089e-01 3.917952443970210918e+00 3.993392394095889752e+00
2.700000000000000178e-01 3.918005398955330509e+00 3.993409564223303843e+00
2.800000000000000266e-01 3.918004664019913985e+00 3.993406172872214110e+00
2.899999999999999800e-01 3.917996256371117703e+00 3.993406717934035122e+00
2.999999999999999889e-01 3.917978312289862153e+00 3.993401779348703329e+00
3.099999999999999978e-01 3.917980859033171726e+00 3.993404730475838882e+00
3.200000000000000067e-01 3.917979555113844548e+00 3.993405684163041869e+00
3.300000000000000155e-01 3.704722025326848911e+00 4.113958930321573781e+00
3.400000000000000244e-01 3.311433510397253421e+00 4.125452722770394764e+00
3.500000000000000333e-01 2.905539840416528019e+00 3.825162320337675670e+00
3.599999999999999867e-01 2.787280477152989988e+00 3.424616319412066012e+00
3.699999999999999956e-01 2.872531490904793650e+00 3.157547791994109510e+00
3.800000000000000044e-01 2.949092424351796193e+00 3.050936939309015994e+00
3.900000000000000133e-01 2.983861238596009713e+00 3.016487744853925790e+00
4.000000000000000222e-01 2.984392630760678955e+00 3.016076345546236048e+00
4.100000000000000311e-01 2.984389502872478950e+00 3.016070162812220623e+00
4.199999999999999845e-01 2.984436068215390314e+00 3.016036938343027884e+00
4.299999999999999933e-01 2.984415201663260131e+00 3.016008853107209564e+00
4.400000000000000022e-01 2.984416015583441606e+00 3.015957395251824380e+00
4.500000000000000111e-01 2.984365887563976028e+00 3.015957470967022491e+00
4.600000000000000200e-01 2.984354648858404957e+00 3.015854480327271325e+00
4.700000000000000289e-01 2.984233683690739269e+00 3.015687001285838775e+00
4.799999999999999822e-01 2.984068288409346348e+00 3.015467285230523320e+00
4.899999999999999911e-01 2.984017401901898126e+00 3.015317959616961474e+00
5.000000000000000000e-01 2.984054134928568747e+00 3.014921194589749387e+00
5.100000000000000089e-01 2.984081736369899485e+00 3.014438479971119467e+00
5.200000000000000178e-01 2.983943623633566133e+00 3.014078081803140741e+00
5.300000000000000266e-01 2.983848080208580278e+00 3.014003649460990530e+00
5.400000000000000355e-01 2.983880173470537578e+00 3.013774077570874788e+00
5.500000000000000444e-01 2.983889492391302412e+00 3.013497183252618505e+00
5.600000000000000533e-01 2.983882912123017039e+00 3.013269144857116277e+00
5.700000000000000622e-01 2.983897968201358442e+00 3.013156000561993064e+00
5.799999999999999600e-01 2.983718858791591266e+00 3.012935872143505556e+00
5.899999999999999689e-01 2.983844741169286774e+00 3.012800243676827971e+00
5.999999999999999778e-01 2.983335670473819867e+00 3.012979786021465323e+00
6.099999999999999867e-01 2.983235159746362886e+00 3.013023638581083130e+00
6.199999999999999956e-01 2.982833048907790552e+00 3.013158666323151547e+00
6.300000000000000044e-01 2.981838380987392512e+00 3.013684456293834302e+00
6.400000000000000133e-01 2.981983618487550114e+00 3.013556880174445229e+00
6.500000000000000222e-01 2.982367896063703228e+00 3.013278567864519530e+00
6.600000000000000311e-01 2.983263298984879075e+00 3.012628349350577661e+00
6.700000000000000400e-01 2.983448840625162912e+00 3.012487222678784438e+00
6.800000000000000488e-01 2.983466334487702376e+00 3.012474132498000223e+00
6.900000000000000577e-01 2.983572915470070974e+00 3.012391808078818123e+00
7.000000000000000666e-01 2.983722650819949695e+00 3.012262386139698211e+00
7.099999999999999645e-01 2.983686446900947864e+00 3.012260598520652088e+00
7.199999999999999734e-01 2.983309909274181049e+00 3.012426346671978283e+00
7.299999999999999822e-01 2.982879480775907588e+00 3.012590650764391143e+00
7.399999999999999911e-01 2.982111744053032698e+00 3.012878911154601713e+00
7.500000000000000000e-01 2.981669953591594702e+00 3.013067823307742810e+00
7.600000000000000089e-01 2.981270511739055884e+00 3.013256267531116528e+00
7.700000000000000178e-01 2.980455413758407168e+00 3.013556165211547899e+00
7.800000000000000266e-01 2.979677241977141566e+00 3.013858632432534268e+00
7.900000000000000355e-01 2.978596281755220510e+00 3.014371901137578469e+00
8.000000000000000444e-01 2.976531002101756584e+00 3.015239132666729382e+00
8.100000000000000533e-01 2.975006451552945297e+00 3.015822341324251976e+00
8.200000000000000622e-01 2.974017943325460323e+00 3.016182918109476141e+00
8.300000000000000711e-01 2.973072647732009077e+00 3.016426088477860201e+00
8.399999999999999689e-01 2.972611995818269737e+00 3.016567360384809771e+00
8.499999999999999778e-01 2.972050713287317070e+00 3.016788332447088106e+00
8.599999999999999867e-01 2.971035208954011964e+00 3.017092143579328756e+00
8.699999999999999956e-01 2.970693089019927680e+00 3.017194850046959420e+00
8.800000000000000044e-01 2.970448907901580338e+00 3.017246777017776882e+00
8.900000000000000133e-01 2.970070720371969841e+00 3.017350536289445273e+00
9.000000000000000222e-01 2.969461555580098722e+00 3.017545961113970332e+00
9.100000000000000311e-01 2.969193485349100659e+00 3.017640377623159065e+00
9.200000000000000400e-01 2.968724747980387768e+00 3.017825838038174169e+00
9.300000000000000488e-01 2.967950762733012837e+00 3.018266951080768479e+00
9.400000000000000577e-01 2.967167205708311162e+00 3.018667061288072606e+00
9.500000000000000666e-01 2.962729420983827300e+00 3.021040385725461963e+00
9.599999999999999645e-01 2.960475009473645169e+00 3.022171018716014235e+00
9.699999999999999734e-01 2.959260261836442751e+00 3.022766693405714022e+00
9.799999999999999822e-01 2.957880448794695916e+00 3.023325469822552236e+00
9.899999999999999911e-01 2.955854920753707926e+00 3.024184206567535060e+00
1.000000000000000000e+00 2.954018677835844819e+00 3.025000270280457926e+00
1.010000000000000009e+00 2.953720063877225854e+00 3.025325874929308156e+00
1.020000000000000018e+00 2.944787427236976729e+00 3.037802067134437234e+00
1.030000000000000027e+00 2.940117651211257677e+00 3.044619694665435805e+00
1.040000000000000036e+00 2.933825002368631196e+00 3.054312714415845953e+00
1.050000000000000044e+00 2.927614131850298396e+00 3.064612598062459892e+00
1.060000000000000053e+00 2.914835182973854799e+00 3.088810611322410082e+00
1.070000000000000062e+00 2.897371335995560848e+00 3.130934072601431417e+00
1.080000000000000071e+00 2.882449700710509433e+00 3.180937499101426091e+00
1.090000000000000080e+00 2.875347436941776635e+00 3.224923756495799765e+00
1.100000000000000089e+00 2.873336336007450864e+00 3.275894084624911162e+00
1.110000000000000098e+00 2.862114113999494336e+00 3.330092896412721437e+00
1.120000000000000107e+00 2.881653946744670236e+00 3.434207987488041347e+00
1.130000000000000115e+00 2.938823526552694076e+00 3.536411869479639591e+00
1.140000000000000124e+00 2.993072529641291446e+00 3.610011803144314690e+00
1.150000000000000133e+00 3.062094536276547707e+00 3.673761619605333983e+00
1.159999999999999920e+00 3.130001039104035598e+00 3.718639725089499137e+00
1.169999999999999929e+00 3.204220149583890009e+00 3.752417260622904482e+00
1.179999999999999938e+00 3.289264779550379991e+00 3.774292208078557032e+00
1.189999999999999947e+00 3.386859358495852845e+00 3.779883881560184733e+00
1.199999999999999956e+00 3.478755557362736894e+00 3.764402399924097864e+00
1.209999999999999964e+00 3.548804452754584116e+00 3.738246236837777570e+00
1.219999999999999973e+00 3.571263501401487517e+00 3.726486859135087926e+00
1.229999999999999982e+00 3.581846214341989132e+00 3.720426258425840516e+00
1.239999999999999991e+00 3.584873551956958337e+00 3.718651852806263314e+00
1.250000000000000000e+00 3.584873551956958337e+00 3.718651852806263314e+00
1.260000000000000009e+00 3.584873551956958337e+00 3.718651852806263314e+00
1.270000000000000018e+00 3.584865584031449171e+00 3.718645791424406877e+00
1.280000000000000027e+00 3.584865584031449171e+00 3.718645791424406877e+00
1.290000000000000036e+00 3.584865584031449171e+00 3.718645791424406877e+00
1.300000000000000044e+00 3.584865584031449171e+00 3.718645791424406877e+00
1.310000000000000053e+00 3.584865584031449171e+00 3.718645791424406877e+00
1.320000000000000062e+00 3.584865584031449171e+00 3.718645791424406877e+00
1.330000000000000071e+00 3.584862015159436588e+00 3.718641128031901388e+00
1.340000000000000080e+00 3.584846237629252919e+00 3.718629217111271146e+00
1.350000000000000089e+00 3.584846237629252919e+00 3.718629217111271146e+00
1.360000000000000098e+00 3.584845480147304642e+00 3.718628850864467594e+00
1.370000000000000107e+00 3.584839024290323195e+00 3.718622829294919718e+00
1.380000000000000115e+00 3.584834827934675339e+00 3.718619744556970197e+00
1.390000000000000124e+00 3.584835192400399606e+00 3.718618764651830944e+00
1.400000000000000133e+00 3.584835192400399606e+00 3.718618764651830944e+00
1.409999999999999920e+00 3.584835699723555091e+00 3.718618899475739870e+00
1.419999999999999929e+00 3.584835699723555091e+00 3.718618899475739870e+00
1.429999999999999938e+00 3.584841232389023524e+00 3.718620417763182751e+00
1.439999999999999947e+00 3.584845341013715991e+00 3.718622364135934166e+00
1.449999999999999956e+00 3.584865843383675088e+00 3.718563822363014193e+00
1.459999999999999964e+00 3.584841196125595264e+00 3.718552699366958425e+00
1.469999999999999973e+00 3.584104351543636380e+00 3.718112674122600492e+00
1.479999999999999982e+00 3.582284015543668598e+00 3.716710679514199978e+00
1.489999999999999991e+00 3.581708783474764068e+00 3.716336346015134851e+00
1.500000000000000000e+00 3.580293888305048799e+00 3.715281858240742974e+00
1.510000000000000009e+00 3.579573312914931194e+00 3.714536100422776599e+00
1.520000000000000018e+00 3.578145840111353948e+00 3.713559375404736684e+00
1.530000000000000027e+00 3.577836426897371247e+00 3.713145133118307406e+00
1.540000000000000036e+00 3.576762591514922818e+00 3.711718512220047117e+00
1.550000000000000044e+00 3.575022571309617092e+00 3.711105598422476781e+00
1.560000000000000053e+00 3.572939027937191092e+00 3.710474297591907167e+00
1.570000000000000062e+00 3.569774735041274738e+00 3.708615440263137941e+00
1.580000000000000071e+00 3.567321462691215306e+00 3.705955572101685025e+00
1.590000000000000080e+00 3.566401172870377945e+00 3.704925415779371622e+00
1.600000000000000089e+00 3.566318691045711198e+00 3.704745477240612317e+00
1.610000000000000098e+00 3.566713373460326686e+00 3.705089003353561949e+00
1.620000000000000107e+00 3.566763086407261252e+00 3.705131203296108122e+00
1.630000000000000115e+00 3.566569517941450940e+00 3.704982343130136080e+00
1.640000000000000124e+00 3.565925629684274956e+00 3.704374142320805863e+00
1.650000000000000133e+00 3.566334672271349149e+00 3.704774325645826316e+00
1.660000000000000142e+00 3.566513321439501283e+00 3.704917031691793206e+00
1.669999999999999929e+00 3.566624541790134995e+00 3.704950761545055204e+00
1.679999999999999938e+00 3.566408132644752538e+00 3.704750417040725718e+00
1.689999999999999947e+00 3.566069194364285710e+00 3.704005667991900008e+00
1.699999999999999956e+00 3.565753278745951160e+00 3.703334760809598780e+00
1.709999999999999964e+00 3.565325881644036521e+00 3.703037122906897238e+00
1.719999999999999973e+00 3.564696744558256913e+00 3.702701942937928425e+00
1.729999999999999982e+00 3.564508854362934631e+00 3.702467889301807258e+00
1.739999999999999991e+00 3.563951622308333622e+00 3.702375443474213323e+00
1.750000000000000000e+00 3.563161544831630501e+00 3.702558485876682681e+00
1.760000000000000009e+00 3.561926214173092742e+00 3.703209075090632130e+00
1.770000000000000018e+00 3.560975168516153477e+00 3.704184799368863690e+00
1.780000000000000027e+00 3.559647628033092648e+00 3.704990875008174367e+00
1.790000000000000036e+00 3.559294203998847106e+00 3.705778553478913384e+00
1.800000000000000044e+00 3.560188516057178010e+00 3.706277171284512395e+00
1.810000000000000053e+00 3.559798458709111380e+00 3.707382541051516434e+00
1.820000000000000062e+00 3.559928394361999260e+00 3.708499472459290125e+00
1.830000000000000071e+00 3.560527231047843078e+00 3.709569065734650284e+00
1.840000000000000080e+00 3.560302654149721135e+00 3.711475264212896086e+00
1.850000000000000089e+00 3.560045257185826539e+00 3.712780166569819240e+00
1.860000000000000098e+00 3.559419301275990932e+00 3.714963096137262610e+00
1.870000000000000107e+00 3.559708029985421351e+00 3.716916592841154721e+00
1.880000000000000115e+00 3.561115120856587879e+00 3.718203107316668365e+00
1.890000000000000124e+00 3.563546751115143962e+00 3.720199438798605485e+00
1.900000000000000133e+00 3.566635579316987936e+00 3.723991314913854822e+00
1.910000000000000142e+00 3.571593095536548912e+00 3.727299851736705083e+00
1.919999999999999929e+00 3.574406483797610612e+00 3.730148018494069184e+00
1.929999999999999938e+00 3.576457829073236283e+00 3.732641406041815380e+00
1.939999999999999947e+00 3.577745494410706772e+00 3.735290173604773667e+00
1.949999999999999956e+00 3.576737003224539801e+00 3.736085577070069608e+00
1.959999999999999964e+00 3.577101347628186989e+00 3.738056050514627859e+00
1.969999999999999973e+00 3.577286283204517581e+00 3.739708978245296578e+00
1.979999999999999982e+00 3.577805835300617687e+00 3.741867939213580740e+00
1.989999999999999991e+00 3.578565426125272619e+00 3.743338026399866347e+00
2.000000000000000000e+00 3.578376066418468060e+00 3.744101708873928569e+00
2.010000000000000231e+00 3.577171581868903605e+00 3.745025695181114944e+00
2.020000000000000018e+00 3.575937507904830781e+00 3.744730348163780143e+00
2.030000000000000249e+00 3.574214691602632943e+00 3.745211729052617233e+00
2.040000000000000036e+00 3.572395922604333141e+00 3.745129642667044845e+00
2.049999999999999822e+00 3.570239864535493357e+00 3.746000721125441135e+00
2.060000000000000053e+00 3.567228623097573159e+00 3.748233621222342382e+00
2.069999999999999840e+00 3.565060290810662558e+00 3.749255926187437638e+00
2.080000000000000071e+00 3.563320998432727649e+00 3.750850330817607770e+00
2.089999999999999858e+00 3.560685657416241767e+00 3.753400440134150529e+00
2.100000000000000089e+00 3.556007103438094230e+00 3.756111327495858188e+00
2.109999999999999876e+00 3.480111313169708787e+00 3.814388248306999074e+00
2.120000000000000107e+00 3.478099446020000762e+00 3.815026765523082730e+00
2.129999999999999893e+00 3.476243832857764282e+00 3.815843696544014563e+00
2.140000000000000124e+00 3.474983174561462995e+00 3.816022497025527649e+00
2.149999999999999911e+00 3.285896539536051986e+00 3.928234223706192463e+00
2.160000000000000142e+00 2.625843165395705725e+00 4.029663532559426109e+00
2.169999999999999929e+00 1.420979657478509850e+00 3.100720888578714529e+00
2.180000000000000160e+00 1.495830617019848763e+00 2.055783763497156968e+00
2.189999999999999947e+00 1.391397091649326123e+00 2.293574842120853940e+00
2.200000000000000178e+00 1.605002868425545071e+00 3.564562592339816316e+00
2.209999999999999964e+00 2.922946056412261129e+00 4.170597618919808625e+00
2.220000000000000195e+00 3.416636435533492833e+00 4.040311260661155757e+00
2.229999999999999982e+00 3.646506545940566557e+00 3.906003418082069967e+00
2.240000000000000213e+00 3.682470419305500453e+00 3.878382494517627510e+00
2.250000000000000000e+00 3.747593857055187883e+00 3.823017482156275904e+00
2.260000000000000231e+00 3.747667275380390350e+00 3.822769745288592702e+00
2.270000000000000018e+00 3.747697135241431443e+00 3.822616914469796345e+00
2.280000000000000249e+00 3.747716819183256387e+00 3.822535288665864339e+00
2.290000000000000036e+00 3.747755028287846013e+00 3.822482191799205342e+00
2.300000000000000266e+00 3.747738430261527753e+00 3.822523702664459400e+00
2.310000000000000053e+00 3.747798786000191118e+00 3.822249860230506169e+00
2.319999999999999840e+00 3.747891725225938053e+00 3.821966878375517851e+00
2.330000000000000071e+00 3.747988471545203204e+00 3.821787766958252952e+00
2.339999999999999858e+00 3.748049511477355988e+00 3.821628208716507213e+00
2.350000000000000089e+00 3.748038338470625508e+00 3.821653328070473865e+00
2.359999999999999876e+00 3.748071882005671984e+00 3.821526467689533302e+00
2.370000000000000107e+00 3.748099519641597599e+00 3.821320089084903504e+00
2.379999999999999893e+00 3.748104602123553342e+00 3.821189992030804561e+00
2.390000000000000124e+00 3.748103489580987269e+00 3.821211236027838520e+00
2.399999999999999911e+00 3.748137007743677085e+00 3.821142864568868536e+00
2.410000000000000142e+00 3.748190864016072599e+00 3.821023764556391367e+00
2.419999999999999929e+00 3.748241009447669470e+00 3.820854681475067238e+00
2.430000000000000160e+00 3.748298665191801771e+00 3.820676170347061973e+00
2.439999999999999947e+00 3.748460316019336158e+00 3.820322069191654624e+00
2.450000000000000178e+00 3.748541403169360908e+00 3.820191904549869566e+00
2.459999999999999964e+00 3.748731143811850242e+00 3.819893587628694132e+00
2.470000000000000195e+00 3.749060448987165728e+00 3.819508573153337139e+00
2.479999999999999982e+00 3.749386946995025838e+00 3.819266833775276204e+00
2.490000000000000213e+00 3.749597437586550175e+00 3.819075578923459613e+00
2.500000000000000000e+00 3.749671272826073043e+00 3.818960959715965053e+00
2.510000000000000231e+00 3.749930382016061436e+00 3.818489330079199107e+00
2.520000000000000018e+00 3.750190535614325249e+00 3.817943006332085609e+00
2.530000000000000249e+00 3.750585338506391864e+00 3.817273948359796165e+00
2.540000000000000036e+00 3.751081264586627384e+00 3.816634292740642920e+00
2.550000000000000266e+00 3.751373303445557195e+00 3.816249276953956215e+00
2.560000000000000053e+00 3.751669647489201509e+00 3.815855234450686417e+00
2.569999999999999840e+00 3.752033573307172798e+00 3.815643732400758825e+00
2.580000000000000071e+00 3.752312369059100483e+00 3.815465430351719256e+00
2.589999999999999858e+00 3.752773651990749748e+00 3.814988321323535381e+00
2.600000000000000089e+00 3.753219207457787476e+00 3.814617908402198054e+00
2.609999999999999876e+00 3.753658069533693187e+00 3.814057299380911203e+00
2.620000000000000107e+00 3.754051316181651110e+00 3.813221554440030303e+00
2.629999999999999893e+00 3.754271466274494706e+00 3.812690553331141707e+00
2.640000000000000124e+00 3.754664991315916911e+00 3.811955119472428155e+00
2.649999999999999911e+00 3.755095960379475795e+00 3.811027067450648342e+00
2.660000000000000142e+00 3.755672504954929547e+00 3.809778750705127504e+00
2.669999999999999929e+00 3.756155820531896339e+00 3.808701107411333275e+00
2.680000000000000160e+00 3.756886813336072439e+00 3.807255491604151221e+00
2.689999999999999947e+00 3.758086880004003483e+00 3.804934208619997094e+00
2.700000000000000178e+00 3.758865977006710768e+00 3.803487925142489789e+00
2.709999999999999964e+00 3.759406553007197171e+00 3.802455367139744968e+00
2.720000000000000195e+00 3.760075427768562850e+00 3.801213185841704867e+00
2.729999999999999982e+00 3.760678965744009616e+00 3.800019004174241211e+00
2.740000000000000213e+00 3.761067414139008580e+00 3.799242640272879168e+00
2.750000000000000000e+00 3.761211806745134112e+00 3.798884316964544539e+00
2.760000000000000231e+00 3.761411649253868283e+00 3.798357219588256228e+00
2.770000000000000018e+00 3.761466204564748228e+00 3.798232465998949703e+00
2.780000000000000249e+00 3.761752054175551141e+00 3.797653289385621189e+00
2.790000000000000036e+00 3.761998074527052260e+00 3.797154873599740910e+00
2.800000000000000266e+00 3.762313910510658665e+00 3.796558723347068565e+00
2.810000000000000053e+00 3.762602235973852238e+00 3.796020235802155973e+00
2.819999999999999840e+00 3.762872182886823236e+00 3.795511728045717792e+00
2.830000000000000071e+00 3.762884739327365224e+00 3.795487607173985367e+00
2.839999999999999858e+00 3.762968590122858004e+00 3.795327784908613111e+00
2.850000000000000089e+00 3.763044688959329420e+00 3.795167899241239873e+00
2.859999999999999876e+00 3.763061439748983883e+00 3.795130947431344826e+00
2.870000000000000107e+00 3.763068366850159219e+00 3.795123195234992419e+00
2.879999999999999893e+00 3.763079869310840930e+00 3.795070446188465230e+00
2.890000000000000124e+00 3.763072554933472702e+00 3.795069505103186636e+00
2.899999999999999911e+00 3.763068088972761682e+00 3.795068957364365669e+00
2.910000000000000142e+00 3.763066158926715143e+00 3.795068963944684182e+00
2.919999999999999929e+00 3.763060911985251167e+00 3.795068623007920472e+00
2.930000000000000160e+00 3.763054857532568853e+00 3.795067832129411123e+00
2.939999999999999947e+00 3.763054911463851404e+00 3.795067685548668024e+00
2.950000000000000178e+00 3.763054894886391111e+00 3.795067739448173327e+00
2.959999999999999964e+00 3.763054948818160828e+00 3.795067592866943951e+00
2.970000000000000195e+00 3.763054948818160828e+00 3.795067592866943951e+00
2.979999999999999982e+00 3.763054932240525119e+00 3.795067646766623781e+00
2.990000000000000213e+00 3.763054932240525119e+00 3.795067646766623781e+00
3.000000000000000000e+00 3.763054932240525119e+00 3.795067646766623781e+00
