0.000000000000000000e+00 7.049041008572624056e-01 9.112260619325592836e-01
1.000000000000000021e-02 7.109133240949564447e-01 9.101422395170278845e-01
2.000000000000000042e-02 6.867712118154144507e-01 1.151056892724695135e+00
2.999999999999999889e-02 1.249089116147442002e+00 1.602622697229699966e+00
4.000000000000000083e-02 1.378332580520106765e+00 1.575258323085116041e+00
5.000000000000000278e-02 1.389511885594393981e+00 1.572060086804364154e+00
5.999999999999999778e-02 1.405910392422581090e+00 1.577163259205913270e+00
7.000000000000000666e-02 1.407621500580237051e+00 1.580395826594903408e+00
8.000000000000000167e-02 1.403533609397540571e+00 1.583625875897278101e+00
8.999999999999999667e-02 1.146272502127166915e+00 2.144091303202632304e+00
1.000000000000000056e-01 2.099982901922225587e+00 3.695548216971397792e+00
1.100000000000000006e-01 3.093763357837347794e+00 3.581564050457329618e+00
1.199999999999999956e-01 3.317261940006642096e+00 3.423238251967997581e+00
1.300000000000000044e-01 3.317866594392449908e+00 3.421874609230367792e+00
1.400000000000000133e-01 3.318556103579538785e+00 3.420475094721776799e+00
1.499999999999999944e-01 3.318619660801505500e+00 3.420410078649902541e+00
1.600000000000000033e-01 3.318700657993754799e+00 3.420312746470967280e+00
1.700000000000000122e-01 3.318753979755127759e+00 3.420307642988478669e+00
1.799999999999999933e-01 3.318888519094155942e+00 3.420223614008260693e+00
1.900000000000000022e-01 3.318957228001556459e+00 3.420194295640983206e+00
2.000000000000000111e-01 3.319044351164250006e+00 3.420180856259913416e+00
2.099999999999999922e-01 3.319178925454995710e+00 3.420061322724440078e+00
2.200000000000000011e-01 3.319433301709563633e+00 3.419979131447403287e+00
2.300000000000000100e-01 3.319566223635209479e+00 3.419760013080107353e+00
2.399999999999999911e-01 3.319882724412849040e+00 3.419580693651268266e+00
2.500000000000000000e-01 3.320118656832843573e+00 3.419261043947070977e+00
2.600000000000000089e-01 3.320539415987640908e+00 3.419095038954108823e+00
2.700000000000000178e-01 3.320730175614996948e+00 3.418862615112618020e+00
2.800000000000000266e-01 3.321079812561070099e+00 3.418589169672930694e+00
2.899999999999999800e-01 3.321311111329675825e+00 3.418147863193868652e+00
2.999999999999999889e-01 3.321349537521242734e+00 3.417854585246205890e+00
3.099999999999999978e-01 3.321408987422345582e+00 3.417521386532427208e+00
3.200000000000000067e-01 3.321414356419844616e+00 3.417155891087250374e+00
3.300000000000000155e-01 3.321412713922502480e+00 3.416995121479986519e+00
3.400000000000000244e-01 3.321375324453680999e+00 3.416788641901642887e+00
3.500000000000000333e-01 3.321371379347507702e+00 3.416601008877094170e+00
3.599999999999999867e-01 3.321377840112193169e+00 3.416271288682477092e+00
3.699999999999999956e-01 3.321441471022311021e+00 3.415674668351468490e+00
3.800000000000000044e-01 3.321599198759242366e+00 3.415060920678928635e+00
3.900000000000000133e-01 3.321702174285671383e+00 3.414971385227421052e+00
4.000000000000000222e-01 3.321907218667521366e+00 3.414697638772473010e+00
4.100000000000000311e-01 3.322029849542027513e+00 3.414823407804125743e+00
4.199999999999999845e-01 3.322084793290242644e+00 3.414869097319498614e+00
4.299999999999999933e-01 3.322102737825805452e+00 3.414950502592628556e+00
4.400000000000000022e-01 3.322083092631761936e+00 3.415014144931371121e+00
4.500000000000000111e-01 3.322086514993904505e+00 3.416056338027717576e+00
4.600000000000000200e-01 3.321417811741668835e+00 3.419453377585571552e+00
4.700000000000000289e-01 3.321230963441947903e+00 3.421495594432732101e+00
4.799999999999999822e-01 3.320882321963193995e+00 3.422815637869951466e+00
4.899999999999999911e-01 3.320485718237178752e+00 3.423598968452197688e+00
5.000000000000000000e-01 3.319474437993727545e+00 3.423600537468232563e+00
5.100000000000000089e-01 3.318424169699928150e+00 3.423612694585540517e+00
5.200000000000000178e-01 3.314995145123684761e+00 3.424082971994196978e+00
5.300000000000000266e-01 3.311434016515728107e+00 3.424487432697299827e+00
5.400000000000000355e-01 3.306440962953055784e+00 3.426014560704742973e+00
5.500000000000000444e-01 3.300216261661031325e+00 3.427647957575342907e+00
5.600000000000000533e-01 3.290834445257481811e+00 3.433480864882174188e+00
5.700000000000000622e-01 3.282817969943919501e+00 3.439150644424518788e+00
5.799999999999999600e-01 3.274684995847052971e+00 3.440099527449303363e+00
5.899999999999999689e-01 3.265669549720757292e+00 3.436329269787794960e+00
5.999999999999999778e-01 3.259591103196171513e+00 3.433216196236582807e+00
6.099999999999999867e-01 3.253597931627202566e+00 3.421852103305887294e+00
6.199999999999999956e-01 3.246784235192987200e+00 3.411661002949025967e+00
6.300000000000000044e-01 3.240951261040751596e+00 3.400518596027310103e+00
6.400000000000000133e-01 3.234004892175977641e+00 3.393065216380769744e+00
6.500000000000000222e-01 3.226727848764247231e+00 3.386896083916836719e+00
6.600000000000000311e-01 3.218094837997571123e+00 3.380960751697406064e+00
6.700000000000000400e-01 3.209568865905841673e+00 3.374007773617664352e+00
6.800000000000000488e-01 3.201119346964838464e+00 3.367555042035100143e+00
6.900000000000000577e-01 3.190571522714721997e+00 3.359853705380332567e+00
7.000000000000000666e-01 3.182459898208293225e+00 3.352515870066967274e+00
7.099999999999999645e-01 3.175201817834723439e+00 3.344545964147698225e+00
7.199999999999999734e-01 3.167994573194960140e+00 3.338078017785569784e+00
7.299999999999999822e-01 3.163074714927170739e+00 3.327537076349760703e+00
7.399999999999999911e-01 3.157637377295420933e+00 3.318405618686749214e+00
7.500000000000000000e-01 3.152751316897454359e+00 3.310122458446440596e+00
7.600000000000000089e-01 3.146503018399776419e+00 3.301283546474872654e+00
7.700000000000000178e-01 3.133300189003469516e+00 3.298154757204530885e+00
7.800000000000000266e-01 3.110301371161585227e+00 3.297637124350423665e+00
7.900000000000000355e-01 3.134394004859088589e+00 3.269604327436328894e+00
8.000000000000000444e-01 3.137444037778600592e+00 3.258451836988702777e+00
8.100000000000000533e-01 3.136760006199860840e+00 3.250630924781774844e+00
8.200000000000000622e-01 3.136115419376580338e+00 3.244937462684424734e+00
8.300000000000000711e-01 3.135587841524209995e+00 3.239731921440038409e+00
8.399999999999999689e-01 3.134584693196581728e+00 3.235145361749364401e+00
8.499999999999999778e-01 3.134148532712688340e+00 3.230779770667324247e+00
8.599999999999999867e-01 3.133034017996423781e+00 3.227325430937177497e+00
8.699999999999999956e-01 3.132002062242195795e+00 3.224187436158492570e+00
8.800000000000000044e-01 3.132195201616226221e+00 3.220373886346878045e+00
8.900000000000000133e-01 3.133388275966439540e+00 3.215005252390112478e+00
9.000000000000000222e-01 3.135100168380099195e+00 3.208844635101002485e+00
9.100000000000000311e-01 3.136763961258100863e+00 3.202320305428338898e+00
9.200000000000000400e-01 3.137120018111966058e+00 3.199183129604556530e+00
9.300000000000000488e-01 3.137327506017675738e+00 3.197290822939882204e+00
9.400000000000000577e-01 3.137503815638972959e+00 3.195266645705745923e+00
9.500000000000000666e-01 3.137617833741443985e+00 3.193471216117603095e+00
9.599999999999999645e-01 3.137688455750044181e+00 3.191829057453576812e+00
9.699999999999999734e-01 3.137796181568632825e+00 3.190598338623513719e+00
9.799999999999999822e-01 3.137920677039978568e+00 3.189506381938101764e+00
9.899999999999999911e-01 3.138031862731644139e+00 3.188813937205604354e+00
1.000000000000000000e+00 3.138052527353818899e+00 3.188479684259835967e+00
1.010000000000000009e+00 3.138070995998953006e+00 3.188089273785974509e+00
1.020000000000000018e+00 3.138065742510701028e+00 3.187759041071986488e+00
1.030000000000000027e+00 3.138057763422029467e+00 3.187619696976644157e+00
1.040000000000000036e+00 3.138039061750686809e+00 3.187417919607840933e+00
1.050000000000000044e+00 3.138024634508394417e+00 3.187143598509526665e+00
1.060000000000000053e+00 3.138019031365524736e+00 3.187058689333785555e+00
1.070000000000000062e+00 3.138011467768176743e+00 3.186992379535213971e+00
1.080000000000000071e+00 3.138012978498140981e+00 3.186961352165540440e+00
1.090000000000000080e+00 3.138010432086412838e+00 3.186945027474935355e+00
1.100000000000000089e+00 3.138005116620361967e+00 3.186922495050132476e+00
1.110000000000000098e+00 3.137997060888188638e+00 3.186890390236003068e+00
1.120000000000000107e+00 3.137982182772101947e+00 3.186834380791244481e+00
1.130000000000000115e+00 3.137982879106789635e+00 3.186833084647864300e+00
1.140000000000000124e+00 3.137937405432392080e+00 3.186767860819171627e+00
1.150000000000000133e+00 3.137937971496668421e+00 3.186766844820889677e+00
1.159999999999999920e+00 3.137932298790344632e+00 3.186755648463836188e+00
1.169999999999999929e+00 3.137928797982147078e+00 3.186749096047469809e+00
1.179999999999999938e+00 3.137882194423017079e+00 3.186693447700205351e+00
1.189999999999999947e+00 3.137868088250851173e+00 3.186669870442653263e+00
1.199999999999999956e+00 3.137865185312670668e+00 3.186664839144307315e+00
1.209999999999999964e+00 3.137855953036445378e+00 3.186655842565399688e+00
1.219999999999999973e+00 3.137827525466275969e+00 3.186649064857172586e+00
1.229999999999999982e+00 3.137804085559682932e+00 3.186638253131074627e+00
1.239999999999999991e+00 3.137790320321479864e+00 3.186626657708724775e+00
1.250000000000000000e+00 3.137780796133350147e+00 3.186625697792698109e+00
1.260000000000000009e+00 3.137795014472333222e+00 3.186634931273134796e+00
1.270000000000000018e+00 3.137754509413158921e+00 3.186618589222514508e+00
1.280000000000000027e+00 3.137756771161389402e+00 3.186626801588702484e+00
1.290000000000000036e+00 3.137720077392287976e+00 3.186624599850945039e+00
1.300000000000000044e+00 3.137661706912527659e+00 3.186647109053124982e+00
1.310000000000000053e+00 3.137645663819816910e+00 3.186661428966018228e+00
1.320000000000000062e+00 3.137618161847764320e+00 3.186678847963636763e+00
1.330000000000000071e+00 3.137617342548158827e+00 3.186707310080739486e+00
1.340000000000000080e+00 3.137616568130675798e+00 3.186735888315018084e+00
1.350000000000000089e+00 3.137547599496009365e+00 3.186748297186729584e+00
1.360000000000000098e+00 3.137538041948222833e+00 3.186794437671757407e+00
1.370000000000000107e+00 3.137538240612631313e+00 3.186998325225228967e+00
1.380000000000000115e+00 3.137540067543284739e+00 3.187071045852406304e+00
1.390000000000000124e+00 3.137524495671570435e+00 3.187182597700774167e+00
1.400000000000000133e+00 3.137505062885583840e+00 3.187195258292851996e+00
1.409999999999999920e+00 3.137485560280494301e+00 3.187214620421715328e+00
1.419999999999999929e+00 3.137467466943396399e+00 3.187181768109665914e+00
1.429999999999999938e+00 3.137457900957803414e+00 3.187328319759626272e+00
1.439999999999999947e+00 3.137233449868773505e+00 3.187759489508057875e+00
1.449999999999999956e+00 3.136707952157289814e+00 3.188635531419484526e+00
1.459999999999999964e+00 3.135551207643504146e+00 3.190387272099500127e+00
1.469999999999999973e+00 3.135862192491100764e+00 3.190134906016780292e+00
1.479999999999999982e+00 3.135547887368143272e+00 3.190763167491017960e+00
1.489999999999999991e+00 3.135674170664009441e+00 3.190704157101455163e+00
1.500000000000000000e+00 3.135540975446895473e+00 3.191023381919666058e+00
1.510000000000000009e+00 3.135310806678987650e+00 3.191268439498685883e+00
1.520000000000000018e+00 3.135116026093876407e+00 3.191583048799121691e+00
1.530000000000000027e+00 3.134493887762848541e+00 3.192571981606658671e+00
1.540000000000000036e+00 3.134276597142226617e+00 3.193109871730797078e+00
1.550000000000000044e+00 3.134281353864974751e+00 3.193172268895798194e+00
1.560000000000000053e+00 3.134026237599644382e+00 3.193526228969302494e+00
1.570000000000000062e+00 3.133794385403901650e+00 3.193862375188558644e+00
1.580000000000000071e+00 3.133274920070686420e+00 3.194356156966171589e+00
1.590000000000000080e+00 3.132578041037990424e+00 3.195374309068248486e+00
1.600000000000000089e+00 3.132255273029652898e+00 3.195696899273547054e+00
1.610000000000000098e+00 3.131176820145929796e+00 3.196863833664571608e+00
1.620000000000000107e+00 3.128959413366247055e+00 3.199621282458376292e+00
1.630000000000000115e+00 3.127046179518001345e+00 3.201583549876911405e+00
1.640000000000000124e+00 3.122897078737336241e+00 3.204872506662291176e+00
1.650000000000000133e+00 3.120253454967143014e+00 3.208414696244595632e+00
1.660000000000000142e+00 3.116562880250203893e+00 3.212901506608736302e+00
1.669999999999999929e+00 3.112488072106831538e+00 3.220861841442591356e+00
1.679999999999999938e+00 3.107498066220017119e+00 3.234385423126486803e+00
1.689999999999999947e+00 3.101238825289093448e+00 3.255220697425521337e+00
1.699999999999999956e+00 3.098256371946702448e+00 3.273045991949667499e+00
1.709999999999999964e+00 3.096740869298047372e+00 3.294165163302355204e+00
1.719999999999999973e+00 3.096151139095361771e+00 3.311828223516409153e+00
1.729999999999999982e+00 3.096648655805209760e+00 3.331293265395542935e+00
1.739999999999999991e+00 3.098584215235983041e+00 3.352032735981668399e+00
1.750000000000000000e+00 3.103479520254958324e+00 3.378507244366776519e+00
1.760000000000000009e+00 3.111334669311110801e+00 3.404675875046189404e+00
1.770000000000000018e+00 3.123340448529054125e+00 3.434263483031462005e+00
1.780000000000000027e+00 3.138280940102666783e+00 3.460620697990328232e+00
1.790000000000000036e+00 3.156610346314497217e+00 3.486604117281846715e+00
1.800000000000000044e+00 3.176036589014047173e+00 3.508242974904066891e+00
1.810000000000000053e+00 3.195084544281429739e+00 3.526166986475520293e+00
1.820000000000000062e+00 3.214503809403701062e+00 3.539513258186058664e+00
1.830000000000000071e+00 3.240806968646787745e+00 3.552882261962152732e+00
1.840000000000000080e+00 3.265049702196816561e+00 3.562454570755263283e+00
1.850000000000000089e+00 3.293630365519585101e+00 3.570847040638862158e+00
1.860000000000000098e+00 3.314278075585433303e+00 3.576007454752854198e+00
1.870000000000000107e+00 3.336242178996104535e+00 3.580793832213383432e+00
1.880000000000000115e+00 3.357375888178980805e+00 3.585606898094975126e+00
1.890000000000000124e+00 3.375596597704015434e+00 3.588724607959665303e+00
1.900000000000000133e+00 3.390221950733792067e+00 3.591121532294619723e+00
1.910000000000000142e+00 3.400637401192573961e+00 3.590235139257521801e+00
1.919999999999999929e+00 3.410505218635620395e+00 3.586262645834861651e+00
1.929999999999999938e+00 3.418003678097087938e+00 3.581978683300655053e+00
1.939999999999999947e+00 3.423464518716968552e+00 3.578186714274249614e+00
1.949999999999999956e+00 3.429488759827283406e+00 3.576792105493875606e+00
1.959999999999999964e+00 3.435093919463236833e+00 3.576207273979107537e+00
1.969999999999999973e+00 3.440442905486654102e+00 3.575384015494753154e+00
1.979999999999999982e+00 3.444243783505956724e+00 3.576385139180620509e+00
1.989999999999999991e+00 3.448596592721750120e+00 3.578323406462858181e+00
2.000000000000000000e+00 3.450857627461232813e+00 3.582079090110979802e+00
2.010000000000000231e+00 3.451413204431937221e+00 3.583185188645912955e+00
2.020000000000000018e+00 3.451789636819051932e+00 3.583842187793565781e+00
2.030000000000000249e+00 3.452370167474247964e+00 3.584712692523501332e+00
2.040000000000000036e+00 3.452734821711918922e+00 3.584258094686129770e+00
2.049999999999999822e+00 3.452824002037820250e+00 3.584019766167822141e+00
2.060000000000000053e+00 3.453364139937811661e+00 3.582857220202035453e+00
2.069999999999999840e+00 3.453613055921338937e+00 3.582241518372751177e+00
2.080000000000000071e+00 3.453754320247029330e+00 3.581846456949854929e+00
2.089999999999999858e+00 3.453901716399054411e+00 3.581430681929726578e+00
2.100000000000000089e+00 3.454090671843947913e+00 3.580912675943908940e+00
2.109999999999999876e+00 3.454418525456476097e+00 3.579972534337949597e+00
2.120000000000000107e+00 3.454861396235302973e+00 3.578864538098498027e+00
2.129999999999999893e+00 3.455766394561513355e+00 3.576761461640611817e+00
2.140000000000000124e+00 3.456737681795415185e+00 3.574428539179507425e+00
2.149999999999999911e+00 3.457727118660685495e+00 3.572367467907193284e+00
2.160000000000000142e+00 3.459330881605911845e+00 3.569139107770156638e+00
2.169999999999999929e+00 3.460918094645778265e+00 3.566048571485241236e+00
2.180000000000000160e+00 3.463283213442393205e+00 3.561907584573201113e+00
2.189999999999999947e+00 3.466804844526456542e+00 3.556146004658533144e+00
2.200000000000000178e+00 3.470366978186802953e+00 3.550593142524523849e+00
2.209999999999999964e+00 3.472998271178471263e+00 3.546611403451693789e+00
2.220000000000000195e+00 3.475741859393312261e+00 3.542700169729993576e+00
2.229999999999999982e+00 3.478757917306292580e+00 3.538619075291287164e+00
2.240000000000000213e+00 3.481357970257420664e+00 3.535265446729045191e+00
2.250000000000000000e+00 3.484763207265737517e+00 3.530909925592538467e+00
2.260000000000000231e+00 3.487139464139469514e+00 3.528054965668193876e+00
2.270000000000000018e+00 3.490009900763133999e+00 3.524573917558093683e+00
2.280000000000000249e+00 3.492054850561725043e+00 3.522232029559506206e+00
2.290000000000000036e+00 3.492598579871153408e+00 3.521646611521745296e+00
2.300000000000000266e+00 3.492615805176281896e+00 3.521646153022265580e+00
2.310000000000000053e+00 3.492624598236548028e+00 3.521645707468522790e+00
2.319999999999999840e+00 3.492629318194648391e+00 3.521645424356201204e+00
2.330000000000000071e+00 3.492654712066334266e+00 3.521638982119876804e+00
2.339999999999999858e+00 3.492657313335361113e+00 3.521639080864963578e+00
2.350000000000000089e+00 3.492673840183935674e+00 3.521639336848535251e+00
2.359999999999999876e+00 3.492712557016382391e+00 3.521629348315229002e+00
2.370000000000000107e+00 3.492743953818022717e+00 3.521622711616815060e+00
2.379999999999999893e+00 3.492744073841449914e+00 3.521622345717074776e+00
2.390000000000000124e+00 3.492769141135852795e+00 3.521614151143390270e+00
2.399999999999999911e+00 3.492784433438241187e+00 3.521609352405607574e+00
2.410000000000000142e+00 3.492786085694946419e+00 3.521609196683250342e+00
2.419999999999999929e+00 3.492792587763249745e+00 3.521608005384028406e+00
2.430000000000000160e+00 3.492797616385462600e+00 3.521607050477025158e+00
2.439999999999999947e+00 3.492808389662393598e+00 3.521605632387510010e+00
2.450000000000000178e+00 3.492807828775209789e+00 3.521605417422490891e+00
2.459999999999999964e+00 3.492812410819793101e+00 3.521604189083313408e+00
2.470000000000000195e+00 3.492812410819793101e+00 3.521604189083313408e+00
2.479999999999999982e+00 3.492812196250428602e+00 3.521604015869627791e+00
2.490000000000000213e+00 3.492812649407438297e+00 3.521604039640374939e+00
2.500000000000000000e+00 3.492812639846384126e+00 3.521604028344572423e+00
2.510000000000000231e+00 3.492812639846384126e+00 3.521604028344572423e+00
2.520000000000000018e+00 3.492812741868899451e+00 3.521603631274296653e+00
2.530000000000000249e+00 3.492812764182172014e+00 3.521603657126345599e+00
2.540000000000000036e+00 3.492812764182172014e+00 3.521603657126345599e+00
2.550000000000000266e+00 3.492812764182172014e+00 3.521603657126345599e+00
2.560000000000000053e+00 3.492812773905588752e+00 3.521603713769124067e+00
2.569999999999999840e+00 3.492812551498218454e+00 3.521602645878986415e+00
2.580000000000000071e+00 3.492804524642400654e+00 3.521587633212633239e+00
2.589999999999999858e+00 3.492805704302474723e+00 3.521583218021706152e+00
2.600000000000000089e+00 3.492805621287526030e+00 3.521583336437045020e+00
2.609999999999999876e+00 3.492806220981202969e+00 3.521579345515646331e+00
2.620000000000000107e+00 3.492806220981202969e+00 3.521579345515646331e+00
2.629999999999999893e+00 3.492806174275579156e+00 3.521579331267175927e+00
2.640000000000000124e+00 3.492806085204698263e+00 3.521579255619428750e+00
2.649999999999999911e+00 3.492809547489973632e+00 3.521580333892014636e+00
2.660000000000000142e+00 3.492809553611671447e+00 3.521580337063872967e+00
2.669999999999999929e+00 3.492816145078390999e+00 3.521581316912918869e+00
2.680000000000000160e+00 3.492816871304150528e+00 3.521581621113184735e+00
2.689999999999999947e+00 3.492816871304150528e+00 3.521581621113184735e+00
2.700000000000000178e+00 3.492817094700363167e+00 3.521581930310699438e+00
2.709999999999999964e+00 3.492817094700363167e+00 3.521581930310699438e+00
2.720000000000000195e+00 3.492817334557293485e+00 3.521582403678180206e+00
2.729999999999999982e+00 3.492817296378987191e+00 3.521582279245479175e+00
2.740000000000000213e+00 3.492816293437053243e+00 3.521579471509884041e+00
2.750000000000000000e+00 3.492815676818131987e+00 3.521576980948209812e+00
2.760000000000000231e+00 3.492815750967902311e+00 3.521575078623849109e+00
2.770000000000000018e+00 3.492815512244948462e+00 3.521574687611809917e+00
2.780000000000000249e+00 3.492815512244948462e+00 3.521574687611809917e+00
2.790000000000000036e+00 3.492815349793889190e+00 3.521574515285037066e+00
2.800000000000000266e+00 3.492815349793889190e+00 3.521574515285037066e+00
2.810000000000000053e+00 3.492815417031431835e+00 3.521574534431313630e+00
2.819999999999999840e+00 3.492815162477164836e+00 3.521574310164779842e+00
2.830000000000000071e+00 3.492815114735056348e+00 3.521574231959889723e+00
2.839999999999999858e+00 3.492815114735056348e+00 3.521574231959889723e+00
2.850000000000000089e+00 3.492815114735056348e+00 3.521574231959889723e+00
2.859999999999999876e+00 3.492815114735056348e+00 3.521574231959889723e+00
2.870000000000000107e+00 3.492815469682610363e+00 3.521571482770049499e+00
2.879999999999999893e+00 3.492816202796705127e+00 3.521567214728586137e+00
2.890000000000000124e+00 3.492816097178080614e+00 3.521566414785763488e+00
2.899999999999999911e+00 3.492817063223761842e+00 3.521560987818794786e+00
2.910000000000000142e+00 3.492819770923471623e+00 3.521545653447294200e+00
2.919999999999999929e+00 3.492819748641088129e+00 3.521544841946527615e+00
2.930000000000000160e+00 3.492819960109649902e+00 3.521543319786132553e+00
2.939999999999999947e+00 3.492819042876502689e+00 3.521546748992661069e+00
2.950000000000000178e+00 3.492818126691406455e+00 3.521552977620536318e+00
2.959999999999999964e+00 3.492818128369520103e+00 3.521553311874201064e+00
2.970000000000000195e+00 3.492818751986020320e+00 3.521550228698260288e+00
2.979999999999999982e+00 3.492818912875336412e+00 3.521549204752761231e+00
2.990000000000000213e+00 3.492819232874939672e+00 3.521547457817962190e+00
3.000000000000000000e+00 3.492819232874939672e+00 3.521547457817962190e+00
