0.000000000000000000e+00 1.721402344862222655e+00
1.000000000000000021e-02 1.721399692180156649e+00
2.000000000000000042e-02 1.721393696275949514e+00
2.999999999999999889e-02 1.721380397037267640e+00
4.000000000000000083e-02 1.721370576004982000e+00
5.000000000000000278e-02 1.721382165424823807e+00
5.999999999999999778e-02 1.721419995462894370e+00
7.000000000000000666e-02 1.721453859901428185e+00
8.000000000000000167e-02 1.721467526608705612e+00
8.999999999999999667e-02 1.727418162208795627e+00
1.000000000000000056e-01 2.077190230432748752e+00
1.100000000000000006e-01 2.915039113646745506e+00
1.199999999999999956e-01 3.125410098354816313e+00
1.300000000000000044e-01 3.148627918109893731e+00
1.400000000000000133e-01 3.148627918109893731e+00
1.499999999999999944e-01 3.148627918109893731e+00
1.600000000000000033e-01 3.148627918109893731e+00
1.700000000000000122e-01 3.148584055876731735e+00
1.799999999999999933e-01 3.147926619865894171e+00
1.900000000000000022e-01 3.147190706012248818e+00
2.000000000000000111e-01 3.145796451237201641e+00
2.099999999999999922e-01 3.144936394891738818e+00
2.200000000000000011e-01 3.143390927143097091e+00
2.300000000000000100e-01 3.141831393752098300e+00
2.399999999999999911e-01 3.140407141046523964e+00
2.500000000000000000e-01 3.138955545256137736e+00
2.600000000000000089e-01 3.137227430090904434e+00
2.700000000000000178e-01 3.136668653523921879e+00
2.800000000000000266e-01 3.136361260869502843e+00
2.899999999999999800e-01 3.136064728896617915e+00
2.999999999999999889e-01 3.135988920924663415e+00
3.099999999999999978e-01 3.135972207894325070e+00
3.200000000000000067e-01 3.135942751355171421e+00
3.300000000000000155e-01 3.135935601992607236e+00
3.400000000000000244e-01 3.135882208216190126e+00
3.500000000000000333e-01 3.135859561865329770e+00
3.599999999999999867e-01 3.135859561865329770e+00
3.699999999999999956e-01 3.135859561865329770e+00
3.800000000000000044e-01 3.135859561865329770e+00
3.900000000000000133e-01 3.135859561865329770e+00
4.000000000000000222e-01 3.135859561865329770e+00
4.100000000000000311e-01 3.135859561865329770e+00
4.199999999999999845e-01 3.135859561865329770e+00
4.299999999999999933e-01 3.135859561865329770e+00
4.400000000000000022e-01 3.135859561865329770e+00
4.500000000000000111e-01 3.135859561865329770e+00
4.600000000000000200e-01 3.135859561865329770e+00
4.700000000000000289e-01 3.135859561865329770e+00
4.799999999999999822e-01 3.135859561865329770e+00
4.899999999999999911e-01 3.135859561865329770e+00
5.000000000000000000e-01 3.135859561865329770e+00
5.100000000000000089e-01 3.135859561865329770e+00
5.200000000000000178e-01 3.135859561865329770e+00
5.300000000000000266e-01 3.135859424936771500e+00
5.400000000000000355e-01 3.135859322240352576e+00
5.500000000000000444e-01 3.135859658229350977e+00
5.600000000000000533e-01 3.135862833724021748e+00
5.700000000000000622e-01 3.135863272566795423e+00
5.799999999999999600e-01 3.135862896013259959e+00
5.899999999999999689e-01 3.135862934501171040e+00
5.999999999999999778e-01 3.135865640296935819e+00
6.099999999999999867e-01 3.135869655084610130e+00
6.199999999999999956e-01 3.135870989007949916e+00
6.300000000000000044e-01 3.135874807045459622e+00
6.400000000000000133e-01 3.135875710439682162e+00
6.500000000000000222e-01 3.135878432502746449e+00
6.600000000000000311e-01 3.135876972713470323e+00
6.700000000000000400e-01 3.135877004296779624e+00
6.800000000000000488e-01 3.135876478068828632e+00
6.900000000000000577e-01 3.135875331122875309e+00
7.000000000000000666e-01 3.135876784977913001e+00
7.099999999999999645e-01 3.135878665230274365e+00
7.199999999999999734e-01 3.135874519262313864e+00
7.299999999999999822e-01 3.135849789187908243e+00
7.399999999999999911e-01 3.135808817338943566e+00
7.500000000000000000e-01 3.135787168829441196e+00
7.600000000000000089e-01 3.135762360012531502e+00
7.700000000000000178e-01 3.135682348394393859e+00
7.800000000000000266e-01 3.135602058403491821e+00
7.900000000000000355e-01 3.135563899886608219e+00
8.000000000000000444e-01 3.135541087267398996e+00
8.100000000000000533e-01 3.135532499814033702e+00
8.200000000000000622e-01 3.135524175095558252e+00
8.300000000000000711e-01 3.135516241865158094e+00
8.399999999999999689e-01 3.135502688980102537e+00
8.499999999999999778e-01 3.135489231407642574e+00
8.599999999999999867e-01 3.135486818780898854e+00
8.699999999999999956e-01 3.135480634541511602e+00
8.800000000000000044e-01 3.135471983125210027e+00
8.900000000000000133e-01 3.135470588977336881e+00
9.000000000000000222e-01 3.135467427976131649e+00
9.100000000000000311e-01 3.135466021173000328e+00
9.200000000000000400e-01 3.135463929951190831e+00
9.300000000000000488e-01 3.135456033627987082e+00
9.400000000000000577e-01 3.135456092667579853e+00
9.500000000000000666e-01 3.135453519611358431e+00
9.599999999999999645e-01 3.135453991928100592e+00
9.699999999999999734e-01 3.135454050967693362e+00
9.799999999999999822e-01 3.135454302165508356e+00
9.899999999999999911e-01 3.135454479284286666e+00
1.000000000000000000e+00 3.135455115444660379e+00
1.010000000000000009e+00 3.135460506787300261e+00
1.020000000000000018e+00 3.135469139382839110e+00
1.030000000000000027e+00 3.135475317282676588e+00
1.040000000000000036e+00 3.135488502104282205e+00
1.050000000000000044e+00 3.135536729717254723e+00
1.060000000000000053e+00 3.135588885483741706e+00
1.070000000000000062e+00 3.135630930709838893e+00
1.080000000000000071e+00 3.135653240303993172e+00
1.090000000000000080e+00 3.135671610546112209e+00
1.100000000000000089e+00 3.135694934308528747e+00
1.110000000000000098e+00 3.135711371054649366e+00
1.120000000000000107e+00 3.135717548112869402e+00
1.130000000000000115e+00 3.135721111743450251e+00
1.140000000000000124e+00 3.135721096911430195e+00
1.150000000000000133e+00 3.135721245067119689e+00
1.159999999999999920e+00 3.135721371252536915e+00
1.169999999999999929e+00 3.135721942996978928e+00
1.179999999999999938e+00 3.135721917691230765e+00
1.189999999999999947e+00 3.135722367618083872e+00
1.199999999999999956e+00 3.135722563712596944e+00
1.209999999999999964e+00 3.135722558062076448e+00
1.219999999999999973e+00 3.135722586247920773e+00
1.229999999999999982e+00 3.135722618930339767e+00
1.239999999999999991e+00 3.135722616400718810e+00
1.250000000000000000e+00 3.135722616400718810e+00
1.260000000000000009e+00 3.135722651114464021e+00
1.270000000000000018e+00 3.135722620077133094e+00
1.280000000000000027e+00 3.135722604022026072e+00
1.290000000000000036e+00 3.135722756819725010e+00
1.300000000000000044e+00 3.135722917399406562e+00
1.310000000000000053e+00 3.135723006491661025e+00
1.320000000000000062e+00 3.135722980580329722e+00
1.330000000000000071e+00 3.135722980580329722e+00
1.340000000000000080e+00 3.135722921872138969e+00
1.350000000000000089e+00 3.135722921872138969e+00
1.360000000000000098e+00 3.135722878880500719e+00
1.370000000000000107e+00 3.135722876036167062e+00
1.380000000000000115e+00 3.135723782837390949e+00
1.390000000000000124e+00 3.135740796120166873e+00
1.400000000000000133e+00 3.135783702239990145e+00
1.409999999999999920e+00 3.135845784051418228e+00
1.419999999999999929e+00 3.135920106136798946e+00
1.429999999999999938e+00 3.135970767118930969e+00
1.439999999999999947e+00 3.136003296902179827e+00
1.449999999999999956e+00 3.136033437225818510e+00
1.459999999999999964e+00 3.136045409169196940e+00
1.469999999999999973e+00 3.136076843044757645e+00
1.479999999999999982e+00 3.136096500668525522e+00
1.489999999999999991e+00 3.136104237577915121e+00
1.500000000000000000e+00 3.136114418513774815e+00
1.510000000000000009e+00 3.136115248622894480e+00
1.520000000000000018e+00 3.136120297460556205e+00
1.530000000000000027e+00 3.136123598530292433e+00
1.540000000000000036e+00 3.136125345094204153e+00
1.550000000000000044e+00 3.136126877768039556e+00
1.560000000000000053e+00 3.136130536482334197e+00
1.570000000000000062e+00 3.136134541821479882e+00
1.580000000000000071e+00 3.136134737384319138e+00
1.590000000000000080e+00 3.136136916458606816e+00
1.600000000000000089e+00 3.136141564531326420e+00
1.610000000000000098e+00 3.136142487430572334e+00
1.620000000000000107e+00 3.136148384246826293e+00
1.630000000000000115e+00 3.136148729779720146e+00
1.640000000000000124e+00 3.136149376831054880e+00
1.650000000000000133e+00 3.136148866705894545e+00
1.660000000000000142e+00 3.136148866705894545e+00
1.669999999999999929e+00 3.136148866705894545e+00
1.679999999999999938e+00 3.136148274481296738e+00
1.689999999999999947e+00 3.136149374015331226e+00
1.699999999999999956e+00 3.136149374015331226e+00
1.709999999999999964e+00 3.136149391515254958e+00
1.719999999999999973e+00 3.136149391515254958e+00
1.729999999999999982e+00 3.136149391515254958e+00
1.739999999999999991e+00 3.136149391515254958e+00
1.750000000000000000e+00 3.136149391515254958e+00
1.760000000000000009e+00 3.136003806383609760e+00
1.770000000000000018e+00 3.135571524395942777e+00
1.780000000000000027e+00 3.134323423700332789e+00
1.790000000000000036e+00 3.131471092290878389e+00
1.800000000000000044e+00 3.130966839442252958e+00
1.810000000000000053e+00 3.129784744386673090e+00
1.820000000000000062e+00 3.125195452780723748e+00
1.830000000000000071e+00 3.121956763076782160e+00
1.840000000000000080e+00 3.128123059139251705e+00
1.850000000000000089e+00 3.146143586754798882e+00
1.860000000000000098e+00 3.157259210636615965e+00
1.870000000000000107e+00 3.166564395937919496e+00
1.880000000000000115e+00 3.171296549313068258e+00
1.890000000000000124e+00 3.187515155479907936e+00
1.900000000000000133e+00 3.217494082274436895e+00
1.910000000000000142e+00 3.250714570732116560e+00
1.919999999999999929e+00 3.289536163144111569e+00
1.929999999999999938e+00 3.343562633905410753e+00
1.939999999999999947e+00 3.410479774990081925e+00
1.949999999999999956e+00 3.473714442148208459e+00
1.959999999999999964e+00 3.533892567694187026e+00
1.969999999999999973e+00 3.593200803732872206e+00
1.979999999999999982e+00 3.658119179570674895e+00
1.989999999999999991e+00 3.716537983365058917e+00
2.000000000000000000e+00 3.763558625652790202e+00
2.010000000000000231e+00 3.797196456253528751e+00
2.020000000000000018e+00 3.813638527314663129e+00
2.030000000000000249e+00 3.820823305103778988e+00
2.040000000000000036e+00 3.823249288663864043e+00
2.049999999999999822e+00 3.825324190366268251e+00
2.060000000000000053e+00 3.826427611961364939e+00
2.069999999999999840e+00 3.826839912211895012e+00
2.080000000000000071e+00 3.826878520343303780e+00
2.089999999999999858e+00 3.826744004180431258e+00
2.100000000000000089e+00 3.826597103905677866e+00
2.109999999999999876e+00 3.826496326813698001e+00
2.120000000000000107e+00 3.826402059342861151e+00
2.129999999999999893e+00 3.826301282227039469e+00
2.140000000000000124e+00 3.825724822702407657e+00
2.149999999999999911e+00 3.825240599720478141e+00
2.160000000000000142e+00 3.825030956425666595e+00
2.169999999999999929e+00 3.824778341693878314e+00
2.180000000000000160e+00 3.824542044348716807e+00
2.189999999999999947e+00 3.824529579553604286e+00
2.200000000000000178e+00 3.824491637208461636e+00
2.209999999999999964e+00 3.824526698930263535e+00
2.220000000000000195e+00 3.824442824010848785e+00
2.229999999999999982e+00 3.824257249209880971e+00
2.240000000000000213e+00 3.824003849129676613e+00
2.250000000000000000e+00 3.823860890579223515e+00
2.260000000000000231e+00 3.823563930189609383e+00
2.270000000000000018e+00 3.823181158471107288e+00
2.280000000000000249e+00 3.822965175032615459e+00
2.290000000000000036e+00 3.822584355909824261e+00
2.300000000000000266e+00 3.822494333865642524e+00
2.310000000000000053e+00 3.822152942523956209e+00
2.319999999999999840e+00 3.821492276587486359e+00
2.330000000000000071e+00 3.821095842056274616e+00
2.339999999999999858e+00 3.820994987592697179e+00
2.350000000000000089e+00 3.820866446075439349e+00
2.359999999999999876e+00 3.820784737269878217e+00
2.370000000000000107e+00 3.820730888032913164e+00
2.379999999999999893e+00 3.820528541059494021e+00
2.390000000000000124e+00 3.820546228098869346e+00
2.399999999999999911e+00 3.820374179952144456e+00
2.410000000000000142e+00 3.819455174500942185e+00
2.419999999999999929e+00 3.818575614244938077e+00
2.430000000000000160e+00 3.817756012334823534e+00
2.439999999999999947e+00 3.817011031146049671e+00
2.450000000000000178e+00 3.816165151312351345e+00
2.459999999999999964e+00 3.815416030271053138e+00
2.470000000000000195e+00 3.814618508117198825e+00
2.479999999999999982e+00 3.813962596528530202e+00
2.490000000000000213e+00 3.813419540557861254e+00
2.500000000000000000e+00 3.811724456157684404e+00
2.510000000000000231e+00 3.809244840073585436e+00
2.520000000000000018e+00 3.804727636189460860e+00
2.530000000000000249e+00 3.798080044531822352e+00
2.540000000000000036e+00 3.792127903892994034e+00
2.550000000000000266e+00 3.786877175393104533e+00
2.560000000000000053e+00 3.782067249972820289e+00
2.569999999999999840e+00 3.772604124138355441e+00
2.580000000000000071e+00 3.761962517273425899e+00
2.589999999999999858e+00 3.750029724078178361e+00
2.600000000000000089e+00 3.729249202527999962e+00
2.609999999999999876e+00 3.702374439852237575e+00
2.620000000000000107e+00 3.665836923012733450e+00
2.629999999999999893e+00 3.633871435730457122e+00
2.640000000000000124e+00 3.573236892597675407e+00
2.649999999999999911e+00 3.505298224005699126e+00
2.660000000000000142e+00 3.430505426449775630e+00
2.669999999999999929e+00 3.371654603927135341e+00
2.680000000000000160e+00 3.316510229630470263e+00
2.689999999999999947e+00 3.259346680231094417e+00
2.700000000000000178e+00 3.188150348198413919e+00
2.709999999999999964e+00 3.116639724206924367e+00
2.720000000000000195e+00 3.048012852108478388e+00
2.729999999999999982e+00 2.977302199496030699e+00
2.740000000000000213e+00 2.912501098983288017e+00
2.750000000000000000e+00 2.826009954442977978e+00
2.760000000000000231e+00 2.752055697823762692e+00
2.770000000000000018e+00 2.717321184188127514e+00
2.780000000000000249e+00 2.704951206374168304e+00
2.790000000000000036e+00 2.701844218209981996e+00
2.800000000000000266e+00 2.691527155866622945e+00
2.810000000000000053e+00 2.685837169793844126e+00
2.819999999999999840e+00 2.694767909505367154e+00
2.830000000000000071e+00 2.717849130415916470e+00
2.839999999999999858e+00 2.743259455633163313e+00
2.850000000000000089e+00 2.771318094422817069e+00
2.859999999999999876e+00 2.809662869634628191e+00
2.870000000000000107e+00 2.865211271505355928e+00
2.879999999999999893e+00 2.933863273299932573e+00
2.890000000000000124e+00 3.000707202646732519e+00
2.899999999999999911e+00 3.057291165103912522e+00
2.910000000000000142e+00 3.098652968142032726e+00
2.919999999999999929e+00 3.142759190404415204e+00
2.930000000000000160e+00 3.195780499315261647e+00
2.939999999999999947e+00 3.254220613379478433e+00
2.950000000000000178e+00 3.306034847300052704e+00
2.959999999999999964e+00 3.352795637090206338e+00
2.970000000000000195e+00 3.399730331554412732e+00
2.979999999999999982e+00 3.455916304810047190e+00
2.990000000000000213e+00 3.514334013521671185e+00
3.000000000000000000e+00 3.563557549138069103e+00
