0.000000000000000000e+00 7.073134494542501205e-01 7.486360447908022575e-01
1.000000000000000021e-02 7.073194719554340981e-01 7.486345645533645232e-01
2.000000000000000042e-02 5.952204880270589582e-01 1.019398483342207395e+00
2.999999999999999889e-02 1.406424319031354564e+00 1.466136612167242337e+00
4.000000000000000083e-02 1.406424319031354564e+00 1.466136612167242337e+00
5.000000000000000278e-02 1.406424319031354564e+00 1.466136612167242337e+00
5.999999999999999778e-02 1.406424319031354564e+00 1.466136612167242337e+00
7.000000000000000666e-02 1.406424319031354564e+00 1.466136612167242337e+00
8.000000000000000167e-02 1.406424319031354564e+00 1.466136612167242337e+00
8.999999999999999667e-02 1.406424319031354564e+00 1.466136612167242337e+00
1.000000000000000056e-01 1.153874959662851474e+00 2.831681532625261344e+00
1.100000000000000006e-01 3.192630530016501655e+00 3.352726876127640754e+00
1.199999999999999956e-01 3.194359613090839822e+00 3.349015774062785944e+00
1.300000000000000044e-01 3.197195089678371627e+00 3.343441137648021755e+00
1.400000000000000133e-01 3.198386551793087396e+00 3.340884368984233799e+00
1.499999999999999944e-01 3.198593445448904227e+00 3.340435346074075440e+00
1.600000000000000033e-01 3.199494215980140055e+00 3.338752816938789891e+00
1.700000000000000122e-01 3.204163580895651897e+00 3.330375567845116791e+00
1.799999999999999933e-01 3.204166046234668830e+00 3.330368974998890064e+00
1.900000000000000022e-01 3.204180910737784327e+00 3.330372551266877590e+00
2.000000000000000111e-01 3.204175510995484810e+00 3.330366549270056264e+00
2.099999999999999922e-01 3.204588666537648844e+00 3.329600551768892469e+00
2.200000000000000011e-01 3.204844413219026578e+00 3.329122781147428434e+00
2.300000000000000100e-01 3.205450178390847338e+00 3.328018878067626307e+00
2.399999999999999911e-01 3.206217453400503459e+00 3.326616009977449551e+00
2.500000000000000000e-01 3.208166779269608249e+00 3.323241200194922307e+00
2.600000000000000089e-01 3.210531537882180153e+00 3.319281506427436135e+00
2.700000000000000178e-01 3.213045340104315528e+00 3.315052200674798222e+00
2.800000000000000266e-01 3.216530333072067371e+00 3.309440761264442088e+00
2.899999999999999800e-01 3.220714244837083573e+00 3.302723390556059346e+00
2.999999999999999889e-01 3.224658974094133157e+00 3.296415618767996492e+00
3.099999999999999978e-01 3.227637442490264075e+00 3.291848439005212068e+00
3.200000000000000067e-01 3.231897165605257527e+00 3.285923233950902578e+00
3.300000000000000155e-01 3.234140885415517364e+00 3.282406911325014942e+00
3.400000000000000244e-01 3.237231035358427711e+00 3.278135918210030475e+00
3.500000000000000333e-01 3.237873842907325717e+00 3.277175740909202162e+00
3.599999999999999867e-01 3.238614712371755910e+00 3.276068931851457311e+00
3.699999999999999956e-01 3.239509736600624912e+00 3.274751857375395758e+00
3.800000000000000044e-01 3.239875487803984377e+00 3.274219569626282578e+00
3.900000000000000133e-01 3.240940274148147004e+00 3.272693611411888526e+00
4.000000000000000222e-01 3.241010860101893432e+00 3.272565349567219339e+00
4.100000000000000311e-01 3.241652963355275752e+00 3.271589888164308846e+00
4.199999999999999845e-01 3.241799588853713665e+00 3.271387371190193072e+00
4.299999999999999933e-01 3.242069957617842668e+00 3.270995073691285171e+00
4.400000000000000022e-01 3.242390274749262336e+00 3.270555840186612162e+00
4.500000000000000111e-01 3.242413440607633035e+00 3.270501880594645527e+00
4.600000000000000200e-01 3.242419069762883854e+00 3.270478633293451676e+00
4.700000000000000289e-01 3.242428173876432673e+00 3.270449096450181337e+00
4.799999999999999822e-01 3.242517880352433490e+00 3.270220093938414063e+00
4.899999999999999911e-01 3.242526973529643808e+00 3.270191330665760621e+00
5.000000000000000000e-01 3.242530205876756000e+00 3.270183524735045033e+00
5.100000000000000089e-01 3.242530964220095679e+00 3.270165947915982141e+00
5.200000000000000178e-01 3.242529669064962317e+00 3.270162111831224738e+00
5.300000000000000266e-01 3.242529570460213062e+00 3.270161775307761420e+00
5.400000000000000355e-01 3.242529374567244549e+00 3.270157969549920107e+00
5.500000000000000444e-01 3.242528322705696464e+00 3.270154872484733577e+00
5.600000000000000533e-01 3.242530245642936571e+00 3.270144152884208566e+00
5.700000000000000622e-01 3.242544804502055733e+00 3.270126936649753624e+00
5.799999999999999600e-01 3.242544150523668733e+00 3.270125997238629623e+00
5.899999999999999689e-01 3.242559781794815965e+00 3.270115163616865939e+00
5.999999999999999778e-01 3.242559085225825921e+00 3.270108633513683305e+00
6.099999999999999867e-01 3.242556489868171354e+00 3.270107767057411685e+00
6.199999999999999956e-01 3.242556655670613797e+00 3.270102478168993354e+00
6.300000000000000044e-01 3.242571469712557164e+00 3.270092510266004115e+00
6.400000000000000133e-01 3.242609555679654587e+00 3.270056673854494722e+00
6.500000000000000222e-01 3.242614941106397808e+00 3.270051970853250722e+00
6.600000000000000311e-01 3.242616314907925457e+00 3.270046841553789996e+00
6.700000000000000400e-01 3.242636012397996037e+00 3.270036045454749019e+00
6.800000000000000488e-01 3.242640078835099526e+00 3.270032842541128471e+00
6.900000000000000577e-01 3.242640070277089226e+00 3.270032628807193031e+00
7.000000000000000666e-01 3.242656682212717190e+00 3.270030462538831895e+00
7.099999999999999645e-01 3.242672676404596110e+00 3.270038156310438815e+00
7.199999999999999734e-01 3.242676674106585555e+00 3.270034941045773191e+00
7.299999999999999822e-01 3.242679897280150936e+00 3.270037082790917093e+00
7.399999999999999911e-01 3.242689033241128893e+00 3.270033894195699897e+00
7.500000000000000000e-01 3.242692444026753495e+00 3.270031790716365183e+00
7.600000000000000089e-01 3.242691567563551924e+00 3.270031239014130175e+00
7.700000000000000178e-01 3.242708247185927650e+00 3.270035413607376373e+00
7.800000000000000266e-01 3.242711098058829844e+00 3.270040687991966788e+00
7.900000000000000355e-01 3.242714107866496054e+00 3.270043114027768372e+00
8.000000000000000444e-01 3.242706639084128817e+00 3.270063010311814011e+00
8.100000000000000533e-01 3.242718805963708206e+00 3.270066982291029767e+00
8.200000000000000622e-01 3.242742945864268922e+00 3.270075377752712509e+00
8.300000000000000711e-01 3.242756815984251251e+00 3.270089694750307086e+00
8.399999999999999689e-01 3.242758253314220962e+00 3.270104311597621827e+00
8.499999999999999778e-01 3.242763446569321140e+00 3.270122128415229312e+00
8.599999999999999867e-01 3.242787313924039072e+00 3.270158902711665316e+00
8.699999999999999956e-01 3.242803349973448324e+00 3.270170665467492466e+00
8.800000000000000044e-01 3.242828987769302618e+00 3.270198114782157273e+00
8.900000000000000133e-01 3.242837996396783495e+00 3.270227033491369895e+00
9.000000000000000222e-01 3.242847947875491688e+00 3.270248407548435932e+00
9.100000000000000311e-01 3.242858690195170812e+00 3.270268346395404979e+00
9.200000000000000400e-01 3.242881332246173809e+00 3.270290784758220770e+00
9.300000000000000488e-01 3.242900518444008728e+00 3.270318811103873013e+00
9.400000000000000577e-01 3.242913390180935718e+00 3.270345373232493191e+00
9.500000000000000666e-01 3.242916301146595348e+00 3.270353196581752275e+00
9.599999999999999645e-01 3.242962530177262881e+00 3.270389624029966580e+00
9.699999999999999734e-01 3.242970767603940541e+00 3.270409395522051010e+00
9.799999999999999822e-01 3.242985245401642125e+00 3.270420286782004915e+00
9.899999999999999911e-01 3.242998792951993448e+00 3.270440134331293880e+00
1.000000000000000000e+00 3.243027566989108657e+00 3.270451908666447416e+00
1.010000000000000009e+00 3.243048168803754461e+00 3.270460585339960868e+00
1.020000000000000018e+00 3.243091389828949289e+00 3.270464991620750439e+00
1.030000000000000027e+00 3.243101544009215242e+00 3.270476694382660643e+00
1.040000000000000036e+00 3.243119505612017672e+00 3.270484948624013288e+00
1.050000000000000044e+00 3.243138672222054986e+00 3.270490462661825859e+00
1.060000000000000053e+00 3.243156818616319992e+00 3.270506630990575037e+00
1.070000000000000062e+00 3.243175309036806286e+00 3.270519478360578436e+00
1.080000000000000071e+00 3.243190528510537796e+00 3.270527735492262167e+00
1.090000000000000080e+00 3.243249164986914845e+00 3.270532281369858740e+00
1.100000000000000089e+00 3.243300362123716418e+00 3.270529987846147790e+00
1.110000000000000098e+00 3.243307850660764657e+00 3.270537296968019092e+00
1.120000000000000107e+00 3.243302599140807541e+00 3.270541625722244827e+00
1.130000000000000115e+00 3.243301004749617800e+00 3.270540482748665934e+00
1.140000000000000124e+00 3.243304120020825909e+00 3.270548687105219177e+00
1.150000000000000133e+00 3.243225004267569656e+00 3.270564097471359677e+00
1.159999999999999920e+00 3.243142537795701941e+00 3.270588820150694076e+00
1.169999999999999929e+00 3.243024294373665128e+00 3.270632240870322782e+00
1.179999999999999938e+00 3.242954641395326298e+00 3.270654842819456398e+00
1.189999999999999947e+00 3.242900265571624363e+00 3.270672165658921049e+00
1.199999999999999956e+00 3.242874554861659320e+00 3.270679754387264992e+00
1.209999999999999964e+00 3.242859850952549028e+00 3.270682064097003572e+00
1.219999999999999973e+00 3.242866317804717902e+00 3.270681319657898101e+00
1.229999999999999982e+00 3.242823678913391294e+00 3.270717928724014012e+00
1.239999999999999991e+00 3.241135942879430853e+00 3.272148254293687497e+00
1.250000000000000000e+00 3.240482734451894942e+00 3.272706872481698781e+00
1.260000000000000009e+00 3.239272019558808058e+00 3.273727619418242529e+00
1.270000000000000018e+00 3.238987918042323777e+00 3.273981635533192325e+00
1.280000000000000027e+00 3.237823416655411624e+00 3.274967225210318578e+00
1.290000000000000036e+00 3.236325692357584050e+00 3.276209814405874443e+00
1.300000000000000044e+00 3.233935790301738056e+00 3.278155376919331676e+00
1.310000000000000053e+00 3.232983706144772373e+00 3.278868432684458600e+00
1.320000000000000062e+00 3.230683415337715747e+00 3.280666227864112106e+00
1.330000000000000071e+00 3.225472822581493482e+00 3.284874387916362437e+00
1.340000000000000080e+00 3.211211571265391473e+00 3.296217151483365360e+00
1.350000000000000089e+00 3.181537709637107803e+00 3.316534200710830937e+00
1.360000000000000098e+00 3.169713207542379507e+00 3.324121291664163813e+00
1.370000000000000107e+00 3.167516449900815712e+00 3.326172984598925186e+00
1.380000000000000115e+00 3.165009263145747820e+00 3.328169894583400623e+00
1.390000000000000124e+00 3.166306567169744568e+00 3.328063171399515241e+00
1.400000000000000133e+00 3.191805026601103101e+00 3.315819067155572952e+00
1.409999999999999920e+00 3.207626193332563602e+00 3.307082932963480104e+00
1.419999999999999929e+00 3.213291044577865296e+00 3.303754615450591903e+00
1.429999999999999938e+00 3.220909257196398201e+00 3.298856151801137671e+00
1.439999999999999947e+00 3.222448011159921855e+00 3.298393048262570737e+00
1.449999999999999956e+00 3.221869480539355290e+00 3.299273729900326746e+00
1.459999999999999964e+00 3.222096662344382079e+00 3.299851403160646068e+00
1.469999999999999973e+00 3.222211767640861257e+00 3.300739718698708192e+00
1.479999999999999982e+00 3.222285369584906967e+00 3.301465255353104311e+00
1.489999999999999991e+00 3.222802846805303822e+00 3.302592921894341949e+00
1.500000000000000000e+00 3.223047585815128624e+00 3.303930320788684316e+00
1.510000000000000009e+00 3.223001717935794819e+00 3.306290051869159807e+00
1.520000000000000018e+00 3.222857948198647460e+00 3.309097251739172574e+00
1.530000000000000027e+00 3.222383204984444749e+00 3.312651060509902212e+00
1.540000000000000036e+00 3.221565822389284683e+00 3.316884599406560774e+00
1.550000000000000044e+00 3.220974099824502446e+00 3.322274515073225132e+00
1.560000000000000053e+00 3.220260005691318206e+00 3.328896464650363818e+00
1.570000000000000062e+00 3.219863670672684641e+00 3.336688889132231495e+00
1.580000000000000071e+00 3.219657513151768846e+00 3.346896005887384895e+00
1.590000000000000080e+00 3.220323850912475638e+00 3.357181135607337996e+00
1.600000000000000089e+00 3.221978290396773303e+00 3.370571175364410976e+00
1.610000000000000098e+00 3.225188883013659247e+00 3.384537831854886658e+00
1.620000000000000107e+00 3.230396432857534528e+00 3.400155251564958014e+00
1.630000000000000115e+00 3.237215242203155707e+00 3.415104935018142829e+00
1.640000000000000124e+00 3.245753894711558729e+00 3.429570549143726943e+00
1.650000000000000133e+00 3.256221897491232031e+00 3.443680031868204150e+00
1.660000000000000142e+00 3.268386610700515504e+00 3.457049471619697556e+00
1.669999999999999929e+00 3.282260662146993191e+00 3.469061332658342600e+00
1.679999999999999938e+00 3.297782184443593056e+00 3.479564664745211200e+00
1.689999999999999947e+00 3.313049382718534108e+00 3.487671128455667624e+00
1.699999999999999956e+00 3.328888368812087162e+00 3.493913906931397140e+00
1.709999999999999964e+00 3.343925949071777204e+00 3.498196207786667067e+00
1.719999999999999973e+00 3.358306367623629995e+00 3.500842661016163149e+00
1.729999999999999982e+00 3.370842981730483245e+00 3.501940960911728240e+00
1.739999999999999991e+00 3.381131780112834218e+00 3.502173435546307001e+00
1.750000000000000000e+00 3.389276596918801676e+00 3.501972830294867389e+00
1.760000000000000009e+00 3.394957263432402783e+00 3.501545304364304556e+00
1.770000000000000018e+00 3.399003150237839499e+00 3.501121005455214430e+00
1.780000000000000027e+00 3.402390178055130221e+00 3.500709223943389681e+00
1.790000000000000036e+00 3.405063404283789730e+00 3.500364942497941279e+00
1.800000000000000044e+00 3.406966286235899144e+00 3.500010792688279526e+00
1.810000000000000053e+00 3.407999895874310070e+00 3.499667859748553767e+00
1.820000000000000062e+00 3.408619914824738917e+00 3.499392852957472488e+00
1.830000000000000071e+00 3.409696637089023596e+00 3.499162869022121036e+00
1.840000000000000080e+00 3.410799241998819120e+00 3.498843200675818110e+00
1.850000000000000089e+00 3.411236836103302306e+00 3.498670173855918275e+00
1.860000000000000098e+00 3.411972219116625293e+00 3.498444021790090286e+00
1.870000000000000107e+00 3.412410308053809072e+00 3.498348753096741870e+00
1.880000000000000115e+00 3.413070584892985426e+00 3.498227208204510941e+00
1.890000000000000124e+00 3.413467284017968950e+00 3.498186467264723376e+00
1.900000000000000133e+00 3.414002550330162755e+00 3.498113949489592756e+00
1.910000000000000142e+00 3.414921649775730206e+00 3.497993059005512162e+00
1.919999999999999929e+00 3.415418036730039297e+00 3.498004636981737470e+00
1.929999999999999938e+00 3.415903629364565930e+00 3.498111133528157168e+00
1.939999999999999947e+00 3.416413311027007627e+00 3.498178206206840724e+00
1.949999999999999956e+00 3.416913935246064238e+00 3.498171363258764988e+00
1.959999999999999964e+00 3.417003304535151553e+00 3.498593982037304873e+00
1.969999999999999973e+00 3.417434219070563106e+00 3.498914279540886962e+00
1.979999999999999982e+00 3.417580112409209114e+00 3.499210855641747386e+00
1.989999999999999991e+00 3.418016488940534003e+00 3.499826852481547235e+00
2.000000000000000000e+00 3.417870572078756108e+00 3.501170738927789738e+00
2.010000000000000231e+00 3.417784267004389420e+00 3.502029977246861492e+00
2.020000000000000018e+00 3.417987909943786207e+00 3.502814380858215948e+00
2.030000000000000249e+00 3.417793041420263744e+00 3.503625741805749261e+00
2.040000000000000036e+00 3.417267086769606887e+00 3.504793724449608572e+00
2.049999999999999822e+00 3.417045963505693784e+00 3.506105823379567887e+00
2.060000000000000053e+00 3.416944752425367327e+00 3.506812018075769366e+00
2.069999999999999840e+00 3.416676018832430994e+00 3.507637752434506151e+00
2.080000000000000071e+00 3.416705093148468375e+00 3.508188502456428548e+00
2.089999999999999858e+00 3.416928186028751036e+00 3.508951094423977679e+00
2.100000000000000089e+00 3.417249776308073361e+00 3.509585239389406031e+00
2.109999999999999876e+00 3.417491018694087668e+00 3.510553910381153830e+00
2.120000000000000107e+00 3.417732088905612642e+00 3.510980298961361434e+00
2.129999999999999893e+00 3.418071836498730587e+00 3.511493508497721461e+00
2.140000000000000124e+00 3.418470461176924324e+00 3.511954742885537328e+00
2.149999999999999911e+00 3.418623949676796947e+00 3.512131269615843543e+00
2.160000000000000142e+00 3.419005841761213027e+00 3.512729962052721255e+00
2.169999999999999929e+00 3.419405376943490893e+00 3.513571863680937213e+00
2.180000000000000160e+00 3.419697839137632478e+00 3.514150470717829045e+00
2.189999999999999947e+00 3.419876226299725541e+00 3.514656765829600626e+00
2.200000000000000178e+00 3.420730046554797177e+00 3.514303105067021704e+00
2.209999999999999964e+00 3.421458088602556291e+00 3.514700915322766850e+00
2.220000000000000195e+00 3.421826106905718756e+00 3.514653690648297246e+00
2.229999999999999982e+00 3.422207982706973795e+00 3.514362904677440724e+00
2.240000000000000213e+00 3.422760039327786163e+00 3.514737866179301395e+00
2.250000000000000000e+00 3.422850127410643317e+00 3.514650330448396254e+00
2.260000000000000231e+00 3.422723687020098104e+00 3.515724933695043575e+00
2.270000000000000018e+00 3.423014497322468763e+00 3.516378686733813375e+00
2.280000000000000249e+00 3.423119505768783988e+00 3.516679874772063563e+00
2.290000000000000036e+00 3.423487793057684581e+00 3.515941809608216229e+00
2.300000000000000266e+00 3.423359412121379730e+00 3.516881044545566493e+00
2.310000000000000053e+00 3.423233165499511621e+00 3.517463598974403638e+00
2.319999999999999840e+00 3.423014791711162186e+00 3.518496158401180463e+00
2.330000000000000071e+00 3.423326346421230237e+00 3.517944680233013433e+00
2.339999999999999858e+00 3.423230993287857959e+00 3.518589233262244154e+00
2.350000000000000089e+00 3.423394695173476610e+00 3.518564818033004915e+00
2.359999999999999876e+00 3.423703239631409101e+00 3.517886488065963047e+00
2.370000000000000107e+00 3.424016724798779610e+00 3.517171850807566447e+00
2.379999999999999893e+00 3.424025588355496197e+00 3.517286743144556915e+00
2.390000000000000124e+00 3.423955524066719658e+00 3.517635399414267727e+00
2.399999999999999911e+00 3.424053622365982985e+00 3.517400543107001010e+00
2.410000000000000142e+00 3.424055825445136758e+00 3.517351528990783738e+00
2.419999999999999929e+00 3.424264182855728311e+00 3.516938330891486775e+00
2.430000000000000160e+00 3.424384876061859817e+00 3.516661188353118472e+00
2.439999999999999947e+00 3.424355413035462981e+00 3.516632374649931059e+00
2.450000000000000178e+00 3.424353956309741154e+00 3.516631591681057767e+00
2.459999999999999964e+00 3.424350989282105129e+00 3.516622193434264521e+00
2.470000000000000195e+00 3.424347845695644210e+00 3.516619103280872238e+00
2.479999999999999982e+00 3.424344675323677034e+00 3.516614363448905767e+00
2.490000000000000213e+00 3.424343569783740548e+00 3.516613154716915268e+00
2.500000000000000000e+00 3.424342040673966636e+00 3.516608196676497045e+00
2.510000000000000231e+00 3.424335192799975225e+00 3.516582062449048252e+00
2.520000000000000018e+00 3.424335051741275837e+00 3.516581848621692874e+00
2.530000000000000249e+00 3.424335051741275837e+00 3.516581848621692874e+00
2.540000000000000036e+00 3.424334905136726892e+00 3.516581706081725489e+00
2.550000000000000266e+00 3.424334072337019474e+00 3.516580494341981389e+00
2.560000000000000053e+00 3.424332447390570078e+00 3.516573579039560027e+00
2.569999999999999840e+00 3.424330595756488904e+00 3.516569943288844868e+00
2.580000000000000071e+00 3.424325452381914658e+00 3.516556432564908796e+00
2.589999999999999858e+00 3.424322339370642787e+00 3.516553224103058817e+00
2.600000000000000089e+00 3.424337759731618913e+00 3.516498631607683389e+00
2.609999999999999876e+00 3.424335990462992196e+00 3.516496787828710335e+00
2.620000000000000107e+00 3.424336207440124014e+00 3.516497074692024327e+00
2.629999999999999893e+00 3.424335194257256632e+00 3.516496134902480364e+00
2.640000000000000124e+00 3.424351989138869623e+00 3.516430556003304009e+00
2.649999999999999911e+00 3.424354076919811529e+00 3.516423002376300122e+00
2.660000000000000142e+00 3.424559154566486185e+00 3.515798161994259097e+00
2.669999999999999929e+00 3.424559154566486185e+00 3.515798161994259097e+00
2.680000000000000160e+00 3.424562334564579924e+00 3.515784445687876403e+00
2.689999999999999947e+00 3.424560177472077971e+00 3.515751033222235034e+00
2.700000000000000178e+00 3.424642008810788951e+00 3.515497500004022946e+00
2.709999999999999964e+00 3.424650571680439182e+00 3.515475139641391689e+00
2.720000000000000195e+00 3.424733188081849899e+00 3.515271129249464277e+00
2.729999999999999982e+00 3.424767116476046702e+00 3.515177261361134065e+00
2.740000000000000213e+00 3.424790894187718315e+00 3.515065804883212408e+00
2.750000000000000000e+00 3.424919215030997943e+00 3.514673848590522898e+00
2.760000000000000231e+00 3.425398567136693107e+00 3.513703789640497899e+00
2.770000000000000018e+00 3.425584053727471101e+00 3.513266294239676846e+00
2.780000000000000249e+00 3.426845063215960607e+00 3.510924926694165116e+00
2.790000000000000036e+00 3.427550015330474320e+00 3.509631465768654035e+00
2.800000000000000266e+00 3.428732587731307735e+00 3.507385628029876745e+00
2.810000000000000053e+00 3.429132727317903750e+00 3.506705028805638946e+00
2.819999999999999840e+00 3.429756206180807787e+00 3.505327671430352510e+00
2.830000000000000071e+00 3.430826306213864196e+00 3.503164441004268159e+00
2.839999999999999858e+00 3.431619688791786249e+00 3.501681118817771665e+00
2.850000000000000089e+00 3.432230995060329803e+00 3.500275333794230725e+00
2.859999999999999876e+00 3.432891854721273894e+00 3.498791271489892551e+00
2.870000000000000107e+00 3.433288207262323422e+00 3.497881638910009361e+00
2.879999999999999893e+00 3.434008278050892482e+00 3.496446752547747838e+00
2.890000000000000124e+00 3.435079325601778866e+00 3.494435518987454525e+00
2.899999999999999911e+00 3.435593898890108910e+00 3.493295347206502477e+00
2.910000000000000142e+00 3.435875036807525262e+00 3.492575064701568976e+00
2.919999999999999929e+00 3.436118288988786240e+00 3.491957974210066595e+00
2.930000000000000160e+00 3.436719298287512547e+00 3.490913856548188310e+00
2.939999999999999947e+00 3.437081129597589602e+00 3.490165150004461481e+00
2.950000000000000178e+00 3.437905685722976834e+00 3.488673459846824088e+00
2.959999999999999964e+00 3.438166334730493379e+00 3.488015954221380444e+00
2.970000000000000195e+00 3.438336758501934654e+00 3.487436280791354370e+00
2.979999999999999982e+00 3.439073978775228024e+00 3.485935503112588929e+00
2.990000000000000213e+00 3.439268786824298374e+00 3.485345899936604042e+00
3.000000000000000000e+00 3.440451567911333886e+00 3.483424872241787984e+00
