0.000000000000000000e+00 8.080650813949108446e-01
1.000000000000000021e-02 8.105277818059921646e-01
2.000000000000000042e-02 9.189140522700548486e-01
2.999999999999999889e-02 1.425855906688570984e+00
4.000000000000000083e-02 1.476795451802611403e+00
5.000000000000000278e-02 1.480785986199379067e+00
5.999999999999999778e-02 1.491536825814247180e+00
7.000000000000000666e-02 1.494008663587570229e+00
8.000000000000000167e-02 1.493579742647409336e+00
8.999999999999999667e-02 1.645181902664899720e+00
1.000000000000000056e-01 2.897765559446811690e+00
1.100000000000000006e-01 3.337663704147338706e+00
1.199999999999999956e-01 3.370250095987319838e+00
1.300000000000000044e-01 3.369870601811408850e+00
1.400000000000000133e-01 3.369515599150657792e+00
1.499999999999999944e-01 3.369514869725704020e+00
1.600000000000000033e-01 3.369506702232361040e+00
1.700000000000000122e-01 3.369530811371803214e+00
1.799999999999999933e-01 3.369556066551208318e+00
1.900000000000000022e-01 3.369575761821269833e+00
2.000000000000000111e-01 3.369612603712081711e+00
2.099999999999999922e-01 3.369620124089717894e+00
2.200000000000000011e-01 3.369706216578483460e+00
2.300000000000000100e-01 3.369663118357658416e+00
2.399999999999999911e-01 3.369731709032058653e+00
2.500000000000000000e-01 3.369689850389957275e+00
2.600000000000000089e-01 3.369817227470874865e+00
2.700000000000000178e-01 3.369796395363807484e+00
2.800000000000000266e-01 3.369834491117000397e+00
2.899999999999999800e-01 3.369729487261772238e+00
2.999999999999999889e-01 3.369602061383724312e+00
3.099999999999999978e-01 3.369465186977386395e+00
3.200000000000000067e-01 3.369285123753547495e+00
3.300000000000000155e-01 3.369203917701244499e+00
3.400000000000000244e-01 3.369081983177661943e+00
3.500000000000000333e-01 3.368986194112300936e+00
3.599999999999999867e-01 3.368824564397335131e+00
3.699999999999999956e-01 3.368558069686889755e+00
3.800000000000000044e-01 3.368330059719085501e+00
3.900000000000000133e-01 3.368336779756546218e+00
4.000000000000000222e-01 3.368302428719997188e+00
4.100000000000000311e-01 3.368426628673076628e+00
4.199999999999999845e-01 3.368476945304870629e+00
4.299999999999999933e-01 3.368526620209217004e+00
4.400000000000000022e-01 3.368548618781566528e+00
4.500000000000000111e-01 3.369071426510811040e+00
4.600000000000000200e-01 3.370435594663620194e+00
4.700000000000000289e-01 3.371363278937340002e+00
4.799999999999999822e-01 3.371848979916572731e+00
4.899999999999999911e-01 3.372042343344688220e+00
5.000000000000000000e-01 3.371537487730980054e+00
5.100000000000000089e-01 3.371018432142734333e+00
5.200000000000000178e-01 3.369539058558940869e+00
5.300000000000000266e-01 3.367960724606513967e+00
5.400000000000000355e-01 3.366227761828899379e+00
5.500000000000000444e-01 3.363932109618187116e+00
5.600000000000000533e-01 3.362157655069827999e+00
5.700000000000000622e-01 3.360984307184219144e+00
5.799999999999999600e-01 3.357392261648178167e+00
5.899999999999999689e-01 3.350999409754276126e+00
5.999999999999999778e-01 3.346403649716377160e+00
6.099999999999999867e-01 3.337725017466544930e+00
6.199999999999999956e-01 3.329222619071006584e+00
6.300000000000000044e-01 3.320734928534030850e+00
6.400000000000000133e-01 3.313535054278373693e+00
6.500000000000000222e-01 3.306811966340541975e+00
6.600000000000000311e-01 3.299527794847488593e+00
6.700000000000000400e-01 3.291788319761753012e+00
6.800000000000000488e-01 3.284337194499969304e+00
6.900000000000000577e-01 3.275212614047527282e+00
7.000000000000000666e-01 3.267487884137630250e+00
7.099999999999999645e-01 3.259873890991210832e+00
7.199999999999999734e-01 3.253036295490264962e+00
7.299999999999999822e-01 3.245305895638465721e+00
7.399999999999999911e-01 3.238021497991085074e+00
7.500000000000000000e-01 3.231436887671947478e+00
7.600000000000000089e-01 3.223893282437324537e+00
7.700000000000000178e-01 3.215727473104000200e+00
7.800000000000000266e-01 3.203969247756004446e+00
7.900000000000000355e-01 3.201999166147708742e+00
8.000000000000000444e-01 3.197947937383651684e+00
8.100000000000000533e-01 3.193695465490817842e+00
8.200000000000000622e-01 3.190526441030502536e+00
8.300000000000000711e-01 3.187659881482124202e+00
8.399999999999999689e-01 3.184865027472973065e+00
8.499999999999999778e-01 3.182464151690006293e+00
8.599999999999999867e-01 3.180179724466800639e+00
8.699999999999999956e-01 3.178094749200344182e+00
8.800000000000000044e-01 3.176284543981552133e+00
8.900000000000000133e-01 3.174196764178276009e+00
9.000000000000000222e-01 3.171972401740550840e+00
9.100000000000000311e-01 3.169542133343219881e+00
9.200000000000000400e-01 3.168151573858261294e+00
9.300000000000000488e-01 3.167309164478778971e+00
9.400000000000000577e-01 3.166385230672359441e+00
9.500000000000000666e-01 3.165544524929523540e+00
9.599999999999999645e-01 3.164758756601810497e+00
9.699999999999999734e-01 3.164197260096073272e+00
9.799999999999999822e-01 3.163713529489040166e+00
9.899999999999999911e-01 3.163422899968624247e+00
1.000000000000000000e+00 3.163266105806827433e+00
1.010000000000000009e+00 3.163080134892463757e+00
1.020000000000000018e+00 3.162912391791343758e+00
1.030000000000000027e+00 3.162838730199336812e+00
1.040000000000000036e+00 3.162728490679263871e+00
1.050000000000000044e+00 3.162584116508960541e+00
1.060000000000000053e+00 3.162538860349655145e+00
1.070000000000000062e+00 3.162501923651695357e+00
1.080000000000000071e+00 3.162487165331840711e+00
1.090000000000000080e+00 3.162477729780674096e+00
1.100000000000000089e+00 3.162463805835247221e+00
1.110000000000000098e+00 3.162443725562095853e+00
1.120000000000000107e+00 3.162408281781673214e+00
1.130000000000000115e+00 3.162407981877326968e+00
1.140000000000000124e+00 3.162352633125781853e+00
1.150000000000000133e+00 3.162352408158779049e+00
1.159999999999999920e+00 3.162343973627090410e+00
1.169999999999999929e+00 3.162338947014808443e+00
1.179999999999999938e+00 3.162287821061611215e+00
1.189999999999999947e+00 3.162268979346752218e+00
1.199999999999999956e+00 3.162265012228488992e+00
1.209999999999999964e+00 3.162255897800922533e+00
1.219999999999999973e+00 3.162238295161724277e+00
1.229999999999999982e+00 3.162221169345378780e+00
1.239999999999999991e+00 3.162208489015102320e+00
1.250000000000000000e+00 3.162203246963024128e+00
1.260000000000000009e+00 3.162214972872734009e+00
1.270000000000000018e+00 3.162186549317836715e+00
1.280000000000000027e+00 3.162191786375045943e+00
1.290000000000000036e+00 3.162172338621616507e+00
1.300000000000000044e+00 3.162154407982826321e+00
1.310000000000000053e+00 3.162153546392917569e+00
1.320000000000000062e+00 3.162148504905700541e+00
1.330000000000000071e+00 3.162162326314449157e+00
1.340000000000000080e+00 3.162176228222846941e+00
1.350000000000000089e+00 3.162147948341369474e+00
1.360000000000000098e+00 3.162166239809990120e+00
1.370000000000000107e+00 3.162268282918930140e+00
1.380000000000000115e+00 3.162305556697845521e+00
1.390000000000000124e+00 3.162353546686172301e+00
1.400000000000000133e+00 3.162350160589217918e+00
1.409999999999999920e+00 3.162350090351104814e+00
1.419999999999999929e+00 3.162324617526531156e+00
1.429999999999999938e+00 3.162393110358714843e+00
1.439999999999999947e+00 3.162496469688415690e+00
1.449999999999999956e+00 3.162671741788387170e+00
1.459999999999999964e+00 3.162969239871502136e+00
1.469999999999999973e+00 3.162998549253940528e+00
1.479999999999999982e+00 3.163155527429580616e+00
1.489999999999999991e+00 3.163189163882732302e+00
1.500000000000000000e+00 3.163282178683280765e+00
1.510000000000000009e+00 3.163289623088836766e+00
1.520000000000000018e+00 3.163349537446499049e+00
1.530000000000000027e+00 3.163532934684753606e+00
1.540000000000000036e+00 3.163693234436511847e+00
1.550000000000000044e+00 3.163726811380386472e+00
1.560000000000000053e+00 3.163776233284473438e+00
1.570000000000000062e+00 3.163828380296230147e+00
1.580000000000000071e+00 3.163815538518429005e+00
1.590000000000000080e+00 3.163976175053119455e+00
1.600000000000000089e+00 3.163976086151599976e+00
1.610000000000000098e+00 3.164020326905250702e+00
1.620000000000000107e+00 3.164290347912311674e+00
1.630000000000000115e+00 3.164314864697456375e+00
1.640000000000000124e+00 3.163884792699813708e+00
1.650000000000000133e+00 3.164334075605869323e+00
1.660000000000000142e+00 3.164732193429470097e+00
1.669999999999999929e+00 3.166674956774711447e+00
1.679999999999999938e+00 3.170941744673251961e+00
1.689999999999999947e+00 3.178229761357307392e+00
1.699999999999999956e+00 3.185651181948184973e+00
1.709999999999999964e+00 3.195453016300201288e+00
1.719999999999999973e+00 3.203989681305885462e+00
1.729999999999999982e+00 3.213970960600376348e+00
1.739999999999999991e+00 3.225308475608825720e+00
1.750000000000000000e+00 3.240993382310867421e+00
1.760000000000000009e+00 3.258005272178650102e+00
1.770000000000000018e+00 3.278801965780258065e+00
1.780000000000000027e+00 3.299450819046497507e+00
1.790000000000000036e+00 3.321607231798171966e+00
1.800000000000000044e+00 3.342139781959057032e+00
1.810000000000000053e+00 3.360625765378475016e+00
1.820000000000000062e+00 3.377008533794879863e+00
1.830000000000000071e+00 3.396844615304470238e+00
1.840000000000000080e+00 3.413752136476039922e+00
1.850000000000000089e+00 3.432238703079223630e+00
1.860000000000000098e+00 3.445142765169143750e+00
1.870000000000000107e+00 3.458518005604743983e+00
1.880000000000000115e+00 3.471491393136977965e+00
1.890000000000000124e+00 3.482160602831840368e+00
1.900000000000000133e+00 3.490671741514205895e+00
1.910000000000000142e+00 3.495436270225047881e+00
1.919999999999999929e+00 3.498383932235241023e+00
1.929999999999999938e+00 3.499991180698871496e+00
1.939999999999999947e+00 3.500825616495609083e+00
1.949999999999999956e+00 3.503140432660579506e+00
1.959999999999999964e+00 3.505650596721172185e+00
1.969999999999999973e+00 3.507913460490703628e+00
1.979999999999999982e+00 3.510314461343288617e+00
1.989999999999999991e+00 3.513459999592304150e+00
2.000000000000000000e+00 3.516468358786106307e+00
2.010000000000000231e+00 3.517299196538925088e+00
2.020000000000000018e+00 3.517815912306308856e+00
2.030000000000000249e+00 3.518541429998874648e+00
2.040000000000000036e+00 3.518496458199024346e+00
2.049999999999999822e+00 3.518421884102821195e+00
2.060000000000000053e+00 3.518110680069923557e+00
2.069999999999999840e+00 3.517927287147045057e+00
2.080000000000000071e+00 3.517800388598442130e+00
2.089999999999999858e+00 3.517666199164390495e+00
2.100000000000000089e+00 3.517501673893928427e+00
2.109999999999999876e+00 3.517195529897212847e+00
2.120000000000000107e+00 3.516862967166900500e+00
2.129999999999999893e+00 3.516263928101062586e+00
2.140000000000000124e+00 3.515583110487461305e+00
2.149999999999999911e+00 3.515047293283939389e+00
2.160000000000000142e+00 3.514234994688034242e+00
2.169999999999999929e+00 3.513483333065509751e+00
2.180000000000000160e+00 3.512595399007797159e+00
2.189999999999999947e+00 3.511475424592494843e+00
2.200000000000000178e+00 3.510480060355663401e+00
2.209999999999999964e+00 3.509804837315082526e+00
2.220000000000000195e+00 3.509221014561652918e+00
2.229999999999999982e+00 3.508688496298789872e+00
2.240000000000000213e+00 3.508311708493232928e+00
2.250000000000000000e+00 3.507836566429137992e+00
2.260000000000000231e+00 3.507597214903831695e+00
2.270000000000000018e+00 3.507291909160613841e+00
2.280000000000000249e+00 3.507143440060615625e+00
2.290000000000000036e+00 3.507122595696449352e+00
2.300000000000000266e+00 3.507130979099273738e+00
2.310000000000000053e+00 3.507135152852535409e+00
2.319999999999999840e+00 3.507137371275424798e+00
2.330000000000000071e+00 3.507146847093105535e+00
2.339999999999999858e+00 3.507148197100162346e+00
2.350000000000000089e+00 3.507156588516235463e+00
2.359999999999999876e+00 3.507170952665805697e+00
2.370000000000000107e+00 3.507183332717418889e+00
2.379999999999999893e+00 3.507183209779262345e+00
2.390000000000000124e+00 3.507191646139621533e+00
2.399999999999999911e+00 3.507196892921924380e+00
2.410000000000000142e+00 3.507197641189098380e+00
2.419999999999999929e+00 3.507200296573639076e+00
2.430000000000000160e+00 3.507202333431243879e+00
2.439999999999999947e+00 3.507207011024951804e+00
2.450000000000000178e+00 3.507206623098850340e+00
2.459999999999999964e+00 3.507208299951553254e+00
2.470000000000000195e+00 3.507208299951553254e+00
2.479999999999999982e+00 3.507208106060028197e+00
2.490000000000000213e+00 3.507208344523906618e+00
2.500000000000000000e+00 3.507208334095478275e+00
2.510000000000000231e+00 3.507208334095478275e+00
2.520000000000000018e+00 3.507208186571598052e+00
2.530000000000000249e+00 3.507208210654258806e+00
2.540000000000000036e+00 3.507208210654258806e+00
2.550000000000000266e+00 3.507208210654258806e+00
2.560000000000000053e+00 3.507208243837356410e+00
2.569999999999999840e+00 3.507207598688602435e+00
2.580000000000000071e+00 3.507196078927516947e+00
2.589999999999999858e+00 3.507194461162090438e+00
2.600000000000000089e+00 3.507194478862285525e+00
2.609999999999999876e+00 3.507192783248424650e+00
2.620000000000000107e+00 3.507192783248424650e+00
2.629999999999999893e+00 3.507192752771377542e+00
2.640000000000000124e+00 3.507192670412063507e+00
2.649999999999999911e+00 3.507194940690994134e+00
2.660000000000000142e+00 3.507194945337772207e+00
2.669999999999999929e+00 3.507198730995654934e+00
2.680000000000000160e+00 3.507199246208667631e+00
2.689999999999999947e+00 3.507199246208667631e+00
2.700000000000000178e+00 3.507199512505531303e+00
2.709999999999999964e+00 3.507199512505531303e+00
2.720000000000000195e+00 3.507199869117736846e+00
2.729999999999999982e+00 3.507199787812233183e+00
2.740000000000000213e+00 3.507197882473468642e+00
2.750000000000000000e+00 3.507196328883170899e+00
2.760000000000000231e+00 3.507195414795875710e+00
2.770000000000000018e+00 3.507195099928379189e+00
2.780000000000000249e+00 3.507195099928379189e+00
2.790000000000000036e+00 3.507194932539463128e+00
2.800000000000000266e+00 3.507194932539463128e+00
2.810000000000000053e+00 3.507194975731372732e+00
2.819999999999999840e+00 3.507194736320972339e+00
2.830000000000000071e+00 3.507194673347473035e+00
2.839999999999999858e+00 3.507194673347473035e+00
2.850000000000000089e+00 3.507194673347473035e+00
2.859999999999999876e+00 3.507194673347473035e+00
2.870000000000000107e+00 3.507193476226329931e+00
2.879999999999999893e+00 3.507191708762645632e+00
2.890000000000000124e+00 3.507191255981922051e+00
2.899999999999999911e+00 3.507189025521278314e+00
2.910000000000000142e+00 3.507182712185382911e+00
2.919999999999999929e+00 3.507182295293807872e+00
2.930000000000000160e+00 3.507181639947891227e+00
2.939999999999999947e+00 3.507182895934581879e+00
2.950000000000000178e+00 3.507185552155971386e+00
2.959999999999999964e+00 3.507185720121860584e+00
2.970000000000000195e+00 3.507184490342140304e+00
2.979999999999999982e+00 3.507184058814048822e+00
2.990000000000000213e+00 3.507183345346450931e+00
3.000000000000000000e+00 3.507183345346450931e+00
