0.000000000000000000e+00 1.826951675239205375e-01
1.000000000000000021e-02 3.452581344027519261e+00
2.000000000000000042e-02 3.003622401170730427e+00
2.999999999999999889e-02 2.925872334172725520e+00
4.000000000000000083e-02 2.909245735831260671e+00
5.000000000000000278e-02 2.904190207471847529e+00
5.999999999999999778e-02 2.901617060635089729e+00
7.000000000000000666e-02 2.900547567040920427e+00
8.000000000000000167e-02 2.900084934995174279e+00
8.999999999999999667e-02 2.899822285511493902e+00
1.000000000000000056e-01 2.899707615673542183e+00
1.100000000000000006e-01 2.899590194609165117e+00
1.199999999999999956e-01 2.899469944257736298e+00
1.300000000000000044e-01 2.899432386765480096e+00
1.400000000000000133e-01 2.899403242454528851e+00
1.499999999999999944e-01 2.899345952537059734e+00
1.600000000000000033e-01 2.899237831039428670e+00
1.700000000000000122e-01 2.899163792417049468e+00
1.799999999999999933e-01 2.899083555419445180e+00
1.900000000000000022e-01 2.899036930680274793e+00
2.000000000000000111e-01 2.898863672394752289e+00
2.099999999999999922e-01 2.898790486364364760e+00
2.200000000000000011e-01 2.898528253290653112e+00
2.300000000000000100e-01 2.898220337626934207e+00
2.399999999999999911e-01 2.897696162230968486e+00
2.500000000000000000e-01 2.897344945063590860e+00
2.600000000000000089e-01 2.897009153695106587e+00
2.700000000000000178e-01 2.896547757062911899e+00
2.800000000000000266e-01 2.896169332175254851e+00
2.899999999999999800e-01 2.895695074090957721e+00
2.999999999999999889e-01 2.895302406365871217e+00
3.099999999999999978e-01 2.894969181733131336e+00
3.200000000000000067e-01 2.894678680148124794e+00
3.300000000000000155e-01 2.894190096504688281e+00
3.400000000000000244e-01 2.893869056086540326e+00
3.500000000000000333e-01 2.893624354798793874e+00
3.599999999999999867e-01 2.893504616284370279e+00
3.699999999999999956e-01 2.893482754206657237e+00
3.800000000000000044e-01 2.893427740931510783e+00
3.900000000000000133e-01 2.893335769281387471e+00
4.000000000000000222e-01 2.893274683449268192e+00
4.100000000000000311e-01 2.893250907969474817e+00
4.199999999999999845e-01 2.893247860567569774e+00
4.299999999999999933e-01 2.893192076437473226e+00
4.400000000000000022e-01 2.893150495586395365e+00
4.500000000000000111e-01 2.893059788601398452e+00
4.600000000000000200e-01 2.893011082789898047e+00
4.700000000000000289e-01 2.892979854338169066e+00
4.799999999999999822e-01 2.892944261763096048e+00
4.899999999999999911e-01 2.892883153598308610e+00
5.000000000000000000e-01 2.892853761239051913e+00
5.100000000000000089e-01 2.892753901047706577e+00
5.200000000000000178e-01 2.892733130238056116e+00
5.300000000000000266e-01 2.892672793869972114e+00
5.400000000000000355e-01 2.892601123721599610e+00
5.500000000000000444e-01 2.892488554522991251e+00
5.600000000000000533e-01 2.892388076503277006e+00
5.700000000000000622e-01 2.892319029464721858e+00
5.799999999999999600e-01 2.892739227964878257e+00
5.899999999999999689e-01 2.893699550330639081e+00
5.999999999999999778e-01 2.895215175840854638e+00
6.099999999999999867e-01 2.896041103646755044e+00
6.199999999999999956e-01 2.898433658511638811e+00
6.300000000000000044e-01 2.905542571945190389e+00
6.400000000000000133e-01 2.919916992447376458e+00
6.500000000000000222e-01 2.939231775245666700e+00
6.600000000000000311e-01 2.971858404095172990e+00
6.700000000000000400e-01 3.007159109835624733e+00
6.800000000000000488e-01 3.053564520854950004e+00
6.900000000000000577e-01 3.096948417942523957e+00
7.000000000000000666e-01 3.130185973188877036e+00
7.099999999999999645e-01 3.146962172868251972e+00
7.199999999999999734e-01 3.156212321617603234e+00
7.299999999999999822e-01 3.159680349857806991e+00
7.399999999999999911e-01 3.161688052382469305e+00
7.500000000000000000e-01 3.162965127975940760e+00
7.600000000000000089e-01 3.163528224437236691e+00
7.700000000000000178e-01 3.163952985036373011e+00
7.800000000000000266e-01 3.164094151086807472e+00
7.900000000000000355e-01 3.164144923689365285e+00
8.000000000000000444e-01 3.164180640022754787e+00
8.100000000000000533e-01 3.164212891395091987e+00
8.200000000000000622e-01 3.164254239614009645e+00
8.300000000000000711e-01 3.164364363636970712e+00
8.399999999999999689e-01 3.164364689412117126e+00
8.499999999999999778e-01 3.164404907870292494e+00
8.599999999999999867e-01 3.164443726439476023e+00
8.699999999999999956e-01 3.164466255381107374e+00
8.800000000000000044e-01 3.164476622474193590e+00
8.900000000000000133e-01 3.164474712879657758e+00
9.000000000000000222e-01 3.164475240404605927e+00
9.100000000000000311e-01 3.164474435763358962e+00
9.200000000000000400e-01 3.164474365179538839e+00
9.300000000000000488e-01 3.164476706337928658e+00
9.400000000000000577e-01 3.164477283082008263e+00
9.500000000000000666e-01 3.164477283082008263e+00
9.599999999999999645e-01 3.164477097549438511e+00
9.699999999999999734e-01 3.164477204506397356e+00
9.799999999999999822e-01 3.164481974146366117e+00
9.899999999999999911e-01 3.164484736664295195e+00
1.000000000000000000e+00 3.164486507799625592e+00
1.010000000000000009e+00 3.164487908332347832e+00
1.020000000000000018e+00 3.164491786890029967e+00
1.030000000000000027e+00 3.164496277122497592e+00
1.040000000000000036e+00 3.164499151992797632e+00
1.050000000000000044e+00 3.164499867563247637e+00
1.060000000000000053e+00 3.164505091848373475e+00
1.070000000000000062e+00 3.164506527833938598e+00
1.080000000000000071e+00 3.164515014507770729e+00
1.090000000000000080e+00 3.164516206319332170e+00
1.100000000000000089e+00 3.164526437606811626e+00
1.110000000000000098e+00 3.164528758890628790e+00
1.120000000000000107e+00 3.164531401844024483e+00
1.130000000000000115e+00 3.164536669602393992e+00
1.140000000000000124e+00 3.164544008800983299e+00
1.150000000000000133e+00 3.164550787620544536e+00
1.159999999999999920e+00 3.164552052774429303e+00
1.169999999999999929e+00 3.164558672254085714e+00
1.179999999999999938e+00 3.164561126968860716e+00
1.189999999999999947e+00 3.164565716946125207e+00
1.199999999999999956e+00 3.164572663493156579e+00
1.209999999999999964e+00 3.164578098878860324e+00
1.219999999999999973e+00 3.164579764432907005e+00
1.229999999999999982e+00 3.164586227352619296e+00
1.239999999999999991e+00 3.164589134032726125e+00
1.250000000000000000e+00 3.164590738930702418e+00
1.260000000000000009e+00 3.164594291326999542e+00
1.270000000000000018e+00 3.164595056228637571e+00
1.280000000000000027e+00 3.164595935454368458e+00
1.290000000000000036e+00 3.164596648778915444e+00
1.300000000000000044e+00 3.164597338690757766e+00
1.310000000000000053e+00 3.164597338690757766e+00
1.320000000000000062e+00 3.164597338690757766e+00
1.330000000000000071e+00 3.164597338690757766e+00
1.340000000000000080e+00 3.164597338690757766e+00
1.350000000000000089e+00 3.164597338690757766e+00
1.360000000000000098e+00 3.164597338690757766e+00
1.370000000000000107e+00 3.164597763636112226e+00
1.380000000000000115e+00 3.164597933614254011e+00
1.390000000000000124e+00 3.164597427670955643e+00
1.400000000000000133e+00 3.164597386174202054e+00
1.409999999999999920e+00 3.164597511858940226e+00
1.419999999999999929e+00 3.164597086544036930e+00
1.429999999999999938e+00 3.164597778005600048e+00
1.439999999999999947e+00 3.164598644666671845e+00
1.449999999999999956e+00 3.164601277725696438e+00
1.459999999999999964e+00 3.164600905196666591e+00
1.469999999999999973e+00 3.164599762310981834e+00
1.479999999999999982e+00 3.164601238408088602e+00
1.489999999999999991e+00 3.164601586947441092e+00
1.500000000000000000e+00 3.164600675578117528e+00
1.510000000000000009e+00 3.164603354442119709e+00
1.520000000000000018e+00 3.164610611753463587e+00
1.530000000000000027e+00 3.164618668444156846e+00
1.540000000000000036e+00 3.164623739106655176e+00
1.550000000000000044e+00 3.164634713103771091e+00
1.560000000000000053e+00 3.164638647692203488e+00
1.570000000000000062e+00 3.164642566316127947e+00
1.580000000000000071e+00 3.164644344892501682e+00
1.590000000000000080e+00 3.164646106071472342e+00
1.600000000000000089e+00 3.164652971525192093e+00
1.610000000000000098e+00 3.164651329584121875e+00
1.620000000000000107e+00 3.164648889369964468e+00
1.630000000000000115e+00 3.164648393292427198e+00
1.640000000000000124e+00 3.164653938615322293e+00
1.650000000000000133e+00 3.164656673703193590e+00
1.660000000000000142e+00 3.164667211167812244e+00
1.669999999999999929e+00 3.164667211167812244e+00
1.679999999999999938e+00 3.164667239758968353e+00
1.689999999999999947e+00 3.164667237155437629e+00
1.699999999999999956e+00 3.164666934862137015e+00
1.709999999999999964e+00 3.164670674962997587e+00
1.719999999999999973e+00 3.164676492118835505e+00
1.729999999999999982e+00 3.164679909732341923e+00
1.739999999999999991e+00 3.164682833678722496e+00
1.750000000000000000e+00 3.164683165173530544e+00
1.760000000000000009e+00 3.164683127117156936e+00
1.770000000000000018e+00 3.164683414788246107e+00
1.780000000000000027e+00 3.164681954660415464e+00
1.790000000000000036e+00 3.164680513184070509e+00
1.800000000000000044e+00 3.164680513184070509e+00
1.810000000000000053e+00 3.164679152061939060e+00
1.820000000000000062e+00 3.164679267652034778e+00
1.830000000000000071e+00 3.164678346486091698e+00
1.840000000000000080e+00 3.164676895868778317e+00
1.850000000000000089e+00 3.164679084177017376e+00
1.860000000000000098e+00 3.164678988583087715e+00
1.870000000000000107e+00 3.164679014236927213e+00
1.880000000000000115e+00 3.164679357893466882e+00
1.890000000000000124e+00 3.164679845268726144e+00
1.900000000000000133e+00 3.164679845268726144e+00
1.910000000000000142e+00 3.164675615324973990e+00
1.919999999999999929e+00 3.164663449926376160e+00
1.929999999999999938e+00 3.164661583003997691e+00
1.939999999999999947e+00 3.164651498055457868e+00
1.949999999999999956e+00 3.164634503459930581e+00
1.959999999999999964e+00 3.164616605160236240e+00
1.969999999999999973e+00 3.164581004517078355e+00
1.979999999999999982e+00 3.164571064062118744e+00
1.989999999999999991e+00 3.164558427267074592e+00
2.000000000000000000e+00 3.164544724369048989e+00
2.010000000000000231e+00 3.164553093416690999e+00
2.020000000000000018e+00 3.164545405178070148e+00
2.030000000000000249e+00 3.164571046822071132e+00
2.040000000000000036e+00 3.164568745079040735e+00
2.049999999999999822e+00 3.164549750452041454e+00
2.060000000000000053e+00 3.164492660725116924e+00
2.069999999999999840e+00 3.164476958303451326e+00
2.080000000000000071e+00 3.164477501544952442e+00
2.089999999999999858e+00 3.164489233286380987e+00
2.100000000000000089e+00 3.164488964607715449e+00
2.109999999999999876e+00 3.164502496082782557e+00
2.120000000000000107e+00 3.164624736690521356e+00
2.129999999999999893e+00 3.164855787162780931e+00
2.140000000000000124e+00 3.165216474940776958e+00
2.149999999999999911e+00 3.165563839836120774e+00
2.160000000000000142e+00 3.165800835716724215e+00
2.169999999999999929e+00 3.166085213179588465e+00
2.180000000000000160e+00 3.166263107280731237e+00
2.189999999999999947e+00 3.166378715260028898e+00
2.200000000000000178e+00 3.166591003003120353e+00
2.209999999999999964e+00 3.166752466306686387e+00
2.220000000000000195e+00 3.166934472467899386e+00
2.229999999999999982e+00 3.166945676221847528e+00
2.240000000000000213e+00 3.166915109386444271e+00
2.250000000000000000e+00 3.167147534120082764e+00
2.260000000000000231e+00 3.167368111777305817e+00
2.270000000000000018e+00 3.167540849363803979e+00
2.280000000000000249e+00 3.167859533426761409e+00
2.290000000000000036e+00 3.168252208011150373e+00
2.300000000000000266e+00 3.168495369462966949e+00
2.310000000000000053e+00 3.169478386750221421e+00
2.319999999999999840e+00 3.170352868900299104e+00
2.330000000000000071e+00 3.171347928814888029e+00
2.339999999999999858e+00 3.172773493914604170e+00
2.350000000000000089e+00 3.174521039836406544e+00
2.359999999999999876e+00 3.176375908522605762e+00
2.370000000000000107e+00 3.179021502046585290e+00
2.379999999999999893e+00 3.181586000156402694e+00
2.390000000000000124e+00 3.185394862136840644e+00
2.399999999999999911e+00 3.188930230970382862e+00
2.410000000000000142e+00 3.196689260706901514e+00
2.419999999999999929e+00 3.203826714777946449e+00
2.430000000000000160e+00 3.209288924951553490e+00
2.439999999999999947e+00 3.219589736149310877e+00
2.450000000000000178e+00 3.230790283815860864e+00
2.459999999999999964e+00 3.249526959683894933e+00
2.470000000000000195e+00 3.267733706331253263e+00
2.479999999999999982e+00 3.290963388171196158e+00
2.490000000000000213e+00 3.316084107875823861e+00
2.500000000000000000e+00 3.348849076244831302e+00
2.510000000000000231e+00 3.387090954389571973e+00
2.520000000000000018e+00 3.438808582983016837e+00
2.530000000000000249e+00 3.493050112984180444e+00
2.540000000000000036e+00 3.558982388081550763e+00
2.550000000000000266e+00 3.612026201317310115e+00
2.560000000000000053e+00 3.659124810883998880e+00
2.569999999999999840e+00 3.708418613884449044e+00
2.580000000000000071e+00 3.752880693874359075e+00
2.589999999999999858e+00 3.789089020900726190e+00
2.600000000000000089e+00 3.816131121978759921e+00
2.609999999999999876e+00 3.831560052511691961e+00
2.620000000000000107e+00 3.843325657615661584e+00
2.629999999999999893e+00 3.845906328372955318e+00
2.640000000000000124e+00 3.848790637516975366e+00
2.649999999999999911e+00 3.851139357779025829e+00
2.660000000000000142e+00 3.854256823842525659e+00
2.669999999999999929e+00 3.856728587613105663e+00
2.680000000000000160e+00 3.860590069079399278e+00
2.689999999999999947e+00 3.863857164568901048e+00
2.700000000000000178e+00 3.866829901325702590e+00
2.709999999999999964e+00 3.868019698982238630e+00
2.720000000000000195e+00 3.868070286359786891e+00
2.729999999999999982e+00 3.868948861808776840e+00
2.740000000000000213e+00 3.869165890831947507e+00
2.750000000000000000e+00 3.868645652461051743e+00
2.760000000000000231e+00 3.866896863961219566e+00
2.770000000000000018e+00 3.865732166807651637e+00
2.780000000000000249e+00 3.864010396459102825e+00
2.790000000000000036e+00 3.860776099181175258e+00
2.800000000000000266e+00 3.857472910614013539e+00
2.810000000000000053e+00 3.850316047608852266e+00
2.819999999999999840e+00 3.845630526254177006e+00
2.830000000000000071e+00 3.839279412891864585e+00
2.839999999999999858e+00 3.830866545331478079e+00
2.850000000000000089e+00 3.823398876993655993e+00
2.859999999999999876e+00 3.814147122511863497e+00
2.870000000000000107e+00 3.802208912389278606e+00
2.879999999999999893e+00 3.790734988322257859e+00
2.890000000000000124e+00 3.778054096519947169e+00
2.899999999999999911e+00 3.762777287046909169e+00
2.910000000000000142e+00 3.746350753059387362e+00
2.919999999999999929e+00 3.726707489895820569e+00
2.930000000000000160e+00 3.705863193945884593e+00
2.939999999999999947e+00 3.685860211176872347e+00
2.950000000000000178e+00 3.664342522959709303e+00
2.959999999999999964e+00 3.635849100074767914e+00
2.970000000000000195e+00 3.603167416205406148e+00
2.979999999999999982e+00 3.564262803244590661e+00
2.990000000000000213e+00 3.519050022099018182e+00
3.000000000000000000e+00 3.469191300604343553e+00
