0.000000000000000000e+00 1.653958318908776759e+00 1.788846370815668552e+00
1.000000000000000021e-02 1.653955395538532880e+00 1.788843988821780417e+00
2.000000000000000042e-02 1.653951002553302407e+00 1.788836389998596621e+00
2.999999999999999889e-02 1.653934962390114283e+00 1.788825831684420997e+00
4.000000000000000083e-02 1.653919871683025677e+00 1.788821280326938323e+00
5.000000000000000278e-02 1.653934436106732964e+00 1.788829894742914650e+00
5.999999999999999778e-02 1.653950148865859227e+00 1.788889842059929514e+00
7.000000000000000666e-02 1.653971235067222656e+00 1.788936484735633714e+00
8.000000000000000167e-02 1.653984705145468581e+00 1.788950348071942642e+00
8.999999999999999667e-02 1.613880813638193246e+00 1.840955510779398008e+00
1.000000000000000056e-01 1.467925586425576689e+00 2.686454874439920815e+00
1.100000000000000006e-01 2.397112806007543728e+00 3.432965421285947283e+00
1.199999999999999956e-01 2.948174265043793429e+00 3.302645931665839196e+00
1.300000000000000044e-01 3.071564411862760746e+00 3.225691424357026715e+00
1.400000000000000133e-01 3.071564411862760746e+00 3.225691424357026715e+00
1.499999999999999944e-01 3.071564411862760746e+00 3.225691424357026715e+00
1.600000000000000033e-01 3.071564411862760746e+00 3.225691424357026715e+00
1.700000000000000122e-01 3.071704919953521795e+00 3.225463191799941676e+00
1.799999999999999933e-01 3.073880034258911653e+00 3.221973205472876689e+00
1.900000000000000022e-01 3.076334542487276114e+00 3.218046869537221522e+00
2.000000000000000111e-01 3.080685382713094000e+00 3.210907519761309281e+00
2.099999999999999922e-01 3.083063550733568636e+00 3.206809239049908999e+00
2.200000000000000011e-01 3.088185230354052901e+00 3.198596623932141281e+00
2.300000000000000100e-01 3.094005017178962369e+00 3.189657770325234232e+00
2.399999999999999911e-01 3.100127621848571380e+00 3.180686660244476549e+00
2.500000000000000000e-01 3.106873364501933299e+00 3.171037726010342173e+00
2.600000000000000089e-01 3.117108693042085488e+00 3.157346167139723381e+00
2.700000000000000178e-01 3.121429531417944769e+00 3.151907775629898989e+00
2.800000000000000266e-01 3.123384227116516421e+00 3.149338294622489265e+00
2.899999999999999800e-01 3.124932941385617724e+00 3.147196516407618105e+00
2.999999999999999889e-01 3.125396505426436544e+00 3.146581336422890285e+00
3.099999999999999978e-01 3.125434090989374081e+00 3.146510324799276059e+00
3.200000000000000067e-01 3.125508276641501659e+00 3.146377226068841182e+00
3.300000000000000155e-01 3.125525800560101874e+00 3.146345403425112597e+00
3.400000000000000244e-01 3.125682569236356567e+00 3.146081847196023684e+00
3.500000000000000333e-01 3.125738331801314995e+00 3.145980791929344544e+00
3.599999999999999867e-01 3.125738331801314995e+00 3.145980791929344544e+00
3.699999999999999956e-01 3.125738331801314995e+00 3.145980791929344544e+00
3.800000000000000044e-01 3.125738331801314995e+00 3.145980791929344544e+00
3.900000000000000133e-01 3.125738331801314995e+00 3.145980791929344544e+00
4.000000000000000222e-01 3.125738331801314995e+00 3.145980791929344544e+00
4.100000000000000311e-01 3.125738331801314995e+00 3.145980791929344544e+00
4.199999999999999845e-01 3.125738331801314995e+00 3.145980791929344544e+00
4.299999999999999933e-01 3.125738331801314995e+00 3.145980791929344544e+00
4.400000000000000022e-01 3.125738331801314995e+00 3.145980791929344544e+00
4.500000000000000111e-01 3.125738331801314995e+00 3.145980791929344544e+00
4.600000000000000200e-01 3.125738331801314995e+00 3.145980791929344544e+00
4.700000000000000289e-01 3.125738331801314995e+00 3.145980791929344544e+00
4.799999999999999822e-01 3.125738331801314995e+00 3.145980791929344544e+00
4.899999999999999911e-01 3.125738331801314995e+00 3.145980791929344544e+00
5.000000000000000000e-01 3.125738331801314995e+00 3.145980791929344544e+00
5.100000000000000089e-01 3.125738331801314995e+00 3.145980791929344544e+00
5.200000000000000178e-01 3.125738331801314995e+00 3.145980791929344544e+00
5.300000000000000266e-01 3.125738451524780359e+00 3.145980398348762641e+00
5.400000000000000355e-01 3.125738541322865327e+00 3.145980103157839824e+00
5.500000000000000444e-01 3.125738097031256935e+00 3.145981219427445019e+00
5.600000000000000533e-01 3.125734275009753649e+00 3.145991392438289846e+00
5.700000000000000622e-01 3.125733679895811523e+00 3.145992865237779323e+00
5.799999999999999600e-01 3.125734008434775113e+00 3.145991783591744806e+00
5.899999999999999689e-01 3.125733870981084461e+00 3.145991998021257618e+00
5.999999999999999778e-01 3.125730540773493882e+00 3.146000739820377756e+00
6.099999999999999867e-01 3.125725183063049695e+00 3.146014127106170566e+00
6.199999999999999956e-01 3.125723307398327044e+00 3.146018670617572788e+00
6.300000000000000044e-01 3.125718962368058129e+00 3.146030651722861116e+00
6.400000000000000133e-01 3.125717811672471758e+00 3.146033609206892567e+00
6.500000000000000222e-01 3.125714709505685640e+00 3.146042155499807258e+00
6.600000000000000311e-01 3.125716677406291666e+00 3.146037268020648980e+00
6.700000000000000400e-01 3.125717076902112534e+00 3.146036931691446714e+00
6.800000000000000488e-01 3.125719260348986950e+00 3.146033695788670315e+00
6.900000000000000577e-01 3.125721329644091551e+00 3.146029332601659068e+00
7.000000000000000666e-01 3.125720283146758760e+00 3.146033286809067242e+00
7.099999999999999645e-01 3.125721997177202560e+00 3.146035333283346169e+00
7.199999999999999734e-01 3.125732900349490695e+00 3.146016138175137034e+00
7.299999999999999822e-01 3.125775807347599411e+00 3.145923771028217075e+00
7.399999999999999911e-01 3.125859006128280271e+00 3.145758628549606861e+00
7.500000000000000000e-01 3.125904875415995932e+00 3.145669462242886461e+00
7.600000000000000089e-01 3.125945317566745540e+00 3.145579402458317464e+00
7.700000000000000178e-01 3.126093746880079571e+00 3.145270949908708147e+00
7.800000000000000266e-01 3.126225680115025884e+00 3.144978436691957757e+00
7.900000000000000355e-01 3.126313468417354802e+00 3.144814331355861636e+00
8.000000000000000444e-01 3.126363269985342530e+00 3.144718904549455463e+00
8.100000000000000533e-01 3.126380567857227177e+00 3.144684431770840227e+00
8.200000000000000622e-01 3.126397310494893222e+00 3.144651039696223283e+00
8.300000000000000711e-01 3.126415541522816532e+00 3.144616942207499655e+00
8.399999999999999689e-01 3.126444361446129694e+00 3.144561016514075380e+00
8.499999999999999778e-01 3.126470353068982799e+00 3.144508109746302349e+00
8.599999999999999867e-01 3.126475081934294575e+00 3.144498555627503134e+00
8.699999999999999956e-01 3.126487479558109683e+00 3.144473789524913521e+00
8.800000000000000044e-01 3.126505552204613902e+00 3.144438414045806152e+00
8.900000000000000133e-01 3.126507965929749666e+00 3.144433212024924096e+00
9.000000000000000222e-01 3.126514731348372322e+00 3.144420124603890976e+00
9.100000000000000311e-01 3.126517318346611063e+00 3.144414723999389594e+00
9.200000000000000400e-01 3.126520952340754889e+00 3.144406907561626774e+00
9.300000000000000488e-01 3.126535182394758028e+00 3.144376884861216137e+00
9.400000000000000577e-01 3.126535118899932186e+00 3.144377066435227519e+00
9.500000000000000666e-01 3.126539890406873301e+00 3.144367148815843560e+00
9.599999999999999645e-01 3.126539381579029442e+00 3.144368602277171743e+00
9.699999999999999734e-01 3.126539317984900812e+00 3.144368783950485913e+00
9.799999999999999822e-01 3.126539012644302229e+00 3.144369591686714482e+00
9.899999999999999911e-01 3.126538821902338672e+00 3.144370136666234661e+00
1.000000000000000000e+00 3.126538467029413848e+00 3.144371763859906910e+00
1.010000000000000009e+00 3.126543695705471304e+00 3.144377317869129218e+00
1.020000000000000018e+00 3.126550547410928527e+00 3.144387731354749693e+00
1.030000000000000027e+00 3.126552594147041120e+00 3.144398040418312057e+00
1.040000000000000036e+00 3.126556750682282004e+00 3.144420253526282405e+00
1.050000000000000044e+00 3.126553494641995723e+00 3.144519964792513722e+00
1.060000000000000053e+00 3.126552042278144761e+00 3.144625728689338651e+00
1.070000000000000062e+00 3.126555828542515680e+00 3.144706032877162105e+00
1.080000000000000071e+00 3.126559904590619610e+00 3.144746576017366735e+00
1.090000000000000080e+00 3.126563963504493948e+00 3.144779257587730470e+00
1.100000000000000089e+00 3.126560569600884243e+00 3.144829299016173252e+00
1.110000000000000098e+00 3.126559164538919688e+00 3.144863577570379043e+00
1.120000000000000107e+00 3.126556490637710795e+00 3.144878605588028009e+00
1.130000000000000115e+00 3.126555645472188338e+00 3.144886578014712164e+00
1.140000000000000124e+00 3.126555617191171699e+00 3.144886576631688690e+00
1.150000000000000133e+00 3.126555825864811400e+00 3.144886664269427978e+00
1.159999999999999920e+00 3.126555703588979718e+00 3.144887038916094113e+00
1.169999999999999929e+00 3.126555322838950879e+00 3.144888563155006977e+00
1.179999999999999938e+00 3.126555346599618979e+00 3.144888488782842551e+00
1.189999999999999947e+00 3.126555929802777190e+00 3.144888805433390555e+00
1.199999999999999956e+00 3.126556193858375021e+00 3.144888933566818867e+00
1.209999999999999964e+00 3.126556271834156853e+00 3.144888844289996044e+00
1.219999999999999973e+00 3.126556299325899513e+00 3.144888873169942034e+00
1.229999999999999982e+00 3.126556318425168790e+00 3.144888919435510743e+00
1.239999999999999991e+00 3.126556282540883469e+00 3.144888950260554150e+00
1.250000000000000000e+00 3.126556282540883469e+00 3.144888950260554150e+00
1.260000000000000009e+00 3.126556336563429461e+00 3.144888965665498581e+00
1.270000000000000018e+00 3.126556049295222017e+00 3.144889190859044170e+00
1.280000000000000027e+00 3.126556038600509790e+00 3.144889169443542354e+00
1.290000000000000036e+00 3.126556264809738472e+00 3.144889248829711548e+00
1.300000000000000044e+00 3.126556464492144638e+00 3.144889370306668486e+00
1.310000000000000053e+00 3.126556563164212488e+00 3.144889449819109561e+00
1.320000000000000062e+00 3.126556543088974571e+00 3.144889418071684872e+00
1.330000000000000071e+00 3.126556543088974571e+00 3.144889418071684872e+00
1.340000000000000080e+00 3.126556404450700821e+00 3.144889439293577116e+00
1.350000000000000089e+00 3.126556404450700821e+00 3.144889439293577116e+00
1.360000000000000098e+00 3.126556327758075682e+00 3.144889430002925756e+00
1.370000000000000107e+00 3.126556323782327063e+00 3.144889428290007061e+00
1.380000000000000115e+00 3.126556952838979164e+00 3.144890612835802735e+00
1.390000000000000124e+00 3.126564697987432417e+00 3.144916894252901329e+00
1.400000000000000133e+00 3.126571766803640795e+00 3.144995637676339495e+00
1.409999999999999920e+00 3.126571571465901478e+00 3.145119996636934978e+00
1.419999999999999929e+00 3.126556220915500450e+00 3.145283991358097442e+00
1.429999999999999938e+00 3.126529083528674757e+00 3.145412450709187180e+00
1.439999999999999947e+00 3.126508939265190357e+00 3.145497654539169297e+00
1.449999999999999956e+00 3.126484974394236005e+00 3.145581900057401015e+00
1.459999999999999964e+00 3.126476458991187091e+00 3.145614359347206790e+00
1.469999999999999973e+00 3.126453231215102768e+00 3.145700454874412522e+00
1.479999999999999982e+00 3.126431821600557548e+00 3.145761179736493496e+00
1.489999999999999991e+00 3.126427692308046957e+00 3.145780782847783286e+00
1.500000000000000000e+00 3.126427488664282439e+00 3.145801348363267191e+00
1.510000000000000009e+00 3.126427900261137705e+00 3.145802596984651256e+00
1.520000000000000018e+00 3.126430308823039184e+00 3.145810286098073227e+00
1.530000000000000027e+00 3.126432797492461280e+00 3.145814399568123587e+00
1.540000000000000036e+00 3.126432666544957772e+00 3.145818023643450534e+00
1.550000000000000044e+00 3.126433103641229838e+00 3.145820651894849274e+00
1.560000000000000053e+00 3.126435049295321011e+00 3.145826023669347382e+00
1.570000000000000062e+00 3.126437419751370239e+00 3.145831663891589525e+00
1.580000000000000071e+00 3.126437553599008101e+00 3.145831921169630174e+00
1.590000000000000080e+00 3.126439521271336730e+00 3.145834311645876902e+00
1.600000000000000089e+00 3.126442259475912255e+00 3.145840869586740585e+00
1.610000000000000098e+00 3.126442915755859975e+00 3.145842059105284694e+00
1.620000000000000107e+00 3.126447512981444188e+00 3.145849255512208398e+00
1.630000000000000115e+00 3.126448207263714085e+00 3.145849252295726206e+00
1.640000000000000124e+00 3.126448936127686373e+00 3.145849817534423387e+00
1.650000000000000133e+00 3.126447898096482270e+00 3.145849835315306819e+00
1.660000000000000142e+00 3.126447898096482270e+00 3.145849835315306819e+00
1.669999999999999929e+00 3.126447898096482270e+00 3.145849835315306819e+00
1.679999999999999938e+00 3.126447018625268193e+00 3.145849530337325284e+00
1.689999999999999947e+00 3.126448377017930991e+00 3.145850371012731461e+00
1.699999999999999956e+00 3.126448377017930991e+00 3.145850371012731461e+00
1.709999999999999964e+00 3.126448381090395134e+00 3.145850401940114782e+00
1.719999999999999973e+00 3.126448381090395134e+00 3.145850401940114782e+00
1.729999999999999982e+00 3.126448381090395134e+00 3.145850401940114782e+00
1.739999999999999991e+00 3.126448381090395134e+00 3.145850401940114782e+00
1.750000000000000000e+00 3.126448381090395134e+00 3.145850401940114782e+00
1.760000000000000009e+00 3.123194063484161287e+00 3.148813549283058233e+00
1.770000000000000018e+00 3.116675625339654587e+00 3.154467423452230967e+00
1.780000000000000027e+00 3.103565023284923452e+00 3.165081824115742126e+00
1.790000000000000036e+00 3.082642969096976771e+00 3.180299215484780007e+00
1.800000000000000044e+00 3.074528967075482289e+00 3.187404711809023627e+00
1.810000000000000053e+00 3.060812757976106635e+00 3.198756730797239545e+00
1.820000000000000062e+00 3.025430342130080774e+00 3.224960563431366722e+00
1.830000000000000071e+00 3.008069194637119637e+00 3.235844331516444683e+00
1.840000000000000080e+00 3.010604425656362437e+00 3.245641692622140972e+00
1.850000000000000089e+00 3.023099267737165974e+00 3.269187905772431790e+00
1.860000000000000098e+00 3.040897523709291672e+00 3.273620897563940257e+00
1.870000000000000107e+00 3.033799269376697971e+00 3.299329522499141021e+00
1.880000000000000115e+00 3.028269009893469033e+00 3.314324088732667484e+00
1.890000000000000124e+00 3.015000661076397304e+00 3.360029649883418568e+00
1.900000000000000133e+00 3.004792494529331393e+00 3.430195670019542398e+00
1.910000000000000142e+00 3.006437188157503826e+00 3.494991953306729293e+00
1.919999999999999929e+00 3.017121994644188288e+00 3.561950331644034851e+00
1.929999999999999938e+00 3.043370673937829896e+00 3.643754593872991610e+00
1.939999999999999947e+00 3.089413756061745175e+00 3.731545793918418674e+00
1.949999999999999956e+00 3.145443019415683938e+00 3.801985864880732979e+00
1.959999999999999964e+00 3.209513472047121674e+00 3.858271663341252378e+00
1.969999999999999973e+00 3.282212805943764522e+00 3.904188801521979890e+00
1.979999999999999982e+00 3.373810903149573992e+00 3.942427455991775798e+00
1.989999999999999991e+00 3.470974408767109498e+00 3.962101557963008336e+00
2.000000000000000000e+00 3.564761634883641506e+00 3.962355616421938898e+00
2.010000000000000231e+00 3.649030999828041466e+00 3.945361912679016037e+00
2.020000000000000018e+00 3.700643876186056058e+00 3.926633178443270200e+00
2.030000000000000249e+00 3.728890752168959377e+00 3.912755858038598600e+00
2.040000000000000036e+00 3.740043156481125397e+00 3.906455420846602689e+00
2.049999999999999822e+00 3.750029119661036692e+00 3.900619261071499810e+00
2.060000000000000053e+00 3.755276346757169925e+00 3.897578877165559952e+00
2.069999999999999840e+00 3.757193022224035062e+00 3.896486802199754962e+00
2.080000000000000071e+00 3.757806250497058631e+00 3.895950790189548929e+00
2.089999999999999858e+00 3.757868803839949479e+00 3.895619204520913037e+00
2.100000000000000089e+00 3.757612787714728064e+00 3.895581420096627667e+00
2.109999999999999876e+00 3.757457059602814731e+00 3.895535594024581272e+00
2.120000000000000107e+00 3.757345459834312784e+00 3.895458658851409517e+00
2.129999999999999893e+00 3.757177155695222925e+00 3.895425408758856012e+00
2.140000000000000124e+00 3.756220666533459873e+00 3.895228978871355441e+00
2.149999999999999911e+00 3.755355581250782393e+00 3.895125618190173888e+00
2.160000000000000142e+00 3.754989714276682378e+00 3.895072198574650812e+00
2.169999999999999929e+00 3.754547655709572052e+00 3.895009027678184577e+00
2.180000000000000160e+00 3.754146386329158425e+00 3.894937702368275190e+00
2.189999999999999947e+00 3.754069359571832187e+00 3.894989799535376385e+00
2.200000000000000178e+00 3.753908812634173309e+00 3.895074461782749964e+00
2.209999999999999964e+00 3.753911322083070878e+00 3.895142075777456192e+00
2.220000000000000195e+00 3.753738397600353327e+00 3.895147250421344243e+00
2.229999999999999982e+00 3.753288857174633453e+00 3.895225641245128489e+00
2.240000000000000213e+00 3.752686477572577672e+00 3.895321220686775554e+00
2.250000000000000000e+00 3.752372587823911587e+00 3.895349193334535443e+00
2.260000000000000231e+00 3.751720440916833432e+00 3.895407419462385334e+00
2.270000000000000018e+00 3.750915383508166556e+00 3.895446933434048020e+00
2.280000000000000249e+00 3.750425771524909635e+00 3.895504578540321283e+00
2.290000000000000036e+00 3.749659993010721504e+00 3.895508718808927018e+00
2.300000000000000266e+00 3.749439218523476836e+00 3.895549449207808212e+00
2.310000000000000053e+00 3.748722602177886110e+00 3.895583282870026309e+00
2.319999999999999840e+00 3.747476260547361715e+00 3.895508292627611002e+00
2.330000000000000071e+00 3.746621785297243434e+00 3.895569898815305798e+00
2.339999999999999858e+00 3.746357638772854770e+00 3.895632336412539587e+00
2.350000000000000089e+00 3.746031448435542810e+00 3.895701443715335888e+00
2.359999999999999876e+00 3.745782761818216233e+00 3.895786712721540201e+00
2.370000000000000107e+00 3.745507800746604499e+00 3.895953975319221829e+00
2.379999999999999893e+00 3.745088018113521766e+00 3.895969064005466276e+00
2.390000000000000124e+00 3.745050118656893634e+00 3.896042337540845057e+00
2.399999999999999911e+00 3.744213017644949293e+00 3.896535342259339618e+00
2.410000000000000142e+00 3.738241416807599915e+00 3.900668932194284455e+00
2.419999999999999929e+00 3.732660077552972577e+00 3.904491150936903576e+00
2.430000000000000160e+00 3.729388878446513900e+00 3.906123146223133169e+00
2.439999999999999947e+00 3.726789349677535057e+00 3.907232712614564285e+00
2.450000000000000178e+00 3.722904645407429047e+00 3.909425657217273642e+00
2.459999999999999964e+00 3.720978486010573238e+00 3.909853574531533038e+00
2.470000000000000195e+00 3.718265370123383207e+00 3.910971646111014444e+00
2.479999999999999982e+00 3.716006067062171958e+00 3.911919125994888446e+00
2.490000000000000213e+00 3.713579758292977928e+00 3.913259322822744579e+00
2.500000000000000000e+00 3.706173799883126119e+00 3.917275112432242690e+00
2.510000000000000231e+00 3.695548375175226941e+00 3.922941304971943932e+00
2.520000000000000018e+00 3.677498487151527051e+00 3.931956785227394668e+00
2.530000000000000249e+00 3.651681056263809566e+00 3.944479032799835139e+00
2.540000000000000036e+00 3.632545531347273648e+00 3.951710276438714420e+00
2.550000000000000266e+00 3.615209209974230564e+00 3.958545140811978502e+00
2.560000000000000053e+00 3.600066596628262339e+00 3.964067903317378239e+00
2.569999999999999840e+00 3.568927483164686887e+00 3.976280765112023996e+00
2.580000000000000071e+00 3.536705309504113881e+00 3.987219725042737917e+00
2.589999999999999858e+00 3.503225601795510347e+00 3.996833846360846376e+00
2.600000000000000089e+00 3.450690433932605661e+00 4.007807971123394708e+00
2.609999999999999876e+00 3.389135395709757415e+00 4.015613483994718180e+00
2.620000000000000107e+00 3.313771863634721537e+00 4.017901982390744919e+00
2.629999999999999893e+00 3.254050565298741926e+00 4.013692306162171874e+00
2.640000000000000124e+00 3.146411843234417915e+00 4.000061941960932899e+00
2.649999999999999911e+00 3.043296189409708585e+00 3.967300258601689666e+00
2.660000000000000142e+00 2.938743615838191214e+00 3.922267237061360046e+00
2.669999999999999929e+00 2.863376339527324177e+00 3.879932868326946505e+00
2.680000000000000160e+00 2.798341742333956272e+00 3.834678716926984254e+00
2.689999999999999947e+00 2.734239008796212289e+00 3.784454351665976546e+00
2.700000000000000178e+00 2.667082684665718517e+00 3.709218011731109321e+00
2.709999999999999964e+00 2.601863157116990344e+00 3.631416291296858390e+00
2.720000000000000195e+00 2.542624505270882462e+00 3.553401198946074313e+00
2.729999999999999982e+00 2.484780749711656522e+00 3.469823649280404876e+00
2.740000000000000213e+00 2.437238301442451682e+00 3.387763896524124352e+00
2.750000000000000000e+00 2.388933889666917221e+00 3.263086019219038736e+00
2.760000000000000231e+00 2.368145267141193333e+00 3.135966128506332051e+00
2.770000000000000018e+00 2.372662836248736085e+00 3.061979532127518944e+00
2.780000000000000249e+00 2.376391239905303543e+00 3.033511172843033066e+00
2.790000000000000036e+00 2.383704127171272891e+00 3.019984309248691101e+00
2.800000000000000266e+00 2.385206651034031289e+00 2.997847660699214600e+00
2.810000000000000053e+00 2.387355341397388475e+00 2.984318998190299776e+00
2.819999999999999840e+00 2.389556121467492300e+00 2.999979697543242008e+00
2.830000000000000071e+00 2.393558834950757497e+00 3.042139425881075443e+00
2.839999999999999858e+00 2.397962815792286762e+00 3.088556095474039864e+00
2.850000000000000089e+00 2.408148473186551008e+00 3.134487715659083129e+00
2.859999999999999876e+00 2.427571774631116952e+00 3.191753964638139429e+00
2.870000000000000107e+00 2.461933567436495718e+00 3.268488975574216138e+00
2.879999999999999893e+00 2.517515546941856641e+00 3.350210999658008504e+00
2.890000000000000124e+00 2.579101490512913930e+00 3.422312914780551107e+00
2.899999999999999911e+00 2.634714116885530810e+00 3.479868213322294235e+00
2.910000000000000142e+00 2.674809877805833125e+00 3.522496058478232328e+00
2.919999999999999929e+00 2.722655648472915857e+00 3.562862732335914551e+00
2.930000000000000160e+00 2.785967696589364273e+00 3.605593302041159021e+00
2.939999999999999947e+00 2.861347367395710606e+00 3.647093859363246260e+00
2.950000000000000178e+00 2.933643074911092441e+00 3.678426619689012966e+00
2.959999999999999964e+00 3.003651624136764120e+00 3.701939650043648555e+00
2.970000000000000195e+00 3.080735136491988158e+00 3.718725526616837307e+00
2.979999999999999982e+00 3.186532435081563808e+00 3.725300174538530573e+00
2.990000000000000213e+00 3.324700582386934222e+00 3.703967444656408148e+00
3.000000000000000000e+00 3.541128119096191185e+00 3.585986979179947021e+00
