0.000000000000000000e+00 1.736301688158338186e-01 2.057359190437795249e-01
1.000000000000000021e-02 6.744791239861773757e-01 7.452006835945581553e-01
2.000000000000000042e-02 6.852945156008726224e-01 7.427114381394416265e-01
2.999999999999999889e-02 6.854832766733263139e-01 7.427567238795971249e-01
4.000000000000000083e-02 5.989772127607451147e-01 8.402612761674157493e-01
5.000000000000000278e-02 2.751333712983749624e+00 3.674723856702426072e+00
5.999999999999999778e-02 3.274800616959441246e+00 3.327170902199929170e+00
7.000000000000000666e-02 3.274806460681239706e+00 3.327157461132543403e+00
8.000000000000000167e-02 3.274834580843137388e+00 3.327112768294113287e+00
8.999999999999999667e-02 3.275485926633979528e+00 3.326714333692267989e+00
1.000000000000000056e-01 3.275784857045935805e+00 3.326419980293127576e+00
1.100000000000000006e-01 3.276273783323659483e+00 3.325977217884330539e+00
1.199999999999999956e-01 3.276696059084355461e+00 3.325379157565805599e+00
1.300000000000000044e-01 3.277017225543785273e+00 3.324890385306535023e+00
1.400000000000000133e-01 3.277384667248858907e+00 3.324204956938006550e+00
1.499999999999999944e-01 3.277967594219229674e+00 3.323253623198075601e+00
1.600000000000000033e-01 3.278424997141976327e+00 3.322463117170875613e+00
1.700000000000000122e-01 3.278746149523653397e+00 3.322221506476936259e+00
1.799999999999999933e-01 3.279255152509532589e+00 3.321756251855043640e+00
1.900000000000000022e-01 3.280215009451191932e+00 3.321337647807150795e+00
2.000000000000000111e-01 3.281110675315067393e+00 3.320904802336603456e+00
2.099999999999999922e-01 3.282248211180012643e+00 3.320831351409380350e+00
2.200000000000000011e-01 3.282605368775820320e+00 3.320643323400242597e+00
2.300000000000000100e-01 3.283165575859349428e+00 3.320532483599236695e+00
2.399999999999999911e-01 3.283230504837772123e+00 3.320356843228813304e+00
2.500000000000000000e-01 3.283319207830841080e+00 3.320149564526968078e+00
2.600000000000000089e-01 3.283459194673370884e+00 3.320056869376655673e+00
2.700000000000000178e-01 3.283559200902051334e+00 3.319807823303011052e+00
2.800000000000000266e-01 3.283620979764361625e+00 3.319654251193761230e+00
2.899999999999999800e-01 3.283837685142425133e+00 3.319525828904275944e+00
2.999999999999999889e-01 3.284134640159570129e+00 3.319257386615138916e+00
3.099999999999999978e-01 3.284247275223269202e+00 3.319081537968486817e+00
3.200000000000000067e-01 3.284483337164512573e+00 3.319088344921131917e+00
3.300000000000000155e-01 3.284797683021355663e+00 3.319369772874215752e+00
3.400000000000000244e-01 3.284980045026262285e+00 3.319598726391109533e+00
3.500000000000000333e-01 3.285125756130705010e+00 3.319662325716168372e+00
3.599999999999999867e-01 3.285136513867859875e+00 3.319665121720355216e+00
3.699999999999999956e-01 3.285160074589938528e+00 3.319799903255628681e+00
3.800000000000000044e-01 3.285247434901149344e+00 3.320074937567656814e+00
3.900000000000000133e-01 3.285237847767335406e+00 3.320050535224335686e+00
4.000000000000000222e-01 3.285235395347347875e+00 3.320016537205120244e+00
4.100000000000000311e-01 3.285222114415032646e+00 3.319966328072117445e+00
4.199999999999999845e-01 3.285220216364483470e+00 3.319931156817824025e+00
4.299999999999999933e-01 3.285210276751919345e+00 3.319871725944250507e+00
4.400000000000000022e-01 3.285202266740105514e+00 3.319856362330416033e+00
4.500000000000000111e-01 3.285190813675546995e+00 3.319842097951182236e+00
4.600000000000000200e-01 3.285184925008257206e+00 3.319825612462931286e+00
4.700000000000000289e-01 3.285177339329984125e+00 3.319806554364150397e+00
4.799999999999999822e-01 3.285160048526303278e+00 3.319778753171291896e+00
4.899999999999999911e-01 3.285151302721808886e+00 3.319766866081030887e+00
5.000000000000000000e-01 3.285136357555334730e+00 3.319736708604553055e+00
5.100000000000000089e-01 3.285120728215922270e+00 3.319714305086348460e+00
5.200000000000000178e-01 3.285102733547646814e+00 3.319678654520178185e+00
5.300000000000000266e-01 3.285090679917761491e+00 3.319662149712123700e+00
5.400000000000000355e-01 3.285073584085312248e+00 3.319638720267409582e+00
5.500000000000000444e-01 3.285055169739655945e+00 3.319577588775517007e+00
5.600000000000000533e-01 3.285035877490768641e+00 3.319530606731493805e+00
5.700000000000000622e-01 3.285015777774722423e+00 3.319479013603028328e+00
5.799999999999999600e-01 3.284992018453136264e+00 3.319447191383485762e+00
5.899999999999999689e-01 3.284949259234981156e+00 3.319402661927077780e+00
5.999999999999999778e-01 3.284927437043070775e+00 3.319372175276391168e+00
6.099999999999999867e-01 3.284888454167908201e+00 3.319289154608084935e+00
6.199999999999999956e-01 3.284868239458811789e+00 3.319158803309978811e+00
6.300000000000000044e-01 3.284832899200881950e+00 3.319103653256753272e+00
6.400000000000000133e-01 3.284859613813395196e+00 3.318965466620463101e+00
6.500000000000000222e-01 3.284843535870070497e+00 3.318925274263705205e+00
6.600000000000000311e-01 3.284934037322301048e+00 3.318655545121889983e+00
6.700000000000000400e-01 3.285011046564648485e+00 3.318373329060025245e+00
6.800000000000000488e-01 3.285102706360510716e+00 3.318065179680336207e+00
6.900000000000000577e-01 3.285153574886956029e+00 3.317815369719347096e+00
7.000000000000000666e-01 3.285296314851700483e+00 3.317353001158716896e+00
7.099999999999999645e-01 3.285409808975202406e+00 3.317035915007408686e+00
7.199999999999999734e-01 3.285691979162518095e+00 3.316311002711175959e+00
7.299999999999999822e-01 3.286175970079106889e+00 3.315274001164384643e+00
7.399999999999999911e-01 3.286369605529524840e+00 3.314836044481550559e+00
7.500000000000000000e-01 3.286699964679931973e+00 3.314106395890698664e+00
7.600000000000000089e-01 3.286809686999994096e+00 3.313780065745809633e+00
7.700000000000000178e-01 3.287634797145567944e+00 3.312289078728934300e+00
7.800000000000000266e-01 3.287838591337993055e+00 3.311769396861877102e+00
7.900000000000000355e-01 3.287777065398365561e+00 3.311632615043133665e+00
8.000000000000000444e-01 3.287906374865764203e+00 3.311241392859513244e+00
8.100000000000000533e-01 3.287883389480086738e+00 3.311034529775124025e+00
8.200000000000000622e-01 3.287845581753873425e+00 3.310870109153966290e+00
8.300000000000000711e-01 3.287781133649601895e+00 3.310841392951832329e+00
8.399999999999999689e-01 3.287679314600432612e+00 3.310744343283551494e+00
8.499999999999999778e-01 3.287584862175001899e+00 3.310670875129265500e+00
8.599999999999999867e-01 3.287549846373003515e+00 3.310581579320035939e+00
8.699999999999999956e-01 3.287455256391985436e+00 3.310571417920390225e+00
8.800000000000000044e-01 3.287337944474784557e+00 3.310572781402915332e+00
8.900000000000000133e-01 3.287227841094971126e+00 3.310581384979489172e+00
9.000000000000000222e-01 3.287118035219979362e+00 3.310543133846988617e+00
9.100000000000000311e-01 3.287043960733360581e+00 3.310521158005216957e+00
9.200000000000000400e-01 3.286899968117439563e+00 3.310500456471943131e+00
9.300000000000000488e-01 3.286767178135823197e+00 3.310474404277513383e+00
9.400000000000000577e-01 3.286590224093443258e+00 3.310445146482877465e+00
9.500000000000000666e-01 3.286431573112209570e+00 3.310439446017774401e+00
9.599999999999999645e-01 3.286181142319991810e+00 3.310453428647113672e+00
9.699999999999999734e-01 3.285909811554791116e+00 3.310528871952631125e+00
9.799999999999999822e-01 3.285633597865131428e+00 3.310576215669089883e+00
9.899999999999999911e-01 3.285416915462970877e+00 3.310559760074452740e+00
1.000000000000000000e+00 3.285081080769773898e+00 3.310625689505486413e+00
1.010000000000000009e+00 3.284868882506772891e+00 3.310662942168929312e+00
1.020000000000000018e+00 3.284660022666352042e+00 3.310693137458687652e+00
1.030000000000000027e+00 3.284306488670891699e+00 3.310750184843355814e+00
1.040000000000000036e+00 3.283964363934237518e+00 3.310806733977219807e+00
1.050000000000000044e+00 3.283602125768471325e+00 3.310896028637085209e+00
1.060000000000000053e+00 3.283179198743508831e+00 3.310981617894664719e+00
1.070000000000000062e+00 3.282783921527291593e+00 3.311079175233434757e+00
1.080000000000000071e+00 3.282407007492357476e+00 3.311179219430511633e+00
1.090000000000000080e+00 3.281961289017543582e+00 3.311313553849089875e+00
1.100000000000000089e+00 3.281358207400670413e+00 3.311512308474285238e+00
1.110000000000000098e+00 3.280928369178575110e+00 3.311654873501219676e+00
1.120000000000000107e+00 3.280611700578049739e+00 3.311773272793521183e+00
1.130000000000000115e+00 3.280050848371262706e+00 3.311962124427455745e+00
1.140000000000000124e+00 3.279427889183134770e+00 3.312170669744561646e+00
1.150000000000000133e+00 3.279042997030943596e+00 3.312317191460231847e+00
1.159999999999999920e+00 3.278553647692971751e+00 3.312479379317131212e+00
1.169999999999999929e+00 3.278060659465384497e+00 3.312641475979600791e+00
1.179999999999999938e+00 3.277694308608381846e+00 3.312739437862989966e+00
1.189999999999999947e+00 3.277390178843433421e+00 3.312822546769847332e+00
1.199999999999999956e+00 3.277029124267101690e+00 3.312941961244780575e+00
1.209999999999999964e+00 3.276582016279842691e+00 3.313111241488965852e+00
1.219999999999999973e+00 3.276018626892501118e+00 3.313338805681723009e+00
1.229999999999999982e+00 3.275556999479159792e+00 3.313513022784417394e+00
1.239999999999999991e+00 3.275058873792092040e+00 3.313705803802458494e+00
1.250000000000000000e+00 3.274504183787620093e+00 3.313915212528156573e+00
1.260000000000000009e+00 3.274180312466894893e+00 3.314040782935313789e+00
1.270000000000000018e+00 3.273766267793472018e+00 3.314197453555352446e+00
1.280000000000000027e+00 3.273459263859293422e+00 3.314307646348649605e+00
1.290000000000000036e+00 3.273206928038892016e+00 3.314377994907477643e+00
1.300000000000000044e+00 3.273023053773937097e+00 3.314427463879985769e+00
1.310000000000000053e+00 3.272669005296477973e+00 3.314542795550014187e+00
1.320000000000000062e+00 3.272241636759105621e+00 3.314700941044647298e+00
1.330000000000000071e+00 3.272029968602539363e+00 3.314773931730589318e+00
1.340000000000000080e+00 3.271713748653967802e+00 3.314891781001065407e+00
1.350000000000000089e+00 3.271325399858639127e+00 3.315042201338616490e+00
1.360000000000000098e+00 3.271144055734349188e+00 3.315108915051202310e+00
1.370000000000000107e+00 3.270912551103810628e+00 3.315197065827016232e+00
1.380000000000000115e+00 3.270778163600884358e+00 3.315248596181537888e+00
1.390000000000000124e+00 3.270570413836439982e+00 3.315318888605712999e+00
1.400000000000000133e+00 3.270376822763786162e+00 3.315392749997719601e+00
1.409999999999999920e+00 3.269843799667493833e+00 3.315765745531546571e+00
1.419999999999999929e+00 3.269368615125237909e+00 3.316110387625971434e+00
1.429999999999999938e+00 3.267627461279329015e+00 3.317431946351680150e+00
1.439999999999999947e+00 3.266685598330540952e+00 3.318085298903487246e+00
1.449999999999999956e+00 3.263908825745327036e+00 3.320179054041586753e+00
1.459999999999999964e+00 3.259634599947996314e+00 3.323363475773629006e+00
1.469999999999999973e+00 3.256984410564219168e+00 3.325218174346608713e+00
1.479999999999999982e+00 3.252368639905525161e+00 3.328414194015025362e+00
1.489999999999999991e+00 3.248343423907649186e+00 3.331039481187364704e+00
1.500000000000000000e+00 3.243397312745589289e+00 3.334208359330125937e+00
1.510000000000000009e+00 3.238747895392633858e+00 3.337122385113195477e+00
1.520000000000000018e+00 3.235272318670849412e+00 3.339211849848816360e+00
1.530000000000000027e+00 3.231269027185253329e+00 3.341645368086219037e+00
1.540000000000000036e+00 3.230751255748026907e+00 3.341947912283571576e+00
1.550000000000000044e+00 3.228905991044444868e+00 3.343163521304219898e+00
1.560000000000000053e+00 3.228619039226966692e+00 3.343328339736837407e+00
1.570000000000000062e+00 3.227863040951698181e+00 3.343842306168529177e+00
1.580000000000000071e+00 3.226816966777914075e+00 3.344588260891384834e+00
1.590000000000000080e+00 3.224458367624106092e+00 3.346100916320930541e+00
1.600000000000000089e+00 3.221840330589892165e+00 3.347756481524819083e+00
1.610000000000000098e+00 3.221779027126968842e+00 3.347824186395896184e+00
1.620000000000000107e+00 3.221844412350732156e+00 3.347810721167879144e+00
1.630000000000000115e+00 3.222218059680195257e+00 3.347612983086146965e+00
1.640000000000000124e+00 3.222466646387479372e+00 3.347484462976481723e+00
1.650000000000000133e+00 3.223629292667610002e+00 3.346797977883696262e+00
1.660000000000000142e+00 3.227222270955287797e+00 3.344635741051257938e+00
1.669999999999999929e+00 3.231908289316397731e+00 3.341832670180206133e+00
1.679999999999999938e+00 3.237166883276427320e+00 3.338536688737993252e+00
1.689999999999999947e+00 3.243320003403539431e+00 3.334687688826726948e+00
1.699999999999999956e+00 3.245619181518950125e+00 3.334620726528136903e+00
1.709999999999999964e+00 3.248967036002297526e+00 3.333077384234479190e+00
1.719999999999999973e+00 3.251592692128744133e+00 3.332330113104843505e+00
1.729999999999999982e+00 3.254207900615163407e+00 3.331668370651817757e+00
1.739999999999999991e+00 3.254546787115616180e+00 3.332270144531011002e+00
1.750000000000000000e+00 3.253152436427032335e+00 3.335240686284390854e+00
1.760000000000000009e+00 3.251436276734380737e+00 3.338384322837806284e+00
1.770000000000000018e+00 3.248378968593613081e+00 3.343145502433182870e+00
1.780000000000000027e+00 3.245881569170497638e+00 3.347114725335959218e+00
1.790000000000000036e+00 3.242795205094473499e+00 3.352358709386241475e+00
1.800000000000000044e+00 3.240378616854938443e+00 3.356807495289448440e+00
1.810000000000000053e+00 3.238132612574718738e+00 3.361042576592695230e+00
1.820000000000000062e+00 3.235946285558790603e+00 3.365569703247393019e+00
1.830000000000000071e+00 3.233251007737258487e+00 3.371850333780352482e+00
1.840000000000000080e+00 3.231875969708832397e+00 3.375369062374071749e+00
1.850000000000000089e+00 3.230519978490701938e+00 3.378855452293091588e+00
1.860000000000000098e+00 3.228724689527414426e+00 3.383547916492790186e+00
1.870000000000000107e+00 3.226369769003511578e+00 3.390272702423221318e+00
1.880000000000000115e+00 3.223545811749378043e+00 3.398902095540877522e+00
1.890000000000000124e+00 3.220272879779762842e+00 3.409436700162749023e+00
1.900000000000000133e+00 3.217209788872294141e+00 3.420598076624836281e+00
1.910000000000000142e+00 3.214742405374353407e+00 3.429578808899771847e+00
1.919999999999999929e+00 3.212642319504694477e+00 3.437703292364258978e+00
1.929999999999999938e+00 3.210093499046530852e+00 3.448671468507635396e+00
1.939999999999999947e+00 3.208128230809927928e+00 3.460192009993544815e+00
1.949999999999999956e+00 3.206194273588746313e+00 3.473610578674595217e+00
1.959999999999999964e+00 3.204707486409370532e+00 3.490064721669122960e+00
1.969999999999999973e+00 3.203859604825070040e+00 3.506903445697227450e+00
1.979999999999999982e+00 3.204031555912050688e+00 3.528179138534098147e+00
1.989999999999999991e+00 3.205828622338458889e+00 3.555032459346863849e+00
2.000000000000000000e+00 3.210381008758778520e+00 3.584917303377245013e+00
2.010000000000000231e+00 3.219381834158050459e+00 3.619937814823883215e+00
2.020000000000000018e+00 3.233100055618695290e+00 3.655608934286371348e+00
2.030000000000000249e+00 3.251141383950609143e+00 3.690323072551219052e+00
2.040000000000000036e+00 3.276636294034597441e+00 3.726270983979227402e+00
2.049999999999999822e+00 3.307728250949288462e+00 3.759455187209769900e+00
2.060000000000000053e+00 3.341977491259759514e+00 3.787660457121889035e+00
2.069999999999999840e+00 3.380755796568902127e+00 3.811240307401767780e+00
2.080000000000000071e+00 3.424427368601405064e+00 3.830029089317851465e+00
2.089999999999999858e+00 3.466073759995225156e+00 3.841309342029757712e+00
2.100000000000000089e+00 3.506849066506246171e+00 3.847175344285325149e+00
2.109999999999999876e+00 3.544682744459427326e+00 3.848024247604677761e+00
2.120000000000000107e+00 3.578815236746594852e+00 3.845139475916837579e+00
2.129999999999999893e+00 3.609352717938360655e+00 3.839234369716027828e+00
2.140000000000000124e+00 3.636792675712842371e+00 3.831190903142422055e+00
2.149999999999999911e+00 3.660450188969540442e+00 3.821983138326481289e+00
2.160000000000000142e+00 3.677546102604221989e+00 3.813803077757150550e+00
2.169999999999999929e+00 3.688711610940203833e+00 3.807729580267609215e+00
2.180000000000000160e+00 3.697024711400268338e+00 3.802899869520481424e+00
2.189999999999999947e+00 3.703463632167487862e+00 3.798982920501896121e+00
2.200000000000000178e+00 3.709731391669812695e+00 3.794935041230668382e+00
2.209999999999999964e+00 3.713856946830433881e+00 3.792162429402194501e+00
2.220000000000000195e+00 3.720163525202788257e+00 3.787863720358481068e+00
2.229999999999999982e+00 3.722524112711542710e+00 3.786068131430720296e+00
2.240000000000000213e+00 3.725945731109059356e+00 3.783433605045851689e+00
2.250000000000000000e+00 3.727835203528548913e+00 3.781871029044205468e+00
2.260000000000000231e+00 3.728327293755365979e+00 3.781367418946222969e+00
2.270000000000000018e+00 3.730370119072323298e+00 3.779576225350375296e+00
2.280000000000000249e+00 3.730687290220855878e+00 3.779081079025451650e+00
2.290000000000000036e+00 3.731219264147850545e+00 3.778317130169725147e+00
2.300000000000000266e+00 3.731515450643819953e+00 3.777922806371916131e+00
2.310000000000000053e+00 3.731739788621451392e+00 3.777521346333221341e+00
2.319999999999999840e+00 3.731983923028086014e+00 3.777129315884070859e+00
2.330000000000000071e+00 3.732261963326397591e+00 3.776636059807950474e+00
2.339999999999999858e+00 3.732466082145991848e+00 3.776229252412611537e+00
2.350000000000000089e+00 3.732592576785012994e+00 3.775943163050744289e+00
2.359999999999999876e+00 3.732772811067179397e+00 3.775643093096028302e+00
2.370000000000000107e+00 3.732908175768057113e+00 3.775383829661518753e+00
2.379999999999999893e+00 3.733089187003586051e+00 3.775038538633059826e+00
2.390000000000000124e+00 3.733280304606212852e+00 3.774685501149283695e+00
2.399999999999999911e+00 3.733517067486748164e+00 3.774253835425710246e+00
2.410000000000000142e+00 3.733835153184014377e+00 3.773730913916358620e+00
2.419999999999999929e+00 3.734001305830860762e+00 3.773432374054108696e+00
2.430000000000000160e+00 3.734165624158919172e+00 3.773153372945636796e+00
2.439999999999999947e+00 3.734342844894059876e+00 3.772844551350928999e+00
2.450000000000000178e+00 3.734530383913875706e+00 3.772522607463187239e+00
2.459999999999999964e+00 3.734674660098026955e+00 3.772242934954432414e+00
2.470000000000000195e+00 3.734729632044901937e+00 3.772107660172894672e+00
2.479999999999999982e+00 3.734823113851422516e+00 3.771931798551196646e+00
2.490000000000000213e+00 3.734922560143516979e+00 3.771705460676851640e+00
2.500000000000000000e+00 3.735057658100240374e+00 3.771449886912964899e+00
2.510000000000000231e+00 3.735091244900045737e+00 3.771372674068436126e+00
2.520000000000000018e+00 3.735165072032756939e+00 3.771213366734579964e+00
2.530000000000000249e+00 3.735237184868481553e+00 3.771076198830020321e+00
2.540000000000000036e+00 3.735273452390473370e+00 3.771002218210059542e+00
2.550000000000000266e+00 3.735337489491176832e+00 3.770863373645500616e+00
2.560000000000000053e+00 3.735429070633072612e+00 3.770688391257711380e+00
2.569999999999999840e+00 3.735525957451390600e+00 3.770486277189859958e+00
2.580000000000000071e+00 3.735597223953782464e+00 3.770341823763052158e+00
2.589999999999999858e+00 3.735661316284585975e+00 3.770212662177736984e+00
2.600000000000000089e+00 3.735746721611890031e+00 3.770038800476232410e+00
2.609999999999999876e+00 3.735824883975668698e+00 3.769869998312696424e+00
2.620000000000000107e+00 3.735901356715892518e+00 3.769723688781111193e+00
2.629999999999999893e+00 3.735977566835983144e+00 3.769561204839484869e+00
2.640000000000000124e+00 3.736077394457950174e+00 3.769368680923958603e+00
2.649999999999999911e+00 3.736179843313930160e+00 3.769182397128653772e+00
2.660000000000000142e+00 3.736216069862920097e+00 3.769102338112837014e+00
2.669999999999999929e+00 3.736288575754577401e+00 3.768956493184718148e+00
2.680000000000000160e+00 3.736349121168738296e+00 3.768832602729216052e+00
2.689999999999999947e+00 3.736386821411781245e+00 3.768760598634604886e+00
2.700000000000000178e+00 3.736443459073046647e+00 3.768633092667696971e+00
2.709999999999999964e+00 3.736455925196960237e+00 3.768605415797132707e+00
2.720000000000000195e+00 3.736512159584393977e+00 3.768503321588377197e+00
2.729999999999999982e+00 3.736555310620986337e+00 3.768409121138732498e+00
2.740000000000000213e+00 3.736565678785856548e+00 3.768385993682874080e+00
2.750000000000000000e+00 3.736578436870590991e+00 3.768360107508181400e+00
2.760000000000000231e+00 3.736602049553369387e+00 3.768307707914120730e+00
2.770000000000000018e+00 3.736643561730203178e+00 3.768227170597798992e+00
2.780000000000000249e+00 3.736705535425178581e+00 3.768119329492593650e+00
2.790000000000000036e+00 3.736733837414065285e+00 3.768060765162821291e+00
2.800000000000000266e+00 3.736772190866822552e+00 3.767989442404392708e+00
2.810000000000000053e+00 3.736794412547036259e+00 3.767950313620562319e+00
2.819999999999999840e+00 3.736839989105640747e+00 3.767873872926896794e+00
2.830000000000000071e+00 3.736875657254063121e+00 3.767809879478836166e+00
2.839999999999999858e+00 3.736908594731921607e+00 3.767753519445717014e+00
2.850000000000000089e+00 3.736942140543038970e+00 3.767697646200208528e+00
2.859999999999999876e+00 3.736998500771682163e+00 3.767604936978551589e+00
2.870000000000000107e+00 3.737035756103015860e+00 3.767543504527491205e+00
2.879999999999999893e+00 3.737080427317960307e+00 3.767473604101198248e+00
2.890000000000000124e+00 3.737112413556318291e+00 3.767420154013703115e+00
2.899999999999999911e+00 3.737156885069672807e+00 3.767346933943815923e+00
2.910000000000000142e+00 3.737156885069672807e+00 3.767346933943815923e+00
2.919999999999999929e+00 3.737174461376975731e+00 3.767316664408611349e+00
2.930000000000000160e+00 3.737177995359006299e+00 3.767310900647156569e+00
2.939999999999999947e+00 3.737256439689750298e+00 3.767181539964433501e+00
2.950000000000000178e+00 3.737285010998688151e+00 3.767133281641043219e+00
2.959999999999999964e+00 3.737322158402589523e+00 3.767070987535488413e+00
2.970000000000000195e+00 3.737376213806880454e+00 3.766982797701634578e+00
2.979999999999999982e+00 3.737428994590416664e+00 3.766894835844137646e+00
2.990000000000000213e+00 3.737449839436806087e+00 3.766853563299233265e+00
3.000000000000000000e+00 3.737482377425724422e+00 3.766799676329860347e+00
