0.000000000000000000e+00 5.747452005463833391e-01 1.389578915658593594e+00
1.000000000000000021e-02 1.646211595038165498e+00 2.442057015434513367e+00
2.000000000000000042e-02 2.139299183596662157e+00 2.398001548231550206e+00
2.999999999999999889e-02 2.210240379782329789e+00 2.363295866598476458e+00
4.000000000000000083e-02 2.212026053545425697e+00 2.362673547179748645e+00
5.000000000000000278e-02 2.212026053545425697e+00 2.362673547179748645e+00
5.999999999999999778e-02 2.212026047316437705e+00 2.362673535260314317e+00
7.000000000000000666e-02 2.212025422816962461e+00 2.362672493633538373e+00
8.000000000000000167e-02 2.212025422816962461e+00 2.362672493633538373e+00
8.999999999999999667e-02 2.211909454698263833e+00 2.362569810700715589e+00
1.000000000000000056e-01 2.211832393700592370e+00 2.362499984419829779e+00
1.100000000000000006e-01 2.211778321817380100e+00 2.362439584915179136e+00
1.199999999999999956e-01 2.211698454359801946e+00 2.362317021280495144e+00
1.300000000000000044e-01 2.211399843309761692e+00 2.362040422622321501e+00
1.400000000000000133e-01 2.211058496017401342e+00 2.361705101866776513e+00
1.499999999999999944e-01 2.209640957643038028e+00 2.360558472741598024e+00
1.600000000000000033e-01 2.206904500194224905e+00 2.359765831505623357e+00
1.700000000000000122e-01 2.204465669636974212e+00 2.359283808843841257e+00
1.799999999999999933e-01 2.200407590838836303e+00 2.358570833428932811e+00
1.900000000000000022e-01 2.196745723434354591e+00 2.358181235484216653e+00
2.000000000000000111e-01 2.191783857913054412e+00 2.362600957474671581e+00
2.099999999999999922e-01 2.172111077842286964e+00 2.394431545534559280e+00
2.200000000000000011e-01 2.145763341725424933e+00 2.453391525813981122e+00
2.300000000000000100e-01 2.114642938764141888e+00 2.591278250644160508e+00
2.399999999999999911e-01 2.121523325706298646e+00 2.787736560072128444e+00
2.500000000000000000e-01 2.196903009599835421e+00 2.999131500821917484e+00
2.600000000000000089e-01 2.387212181051422633e+00 3.204741145378898537e+00
2.700000000000000178e-01 2.639463757332536353e+00 3.323770970779684752e+00
2.800000000000000266e-01 2.839880528969739526e+00 3.315744649162317703e+00
2.899999999999999800e-01 2.937288049214635155e+00 3.275495030366625482e+00
2.999999999999999889e-01 3.001129795732719430e+00 3.237244522895592169e+00
3.099999999999999978e-01 3.053228480154585256e+00 3.191615543178010661e+00
3.200000000000000067e-01 3.084379806006714908e+00 3.159684032098486917e+00
3.300000000000000155e-01 3.109964416215107885e+00 3.131724964125468080e+00
3.400000000000000244e-01 3.109964416215107885e+00 3.131724964125468080e+00
3.500000000000000333e-01 3.109964416215107885e+00 3.131724964125468080e+00
3.599999999999999867e-01 3.109964416215107885e+00 3.131724964125468080e+00
3.699999999999999956e-01 3.109964416215107885e+00 3.131724964125468080e+00
3.800000000000000044e-01 3.109964416215107885e+00 3.131724964125468080e+00
3.900000000000000133e-01 3.109964416215107885e+00 3.131724964125468080e+00
4.000000000000000222e-01 3.109964416215107885e+00 3.131724964125468080e+00
4.100000000000000311e-01 3.109964416215107885e+00 3.131724964125468080e+00
4.199999999999999845e-01 3.109964416215107885e+00 3.131724964125468080e+00
4.299999999999999933e-01 3.109964416215107885e+00 3.131724964125468080e+00
4.400000000000000022e-01 3.109964416215107885e+00 3.131724964125468080e+00
4.500000000000000111e-01 3.109964416215107885e+00 3.131724964125468080e+00
4.600000000000000200e-01 3.109964416215107885e+00 3.131724964125468080e+00
4.700000000000000289e-01 3.109964416215107885e+00 3.131724964125468080e+00
4.799999999999999822e-01 3.109964416215107885e+00 3.131724964125468080e+00
4.899999999999999911e-01 3.109964416215107885e+00 3.131724964125468080e+00
5.000000000000000000e-01 3.109964416215107885e+00 3.131724964125468080e+00
5.100000000000000089e-01 3.109964416215107885e+00 3.131724964125468080e+00
5.200000000000000178e-01 3.109964416215107885e+00 3.131724964125468080e+00
5.300000000000000266e-01 3.109964416215107885e+00 3.131724964125468080e+00
5.400000000000000355e-01 3.109964416215107885e+00 3.131724964125468080e+00
5.500000000000000444e-01 3.109964416215107885e+00 3.131724964125468080e+00
5.600000000000000533e-01 3.109964416215107885e+00 3.131724964125468080e+00
5.700000000000000622e-01 3.109964416215107885e+00 3.131724964125468080e+00
5.799999999999999600e-01 3.109964416215107885e+00 3.131724964125468080e+00
5.899999999999999689e-01 3.109964416215107885e+00 3.131724964125468080e+00
5.999999999999999778e-01 3.109964416215107885e+00 3.131724964125468080e+00
6.099999999999999867e-01 3.109964416215107885e+00 3.131724964125468080e+00
6.199999999999999956e-01 3.109964416215107885e+00 3.131724964125468080e+00
6.300000000000000044e-01 3.109964416215107885e+00 3.131724964125468080e+00
6.400000000000000133e-01 3.109964416215107885e+00 3.131724964125468080e+00
6.500000000000000222e-01 3.109964416215107885e+00 3.131724964125468080e+00
6.600000000000000311e-01 3.109964416215107885e+00 3.131724964125468080e+00
6.700000000000000400e-01 3.109964416215107885e+00 3.131724964125468080e+00
6.800000000000000488e-01 3.109964416215107885e+00 3.131724964125468080e+00
6.900000000000000577e-01 3.109964416215107885e+00 3.131724964125468080e+00
7.000000000000000666e-01 3.109964416215107885e+00 3.131724964125468080e+00
7.099999999999999645e-01 3.109964416215107885e+00 3.131724964125468080e+00
7.199999999999999734e-01 3.109964416215107885e+00 3.131724964125468080e+00
7.299999999999999822e-01 3.109964416215107885e+00 3.131724964125468080e+00
7.399999999999999911e-01 3.109964416215107885e+00 3.131724964125468080e+00
7.500000000000000000e-01 3.109964416215107885e+00 3.131724964125468080e+00
7.600000000000000089e-01 3.109964416215107885e+00 3.131724964125468080e+00
7.700000000000000178e-01 3.109964416215107885e+00 3.131724964125468080e+00
7.800000000000000266e-01 3.109964761576473169e+00 3.131725047912776727e+00
7.900000000000000355e-01 3.109965452316617363e+00 3.131725215469981283e+00
8.000000000000000444e-01 3.109967781583138802e+00 3.131725894926717935e+00
8.100000000000000533e-01 3.109978487620186804e+00 3.131730227809119249e+00
8.200000000000000622e-01 3.110003871623800098e+00 3.131739559725000621e+00
8.300000000000000711e-01 3.110016295884838744e+00 3.131743692227610953e+00
8.399999999999999689e-01 3.110030428833354232e+00 3.131752798991810582e+00
8.499999999999999778e-01 3.110042569253042899e+00 3.131763108518525129e+00
8.599999999999999867e-01 3.110061994222750759e+00 3.131782063861737075e+00
8.699999999999999956e-01 3.110078175876886508e+00 3.131795548807828400e+00
8.800000000000000044e-01 3.110103828456415087e+00 3.131812941319929600e+00
8.900000000000000133e-01 3.110120498608976991e+00 3.131833052521317828e+00
9.000000000000000222e-01 3.110135642252470412e+00 3.131853248905633436e+00
9.100000000000000311e-01 3.110144924787090037e+00 3.131866839891865428e+00
9.200000000000000400e-01 3.110158088922618802e+00 3.131886279315830635e+00
9.300000000000000488e-01 3.110164776592384328e+00 3.131892060212959628e+00
9.400000000000000577e-01 3.110171521955583440e+00 3.131895897120382077e+00
9.500000000000000666e-01 3.110173292326604777e+00 3.131899780426347757e+00
9.599999999999999645e-01 3.110173464113526798e+00 3.131899978812880292e+00
9.699999999999999734e-01 3.110173464113526798e+00 3.131899978812880292e+00
9.799999999999999822e-01 3.110182124497844036e+00 3.131902461822079431e+00
9.899999999999999911e-01 3.110185674012364121e+00 3.131903301278887941e+00
1.000000000000000000e+00 3.110194932163075077e+00 3.131905334999248058e+00
1.010000000000000009e+00 3.110197835089223872e+00 3.131906425164681984e+00
1.020000000000000018e+00 3.110206844698229833e+00 3.131908152745923157e+00
1.030000000000000027e+00 3.110226703198920806e+00 3.131913806478012763e+00
1.040000000000000036e+00 3.110231877387562793e+00 3.131915535384615534e+00
1.050000000000000044e+00 3.110239267844824962e+00 3.131917163801521742e+00
1.060000000000000053e+00 3.110243410665818331e+00 3.131918659455946496e+00
1.070000000000000062e+00 3.110245669333562724e+00 3.131919242294206818e+00
1.080000000000000071e+00 3.110250344434678293e+00 3.131921579689085799e+00
1.090000000000000080e+00 3.110259579831146759e+00 3.131926370548224980e+00
1.100000000000000089e+00 3.110261866256485597e+00 3.131927673228491749e+00
1.110000000000000098e+00 3.110264978436405148e+00 3.131928852535312391e+00
1.120000000000000107e+00 3.110268138750924560e+00 3.131931363574133709e+00
1.130000000000000115e+00 3.110271316987303525e+00 3.131933162168236695e+00
1.140000000000000124e+00 3.110278368884722422e+00 3.131937238901456144e+00
1.150000000000000133e+00 3.110278368884722422e+00 3.131937238901456144e+00
1.159999999999999920e+00 3.110278997007200008e+00 3.131937843474557948e+00
1.169999999999999929e+00 3.110277019732414328e+00 3.131936429078163275e+00
1.179999999999999938e+00 3.110269489936370757e+00 3.131932395053367291e+00
1.189999999999999947e+00 3.110254357253034119e+00 3.131925022071878839e+00
1.199999999999999956e+00 3.110246608748365560e+00 3.131921660809587671e+00
1.209999999999999964e+00 3.110243301722640297e+00 3.131920034845238732e+00
1.219999999999999973e+00 3.110242832884657638e+00 3.131919543595444999e+00
1.229999999999999982e+00 3.110241634511548003e+00 3.131918259087008938e+00
1.239999999999999991e+00 3.110240100162948274e+00 3.131915444928680792e+00
1.250000000000000000e+00 3.110237870729106291e+00 3.131900828010898863e+00
1.260000000000000009e+00 3.110230788438074434e+00 3.131891379907377093e+00
1.270000000000000018e+00 3.110227510926383054e+00 3.131884668810707595e+00
1.280000000000000027e+00 3.110218513368744553e+00 3.131878320208411282e+00
1.290000000000000036e+00 3.110209272530747526e+00 3.131868045684623070e+00
1.300000000000000044e+00 3.110204020789014923e+00 3.131861592957628115e+00
1.310000000000000053e+00 3.110203858681947597e+00 3.131856177071302927e+00
1.320000000000000062e+00 3.110201080254060280e+00 3.131849240695494530e+00
1.330000000000000071e+00 3.110194357091132122e+00 3.131840291260537423e+00
1.340000000000000080e+00 3.110184109422291066e+00 3.131822128380214565e+00
1.350000000000000089e+00 3.110181268447039127e+00 3.131814834281804405e+00
1.360000000000000098e+00 3.110164569433103932e+00 3.131799537546266610e+00
1.370000000000000107e+00 3.110151795318866874e+00 3.131787678324435831e+00
1.380000000000000115e+00 3.110147016816358079e+00 3.131786656651277756e+00
1.390000000000000124e+00 3.110146673591116517e+00 3.131786177523156134e+00
1.400000000000000133e+00 3.110143876318231193e+00 3.131786056667074547e+00
1.409999999999999920e+00 3.110143876318231193e+00 3.131786056667074547e+00
1.419999999999999929e+00 3.110144107523568291e+00 3.131787120470396868e+00
1.429999999999999938e+00 3.110144118824425874e+00 3.131787364344176261e+00
1.439999999999999947e+00 3.110144118824425874e+00 3.131787364344176261e+00
1.449999999999999956e+00 3.110144487082909137e+00 3.131788147800017796e+00
1.459999999999999964e+00 3.110144549134463254e+00 3.131788854562550739e+00
1.469999999999999973e+00 3.110144549134463254e+00 3.131788854562550739e+00
1.479999999999999982e+00 3.110144542930051159e+00 3.131788838679865350e+00
1.489999999999999991e+00 3.110140886701761254e+00 3.131788811741651912e+00
1.500000000000000000e+00 3.110140894212137130e+00 3.131788802538503891e+00
1.510000000000000009e+00 3.110136120336841170e+00 3.131788981424976637e+00
1.520000000000000018e+00 3.110135500515223583e+00 3.131789903623341864e+00
1.530000000000000027e+00 3.110121509757038716e+00 3.131791066675189583e+00
1.540000000000000036e+00 3.110085367507034348e+00 3.131799816637939493e+00
1.550000000000000044e+00 3.110003229975493166e+00 3.131815828147141989e+00
1.560000000000000053e+00 3.109882217339408506e+00 3.131850123749839732e+00
1.570000000000000062e+00 3.109749106268577812e+00 3.131900610790557593e+00
1.580000000000000071e+00 3.109454469974594737e+00 3.132047161805076030e+00
1.590000000000000080e+00 3.108583047595344429e+00 3.132579150747932584e+00
1.600000000000000089e+00 3.107654781506529407e+00 3.133107909156807924e+00
1.610000000000000098e+00 3.107204884997348593e+00 3.133353541611691107e+00
1.620000000000000107e+00 3.106794142866327491e+00 3.133591983399198533e+00
1.630000000000000115e+00 3.106468098231176089e+00 3.133758345955988123e+00
1.640000000000000124e+00 3.106106995235003776e+00 3.133925414170704915e+00
1.650000000000000133e+00 3.105847816906491587e+00 3.134060458435495633e+00
1.660000000000000142e+00 3.105564563146256063e+00 3.134189243130065528e+00
1.669999999999999929e+00 3.105094982895787226e+00 3.134413685941759731e+00
1.679999999999999938e+00 3.104801562436810158e+00 3.134607498327502739e+00
1.689999999999999947e+00 3.104459136882941284e+00 3.134826748851617051e+00
1.699999999999999956e+00 3.104263620125657042e+00 3.134939748414153016e+00
1.709999999999999964e+00 3.103990423549236155e+00 3.135143072844921441e+00
1.719999999999999973e+00 3.103672396607658257e+00 3.135431335844733880e+00
1.729999999999999982e+00 3.103389571294235427e+00 3.135662030020309299e+00
1.739999999999999991e+00 3.102860518432252412e+00 3.136152530178434539e+00
1.750000000000000000e+00 3.102438429715534962e+00 3.136566251852610510e+00
1.760000000000000009e+00 3.101922306761637049e+00 3.136931205482587526e+00
1.770000000000000018e+00 3.101596462070733473e+00 3.137256843631475611e+00
1.780000000000000027e+00 3.100977908275528439e+00 3.138076203310088186e+00
1.790000000000000036e+00 3.100289404748179933e+00 3.138899144903919414e+00
1.800000000000000044e+00 3.098468057383264807e+00 3.141109701653753028e+00
1.810000000000000053e+00 3.093276750171814804e+00 3.147726140777434622e+00
1.820000000000000062e+00 3.090401901625646097e+00 3.151609455395685266e+00
1.830000000000000071e+00 3.082223809411978266e+00 3.163651950213457020e+00
1.840000000000000080e+00 3.069014484930151276e+00 3.185926193227655467e+00
1.850000000000000089e+00 3.060619575165717254e+00 3.203472980066330411e+00
1.860000000000000098e+00 3.048549506926269359e+00 3.233535215888290182e+00
1.870000000000000107e+00 3.036794311117306577e+00 3.283827417546137717e+00
1.880000000000000115e+00 3.033965158657274674e+00 3.350981753969945576e+00
1.890000000000000124e+00 3.049214738683990067e+00 3.425870697126099262e+00
1.900000000000000133e+00 3.087396614845042464e+00 3.500038805777783146e+00
1.910000000000000142e+00 3.148682891026357566e+00 3.563454171132226733e+00
1.919999999999999929e+00 3.222570083509902261e+00 3.603829733842392358e+00
1.929999999999999938e+00 3.302788853165997018e+00 3.622174079082118858e+00
1.939999999999999947e+00 3.364995373708779880e+00 3.621263400962774881e+00
1.949999999999999956e+00 3.420947813259601400e+00 3.608863088201046398e+00
1.959999999999999964e+00 3.468010575576642829e+00 3.589090203537126378e+00
1.969999999999999973e+00 3.493377165789583128e+00 3.574262496762296681e+00
1.979999999999999982e+00 3.508528203519089228e+00 3.563724689332740336e+00
1.989999999999999991e+00 3.517892753072916712e+00 3.556584870961964739e+00
2.000000000000000000e+00 3.522783020771113716e+00 3.552619312374027505e+00
2.010000000000000231e+00 3.525991492493437018e+00 3.549939354889108056e+00
2.020000000000000018e+00 3.526293149045577113e+00 3.549677990065941646e+00
2.030000000000000249e+00 3.526293149045577113e+00 3.549677990065941646e+00
2.040000000000000036e+00 3.526293149045577113e+00 3.549677990065941646e+00
2.049999999999999822e+00 3.526293149045577113e+00 3.549677990065941646e+00
2.060000000000000053e+00 3.526293149045577113e+00 3.549677990065941646e+00
2.069999999999999840e+00 3.526293160215350220e+00 3.549677958487538199e+00
2.080000000000000071e+00 3.526293160215350220e+00 3.549677958487538199e+00
2.089999999999999858e+00 3.526293160215350220e+00 3.549677958487538199e+00
2.100000000000000089e+00 3.526293160215350220e+00 3.549677958487538199e+00
2.109999999999999876e+00 3.526293160215350220e+00 3.549677958487538199e+00
2.120000000000000107e+00 3.526293160215350220e+00 3.549677958487538199e+00
2.129999999999999893e+00 3.526293160215350220e+00 3.549677958487538199e+00
2.140000000000000124e+00 3.526293160215350220e+00 3.549677958487538199e+00
2.149999999999999911e+00 3.526293160215350220e+00 3.549677958487538199e+00
2.160000000000000142e+00 3.526293160215350220e+00 3.549677958487538199e+00
2.169999999999999929e+00 3.526293160215350220e+00 3.549677958487538199e+00
2.180000000000000160e+00 3.526293160215350220e+00 3.549677958487538199e+00
2.189999999999999947e+00 3.526293160215350220e+00 3.549677958487538199e+00
2.200000000000000178e+00 3.526293160215350220e+00 3.549677958487538199e+00
2.209999999999999964e+00 3.526293160215350220e+00 3.549677958487538199e+00
2.220000000000000195e+00 3.526293160215350220e+00 3.549677958487538199e+00
2.229999999999999982e+00 3.526293160215350220e+00 3.549677958487538199e+00
2.240000000000000213e+00 3.526293160215350220e+00 3.549677958487538199e+00
2.250000000000000000e+00 3.526293160215350220e+00 3.549677958487538199e+00
2.260000000000000231e+00 3.526293160215350220e+00 3.549677958487538199e+00
2.270000000000000018e+00 3.526293160215350220e+00 3.549677958487538199e+00
2.280000000000000249e+00 3.526293160215350220e+00 3.549677958487538199e+00
2.290000000000000036e+00 3.526293194175627033e+00 3.549677984112832529e+00
2.300000000000000266e+00 3.526293194175627033e+00 3.549677984112832529e+00
2.310000000000000053e+00 3.526293194175627033e+00 3.549677984112832529e+00
2.319999999999999840e+00 3.526293194175627033e+00 3.549677984112832529e+00
2.330000000000000071e+00 3.526293229314679589e+00 3.549678015859728308e+00
2.339999999999999858e+00 3.526293229314679589e+00 3.549678015859728308e+00
2.350000000000000089e+00 3.526293229314679589e+00 3.549678015859728308e+00
2.359999999999999876e+00 3.526293229314679589e+00 3.549678015859728308e+00
2.370000000000000107e+00 3.526294266621126994e+00 3.549676057208523972e+00
2.379999999999999893e+00 3.526294266621126994e+00 3.549676057208523972e+00
2.390000000000000124e+00 3.526294266621126994e+00 3.549676057208523972e+00
2.399999999999999911e+00 3.526294266621126994e+00 3.549676057208523972e+00
2.410000000000000142e+00 3.526294266621126994e+00 3.549676057208523972e+00
2.419999999999999929e+00 3.526294266621126994e+00 3.549676057208523972e+00
2.430000000000000160e+00 3.526294266621126994e+00 3.549676057208523972e+00
2.439999999999999947e+00 3.526294266150927559e+00 3.549676066223645510e+00
2.450000000000000178e+00 3.526294266150927559e+00 3.549676066223645510e+00
2.459999999999999964e+00 3.526294266150927559e+00 3.549676066223645510e+00
2.470000000000000195e+00 3.526294339491909291e+00 3.549676074903422851e+00
2.479999999999999982e+00 3.526294412833124614e+00 3.549676083582967490e+00
2.490000000000000213e+00 3.526294412833124614e+00 3.549676083582967490e+00
2.500000000000000000e+00 3.526294412833124614e+00 3.549676083582967490e+00
2.510000000000000231e+00 3.526294397041090711e+00 3.549676072777024238e+00
2.520000000000000018e+00 3.526294397041090711e+00 3.549676072777024238e+00
2.530000000000000249e+00 3.526294397041090711e+00 3.549676072777024238e+00
2.540000000000000036e+00 3.526294431403177221e+00 3.549676130134565177e+00
2.550000000000000266e+00 3.526296670751960516e+00 3.549665986208526913e+00
2.560000000000000053e+00 3.526300701998817289e+00 3.549647133422745071e+00
2.569999999999999840e+00 3.526306059446859376e+00 3.549627710565995908e+00
2.580000000000000071e+00 3.526304047313923995e+00 3.549614673918489949e+00
2.589999999999999858e+00 3.526304659149706033e+00 3.549597820455968389e+00
2.600000000000000089e+00 3.526304828869240016e+00 3.549574440048797630e+00
2.609999999999999876e+00 3.526306170576396060e+00 3.549548438445744747e+00
2.620000000000000107e+00 3.526308226078269659e+00 3.549544458014251891e+00
2.629999999999999893e+00 3.526309110880380793e+00 3.549519749907964261e+00
2.640000000000000124e+00 3.526310293454800071e+00 3.549510685978259250e+00
2.649999999999999911e+00 3.526310685967675607e+00 3.549500952497252282e+00
2.660000000000000142e+00 3.526312937262349845e+00 3.549485266172594411e+00
2.669999999999999929e+00 3.526312742950406864e+00 3.549483677752527377e+00
2.680000000000000160e+00 3.526312175620603728e+00 3.549460481244516519e+00
2.689999999999999947e+00 3.526320235587526941e+00 3.549418060310910672e+00
2.700000000000000178e+00 3.526337004602410286e+00 3.549343682744047879e+00
2.709999999999999964e+00 3.526346398154850181e+00 3.549289684632663811e+00
2.720000000000000195e+00 3.526353413703903428e+00 3.549249982158675820e+00
2.729999999999999982e+00 3.526369049927351451e+00 3.549200491908433452e+00
2.740000000000000213e+00 3.526382046127694014e+00 3.549142199229819550e+00
2.750000000000000000e+00 3.526387927146619194e+00 3.549121830882364659e+00
2.760000000000000231e+00 3.526392310967300769e+00 3.549106004028465211e+00
2.770000000000000018e+00 3.526402643429922268e+00 3.549070281131578408e+00
2.780000000000000249e+00 3.526404124477623636e+00 3.549065172878981489e+00
2.790000000000000036e+00 3.526404124477623636e+00 3.549065172878981489e+00
2.800000000000000266e+00 3.526404124477623636e+00 3.549065172878981489e+00
2.810000000000000053e+00 3.526404124477623636e+00 3.549065172878981489e+00
2.819999999999999840e+00 3.526404124477623636e+00 3.549065172878981489e+00
2.830000000000000071e+00 3.526404137735409172e+00 3.549065184884028668e+00
2.839999999999999858e+00 3.526404137735409172e+00 3.549065184884028668e+00
2.850000000000000089e+00 3.526404155512465888e+00 3.549065258440361692e+00
2.859999999999999876e+00 3.526404173289773958e+00 3.549065331996442474e+00
2.870000000000000107e+00 3.526404198126169121e+00 3.549065441275266686e+00
2.879999999999999893e+00 3.526404198126169121e+00 3.549065441275266686e+00
2.890000000000000124e+00 3.526404207345213315e+00 3.549065342873368500e+00
2.899999999999999911e+00 3.526404207345213315e+00 3.549065342873368500e+00
2.910000000000000142e+00 3.526404207345213315e+00 3.549065342873368500e+00
2.919999999999999929e+00 3.526404207345213315e+00 3.549065342873368500e+00
2.930000000000000160e+00 3.526404207345213315e+00 3.549065342873368500e+00
2.939999999999999947e+00 3.526404207345213315e+00 3.549065342873368500e+00
2.950000000000000178e+00 3.526404148424846952e+00 3.549065132695453428e+00
2.959999999999999964e+00 3.526404148424846952e+00 3.549065132695453428e+00
2.970000000000000195e+00 3.526404140650274410e+00 3.549065046895501840e+00
2.979999999999999982e+00 3.526404140650274410e+00 3.549065046895501840e+00
2.990000000000000213e+00 3.526404273320177474e+00 3.549064756754895633e+00
3.000000000000000000e+00 3.526404273320177474e+00 3.549064756754895633e+00
