0.000000000000000000e+00 4.141347245326119086e-01 4.708391824225109934e-01
1.000000000000000021e-02 4.141357554866636481e-01 4.708408364872371243e-01
2.000000000000000042e-02 9.775328749417634411e-01 1.170337128131452298e+00
2.999999999999999889e-02 9.908177078769225821e-01 1.186045595276592257e+00
4.000000000000000083e-02 9.936331307060837226e-01 1.378870745157468214e+00
5.000000000000000278e-02 1.300862037240861246e+00 1.692140618820787923e+00
5.999999999999999778e-02 1.500846262412618426e+00 1.694823174185205783e+00
7.000000000000000666e-02 1.555533349345711081e+00 1.684876128281566299e+00
8.000000000000000167e-02 1.561799561356700838e+00 1.682871999259792251e+00
8.999999999999999667e-02 1.563863717303961343e+00 1.682685841726571541e+00
1.000000000000000056e-01 1.563258862417528094e+00 1.682970386456659417e+00
1.100000000000000006e-01 1.561969757235760481e+00 1.683043869055991459e+00
1.199999999999999956e-01 1.558249144135400277e+00 1.683515892097070976e+00
1.300000000000000044e-01 1.552847790576597831e+00 1.684547726899007003e+00
1.400000000000000133e-01 1.547128455509866329e+00 1.685591444316183685e+00
1.499999999999999944e-01 1.519837400030795704e+00 1.728141412525471265e+00
1.600000000000000033e-01 1.193525551984762956e+00 2.452609284967923298e+00
1.700000000000000122e-01 1.889185478443929922e+00 4.093763295629194054e+00
1.799999999999999933e-01 3.210152512969099092e+00 4.296597500744737452e+00
1.900000000000000022e-01 3.753673705559392282e+00 4.022695951482634591e+00
2.000000000000000111e-01 3.807539401252886702e+00 3.978721672336437809e+00
2.099999999999999922e-01 3.809538689572502523e+00 3.977768065340827608e+00
2.200000000000000011e-01 3.811546047755291156e+00 3.977360500911663266e+00
2.300000000000000100e-01 3.811886444326807233e+00 3.977207492841313918e+00
2.399999999999999911e-01 3.811186292947858156e+00 3.977166363206774413e+00
2.500000000000000000e-01 3.811337662461747655e+00 3.977210963779936215e+00
2.600000000000000089e-01 3.811650122989153289e+00 3.977190742746854468e+00
2.700000000000000178e-01 3.811305665099396833e+00 3.977374235332236552e+00
2.800000000000000266e-01 3.811058044970166314e+00 3.977493254420626734e+00
2.899999999999999800e-01 3.810505578484983946e+00 3.977631811794786199e+00
2.999999999999999889e-01 3.809795224731339136e+00 3.977693422801123813e+00
3.099999999999999978e-01 3.809501253615036109e+00 3.977703403567657059e+00
3.200000000000000067e-01 3.809406509462693879e+00 3.977673790186544434e+00
3.300000000000000155e-01 3.808122413287883479e+00 3.977702414411778076e+00
3.400000000000000244e-01 3.807457655484761005e+00 3.977581352660571667e+00
3.500000000000000333e-01 3.806601931216135437e+00 3.977688909485921354e+00
3.599999999999999867e-01 3.805101411920909449e+00 3.977700527390117813e+00
3.699999999999999956e-01 3.805333436034703531e+00 3.977565312906717665e+00
3.800000000000000044e-01 3.804307406806844760e+00 3.977319409480196022e+00
3.900000000000000133e-01 3.803759188200155350e+00 3.977314825953325084e+00
4.000000000000000222e-01 3.803859002888067220e+00 3.977182255017892576e+00
4.100000000000000311e-01 3.803792259063115910e+00 3.977090753603586659e+00
4.199999999999999845e-01 3.802764326297508823e+00 3.976478512848151681e+00
4.299999999999999933e-01 3.801727106310563098e+00 3.976441704605383709e+00
4.400000000000000022e-01 3.801103785955286529e+00 3.976194056018017786e+00
4.500000000000000111e-01 3.800486407186399518e+00 3.976080773480523689e+00
4.600000000000000200e-01 3.798582526393660341e+00 3.976130713896027569e+00
4.700000000000000289e-01 3.796980803160488360e+00 3.976540087413967139e+00
4.799999999999999822e-01 3.793700694669122520e+00 3.977516359583502137e+00
4.899999999999999911e-01 3.787012204716228236e+00 3.979504258072353640e+00
5.000000000000000000e-01 3.773466482995144311e+00 3.985611766564257863e+00
5.100000000000000089e-01 3.730523758269496781e+00 4.006364288758090808e+00
5.200000000000000178e-01 3.619491190121101543e+00 4.043387256410193586e+00
5.300000000000000266e-01 3.524199454550368760e+00 4.060689313516991028e+00
5.400000000000000355e-01 3.410256657027470606e+00 4.063480852866900861e+00
5.500000000000000444e-01 3.257102675724567131e+00 4.037538516544757705e+00
5.600000000000000533e-01 3.049670143104699971e+00 3.949094202593656622e+00
5.700000000000000622e-01 2.872283413911810523e+00 3.793540605324754456e+00
5.799999999999999600e-01 2.771261365128833365e+00 3.581841789311093205e+00
5.899999999999999689e-01 2.748489540732584224e+00 3.428991070067205271e+00
5.999999999999999778e-01 2.758306586311565667e+00 3.339001917330516989e+00
6.099999999999999867e-01 2.776651954331465166e+00 3.262307180271081908e+00
6.199999999999999956e-01 2.798506184132209640e+00 3.170329337031731143e+00
6.300000000000000044e-01 2.828135002307550661e+00 3.090680417480810238e+00
6.400000000000000133e-01 2.848161966385390542e+00 3.050282381563637735e+00
6.500000000000000222e-01 2.854990305713396737e+00 3.037275884534138548e+00
6.600000000000000311e-01 2.856709318606188042e+00 3.033516775072286009e+00
6.700000000000000400e-01 2.856861535161570043e+00 3.032918746849462277e+00
6.800000000000000488e-01 2.857578190305837484e+00 3.030862024466386639e+00
6.900000000000000577e-01 2.858071980475854978e+00 3.029558648162412382e+00
7.000000000000000666e-01 2.858097187393802141e+00 3.029602429415089393e+00
7.099999999999999645e-01 2.858097014575726735e+00 3.029599216231577241e+00
7.199999999999999734e-01 2.858107653420160155e+00 3.029599365112592757e+00
7.299999999999999822e-01 2.858122011625606085e+00 3.029611111934345402e+00
7.399999999999999911e-01 2.857753866297605860e+00 3.030635486920473021e+00
7.500000000000000000e-01 2.856829218906447476e+00 3.032890446396783179e+00
7.600000000000000089e-01 2.855359166284539008e+00 3.036708155740759807e+00
7.700000000000000178e-01 2.852966124829578121e+00 3.041357805457782781e+00
7.800000000000000266e-01 2.844540177043081375e+00 3.048435316721796351e+00
7.900000000000000355e-01 2.837103760923622264e+00 3.066130147395850880e+00
8.000000000000000444e-01 2.832706537491464172e+00 3.089388505533552820e+00
8.100000000000000533e-01 2.829307941220980727e+00 3.105263502908962803e+00
8.200000000000000622e-01 2.825339642049811584e+00 3.122970996149040612e+00
8.300000000000000711e-01 2.821798093946885633e+00 3.138936036426115184e+00
8.399999999999999689e-01 2.810799239130016947e+00 3.167181756453517405e+00
8.499999999999999778e-01 2.773389225126478230e+00 3.223288898242739009e+00
8.599999999999999867e-01 2.775550058947375387e+00 3.260100428573319054e+00
8.699999999999999956e-01 2.826338982662792709e+00 3.283877337036495092e+00
8.800000000000000044e-01 2.856593573866953228e+00 3.311037390698324145e+00
8.900000000000000133e-01 2.872291695088091235e+00 3.347173830920514792e+00
9.000000000000000222e-01 2.897353618243397655e+00 3.391238173333941397e+00
9.100000000000000311e-01 2.921248823948742857e+00 3.427579275907633782e+00
9.200000000000000400e-01 2.960357964617945647e+00 3.476454104802868983e+00
9.300000000000000488e-01 2.999636695029161970e+00 3.515432870939351417e+00
9.400000000000000577e-01 3.046774597666489282e+00 3.551536880776656080e+00
9.500000000000000666e-01 3.082255975493671585e+00 3.568151172800777537e+00
9.599999999999999645e-01 3.120548779744318768e+00 3.585246588226147946e+00
9.699999999999999734e-01 3.162002718521268907e+00 3.601492654928056592e+00
9.799999999999999822e-01 3.202128214816329255e+00 3.611845413766625157e+00
9.899999999999999911e-01 3.244610064755337753e+00 3.616792465757471930e+00
1.000000000000000000e+00 3.280468217895509575e+00 3.621552736470221134e+00
1.010000000000000009e+00 3.307172234986634152e+00 3.622147913352637083e+00
1.020000000000000018e+00 3.320883078310266079e+00 3.620271905458197104e+00
1.030000000000000027e+00 3.330608809770230216e+00 3.617302167893763354e+00
1.040000000000000036e+00 3.336436547465710056e+00 3.614802273997875126e+00
1.050000000000000044e+00 3.341613324025380471e+00 3.612499970952761430e+00
1.060000000000000053e+00 3.347928028555830604e+00 3.609844915555993072e+00
1.070000000000000062e+00 3.352200148827443105e+00 3.606812764790644277e+00
1.080000000000000071e+00 3.358566307518092486e+00 3.604539374063405077e+00
1.090000000000000080e+00 3.366536541429258289e+00 3.600454484910272424e+00
1.100000000000000089e+00 3.371533038821399764e+00 3.597791173243343188e+00
1.110000000000000098e+00 3.374462664730760064e+00 3.595655617124823511e+00
1.120000000000000107e+00 3.378708294543771640e+00 3.592326805391759859e+00
1.130000000000000115e+00 3.380198571600966595e+00 3.590892397704071648e+00
1.140000000000000124e+00 3.382325678413303116e+00 3.590119912979213623e+00
1.150000000000000133e+00 3.384723298146289139e+00 3.591799534409481964e+00
1.159999999999999920e+00 3.385926120336860468e+00 3.593261288391739416e+00
1.169999999999999929e+00 3.388463882002319849e+00 3.598394943166289828e+00
1.179999999999999938e+00 3.389436092861098260e+00 3.600452660576897834e+00
1.189999999999999947e+00 3.388969504291261980e+00 3.602914826205525944e+00
1.199999999999999956e+00 3.388917898765001269e+00 3.603751621198263422e+00
1.209999999999999964e+00 3.389703440648376365e+00 3.603424115194023614e+00
1.219999999999999973e+00 3.390119490003204117e+00 3.602876568341636609e+00
1.229999999999999982e+00 3.390200037231109409e+00 3.602066117220261265e+00
1.239999999999999991e+00 3.390086415782216367e+00 3.602933414249178679e+00
1.250000000000000000e+00 3.389827469941372406e+00 3.603822834247355722e+00
1.260000000000000009e+00 3.389915761970451857e+00 3.604357540794441039e+00
1.270000000000000018e+00 3.389698106858831661e+00 3.604113549282449203e+00
1.280000000000000027e+00 3.389683821984442069e+00 3.604151567581979521e+00
1.290000000000000036e+00 3.389233738291205000e+00 3.604390172030984552e+00
1.300000000000000044e+00 3.389037857528681918e+00 3.604845993613247757e+00
1.310000000000000053e+00 3.388207457354266872e+00 3.602569586379329891e+00
1.320000000000000062e+00 3.335942306670790281e+00 3.634788160219544650e+00
1.330000000000000071e+00 3.303276189991402045e+00 3.649588482173514503e+00
1.340000000000000080e+00 3.309577223665929768e+00 3.645002918917917167e+00
1.350000000000000089e+00 3.353855687477476089e+00 3.620191584217661074e+00
1.360000000000000098e+00 3.377421481304318185e+00 3.603140593037455375e+00
1.370000000000000107e+00 3.372665209754432958e+00 3.600938461462531492e+00
1.380000000000000115e+00 3.365867897369107631e+00 3.596443748343745028e+00
1.390000000000000124e+00 3.360480821529689965e+00 3.592179900754626676e+00
1.400000000000000133e+00 3.354530022017377711e+00 3.587568984244447812e+00
1.409999999999999920e+00 3.350163980521303042e+00 3.584715806866544785e+00
1.419999999999999929e+00 3.348237087358379327e+00 3.584382341128444338e+00
1.429999999999999938e+00 3.345345088219248364e+00 3.583673694367802920e+00
1.439999999999999947e+00 3.344053490586416544e+00 3.583623408751352102e+00
1.449999999999999956e+00 3.342122592126082647e+00 3.583794065169144449e+00
1.459999999999999964e+00 3.340698510470735183e+00 3.583830022668494042e+00
1.469999999999999973e+00 3.335136778933200041e+00 3.584630774920788632e+00
1.479999999999999982e+00 3.329158631683303504e+00 3.585402083033607745e+00
1.489999999999999991e+00 3.322009353155407574e+00 3.587103490186419386e+00
1.500000000000000000e+00 3.307237272724082189e+00 3.591255945173332798e+00
1.510000000000000009e+00 3.291539987186813399e+00 3.594019171338653784e+00
1.520000000000000018e+00 3.264463649164643488e+00 3.599334754031691563e+00
1.530000000000000027e+00 3.252169665101845908e+00 3.598690331617514282e+00
1.540000000000000036e+00 3.244092238653744076e+00 3.597672694417392236e+00
1.550000000000000044e+00 3.231331185203094591e+00 3.594904896931152116e+00
1.560000000000000053e+00 3.222631296903058828e+00 3.589543923920228696e+00
1.570000000000000062e+00 3.216647564999829179e+00 3.584294536497821149e+00
1.580000000000000071e+00 3.210586337405393120e+00 3.576301734412958400e+00
1.590000000000000080e+00 3.205266770803613774e+00 3.573961595256642809e+00
1.600000000000000089e+00 3.199409540432495813e+00 3.568629426342444955e+00
1.610000000000000098e+00 3.190043038431470634e+00 3.563089726709062433e+00
1.620000000000000107e+00 3.178237363526351444e+00 3.556124547822944848e+00
1.630000000000000115e+00 3.170441274561365486e+00 3.549108487792531630e+00
1.640000000000000124e+00 3.163013966666322840e+00 3.540229377902883723e+00
1.650000000000000133e+00 3.153539299254830119e+00 3.529984780554358714e+00
1.660000000000000142e+00 3.144499942721199037e+00 3.521357999192405774e+00
1.669999999999999929e+00 3.135397102285471860e+00 3.515965129102620601e+00
1.679999999999999938e+00 3.096373989224896484e+00 3.521123279294505082e+00
1.689999999999999947e+00 3.069810484302022413e+00 3.521699916226884941e+00
1.699999999999999956e+00 3.024315298189313772e+00 3.525467240906564825e+00
1.709999999999999964e+00 3.012788674769212971e+00 3.516977667770574190e+00
1.719999999999999973e+00 3.005358713769835433e+00 3.510328480334359291e+00
1.729999999999999982e+00 2.993314462610416005e+00 3.502928066324062950e+00
1.739999999999999991e+00 2.983885362385843010e+00 3.492456592789556780e+00
1.750000000000000000e+00 2.972573645148697707e+00 3.481476768703040570e+00
1.760000000000000009e+00 2.961812223501445018e+00 3.467428854160068852e+00
1.770000000000000018e+00 2.959529812050090136e+00 3.449246838822140226e+00
1.780000000000000027e+00 2.965039182698442133e+00 3.432872361853407384e+00
1.790000000000000036e+00 2.976122627619437466e+00 3.410867563196488206e+00
1.800000000000000044e+00 2.985319964085432431e+00 3.390515069669869597e+00
1.810000000000000053e+00 2.990924127925977061e+00 3.375400464554682678e+00
1.820000000000000062e+00 2.987291191695701009e+00 3.361226108423698733e+00
1.830000000000000071e+00 2.983322078574669689e+00 3.346806807924735061e+00
1.840000000000000080e+00 2.979576866933220991e+00 3.332945458253508519e+00
1.850000000000000089e+00 2.979769653497041038e+00 3.322649819688498152e+00
1.860000000000000098e+00 2.980582882159724889e+00 3.311275422555431724e+00
1.870000000000000107e+00 2.981721500804477731e+00 3.304332392747348468e+00
1.880000000000000115e+00 2.981455632580857884e+00 3.298107522426504179e+00
1.890000000000000124e+00 2.982118637873786948e+00 3.291600334894996482e+00
1.900000000000000133e+00 2.984146532729677226e+00 3.288708499456831191e+00
1.910000000000000142e+00 2.986291845314679172e+00 3.284978308989825457e+00
1.919999999999999929e+00 2.984909805101584102e+00 3.280233163219262504e+00
1.929999999999999938e+00 2.985096139619709987e+00 3.280713243071673446e+00
1.939999999999999947e+00 2.984333909724495193e+00 3.279421597172477831e+00
1.949999999999999956e+00 2.983579385976247167e+00 3.279529858170099565e+00
1.959999999999999964e+00 2.983107659421457836e+00 3.278521526760564075e+00
1.969999999999999973e+00 2.980763411253795070e+00 3.284150533295765229e+00
1.979999999999999982e+00 2.976029279552550921e+00 3.290663209337143069e+00
1.989999999999999991e+00 2.973192313601566106e+00 3.292464782669949130e+00
2.000000000000000000e+00 2.968783155330857237e+00 3.294599563456336089e+00
2.010000000000000231e+00 2.965623188886642669e+00 3.297813357639312937e+00
2.020000000000000018e+00 2.965080854937887089e+00 3.304882723176622683e+00
2.030000000000000249e+00 2.965217426601746364e+00 3.307912523692748241e+00
2.040000000000000036e+00 2.965169234113906427e+00 3.310863744683052445e+00
2.049999999999999822e+00 2.963604842248823701e+00 3.319047602233025529e+00
2.060000000000000053e+00 2.962052806174932051e+00 3.327106476800264723e+00
2.069999999999999840e+00 2.960731520880285128e+00 3.337570124193605547e+00
2.080000000000000071e+00 2.957351179102289507e+00 3.350848258964193249e+00
2.089999999999999858e+00 2.955772577535515033e+00 3.360821804273719238e+00
2.100000000000000089e+00 2.953704035978524267e+00 3.377134394798071426e+00
2.109999999999999876e+00 2.952980389856183940e+00 3.386404783235704485e+00
2.120000000000000107e+00 2.954260167453565789e+00 3.392243889219483943e+00
2.129999999999999893e+00 2.957423700590190219e+00 3.394888418121281060e+00
2.140000000000000124e+00 2.958764486783700853e+00 3.397660852643293872e+00
2.149999999999999911e+00 2.961613092089182331e+00 3.404455072702878837e+00
2.160000000000000142e+00 2.963342315683910044e+00 3.409478911437442861e+00
2.169999999999999929e+00 2.965359560627228053e+00 3.415819183889144295e+00
2.180000000000000160e+00 2.967113388545850938e+00 3.425140136487145881e+00
2.189999999999999947e+00 2.968042922647902149e+00 3.435518273960641356e+00
2.200000000000000178e+00 2.969622221386996053e+00 3.444089249236020223e+00
2.209999999999999964e+00 2.970968066994546852e+00 3.454380927913786259e+00
2.220000000000000195e+00 2.973841133653332136e+00 3.466518783300708506e+00
2.229999999999999982e+00 2.978242837486289041e+00 3.480499902582146809e+00
2.240000000000000213e+00 2.981924702331225419e+00 3.493453723338444838e+00
2.250000000000000000e+00 2.987090834118214744e+00 3.507468419002207405e+00
2.260000000000000231e+00 2.995002362996256995e+00 3.527339791883312703e+00
2.270000000000000018e+00 3.008758968904848174e+00 3.550347628194455929e+00
2.280000000000000249e+00 3.019599989169008403e+00 3.569913115160100681e+00
2.290000000000000036e+00 3.031214073146506038e+00 3.589507249223069074e+00
2.300000000000000266e+00 3.043514574958880115e+00 3.608751415965955278e+00
2.310000000000000053e+00 3.060519628420098392e+00 3.627619799089209174e+00
2.319999999999999840e+00 3.075548667590131569e+00 3.648506316912660363e+00
2.330000000000000071e+00 3.092799851920963849e+00 3.669231173636554377e+00
2.339999999999999858e+00 3.108955389156928817e+00 3.684280553283103998e+00
2.350000000000000089e+00 3.125281602910777945e+00 3.701125817834118426e+00
2.359999999999999876e+00 3.146836941015614286e+00 3.718796947019206378e+00
2.370000000000000107e+00 3.163826943408682091e+00 3.734538108490274233e+00
2.379999999999999893e+00 3.180502335453004203e+00 3.746943321871786470e+00
2.390000000000000124e+00 3.195691005260029804e+00 3.760293935812434540e+00
2.399999999999999911e+00 3.220772621421332360e+00 3.780955387373452048e+00
2.410000000000000142e+00 3.242878132549190440e+00 3.796199885076617875e+00
2.419999999999999929e+00 3.265821204572446401e+00 3.810602799352877046e+00
2.430000000000000160e+00 3.287308755097489765e+00 3.823565176954168976e+00
2.439999999999999947e+00 3.304931768844204143e+00 3.832520774204654757e+00
2.450000000000000178e+00 3.324049892272470608e+00 3.842496552801610399e+00
2.459999999999999964e+00 3.339096451984529423e+00 3.851325267671461106e+00
2.470000000000000195e+00 3.361591012744221452e+00 3.861713493004526931e+00
2.479999999999999982e+00 3.383028657068880118e+00 3.869999199309674953e+00
2.490000000000000213e+00 3.399162686390606591e+00 3.875387683692248952e+00
2.500000000000000000e+00 3.410279419206131202e+00 3.879309959150802456e+00
2.510000000000000231e+00 3.425941510495371212e+00 3.884618854599767523e+00
2.520000000000000018e+00 3.443586202649848271e+00 3.888776987571938459e+00
2.530000000000000249e+00 3.458681519670213422e+00 3.892430592775617537e+00
2.540000000000000036e+00 3.475137076183791862e+00 3.894533663772110188e+00
2.550000000000000266e+00 3.484135490861828721e+00 3.894429057606760836e+00
2.560000000000000053e+00 3.490890670052487099e+00 3.894867322677653565e+00
2.569999999999999840e+00 3.495710644749623786e+00 3.895423514171617807e+00
2.580000000000000071e+00 3.501536391361097067e+00 3.895964396626611759e+00
2.589999999999999858e+00 3.507602966445522163e+00 3.896938026467723581e+00
2.600000000000000089e+00 3.513935608449526793e+00 3.898163006462505908e+00
2.609999999999999876e+00 3.519458601250087693e+00 3.899668837819660450e+00
2.620000000000000107e+00 3.522605894676125171e+00 3.900358080996596311e+00
2.629999999999999893e+00 3.527661999742164323e+00 3.900884517348633285e+00
2.640000000000000124e+00 3.527738390143769553e+00 3.901198141967398225e+00
2.649999999999999911e+00 3.529945860267386770e+00 3.901121934823288839e+00
2.660000000000000142e+00 3.530818171654344972e+00 3.901046431135533510e+00
2.669999999999999929e+00 3.531834473863450174e+00 3.900384621552618558e+00
2.680000000000000160e+00 3.529148597460181946e+00 3.900028486017792062e+00
2.689999999999999947e+00 3.529237714907544010e+00 3.899631598785502362e+00
2.700000000000000178e+00 3.525791030005343440e+00 3.898175495539776936e+00
2.709999999999999964e+00 3.523554062647687335e+00 3.896768587851656473e+00
2.720000000000000195e+00 3.520671082607111035e+00 3.893812160543599799e+00
2.729999999999999982e+00 3.518706497389017418e+00 3.891111989401639715e+00
2.740000000000000213e+00 3.515317270375849734e+00 3.886962112973569194e+00
2.750000000000000000e+00 3.507740923232005148e+00 3.886516191221310645e+00
2.760000000000000231e+00 3.493047476166423415e+00 3.890325020781818743e+00
2.770000000000000018e+00 3.491488365053871057e+00 3.888005309915802066e+00
2.780000000000000249e+00 3.492728626549058024e+00 3.882990817425436614e+00
2.790000000000000036e+00 3.488151794374282577e+00 3.881293426916305744e+00
2.800000000000000266e+00 3.490108074795897686e+00 3.875228304975334659e+00
2.810000000000000053e+00 3.491660737671503867e+00 3.869605825701108337e+00
2.819999999999999840e+00 3.483762868433394555e+00 3.869878566989502833e+00
2.830000000000000071e+00 3.478144573657542260e+00 3.868280726554364612e+00
2.839999999999999858e+00 3.471915972479247436e+00 3.865047771078682359e+00
2.850000000000000089e+00 3.461672492022555225e+00 3.862074733524281989e+00
2.859999999999999876e+00 3.462661814047663711e+00 3.854688400691181904e+00
2.870000000000000107e+00 3.467173473740346790e+00 3.846013122653238359e+00
2.879999999999999893e+00 3.465369381770429857e+00 3.837578792725266918e+00
2.890000000000000124e+00 3.468072819735705803e+00 3.826991482942402545e+00
2.899999999999999911e+00 3.465523960027201422e+00 3.817631493340031934e+00
2.910000000000000142e+00 3.459977661883966604e+00 3.808921055381162546e+00
2.919999999999999929e+00 3.456652938757323934e+00 3.796674697608566351e+00
2.930000000000000160e+00 3.451863638045169935e+00 3.781800460336826042e+00
2.939999999999999947e+00 3.446946578735055500e+00 3.766297008501349186e+00
2.950000000000000178e+00 3.441149158137243091e+00 3.746741740443307656e+00
2.959999999999999964e+00 3.437027715698296682e+00 3.724054396356527796e+00
2.970000000000000195e+00 3.433290302596902599e+00 3.698614131545210348e+00
2.979999999999999982e+00 3.436899304392643018e+00 3.667467842747860196e+00
2.990000000000000213e+00 3.445301105229333416e+00 3.624160853741690502e+00
3.000000000000000000e+00 3.479075633882196872e+00 3.556370868970243126e+00
