1.281631272286176682e-02 7.180960444952262378e-01 4.187575876712799072e-01
2.563211414963006973e-02 1.685515277594362260e+00 9.829079508781433105e-01
1.189617775380611420e-01 2.683286279824926623e+00 1.564757943153381348e+00
5.043938755989074707e-03 3.819728399440350586e+00 2.227473974227905273e+00
4.079075306653976440e-01 6.741397553033039003e+00 3.931244850158691406e+00
3.818071484565734863e-01 5.011589822699306751e+00 2.922507762908935547e+00
7.545783519744873047e-01 6.061747205424808271e+00 3.534906864166259766e+00
7.671693563461303711e-01 5.292768465565927727e+00 3.086477041244506836e+00
5.139033794403076172e-01 6.766595151735032232e+00 3.945938825607299805e+00
0.000000000000000000e+00 6.008836377497004833e+00 3.504051923751831055e+00
