0.000000000000000000e+00 4.424869534775614510e-01
1.000000000000000021e-02 4.424882959869503862e-01
2.000000000000000042e-02 1.073935001536607814e+00
2.999999999999999889e-02 1.088431651576757364e+00
4.000000000000000083e-02 1.186251937931775968e+00
5.000000000000000278e-02 1.496501328030824585e+00
5.999999999999999778e-02 1.597834718298912104e+00
7.000000000000000666e-02 1.620204738813638690e+00
8.000000000000000167e-02 1.622335780308246544e+00
8.999999999999999667e-02 1.623274779515266442e+00
1.000000000000000056e-01 1.623114624437093756e+00
1.100000000000000006e-01 1.622506813145875970e+00
1.199999999999999956e-01 1.620882518116235627e+00
1.300000000000000044e-01 1.618697758737802417e+00
1.400000000000000133e-01 1.616359949913025007e+00
1.499999999999999944e-01 1.623989406278133485e+00
1.600000000000000033e-01 1.823067418476343127e+00
1.700000000000000122e-01 2.991474387036562099e+00
1.799999999999999933e-01 3.753375006856918272e+00
1.900000000000000022e-01 3.888184828521013436e+00
2.000000000000000111e-01 3.893130536794662255e+00
2.099999999999999922e-01 3.893653377456665066e+00
2.200000000000000011e-01 3.894453274333477211e+00
2.300000000000000100e-01 3.894546968584060576e+00
2.399999999999999911e-01 3.894176328077316285e+00
2.500000000000000000e-01 3.894274313120841935e+00
2.600000000000000089e-01 3.894420432868003878e+00
2.700000000000000178e-01 3.894339950215816692e+00
2.800000000000000266e-01 3.894275649695396524e+00
2.899999999999999800e-01 3.894068695139885072e+00
2.999999999999999889e-01 3.893744323766231474e+00
3.099999999999999978e-01 3.893602328591346584e+00
3.200000000000000067e-01 3.893540149824619157e+00
3.300000000000000155e-01 3.892912413849830777e+00
3.400000000000000244e-01 3.892519504072666336e+00
3.500000000000000333e-01 3.892145420351028395e+00
3.599999999999999867e-01 3.891400969655513631e+00
3.699999999999999956e-01 3.891449374470710598e+00
3.800000000000000044e-01 3.890813408143520391e+00
3.900000000000000133e-01 3.890537007076740217e+00
4.000000000000000222e-01 3.890520628952979898e+00
4.100000000000000311e-01 3.890441506333351285e+00
4.199999999999999845e-01 3.889621419572830252e+00
4.299999999999999933e-01 3.889084405457973403e+00
4.400000000000000022e-01 3.888648920986652158e+00
4.500000000000000111e-01 3.888283590333461603e+00
4.600000000000000200e-01 3.887356620144843955e+00
4.700000000000000289e-01 3.886760445287227750e+00
4.799999999999999822e-01 3.885608527126312328e+00
4.899999999999999911e-01 3.883258231394290938e+00
5.000000000000000000e-01 3.879539124779701087e+00
5.100000000000000089e-01 3.868444023513793795e+00
5.200000000000000178e-01 3.831439223265647787e+00
5.300000000000000266e-01 3.792444384033680116e+00
5.400000000000000355e-01 3.736868754947185511e+00
5.500000000000000444e-01 3.647320596134662640e+00
5.600000000000000533e-01 3.499382172849178296e+00
5.700000000000000622e-01 3.332912009618282489e+00
5.799999999999999600e-01 3.176551577219963285e+00
5.899999999999999689e-01 3.088740305399894748e+00
5.999999999999999778e-01 3.048654251821041328e+00
6.099999999999999867e-01 3.019479567301273537e+00
6.199999999999999956e-01 2.984417760581970391e+00
6.300000000000000044e-01 2.959407709894180449e+00
6.400000000000000133e-01 2.949222173974514138e+00
6.500000000000000222e-01 2.946133095123767642e+00
6.600000000000000311e-01 2.945113046839237025e+00
6.700000000000000400e-01 2.944890141005516160e+00
6.800000000000000488e-01 2.944220107386112062e+00
6.900000000000000577e-01 2.943815314319133680e+00
7.000000000000000666e-01 2.943849808404445767e+00
7.099999999999999645e-01 2.943848115403651988e+00
7.199999999999999734e-01 2.943853509266376456e+00
7.299999999999999822e-01 2.943866561779975743e+00
7.399999999999999911e-01 2.944194676609039441e+00
7.500000000000000000e-01 2.944859832651615328e+00
7.600000000000000089e-01 2.946033661012649407e+00
7.700000000000000178e-01 2.947161965143680451e+00
7.800000000000000266e-01 2.946487746882438863e+00
7.900000000000000355e-01 2.951616954159736572e+00
8.000000000000000444e-01 2.961047521512508496e+00
8.100000000000000533e-01 2.967285722064971765e+00
8.200000000000000622e-01 2.974155319099426098e+00
8.300000000000000711e-01 2.980367065186500408e+00
8.399999999999999689e-01 2.988990497791767176e+00
8.499999999999999778e-01 2.998339061684608620e+00
8.599999999999999867e-01 3.017825243760347220e+00
8.699999999999999956e-01 3.055108159849643901e+00
8.800000000000000044e-01 3.083815482282638687e+00
8.900000000000000133e-01 3.109732763004303013e+00
9.000000000000000222e-01 3.144295895788669526e+00
9.100000000000000311e-01 3.174414049928188319e+00
9.200000000000000400e-01 3.218406034710407315e+00
9.300000000000000488e-01 3.257534782984256694e+00
9.400000000000000577e-01 3.299155739221572681e+00
9.500000000000000666e-01 3.325203574147224561e+00
9.599999999999999645e-01 3.352897683985233357e+00
9.699999999999999734e-01 3.381747686724662749e+00
9.799999999999999822e-01 3.406986814291477206e+00
9.899999999999999911e-01 3.430701265256404842e+00
1.000000000000000000e+00 3.451010477182865355e+00
1.010000000000000009e+00 3.464660074169635617e+00
1.020000000000000018e+00 3.470577491884231591e+00
1.030000000000000027e+00 3.473955488831996785e+00
1.040000000000000036e+00 3.475619410731792591e+00
1.050000000000000044e+00 3.477056647489070951e+00
1.060000000000000053e+00 3.478886472055911838e+00
1.070000000000000062e+00 3.479506456809043691e+00
1.080000000000000071e+00 3.481552840790748782e+00
1.090000000000000080e+00 3.483495513169765356e+00
1.100000000000000089e+00 3.484662106032371476e+00
1.110000000000000098e+00 3.485059140927791788e+00
1.120000000000000107e+00 3.485517549967765749e+00
1.130000000000000115e+00 3.485545484652519121e+00
1.140000000000000124e+00 3.486222795696258370e+00
1.150000000000000133e+00 3.488261416277885552e+00
1.159999999999999920e+00 3.489593704364299942e+00
1.169999999999999929e+00 3.493429412584304838e+00
1.179999999999999938e+00 3.494944376718998047e+00
1.189999999999999947e+00 3.495942165248393962e+00
1.199999999999999956e+00 3.496334759981632345e+00
1.209999999999999964e+00 3.496563777921199989e+00
1.219999999999999973e+00 3.496498029172420363e+00
1.229999999999999982e+00 3.496133077225685337e+00
1.239999999999999991e+00 3.496509915015697523e+00
1.250000000000000000e+00 3.496825152094364064e+00
1.260000000000000009e+00 3.497136651382446448e+00
1.270000000000000018e+00 3.496905828070640432e+00
1.280000000000000027e+00 3.496917694783210795e+00
1.290000000000000036e+00 3.496811955161094776e+00
1.300000000000000044e+00 3.496941925570964838e+00
1.310000000000000053e+00 3.495388521866798381e+00
1.320000000000000062e+00 3.485365233445167465e+00
1.330000000000000071e+00 3.476432336082458274e+00
1.340000000000000080e+00 3.477290071291923468e+00
1.350000000000000089e+00 3.487023635847568581e+00
1.360000000000000098e+00 3.490281037170886780e+00
1.370000000000000107e+00 3.486801835608482225e+00
1.380000000000000115e+00 3.481155822856426330e+00
1.390000000000000124e+00 3.476330361142158321e+00
1.400000000000000133e+00 3.471049503130912761e+00
1.409999999999999920e+00 3.467439893693923914e+00
1.419999999999999929e+00 3.466309714243411833e+00
1.429999999999999938e+00 3.464509391293525642e+00
1.439999999999999947e+00 3.463838449668884323e+00
1.449999999999999956e+00 3.462958328647613548e+00
1.459999999999999964e+00 3.462264266569614612e+00
1.469999999999999973e+00 3.459883776926994337e+00
1.479999999999999982e+00 3.457280357358455625e+00
1.489999999999999991e+00 3.454556421670913480e+00
1.500000000000000000e+00 3.449246608948707493e+00
1.510000000000000009e+00 3.442779579262733591e+00
1.520000000000000018e+00 3.431899201598167526e+00
1.530000000000000027e+00 3.425429998359680095e+00
1.540000000000000036e+00 3.420882466535568156e+00
1.550000000000000044e+00 3.413118041067123354e+00
1.560000000000000053e+00 3.406087610411643762e+00
1.570000000000000062e+00 3.400471050748825164e+00
1.580000000000000071e+00 3.393444035909175760e+00
1.590000000000000080e+00 3.389614183030128292e+00
1.600000000000000089e+00 3.384019483387470384e+00
1.610000000000000098e+00 3.376566382570266533e+00
1.620000000000000107e+00 3.367180955674648146e+00
1.630000000000000115e+00 3.359774881176948558e+00
1.640000000000000124e+00 3.351621672284603282e+00
1.650000000000000133e+00 3.341762039904594417e+00
1.660000000000000142e+00 3.332928970956802406e+00
1.669999999999999929e+00 3.325681115694046230e+00
1.679999999999999938e+00 3.308748634259700783e+00
1.689999999999999947e+00 3.295755200264453677e+00
1.699999999999999956e+00 3.274891269547939299e+00
1.709999999999999964e+00 3.264883171269893580e+00
1.719999999999999973e+00 3.257843597052097362e+00
1.729999999999999982e+00 3.248121264467239477e+00
1.739999999999999991e+00 3.238170977587699895e+00
1.750000000000000000e+00 3.227025206925869139e+00
1.760000000000000009e+00 3.214620538830756935e+00
1.770000000000000018e+00 3.204388325436115181e+00
1.780000000000000027e+00 3.198955772275924758e+00
1.790000000000000036e+00 3.193495095407962836e+00
1.800000000000000044e+00 3.187917516877651014e+00
1.810000000000000053e+00 3.183162296240329869e+00
1.820000000000000062e+00 3.174258650059699871e+00
1.830000000000000071e+00 3.165064443249702375e+00
1.840000000000000080e+00 3.156261162593364755e+00
1.850000000000000089e+00 3.151209736592769595e+00
1.860000000000000098e+00 3.145929152357578307e+00
1.870000000000000107e+00 3.143026946775913100e+00
1.880000000000000115e+00 3.139781577503681032e+00
1.890000000000000124e+00 3.136859486384391715e+00
1.900000000000000133e+00 3.136427516093254209e+00
1.910000000000000142e+00 3.135635077152252315e+00
1.919999999999999929e+00 3.132571484160423303e+00
1.929999999999999938e+00 3.132904691345691717e+00
1.939999999999999947e+00 3.131877753448486512e+00
1.949999999999999956e+00 3.131554622073173366e+00
1.959999999999999964e+00 3.130814593091010956e+00
1.969999999999999973e+00 3.132456972274780149e+00
1.979999999999999982e+00 3.133346244444846995e+00
1.989999999999999991e+00 3.132828548135757618e+00
2.000000000000000000e+00 3.131691359393596663e+00
2.010000000000000231e+00 3.131718273262977803e+00
2.020000000000000018e+00 3.134981789057254886e+00
2.030000000000000249e+00 3.136564975147247303e+00
2.040000000000000036e+00 3.138016489398479436e+00
2.049999999999999822e+00 3.141326222240924615e+00
2.060000000000000053e+00 3.144579641487598387e+00
2.069999999999999840e+00 3.149150822536945338e+00
2.080000000000000071e+00 3.154099719033241378e+00
2.089999999999999858e+00 3.158297190904617135e+00
2.100000000000000089e+00 3.165419215388297847e+00
2.109999999999999876e+00 3.169692586545944213e+00
2.120000000000000107e+00 3.173252028336524866e+00
2.129999999999999893e+00 3.176156059355735639e+00
2.140000000000000124e+00 3.178212669713497363e+00
2.149999999999999911e+00 3.183034082396030584e+00
2.160000000000000142e+00 3.186410613560676452e+00
2.169999999999999929e+00 3.190589372258186174e+00
2.180000000000000160e+00 3.196126762516498410e+00
2.189999999999999947e+00 3.201780598304271752e+00
2.200000000000000178e+00 3.206855735311508138e+00
2.209999999999999964e+00 3.212674497454166556e+00
2.220000000000000195e+00 3.220179958477020321e+00
2.229999999999999982e+00 3.229371370034217925e+00
2.240000000000000213e+00 3.237689212834835129e+00
2.250000000000000000e+00 3.247279626560211074e+00
2.260000000000000231e+00 3.261171077439784849e+00
2.270000000000000018e+00 3.279553298549652052e+00
2.280000000000000249e+00 3.294756552164554542e+00
2.290000000000000036e+00 3.310360661184787556e+00
2.300000000000000266e+00 3.326132995462417696e+00
2.310000000000000053e+00 3.344069713754653783e+00
2.319999999999999840e+00 3.362027492251395966e+00
2.330000000000000071e+00 3.381015512778759113e+00
2.339999999999999858e+00 3.396617971220016408e+00
2.350000000000000089e+00 3.413203710372448185e+00
2.359999999999999876e+00 3.432816944017410332e+00
2.370000000000000107e+00 3.449182525949478162e+00
2.379999999999999893e+00 3.463722828662395337e+00
2.390000000000000124e+00 3.477992470536232172e+00
2.399999999999999911e+00 3.500864004397392204e+00
2.410000000000000142e+00 3.519539008812904157e+00
2.419999999999999929e+00 3.538212001962661724e+00
2.430000000000000160e+00 3.555436966025829371e+00
2.439999999999999947e+00 3.568726271524429450e+00
2.450000000000000178e+00 3.583273222537040503e+00
2.459999999999999964e+00 3.595210859827995264e+00
2.470000000000000195e+00 3.611652252874374192e+00
2.479999999999999982e+00 3.626513928189277536e+00
2.490000000000000213e+00 3.637275185041427772e+00
2.500000000000000000e+00 3.644794689178466829e+00
2.510000000000000231e+00 3.655280182547569368e+00
2.520000000000000018e+00 3.666181595110893365e+00
2.530000000000000249e+00 3.675556056222915480e+00
2.540000000000000036e+00 3.684835369977951025e+00
2.550000000000000266e+00 3.689282274234294778e+00
2.560000000000000053e+00 3.692878996365070332e+00
2.569999999999999840e+00 3.695567079460620796e+00
2.580000000000000071e+00 3.698750393993854413e+00
2.589999999999999858e+00 3.702270496456622872e+00
2.600000000000000089e+00 3.706049307456016351e+00
2.609999999999999876e+00 3.709563719534874071e+00
2.620000000000000107e+00 3.711481987836360741e+00
2.629999999999999893e+00 3.714273258545398804e+00
2.640000000000000124e+00 3.714468266055583889e+00
2.649999999999999911e+00 3.715533897545337805e+00
2.660000000000000142e+00 3.715932301394939241e+00
2.669999999999999929e+00 3.716109547708034366e+00
2.680000000000000160e+00 3.714588541738987004e+00
2.689999999999999947e+00 3.714434656846523186e+00
2.700000000000000178e+00 3.711983262772560188e+00
2.709999999999999964e+00 3.710161325249671904e+00
2.720000000000000195e+00 3.707241621575355417e+00
2.729999999999999982e+00 3.704909243395328566e+00
2.740000000000000213e+00 3.701139691674709464e+00
2.750000000000000000e+00 3.697128557226657897e+00
2.760000000000000231e+00 3.691686248474121079e+00
2.770000000000000018e+00 3.689746837484836561e+00
2.780000000000000249e+00 3.687859721987247319e+00
2.790000000000000036e+00 3.684722610645294161e+00
2.800000000000000266e+00 3.682668189885616172e+00
2.810000000000000053e+00 3.680633281686306102e+00
2.819999999999999840e+00 3.676820717711448694e+00
2.830000000000000071e+00 3.673212650105953436e+00
2.839999999999999858e+00 3.668481871778964898e+00
2.850000000000000089e+00 3.661873612773418607e+00
2.859999999999999876e+00 3.658675107369422808e+00
2.870000000000000107e+00 3.656593298196792574e+00
2.879999999999999893e+00 3.651474087247848388e+00
2.890000000000000124e+00 3.647532151339054174e+00
2.899999999999999911e+00 3.641577726683616678e+00
2.910000000000000142e+00 3.634449358632564575e+00
2.919999999999999929e+00 3.626663818182945143e+00
2.930000000000000160e+00 3.616832049190997989e+00
2.939999999999999947e+00 3.606621793618202343e+00
2.950000000000000178e+00 3.593945449290275373e+00
2.959999999999999964e+00 3.580541056027412239e+00
2.970000000000000195e+00 3.565952217071056474e+00
2.979999999999999982e+00 3.552183573570251607e+00
2.990000000000000213e+00 3.534730979485511959e+00
3.000000000000000000e+00 3.517723251426219999e+00
