0.000000000000000000e+00 8.998464297121763211e-01
1.000000000000000021e-02 8.998464138597249695e-01
2.000000000000000042e-02 1.058798839436769557e+00
2.999999999999999889e-02 3.803319453542232331e+00
4.000000000000000083e-02 3.803295021162032885e+00
5.000000000000000278e-02 3.803189540932178314e+00
5.999999999999999778e-02 3.798199832732677361e+00
7.000000000000000666e-02 3.734183765587806736e+00
8.000000000000000167e-02 3.533175776991844153e+00
8.999999999999999667e-02 3.207228444809913537e+00
1.000000000000000056e-01 2.990855229475497978e+00
1.100000000000000006e-01 2.920621768059730616e+00
1.199999999999999956e-01 2.906315143644809584e+00
1.300000000000000044e-01 2.905509180800914582e+00
1.400000000000000133e-01 2.905509180800914582e+00
1.499999999999999944e-01 2.905509180800914582e+00
1.600000000000000033e-01 2.905509180800914582e+00
1.700000000000000122e-01 2.905509180800914582e+00
1.799999999999999933e-01 2.905509180800914582e+00
1.900000000000000022e-01 2.905509180800914582e+00
2.000000000000000111e-01 2.905509180800914582e+00
2.099999999999999922e-01 2.905509180800914582e+00
2.200000000000000011e-01 2.905509180800914582e+00
2.300000000000000100e-01 2.905509180800914582e+00
2.399999999999999911e-01 2.905509180800914582e+00
2.500000000000000000e-01 2.905509180800914582e+00
2.600000000000000089e-01 2.905509180800914582e+00
2.700000000000000178e-01 2.905509180800914582e+00
2.800000000000000266e-01 2.905509180800914582e+00
2.899999999999999800e-01 2.905509180800914582e+00
2.999999999999999889e-01 2.905509180800914582e+00
3.099999999999999978e-01 2.905509180800914582e+00
3.200000000000000067e-01 2.905509180800914582e+00
3.300000000000000155e-01 2.905509180800914582e+00
3.400000000000000244e-01 2.905509180800914582e+00
3.500000000000000333e-01 2.905509180800914582e+00
3.599999999999999867e-01 2.905509180800914582e+00
3.699999999999999956e-01 2.905509180800914582e+00
3.800000000000000044e-01 2.905509524919986930e+00
3.900000000000000133e-01 2.905509524919986930e+00
4.000000000000000222e-01 2.905512639617919834e+00
4.100000000000000311e-01 2.905513155796527691e+00
4.199999999999999845e-01 2.905514835770130144e+00
4.299999999999999933e-01 2.905517810389995681e+00
4.400000000000000022e-01 2.905530589153766829e+00
4.500000000000000111e-01 2.905555192742347526e+00
4.600000000000000200e-01 2.905561712660789553e+00
4.700000000000000289e-01 2.905580021700858939e+00
4.799999999999999822e-01 2.905590575351715277e+00
4.899999999999999911e-01 2.905612053947448814e+00
5.000000000000000000e-01 2.905621030266285043e+00
5.100000000000000089e-01 2.905636633663177371e+00
5.200000000000000178e-01 2.905649117245673985e+00
5.300000000000000266e-01 2.905668525774478983e+00
5.400000000000000355e-01 2.905679163956642164e+00
5.500000000000000444e-01 2.905706857964992729e+00
5.600000000000000533e-01 2.905721041266918103e+00
5.700000000000000622e-01 2.905736050629615708e+00
5.799999999999999600e-01 2.905757199666500146e+00
5.899999999999999689e-01 2.905758197512626761e+00
5.999999999999999778e-01 2.905758103184699959e+00
6.099999999999999867e-01 2.905761529104709417e+00
6.199999999999999956e-01 2.905762677361965363e+00
6.300000000000000044e-01 2.905767287759780881e+00
6.400000000000000133e-01 2.905785644330978190e+00
6.500000000000000222e-01 2.905779822206496998e+00
6.600000000000000311e-01 2.905777948222160401e+00
6.700000000000000400e-01 2.906291731424331726e+00
6.800000000000000488e-01 2.907857501025199909e+00
6.900000000000000577e-01 2.910582499749660546e+00
7.000000000000000666e-01 2.913395106146335678e+00
7.099999999999999645e-01 2.917045668666362612e+00
7.199999999999999734e-01 2.922257275941372079e+00
7.299999999999999822e-01 2.928450675969124006e+00
7.399999999999999911e-01 2.937716322133541169e+00
7.500000000000000000e-01 2.954632685863971542e+00
7.600000000000000089e-01 2.975901070325374764e+00
7.700000000000000178e-01 2.999341640012264332e+00
7.800000000000000266e-01 3.028001383025646032e+00
7.900000000000000355e-01 3.052363846979141204e+00
8.000000000000000444e-01 3.081202629694938633e+00
8.100000000000000533e-01 3.104181062936782975e+00
8.200000000000000622e-01 3.123238779802322451e+00
8.300000000000000711e-01 3.138049318211078464e+00
8.399999999999999689e-01 3.151363835110664535e+00
8.499999999999999778e-01 3.161110381431579519e+00
8.599999999999999867e-01 3.171919235064983411e+00
8.699999999999999956e-01 3.179102464270591621e+00
8.800000000000000044e-01 3.183644257276058376e+00
8.900000000000000133e-01 3.183160443785190363e+00
9.000000000000000222e-01 3.182562976880073613e+00
9.100000000000000311e-01 3.182484000494480103e+00
9.200000000000000400e-01 3.182486220626830953e+00
9.300000000000000488e-01 3.182483150181770526e+00
9.400000000000000577e-01 3.182427066104412283e+00
9.500000000000000666e-01 3.182344717214107721e+00
9.599999999999999645e-01 3.182304648828506277e+00
9.699999999999999734e-01 3.182243006982803379e+00
9.799999999999999822e-01 3.182179928598404040e+00
9.899999999999999911e-01 3.182161467678546796e+00
1.000000000000000000e+00 3.182148800799846633e+00
1.010000000000000009e+00 3.182145195019244976e+00
1.020000000000000018e+00 3.182128944613933363e+00
1.030000000000000027e+00 3.182131290473937835e+00
1.040000000000000036e+00 3.182134916496276666e+00
1.050000000000000044e+00 3.182137733504772026e+00
1.060000000000000053e+00 3.182137075021266970e+00
1.070000000000000062e+00 3.182139463288784054e+00
1.080000000000000071e+00 3.182136507234573308e+00
1.090000000000000080e+00 3.182146312365532026e+00
1.100000000000000089e+00 3.182145877113342181e+00
1.110000000000000098e+00 3.182139841451645079e+00
1.120000000000000107e+00 3.182137636973858097e+00
1.130000000000000115e+00 3.182137770774364327e+00
1.140000000000000124e+00 3.182138355281352915e+00
1.150000000000000133e+00 3.182138355281352915e+00
1.159999999999999920e+00 3.182138355281352915e+00
1.169999999999999929e+00 3.182138355281352915e+00
1.179999999999999938e+00 3.182138355281352915e+00
1.189999999999999947e+00 3.182138355281352915e+00
1.199999999999999956e+00 3.182138355281352915e+00
1.209999999999999964e+00 3.182138355281352915e+00
1.219999999999999973e+00 3.182138355281352915e+00
1.229999999999999982e+00 3.182138355281352915e+00
1.239999999999999991e+00 3.182138355281352915e+00
1.250000000000000000e+00 3.182138355281352915e+00
1.260000000000000009e+00 3.182138355281352915e+00
1.270000000000000018e+00 3.182138355281352915e+00
1.280000000000000027e+00 3.182138355281352915e+00
1.290000000000000036e+00 3.182138355281352915e+00
1.300000000000000044e+00 3.182138355281352915e+00
1.310000000000000053e+00 3.182138355281352915e+00
1.320000000000000062e+00 3.182138355281352915e+00
1.330000000000000071e+00 3.182138355281352915e+00
1.340000000000000080e+00 3.182138355281352915e+00
1.350000000000000089e+00 3.182138355281352915e+00
1.360000000000000098e+00 3.182138355281352915e+00
1.370000000000000107e+00 3.182138355281352915e+00
1.380000000000000115e+00 3.182138355281352915e+00
1.390000000000000124e+00 3.182138433778285869e+00
1.400000000000000133e+00 3.182138747766018128e+00
1.409999999999999920e+00 3.182139259998798320e+00
1.419999999999999929e+00 3.182139395749568944e+00
1.429999999999999938e+00 3.182139626824855849e+00
1.439999999999999947e+00 3.182140717527866425e+00
1.449999999999999956e+00 3.182139639153480637e+00
1.459999999999999964e+00 3.182138602242469805e+00
1.469999999999999973e+00 3.182134569592475870e+00
1.479999999999999982e+00 3.182135034461021306e+00
1.489999999999999991e+00 3.182134864084720682e+00
1.500000000000000000e+00 3.182136103308200958e+00
1.510000000000000009e+00 3.182135966372489744e+00
1.520000000000000018e+00 3.182135437455177129e+00
1.530000000000000027e+00 3.182134450688362204e+00
1.540000000000000036e+00 3.182133234622478657e+00
1.550000000000000044e+00 3.182131395688057030e+00
1.560000000000000053e+00 3.182130446176528960e+00
1.570000000000000062e+00 3.182132762200832410e+00
1.580000000000000071e+00 3.182133038935661240e+00
1.590000000000000080e+00 3.182133958687782371e+00
1.600000000000000089e+00 3.182136671290397789e+00
1.610000000000000098e+00 3.182136803293228233e+00
1.620000000000000107e+00 3.182137230677604567e+00
1.630000000000000115e+00 3.182140592708587512e+00
1.640000000000000124e+00 3.182144681587219193e+00
1.650000000000000133e+00 3.182147187473773897e+00
1.660000000000000142e+00 3.182148839890956982e+00
1.669999999999999929e+00 3.182150850565433675e+00
1.679999999999999938e+00 3.182153415091037552e+00
1.689999999999999947e+00 3.182157113378047963e+00
1.699999999999999956e+00 3.182158353698253617e+00
1.709999999999999964e+00 3.182162646968364594e+00
1.719999999999999973e+00 3.182165207316875577e+00
1.729999999999999982e+00 3.182168576884269573e+00
1.739999999999999991e+00 3.182172974593639569e+00
1.750000000000000000e+00 3.182177984747886601e+00
1.760000000000000009e+00 3.182184263539314273e+00
1.770000000000000018e+00 3.182186657707691158e+00
1.780000000000000027e+00 3.182188928816318541e+00
1.790000000000000036e+00 3.182191173658370786e+00
1.800000000000000044e+00 3.182193226065635816e+00
1.810000000000000053e+00 3.182192610187530413e+00
1.820000000000000062e+00 3.182192448217868730e+00
1.830000000000000071e+00 3.182192238016128716e+00
1.840000000000000080e+00 3.182191943364143238e+00
1.850000000000000089e+00 3.182191662225723139e+00
1.860000000000000098e+00 3.182191594595908946e+00
1.870000000000000107e+00 3.182190620679855364e+00
1.880000000000000115e+00 3.182190620679855364e+00
1.890000000000000124e+00 3.182190372598171280e+00
1.900000000000000133e+00 3.182190016894340445e+00
1.910000000000000142e+00 3.182190016894340445e+00
1.919999999999999929e+00 3.182190025906562969e+00
1.929999999999999938e+00 3.182189956521987995e+00
1.939999999999999947e+00 3.182189618396758846e+00
1.949999999999999956e+00 3.182189621484279751e+00
1.959999999999999964e+00 3.182190170657634543e+00
1.969999999999999973e+00 3.182190170657634543e+00
1.979999999999999982e+00 3.182189616620540562e+00
1.989999999999999991e+00 3.182189579684734149e+00
2.000000000000000000e+00 3.182189419906139349e+00
2.010000000000000231e+00 3.182189419906139349e+00
2.020000000000000018e+00 3.182189178867340207e+00
2.030000000000000249e+00 3.182189864759445097e+00
2.040000000000000036e+00 3.182189864759445097e+00
2.049999999999999822e+00 3.182189824321270066e+00
2.060000000000000053e+00 3.182189024515151843e+00
2.069999999999999840e+00 3.182188949158191615e+00
2.080000000000000071e+00 3.182188908894062251e+00
2.089999999999999858e+00 3.182188520576954005e+00
2.100000000000000089e+00 3.182188520576954005e+00
2.109999999999999876e+00 3.182188541250229097e+00
2.120000000000000107e+00 3.182188541250229097e+00
2.129999999999999893e+00 3.182188541250229097e+00
2.140000000000000124e+00 3.182188532836437211e+00
2.149999999999999911e+00 3.182188388700485149e+00
2.160000000000000142e+00 3.182188417117595591e+00
2.169999999999999929e+00 3.182188002297878349e+00
2.180000000000000160e+00 3.182187912137508512e+00
2.189999999999999947e+00 3.182188029577732280e+00
2.200000000000000178e+00 3.182187931466102793e+00
2.209999999999999964e+00 3.182188315522670674e+00
2.220000000000000195e+00 3.182188315522670674e+00
2.229999999999999982e+00 3.182188319215774719e+00
2.240000000000000213e+00 3.182188319215774719e+00
2.250000000000000000e+00 3.182188319215774719e+00
2.260000000000000231e+00 3.182188389382362370e+00
2.270000000000000018e+00 3.182188386936187552e+00
2.280000000000000249e+00 3.182188386936187552e+00
2.290000000000000036e+00 3.182188386936187552e+00
2.300000000000000266e+00 3.182188386936187552e+00
2.310000000000000053e+00 3.182188386936187552e+00
2.319999999999999840e+00 3.182188348557949187e+00
2.330000000000000071e+00 3.182188348557949187e+00
2.339999999999999858e+00 3.182188340582847719e+00
2.350000000000000089e+00 3.182188321974277478e+00
2.359999999999999876e+00 3.182188319315910174e+00
2.370000000000000107e+00 3.182188158760070884e+00
2.379999999999999893e+00 3.182188158760070884e+00
2.390000000000000124e+00 3.182188231287002456e+00
2.399999999999999911e+00 3.182188268156051603e+00
2.410000000000000142e+00 3.182188268156051603e+00
2.419999999999999929e+00 3.182188085865974347e+00
2.430000000000000160e+00 3.182188085865974347e+00
2.439999999999999947e+00 3.182188017187118412e+00
2.450000000000000178e+00 3.182188017187118412e+00
2.459999999999999964e+00 3.182188017187118412e+00
2.470000000000000195e+00 3.182188040561675813e+00
2.479999999999999982e+00 3.182188040561675813e+00
2.490000000000000213e+00 3.182232797050476236e+00
2.500000000000000000e+00 3.182267978692054911e+00
2.510000000000000231e+00 3.182525957167148700e+00
2.520000000000000018e+00 3.183042408461570716e+00
2.530000000000000249e+00 3.183915052242279220e+00
2.540000000000000036e+00 3.184945739171504808e+00
2.550000000000000266e+00 3.186334709522724129e+00
2.560000000000000053e+00 3.187715248994827277e+00
2.569999999999999840e+00 3.190294004333019462e+00
2.580000000000000071e+00 3.194456784808635597e+00
2.589999999999999858e+00 3.199666744949817510e+00
2.600000000000000089e+00 3.209738957049846686e+00
2.609999999999999876e+00 3.218618441882133308e+00
2.620000000000000107e+00 3.229582390902042466e+00
2.629999999999999893e+00 3.240907980701923208e+00
2.640000000000000124e+00 3.253860419533252557e+00
2.649999999999999911e+00 3.271569651982784155e+00
2.660000000000000142e+00 3.287184847543239474e+00
2.669999999999999929e+00 3.301909602260589605e+00
2.680000000000000160e+00 3.318300368010997925e+00
2.689999999999999947e+00 3.335914481148719801e+00
2.700000000000000178e+00 3.355174606106281487e+00
2.709999999999999964e+00 3.375486153094768405e+00
2.720000000000000195e+00 3.395153269996642909e+00
2.729999999999999982e+00 3.410363559756278917e+00
2.740000000000000213e+00 3.426904468243122004e+00
2.750000000000000000e+00 3.443810336940288597e+00
2.760000000000000231e+00 3.459870850236415940e+00
2.770000000000000018e+00 3.474481767108440255e+00
2.780000000000000249e+00 3.487598353149890862e+00
2.790000000000000036e+00 3.498075865194797629e+00
2.800000000000000266e+00 3.508048345711231253e+00
2.810000000000000053e+00 3.513508081116676340e+00
2.819999999999999840e+00 3.517517120170593259e+00
2.830000000000000071e+00 3.521624118828773575e+00
2.839999999999999858e+00 3.523121486506461952e+00
2.850000000000000089e+00 3.524313210232257632e+00
2.859999999999999876e+00 3.525244688858986120e+00
2.870000000000000107e+00 3.526312630369663026e+00
2.879999999999999893e+00 3.527191051096916219e+00
2.890000000000000124e+00 3.527853060905933535e+00
2.899999999999999911e+00 3.528234201505183965e+00
2.910000000000000142e+00 3.528693586051463882e+00
2.919999999999999929e+00 3.529011566576957915e+00
2.930000000000000160e+00 3.529011566576957915e+00
2.939999999999999947e+00 3.529011592230796968e+00
2.950000000000000178e+00 3.529011592230796968e+00
2.959999999999999964e+00 3.529011592230796968e+00
2.970000000000000195e+00 3.529011592230796968e+00
2.979999999999999982e+00 3.529011592230796968e+00
2.990000000000000213e+00 3.529011592230796968e+00
3.000000000000000000e+00 3.529011592230796968e+00
