0.000000000000000000e+00 4.735177454072236891e-01
1.000000000000000021e-02 4.735132818838954094e-01
2.000000000000000042e-02 1.249283700460195545e+00
2.999999999999999889e-02 1.249189973171949353e+00
4.000000000000000083e-02 1.249133693517446408e+00
5.000000000000000278e-02 1.249012682566642773e+00
5.999999999999999778e-02 1.248899647657871315e+00
7.000000000000000666e-02 1.250153906705379514e+00
8.000000000000000167e-02 1.511138402580022744e+00
8.999999999999999667e-02 2.220407601107358797e+00
1.000000000000000056e-01 2.293507544596195213e+00
1.100000000000000006e-01 2.317764085559844922e+00
1.199999999999999956e-01 2.317505061109065956e+00
1.300000000000000044e-01 2.318143199031352797e+00
1.400000000000000133e-01 2.320737467532157705e+00
1.499999999999999944e-01 2.322609965183735081e+00
1.600000000000000033e-01 2.323735370112657517e+00
1.700000000000000122e-01 2.325448744993209971e+00
1.799999999999999933e-01 2.329230511662959913e+00
1.900000000000000022e-01 2.340038817307949159e+00
2.000000000000000111e-01 2.353304866700172582e+00
2.099999999999999922e-01 2.394297937161922629e+00
2.200000000000000011e-01 2.487530720191001965e+00
2.300000000000000100e-01 2.713744477810859479e+00
2.399999999999999911e-01 3.028118495018482292e+00
2.500000000000000000e-01 3.312479802372455762e+00
2.600000000000000089e-01 3.575095725440978978e+00
2.700000000000000178e-01 3.737246162745952560e+00
2.800000000000000266e-01 3.806654216554164805e+00
2.899999999999999800e-01 3.835267003343105330e+00
2.999999999999999889e-01 3.837978758354187114e+00
3.099999999999999978e-01 3.838013533370495001e+00
3.200000000000000067e-01 3.837967367477416847e+00
3.300000000000000155e-01 3.837896062378883144e+00
3.400000000000000244e-01 3.837735124378204521e+00
3.500000000000000333e-01 3.837606300001144444e+00
3.599999999999999867e-01 3.837341186795234727e+00
3.699999999999999956e-01 3.837083860881328690e+00
3.800000000000000044e-01 3.833005106129646400e+00
3.900000000000000133e-01 3.827293962323665699e+00
4.000000000000000222e-01 3.818173703408241249e+00
4.100000000000000311e-01 3.800258158559798982e+00
4.199999999999999845e-01 3.777349711358547246e+00
4.299999999999999933e-01 3.745596121156215652e+00
4.400000000000000022e-01 3.699860642311572967e+00
4.500000000000000111e-01 3.654307493143081675e+00
4.600000000000000200e-01 3.596050545594692061e+00
4.700000000000000289e-01 3.536000018818378443e+00
4.799999999999999822e-01 3.490620338602066219e+00
4.899999999999999911e-01 3.447883942341804620e+00
5.000000000000000000e-01 3.418845781478881740e+00
5.100000000000000089e-01 3.397897640881538450e+00
5.200000000000000178e-01 3.384986177339553759e+00
5.300000000000000266e-01 3.375931854426860834e+00
5.400000000000000355e-01 3.370528731017112811e+00
5.500000000000000444e-01 3.366307215554714016e+00
5.600000000000000533e-01 3.363615799889564606e+00
5.700000000000000622e-01 3.362471872270107465e+00
5.799999999999999600e-01 3.361345251476764773e+00
5.899999999999999689e-01 3.360005604982375882e+00
5.999999999999999778e-01 3.359497681226730315e+00
6.099999999999999867e-01 3.358671589181423389e+00
6.199999999999999956e-01 3.358048054616451061e+00
6.300000000000000044e-01 3.357902190172672441e+00
6.400000000000000133e-01 3.357788637602329374e+00
6.500000000000000222e-01 3.357622502341270465e+00
6.600000000000000311e-01 3.357720033285617856e+00
6.700000000000000400e-01 3.357728256494998842e+00
6.800000000000000488e-01 3.357866407239437301e+00
6.900000000000000577e-01 3.358028623266219981e+00
7.000000000000000666e-01 3.358094330968856678e+00
7.099999999999999645e-01 3.358301409120559633e+00
7.199999999999999734e-01 3.358585231921672687e+00
7.299999999999999822e-01 3.358639206254482090e+00
7.399999999999999911e-01 3.358650447027683228e+00
7.500000000000000000e-01 3.358693460004329889e+00
7.600000000000000089e-01 3.358707000958919497e+00
7.700000000000000178e-01 3.358716688823700114e+00
7.800000000000000266e-01 3.358707565872669054e+00
7.900000000000000355e-01 3.358698758153915609e+00
8.000000000000000444e-01 3.358707683727741422e+00
8.100000000000000533e-01 3.358708118631839934e+00
8.200000000000000622e-01 3.358704074370860937e+00
8.300000000000000711e-01 3.358688048255443537e+00
8.399999999999999689e-01 3.358687614123821330e+00
8.499999999999999778e-01 3.358683967361450140e+00
8.599999999999999867e-01 3.358678936605453469e+00
8.699999999999999956e-01 3.358668962230682453e+00
8.800000000000000044e-01 3.358661238894462553e+00
8.900000000000000133e-01 3.358663608462810313e+00
9.000000000000000222e-01 3.358664315974712267e+00
9.100000000000000311e-01 3.358656908004284070e+00
9.200000000000000400e-01 3.358651011838913014e+00
9.300000000000000488e-01 3.358636783852577246e+00
9.400000000000000577e-01 3.358637603702545160e+00
9.500000000000000666e-01 3.358610939352512315e+00
9.599999999999999645e-01 3.358605526111126061e+00
9.699999999999999734e-01 3.358605056831836855e+00
9.799999999999999822e-01 3.358600298960209063e+00
9.899999999999999911e-01 3.358603295705318459e+00
1.000000000000000000e+00 3.358602035424709253e+00
1.010000000000000009e+00 3.358602547929287141e+00
1.020000000000000018e+00 3.358604489343166133e+00
1.030000000000000027e+00 3.358603835361003931e+00
1.040000000000000036e+00 3.358602927484512168e+00
1.050000000000000044e+00 3.358600914168357932e+00
1.060000000000000053e+00 3.358594909939765838e+00
1.070000000000000062e+00 3.358579898605346781e+00
1.080000000000000071e+00 3.358575835847854574e+00
1.090000000000000080e+00 3.358550647633075759e+00
1.100000000000000089e+00 3.358544864547252651e+00
1.110000000000000098e+00 3.358522042946815667e+00
1.120000000000000107e+00 3.358516205134391974e+00
1.130000000000000115e+00 3.358508283958435037e+00
1.140000000000000124e+00 3.358507023565769245e+00
1.150000000000000133e+00 3.358480378682613399e+00
1.159999999999999920e+00 3.358474812431335277e+00
1.169999999999999929e+00 3.358461717422008608e+00
1.179999999999999938e+00 3.358443068418502708e+00
1.189999999999999947e+00 3.358441860404014712e+00
1.199999999999999956e+00 3.358428825142383722e+00
1.209999999999999964e+00 3.358424789204597527e+00
1.219999999999999973e+00 3.358420337753295737e+00
1.229999999999999982e+00 3.358411832439899491e+00
1.239999999999999991e+00 3.358409922564029593e+00
1.250000000000000000e+00 3.358407482426166712e+00
1.260000000000000009e+00 3.358407524352073459e+00
1.270000000000000018e+00 3.358407524352073459e+00
1.280000000000000027e+00 3.358407524352073459e+00
1.290000000000000036e+00 3.358407524352073459e+00
1.300000000000000044e+00 3.358407524352073459e+00
1.310000000000000053e+00 3.358407524352073459e+00
1.320000000000000062e+00 3.358407524352073459e+00
1.330000000000000071e+00 3.358407524352073459e+00
1.340000000000000080e+00 3.358407524352073459e+00
1.350000000000000089e+00 3.358407524352073459e+00
1.360000000000000098e+00 3.358395001559257409e+00
1.370000000000000107e+00 3.358389448654651499e+00
1.380000000000000115e+00 3.358388147509097976e+00
1.390000000000000124e+00 3.358386565606593877e+00
1.400000000000000133e+00 3.358381969900131381e+00
1.409999999999999920e+00 3.358375854208469402e+00
1.419999999999999929e+00 3.358368468110561444e+00
1.429999999999999938e+00 3.358352874140739353e+00
1.439999999999999947e+00 3.358330611157417156e+00
1.449999999999999956e+00 3.358288488769531455e+00
1.459999999999999964e+00 3.358229590215683125e+00
1.469999999999999973e+00 3.358191979701519170e+00
1.479999999999999982e+00 3.358131873230933984e+00
1.489999999999999991e+00 3.358051267967224085e+00
1.500000000000000000e+00 3.357976759693622526e+00
1.510000000000000009e+00 3.357922113015651799e+00
1.520000000000000018e+00 3.357861806387901105e+00
1.530000000000000027e+00 3.357752038269043116e+00
1.540000000000000036e+00 3.357639616463184318e+00
1.550000000000000044e+00 3.357385445387363276e+00
1.560000000000000053e+00 3.357082125701904118e+00
1.570000000000000062e+00 3.356947802350521037e+00
1.580000000000000071e+00 3.356596062979698036e+00
1.590000000000000080e+00 3.356176843056678738e+00
1.600000000000000089e+00 3.355857093601226637e+00
1.610000000000000098e+00 3.355384460492134124e+00
1.620000000000000107e+00 3.354893564972877495e+00
1.630000000000000115e+00 3.354425076067447442e+00
1.640000000000000124e+00 3.354234457697868432e+00
1.650000000000000133e+00 3.353907443797588428e+00
1.660000000000000142e+00 3.353737034721374410e+00
1.669999999999999929e+00 3.353547180421352358e+00
1.679999999999999938e+00 3.353396197757720909e+00
1.689999999999999947e+00 3.353368147828578838e+00
1.699999999999999956e+00 3.353256013364791954e+00
1.709999999999999964e+00 3.353179908897876871e+00
1.719999999999999973e+00 3.353064793374538333e+00
1.729999999999999982e+00 3.352936030695438330e+00
1.739999999999999991e+00 3.352817769815921611e+00
1.750000000000000000e+00 3.352712414896488191e+00
1.760000000000000009e+00 3.352644774458408250e+00
1.770000000000000018e+00 3.352566441633701544e+00
1.780000000000000027e+00 3.352541807940006446e+00
1.790000000000000036e+00 3.352499796028137080e+00
1.800000000000000044e+00 3.352441171572208223e+00
1.810000000000000053e+00 3.352356699202060586e+00
1.820000000000000062e+00 3.352252927534580262e+00
1.830000000000000071e+00 3.352094090492725442e+00
1.840000000000000080e+00 3.351823492059707643e+00
1.850000000000000089e+00 3.351642634928226450e+00
1.860000000000000098e+00 3.351430179548263499e+00
1.870000000000000107e+00 3.351190865502357674e+00
1.880000000000000115e+00 3.351055272459984025e+00
1.890000000000000124e+00 3.350807186696529438e+00
1.900000000000000133e+00 3.350621034963130906e+00
1.910000000000000142e+00 3.350433193020820433e+00
1.919999999999999929e+00 3.350155282061099804e+00
1.929999999999999938e+00 3.350045289585590336e+00
1.939999999999999947e+00 3.349840441775322031e+00
1.949999999999999956e+00 3.349769424004554796e+00
1.959999999999999964e+00 3.349755825936794107e+00
1.969999999999999973e+00 3.349798236439228027e+00
1.979999999999999982e+00 3.350062511565685242e+00
1.989999999999999991e+00 3.350288173325061791e+00
2.000000000000000000e+00 3.350351975588798492e+00
2.010000000000000231e+00 3.350686662156582063e+00
2.020000000000000018e+00 3.351350024716853948e+00
2.030000000000000249e+00 3.351943808047771256e+00
2.040000000000000036e+00 3.352721608054638036e+00
2.049999999999999822e+00 3.353227709479332130e+00
2.060000000000000053e+00 3.354299789633750972e+00
2.069999999999999840e+00 3.354595191493034534e+00
2.080000000000000071e+00 3.354731978898048528e+00
2.089999999999999858e+00 3.354982636752128489e+00
2.100000000000000089e+00 3.355446354360580585e+00
2.109999999999999876e+00 3.357051464900970394e+00
2.120000000000000107e+00 3.357998037600517183e+00
2.129999999999999893e+00 3.358422641403675080e+00
2.140000000000000124e+00 3.358766769421100751e+00
2.149999999999999911e+00 3.359188958706855743e+00
2.160000000000000142e+00 3.359674478211402970e+00
2.169999999999999929e+00 3.359969086067676525e+00
2.180000000000000160e+00 3.360731159327030149e+00
2.189999999999999947e+00 3.361600945484638281e+00
2.200000000000000178e+00 3.363119224708080335e+00
2.209999999999999964e+00 3.365335426554679987e+00
2.220000000000000195e+00 3.367080975069999482e+00
2.229999999999999982e+00 3.369288604962825673e+00
2.240000000000000213e+00 3.371774437983035888e+00
2.250000000000000000e+00 3.374647690231800112e+00
2.260000000000000231e+00 3.377624489538669561e+00
2.270000000000000018e+00 3.380924155492782468e+00
2.280000000000000249e+00 3.384244486503601212e+00
2.290000000000000036e+00 3.387224087839126430e+00
2.300000000000000266e+00 3.389866675846576527e+00
2.310000000000000053e+00 3.393163180866241468e+00
2.319999999999999840e+00 3.396544926109314133e+00
2.330000000000000071e+00 3.401332226436138306e+00
2.339999999999999858e+00 3.406454099955558590e+00
2.350000000000000089e+00 3.411409934921264764e+00
2.359999999999999876e+00 3.416070850799083569e+00
2.370000000000000107e+00 3.421656731193065681e+00
2.379999999999999893e+00 3.426669210467338633e+00
2.390000000000000124e+00 3.432394629113673989e+00
2.399999999999999911e+00 3.438782280538082325e+00
2.410000000000000142e+00 3.446119117321968073e+00
2.419999999999999929e+00 3.453208414123058123e+00
2.430000000000000160e+00 3.460421598336696825e+00
2.439999999999999947e+00 3.468411187458038114e+00
2.450000000000000178e+00 3.475581288619041587e+00
2.459999999999999964e+00 3.482980646936893354e+00
2.470000000000000195e+00 3.490097828257083812e+00
2.479999999999999982e+00 3.497266673421859817e+00
2.490000000000000213e+00 3.503935587651729744e+00
2.500000000000000000e+00 3.511296692554950916e+00
2.510000000000000231e+00 3.518837089388370476e+00
2.520000000000000018e+00 3.525950330030918067e+00
2.530000000000000249e+00 3.533587591533660976e+00
2.540000000000000036e+00 3.540241715917587406e+00
2.550000000000000266e+00 3.546481536941528123e+00
2.560000000000000053e+00 3.551770146646499704e+00
2.569999999999999840e+00 3.556557246613502699e+00
2.580000000000000071e+00 3.561067240803241774e+00
2.589999999999999858e+00 3.564903159599304150e+00
2.600000000000000089e+00 3.567987719144821046e+00
2.609999999999999876e+00 3.570835234191417573e+00
2.620000000000000107e+00 3.574226609385013465e+00
2.629999999999999893e+00 3.576497260563373359e+00
2.640000000000000124e+00 3.578806939342022098e+00
2.649999999999999911e+00 3.581748805794715995e+00
2.660000000000000142e+00 3.584965264623165115e+00
2.669999999999999929e+00 3.586608758864402891e+00
2.680000000000000160e+00 3.586868292925357693e+00
2.689999999999999947e+00 3.587642409317493453e+00
2.700000000000000178e+00 3.588171512324810131e+00
2.709999999999999964e+00 3.587932502005100055e+00
2.720000000000000195e+00 3.587301404025554863e+00
2.729999999999999982e+00 3.586849612152576583e+00
2.740000000000000213e+00 3.586456046371460094e+00
2.750000000000000000e+00 3.586266770060062559e+00
2.760000000000000231e+00 3.585732186694145174e+00
2.770000000000000018e+00 3.585262374944687025e+00
2.780000000000000249e+00 3.584677010550498810e+00
2.790000000000000036e+00 3.583962137577533902e+00
2.800000000000000266e+00 3.583166280293464734e+00
2.810000000000000053e+00 3.582645983171463211e+00
2.819999999999999840e+00 3.581967101457118829e+00
2.830000000000000071e+00 3.581257662534713671e+00
2.839999999999999858e+00 3.580659303905963764e+00
2.850000000000000089e+00 3.580203429853916042e+00
2.859999999999999876e+00 3.579665209219455857e+00
2.870000000000000107e+00 3.579217060048580201e+00
2.879999999999999893e+00 3.578536545073986108e+00
2.890000000000000124e+00 3.577992777323722784e+00
2.899999999999999911e+00 3.577697308142185229e+00
2.910000000000000142e+00 3.577324038925171035e+00
2.919999999999999929e+00 3.576962430531978487e+00
2.930000000000000160e+00 3.576516160616874718e+00
2.939999999999999947e+00 3.576087676408290950e+00
2.950000000000000178e+00 3.575821793282031980e+00
2.959999999999999964e+00 3.575438820679187835e+00
2.970000000000000195e+00 3.575195744299888734e+00
2.979999999999999982e+00 3.575004747426509866e+00
2.990000000000000213e+00 3.574897728648185780e+00
3.000000000000000000e+00 3.574640857849121112e+00
