0.000000000000000000e+00 1.802113644604038667e-01 1.851789705874372083e-01
1.000000000000000021e-02 3.118892671671871231e+00 3.786270016383167292e+00
2.000000000000000042e-02 2.789829562599330348e+00 3.217415239742130506e+00
2.999999999999999889e-02 2.824402603299610792e+00 3.027342065045840247e+00
4.000000000000000083e-02 2.848067639707304366e+00 2.970423831955216976e+00
5.000000000000000278e-02 2.861209112545726185e+00 2.947171302397968873e+00
5.999999999999999778e-02 2.870077387568635174e+00 2.933156733701544283e+00
7.000000000000000666e-02 2.875339085084375412e+00 2.925756048997465442e+00
8.000000000000000167e-02 2.877169479798692642e+00 2.923000390191655917e+00
8.999999999999999667e-02 2.878008237882160092e+00 2.921636333140827713e+00
1.000000000000000056e-01 2.878237224400301386e+00 2.921178006946782979e+00
1.100000000000000006e-01 2.878427219500695244e+00 2.920753169717634989e+00
1.199999999999999956e-01 2.878592738898868131e+00 2.920347149616604465e+00
1.300000000000000044e-01 2.878670173070110305e+00 2.920194600460849887e+00
1.400000000000000133e-01 2.878761137846061136e+00 2.920045347062996566e+00
1.499999999999999944e-01 2.878808869692927264e+00 2.919883035381192204e+00
1.600000000000000033e-01 2.878945890809526897e+00 2.919529771269330443e+00
1.700000000000000122e-01 2.879088595653544136e+00 2.919238989180554800e+00
1.799999999999999933e-01 2.879158433503928194e+00 2.919008677334962165e+00
1.900000000000000022e-01 2.879260469858043070e+00 2.918813391502506516e+00
2.000000000000000111e-01 2.879431880425971979e+00 2.918295464363532599e+00
2.099999999999999922e-01 2.879440379681992734e+00 2.918140593046736786e+00
2.200000000000000011e-01 2.879478235332741942e+00 2.917578271248564281e+00
2.300000000000000100e-01 2.879759517982195316e+00 2.916681157271673097e+00
2.399999999999999911e-01 2.880025540177763688e+00 2.915366784284173285e+00
2.500000000000000000e-01 2.880262212418666756e+00 2.914427677708514963e+00
2.600000000000000089e-01 2.880427881830067260e+00 2.913590425560145913e+00
2.700000000000000178e-01 2.880437100029753505e+00 2.912658414096070292e+00
2.800000000000000266e-01 2.880276181536468805e+00 2.912062482814040898e+00
2.899999999999999800e-01 2.880076446249780986e+00 2.911313701932134457e+00
2.999999999999999889e-01 2.879762584157927297e+00 2.910842228573815138e+00
3.099999999999999978e-01 2.879369350374697323e+00 2.910569013091565349e+00
3.200000000000000067e-01 2.878984411962414391e+00 2.910372948333835197e+00
3.300000000000000155e-01 2.878060456411423385e+00 2.910319736597953177e+00
3.400000000000000244e-01 2.877562293767780499e+00 2.910175818405300152e+00
3.500000000000000333e-01 2.876988677441048914e+00 2.910260032156538834e+00
3.599999999999999867e-01 2.876698546262427048e+00 2.910310686306313510e+00
3.699999999999999956e-01 2.876647560975821083e+00 2.910317947437493391e+00
3.800000000000000044e-01 2.876490981816347325e+00 2.910364500046674241e+00
3.900000000000000133e-01 2.876207275636733396e+00 2.910464262926041545e+00
4.000000000000000222e-01 2.876011275727966776e+00 2.910538091170569608e+00
4.100000000000000311e-01 2.875966125120880346e+00 2.910535690818069288e+00
4.199999999999999845e-01 2.875962647893290924e+00 2.910533073241848623e+00
4.299999999999999933e-01 2.875908049429669155e+00 2.910476103445277296e+00
4.400000000000000022e-01 2.875859618521411143e+00 2.910441372651379588e+00
4.500000000000000111e-01 2.875747673413190597e+00 2.910371903789606307e+00
4.600000000000000200e-01 2.875659534972548226e+00 2.910362630607247869e+00
4.700000000000000289e-01 2.875615845695155492e+00 2.910343862981182639e+00
4.799999999999999822e-01 2.875540914192675768e+00 2.910347609333516328e+00
4.899999999999999911e-01 2.875356020837236848e+00 2.910410286359380372e+00
5.000000000000000000e-01 2.875280920674532670e+00 2.910426601803571156e+00
5.100000000000000089e-01 2.875073842669401802e+00 2.910433959426011352e+00
5.200000000000000178e-01 2.875041439309328872e+00 2.910424821166783360e+00
5.300000000000000266e-01 2.874918447118226528e+00 2.910427140621717701e+00
5.400000000000000355e-01 2.874725738777227591e+00 2.910476508665971629e+00
5.500000000000000444e-01 2.874428415240452672e+00 2.910548693805529830e+00
5.600000000000000533e-01 2.874176694696740864e+00 2.910599458309813148e+00
5.700000000000000622e-01 2.874038919734777764e+00 2.910599139194665952e+00
5.799999999999999600e-01 2.872505650022137313e+00 2.912972805907619200e+00
5.899999999999999689e-01 2.869090290035652746e+00 2.918308810625625416e+00
5.999999999999999778e-01 2.864741212980916885e+00 2.925689138700792391e+00
6.099999999999999867e-01 2.857672962648109216e+00 2.934409244645400872e+00
6.199999999999999956e-01 2.835374523802811186e+00 2.961492793220466435e+00
6.300000000000000044e-01 2.826456012454612754e+00 2.984629131435768024e+00
6.400000000000000133e-01 2.828888716845060713e+00 3.010945268049692203e+00
6.500000000000000222e-01 2.831393048490419950e+00 3.047070502000913450e+00
6.600000000000000311e-01 2.850143946911952941e+00 3.093572861278393038e+00
6.700000000000000400e-01 2.875452986660008925e+00 3.138865233011240541e+00
6.800000000000000488e-01 2.922447161982022479e+00 3.184681879727877529e+00
6.900000000000000577e-01 2.982705564420217392e+00 3.211191271464830521e+00
7.000000000000000666e-01 3.043876509280215359e+00 3.216495437097538712e+00
7.099999999999999645e-01 3.083878036616303220e+00 3.210046309120200725e+00
7.199999999999999734e-01 3.112736121799748901e+00 3.199688521435457567e+00
7.299999999999999822e-01 3.126539083099201477e+00 3.192821616616412506e+00
7.399999999999999911e-01 3.136655826550987403e+00 3.186720278213951207e+00
7.500000000000000000e-01 3.144454281157635922e+00 3.181475974794245598e+00
7.600000000000000089e-01 3.148603444415983166e+00 3.178453004458490216e+00
7.700000000000000178e-01 3.152648150133320115e+00 3.175257819939425907e+00
7.800000000000000266e-01 3.154255649358025160e+00 3.173932652815589783e+00
7.900000000000000355e-01 3.154620799334315162e+00 3.173669048044415408e+00
8.000000000000000444e-01 3.154843790481573151e+00 3.173517489563936422e+00
8.100000000000000533e-01 3.155052948639801791e+00 3.173372834150382182e+00
8.200000000000000622e-01 3.155299482072952078e+00 3.173208997155067213e+00
8.300000000000000711e-01 3.155988623443150676e+00 3.172740103830790748e+00
8.399999999999999689e-01 3.155989419581198163e+00 3.172739959243036090e+00
8.499999999999999778e-01 3.156179759975792365e+00 3.172630055764792623e+00
8.599999999999999867e-01 3.156399705434016045e+00 3.172487747444936002e+00
8.699999999999999956e-01 3.156542602803356523e+00 3.172389907958858224e+00
8.800000000000000044e-01 3.156592161931973450e+00 3.172361083016413730e+00
8.900000000000000133e-01 3.156592684720074260e+00 3.172356741039241257e+00
9.000000000000000222e-01 3.156593270587837896e+00 3.172357210221373958e+00
9.100000000000000311e-01 3.156593299368091632e+00 3.172355572158626291e+00
9.200000000000000400e-01 3.156593343377515737e+00 3.172355386981561942e+00
9.300000000000000488e-01 3.156598637943875740e+00 3.172354774731981575e+00
9.400000000000000577e-01 3.156599156609138479e+00 3.172355409554878047e+00
9.500000000000000666e-01 3.156599156609138479e+00 3.172355409554878047e+00
9.599999999999999645e-01 3.156599204768910205e+00 3.172354990329966817e+00
9.699999999999999734e-01 3.156599343447208827e+00 3.172355065565585885e+00
9.799999999999999822e-01 3.156605130400331305e+00 3.172358817892400928e+00
9.899999999999999911e-01 3.156609150733365343e+00 3.172360322595225046e+00
1.000000000000000000e+00 3.156613613586712219e+00 3.172359402012538965e+00
1.010000000000000009e+00 3.156615225202191510e+00 3.172360591462504154e+00
1.020000000000000018e+00 3.156620685431718254e+00 3.172362888348341681e+00
1.030000000000000027e+00 3.156626996512224892e+00 3.172365557732770291e+00
1.040000000000000036e+00 3.156630125439285006e+00 3.172368178546310258e+00
1.050000000000000044e+00 3.156631100362937925e+00 3.172368634763557349e+00
1.060000000000000053e+00 3.156638354137242697e+00 3.172371829559504253e+00
1.070000000000000062e+00 3.156639697154417057e+00 3.172373358513460140e+00
1.080000000000000071e+00 3.156649108136610593e+00 3.172380920878930866e+00
1.090000000000000080e+00 3.156649858427070576e+00 3.172382554211593764e+00
1.100000000000000089e+00 3.156656983347977175e+00 3.172395891865646078e+00
1.110000000000000098e+00 3.156660075755610251e+00 3.172397442025647329e+00
1.120000000000000107e+00 3.156662476728347766e+00 3.172400326959701200e+00
1.130000000000000115e+00 3.156666575005963704e+00 3.172406764198824280e+00
1.140000000000000124e+00 3.156673443991541816e+00 3.172414573610424782e+00
1.150000000000000133e+00 3.156680444058892476e+00 3.172421131182196596e+00
1.159999999999999920e+00 3.156682090354617998e+00 3.172422015194240608e+00
1.169999999999999929e+00 3.156688878299226175e+00 3.172428466208945252e+00
1.179999999999999938e+00 3.156692544448856275e+00 3.172429709488865157e+00
1.189999999999999947e+00 3.156698664988647263e+00 3.172432768903603151e+00
1.199999999999999956e+00 3.156707695479528564e+00 3.172437631506784594e+00
1.209999999999999964e+00 3.156714966629652341e+00 3.172441231128068306e+00
1.219999999999999973e+00 3.156717157447879174e+00 3.172442371417934837e+00
1.229999999999999982e+00 3.156724147409492254e+00 3.172448307295746339e+00
1.239999999999999991e+00 3.156727252173850307e+00 3.172451015891601944e+00
1.250000000000000000e+00 3.156729663188248214e+00 3.172451814673156623e+00
1.260000000000000009e+00 3.156734670118055863e+00 3.172453912535943221e+00
1.270000000000000018e+00 3.156735149061856038e+00 3.172454963395419103e+00
1.280000000000000027e+00 3.156735843859132640e+00 3.172456027049604277e+00
1.290000000000000036e+00 3.156736423030774397e+00 3.172456874527056492e+00
1.300000000000000044e+00 3.156737016472754842e+00 3.172457660908760690e+00
1.310000000000000053e+00 3.156737016472754842e+00 3.172457660908760690e+00
1.320000000000000062e+00 3.156737016472754842e+00 3.172457660908760690e+00
1.330000000000000071e+00 3.156737016472754842e+00 3.172457660908760690e+00
1.340000000000000080e+00 3.156737016472754842e+00 3.172457660908760690e+00
1.350000000000000089e+00 3.156737016472754842e+00 3.172457660908760690e+00
1.360000000000000098e+00 3.156737016472754842e+00 3.172457660908760690e+00
1.370000000000000107e+00 3.156737282721082227e+00 3.172458244551142226e+00
1.380000000000000115e+00 3.156737389227741719e+00 3.172458478000766302e+00
1.390000000000000124e+00 3.156736484339103033e+00 3.172458371002808253e+00
1.400000000000000133e+00 3.156736311375269999e+00 3.172458460973134109e+00
1.409999999999999920e+00 3.156736312236636088e+00 3.172458711481244364e+00
1.419999999999999929e+00 3.156735896119752915e+00 3.172458276968320945e+00
1.429999999999999938e+00 3.156735298740013906e+00 3.172460257271186190e+00
1.439999999999999947e+00 3.156736103220534773e+00 3.172461186112808917e+00
1.449999999999999956e+00 3.156737976518660727e+00 3.172464578932732149e+00
1.459999999999999964e+00 3.156736055300962907e+00 3.172465755092370276e+00
1.469999999999999973e+00 3.156732642245986931e+00 3.172466882375976738e+00
1.479999999999999982e+00 3.156733782174685921e+00 3.172468694641491282e+00
1.489999999999999991e+00 3.156732881443163219e+00 3.172470292451718965e+00
1.500000000000000000e+00 3.156731387934696986e+00 3.172469963221538070e+00
1.510000000000000009e+00 3.156733021868341371e+00 3.172473687015898047e+00
1.520000000000000018e+00 3.156737273967539892e+00 3.172483949539387282e+00
1.530000000000000027e+00 3.156741325662320907e+00 3.172496011225992785e+00
1.540000000000000036e+00 3.156742729892070276e+00 3.172504748321240076e+00
1.550000000000000044e+00 3.156746385096083074e+00 3.172523041111459108e+00
1.560000000000000053e+00 3.156748296229715756e+00 3.172528999154691220e+00
1.570000000000000062e+00 3.156748193385825907e+00 3.172536939246429988e+00
1.580000000000000071e+00 3.156748672315703441e+00 3.172540017469299922e+00
1.590000000000000080e+00 3.156748676604787196e+00 3.172543535538157489e+00
1.600000000000000089e+00 3.156748077752275616e+00 3.172557865298108570e+00
1.610000000000000098e+00 3.156745626991650955e+00 3.172557032176592795e+00
1.620000000000000107e+00 3.156742932921739797e+00 3.172554845818189140e+00
1.630000000000000115e+00 3.156742493843160524e+00 3.172554292741693871e+00
1.640000000000000124e+00 3.156736952654324746e+00 3.172570924576319840e+00
1.650000000000000133e+00 3.156734178010225822e+00 3.172579169396161358e+00
1.660000000000000142e+00 3.156724739272857239e+00 3.172609683062767250e+00
1.669999999999999929e+00 3.156724739272857239e+00 3.172609683062767250e+00
1.679999999999999938e+00 3.156724740442708121e+00 3.172609739075228585e+00
1.689999999999999947e+00 3.156724735603809506e+00 3.172609738707065752e+00
1.699999999999999956e+00 3.156724468269575201e+00 3.172609401454698830e+00
1.709999999999999964e+00 3.156721476927725867e+00 3.172619872998269308e+00
1.719999999999999973e+00 3.156717078181466629e+00 3.172635906056204380e+00
1.729999999999999982e+00 3.156713843760881488e+00 3.172645975703802357e+00
1.739999999999999991e+00 3.156711288870968968e+00 3.172654378486476023e+00
1.750000000000000000e+00 3.156711408804276697e+00 3.172654921542784390e+00
1.760000000000000009e+00 3.156711690079422539e+00 3.172654564154891332e+00
1.770000000000000018e+00 3.156711742776130869e+00 3.172655086800361346e+00
1.780000000000000027e+00 3.156711517279618739e+00 3.172652392041212188e+00
1.790000000000000036e+00 3.156711070530369145e+00 3.172649955837771873e+00
1.800000000000000044e+00 3.156711070530369145e+00 3.172649955837771873e+00
1.810000000000000053e+00 3.156709957550193124e+00 3.172648346573684996e+00
1.820000000000000062e+00 3.156708829224747603e+00 3.172649706079321952e+00
1.830000000000000071e+00 3.156708060751723277e+00 3.172648632220460119e+00
1.840000000000000080e+00 3.156706081747272297e+00 3.172647709990284337e+00
1.850000000000000089e+00 3.156700870551642168e+00 3.172657297802392584e+00
1.860000000000000098e+00 3.156700949608477913e+00 3.172657027557697518e+00
1.870000000000000107e+00 3.156700977417208787e+00 3.172657051056645638e+00
1.880000000000000115e+00 3.156701672030697292e+00 3.172657043756236472e+00
1.890000000000000124e+00 3.156701765852678143e+00 3.172657924684774144e+00
1.900000000000000133e+00 3.156701765852678143e+00 3.172657924684774144e+00
1.910000000000000142e+00 3.156689940820961660e+00 3.172661289828986320e+00
1.919999999999999929e+00 3.156651963377670622e+00 3.172674936475081697e+00
1.929999999999999938e+00 3.156646862124298902e+00 3.172676303883696480e+00
1.939999999999999947e+00 3.156614825503279764e+00 3.172688170607635971e+00
1.949999999999999956e+00 3.156562507796946804e+00 3.172706499122914359e+00
1.959999999999999964e+00 3.156501919044786497e+00 3.172731291275685983e+00
1.969999999999999973e+00 3.156383962189947656e+00 3.172778046844209054e+00
1.979999999999999982e+00 3.156339994126690307e+00 3.172802133997547180e+00
1.989999999999999991e+00 3.156294072574723053e+00 3.172822781959426131e+00
2.000000000000000000e+00 3.156208012652292894e+00 3.172881436085805085e+00
2.010000000000000231e+00 3.156173232487334612e+00 3.172932954346047385e+00
2.020000000000000018e+00 3.155925807284925444e+00 3.173165003071214851e+00
2.030000000000000249e+00 3.155799890925568452e+00 3.173342202718573812e+00
2.040000000000000036e+00 3.155692199919162277e+00 3.173445290238919192e+00
2.049999999999999822e+00 3.155465001918070111e+00 3.173634498986012797e+00
2.060000000000000053e+00 3.155110280472633644e+00 3.173875040977600204e+00
2.069999999999999840e+00 3.154829590371039494e+00 3.174124326235863158e+00
2.080000000000000071e+00 3.154658217988597357e+00 3.174296785101307528e+00
2.089999999999999858e+00 3.154381761024515729e+00 3.174596705548246245e+00
2.100000000000000089e+00 3.154117427693324593e+00 3.174860501522106304e+00
2.109999999999999876e+00 3.153963481523456291e+00 3.175041510642108822e+00
2.120000000000000107e+00 3.152612249673089728e+00 3.176637223707952984e+00
2.129999999999999893e+00 3.151092968376586256e+00 3.178618605948975606e+00
2.140000000000000124e+00 3.149214419639757789e+00 3.181218530241796127e+00
2.149999999999999911e+00 3.147523742169462402e+00 3.183603937502779146e+00
2.160000000000000142e+00 3.146583151549477986e+00 3.185018519883970445e+00
2.169999999999999929e+00 3.145599977709596207e+00 3.186570448649580722e+00
2.180000000000000160e+00 3.144949182655614184e+00 3.187577031905848290e+00
2.189999999999999947e+00 3.144306115529095891e+00 3.188451314990961905e+00
2.200000000000000178e+00 3.143287807119320210e+00 3.189894198886920496e+00
2.209999999999999964e+00 3.142514670468850468e+00 3.190990262144522305e+00
2.220000000000000195e+00 3.141853428260825698e+00 3.192015516674973075e+00
2.229999999999999982e+00 3.141603042466118545e+00 3.192288309977576510e+00
2.240000000000000213e+00 3.141457125754661295e+00 3.192373093018227248e+00
2.250000000000000000e+00 3.139749531484964606e+00 3.194545536755200921e+00
2.260000000000000231e+00 3.138287763129244290e+00 3.196448460425367344e+00
2.270000000000000018e+00 3.137344122371553023e+00 3.197737576356054934e+00
2.280000000000000249e+00 3.135737301417569345e+00 3.199981765435953474e+00
2.290000000000000036e+00 3.133775778973525661e+00 3.202728637048775084e+00
2.300000000000000266e+00 3.132421551750711242e+00 3.204569187175222655e+00
2.310000000000000053e+00 3.128268905482572748e+00 3.210687868017870095e+00
2.319999999999999840e+00 3.124448483472915150e+00 3.216257254327683057e+00
2.330000000000000071e+00 3.120785738126944153e+00 3.221910119502831904e+00
2.339999999999999858e+00 3.116186639127982438e+00 3.229360348701225902e+00
2.350000000000000089e+00 3.111102784032693247e+00 3.237939295640119841e+00
2.359999999999999876e+00 3.107484323944146976e+00 3.245267493101064549e+00
2.370000000000000107e+00 3.102219122324696432e+00 3.255823881768474148e+00
2.379999999999999893e+00 3.098025305750143676e+00 3.265146694562661711e+00
2.390000000000000124e+00 3.092118161764320750e+00 3.278671562509360538e+00
2.399999999999999911e+00 3.087215036214315145e+00 3.290645425726450579e+00
2.410000000000000142e+00 3.077839431551208982e+00 3.315539089862594047e+00
2.419999999999999929e+00 3.070764777890041763e+00 3.336888651665851135e+00
2.430000000000000160e+00 3.066802150050947251e+00 3.351775699852159729e+00
2.439999999999999947e+00 3.060428560932663355e+00 3.378750911365958398e+00
2.450000000000000178e+00 3.054696651954890374e+00 3.406883915676831354e+00
2.459999999999999964e+00 3.049901670951577604e+00 3.449152248416212263e+00
2.470000000000000195e+00 3.047688924873428018e+00 3.487778487789078508e+00
2.479999999999999982e+00 3.044028011754291718e+00 3.537898764588100597e+00
2.490000000000000213e+00 3.039708119814758192e+00 3.592460095936889530e+00
2.500000000000000000e+00 3.047055642133415176e+00 3.650642510356247428e+00
2.510000000000000231e+00 3.071564013324562303e+00 3.702617895454581642e+00
2.520000000000000018e+00 3.112823658618014022e+00 3.764793507348019652e+00
2.530000000000000249e+00 3.157556331985214904e+00 3.828543893983145985e+00
2.540000000000000036e+00 3.230315983451829354e+00 3.887648792711272172e+00
2.550000000000000266e+00 3.292587904938484300e+00 3.931464497696135929e+00
2.560000000000000053e+00 3.353132476979229448e+00 3.965117144788768311e+00
2.569999999999999840e+00 3.431146239618266147e+00 3.985690988150631942e+00
2.580000000000000071e+00 3.505252308177505327e+00 4.000509079571212823e+00
2.589999999999999858e+00 3.575049375058497958e+00 4.003128666742954422e+00
2.600000000000000089e+00 3.634843519031325521e+00 3.997418724926194322e+00
2.609999999999999876e+00 3.672809309147912593e+00 3.990310795875471328e+00
2.620000000000000107e+00 3.704345672390036537e+00 3.982305642841286630e+00
2.629999999999999893e+00 3.711229579185095329e+00 3.980583077560815308e+00
2.640000000000000124e+00 3.718794787656749534e+00 3.978786487377201198e+00
2.649999999999999911e+00 3.724292220899362960e+00 3.977986494658688699e+00
2.660000000000000142e+00 3.731235599317755280e+00 3.977278048367296037e+00
2.669999999999999929e+00 3.737035214060102639e+00 3.976421961166108687e+00
2.680000000000000160e+00 3.746364746578404237e+00 3.974815391580394319e+00
2.689999999999999947e+00 3.754802018912062334e+00 3.972912310225739763e+00
2.700000000000000178e+00 3.762722129877902333e+00 3.970937672773502847e+00
2.709999999999999964e+00 3.765909060256916518e+00 3.970130337707560741e+00
2.720000000000000195e+00 3.766107017179402661e+00 3.970033555540171122e+00
2.729999999999999982e+00 3.768016376009617030e+00 3.969881347607936650e+00
2.740000000000000213e+00 3.768852125198144609e+00 3.969479656465750406e+00
2.750000000000000000e+00 3.767980289475395761e+00 3.969311015446707724e+00
2.760000000000000231e+00 3.763222570375263309e+00 3.970571157547175822e+00
2.770000000000000018e+00 3.760318948086582402e+00 3.971145385528720873e+00
2.780000000000000249e+00 3.756077424218421168e+00 3.971943368699784482e+00
2.790000000000000036e+00 3.748399754517961480e+00 3.973152443844389037e+00
2.800000000000000266e+00 3.740711537338988979e+00 3.974234283889038100e+00
2.810000000000000053e+00 3.724920073494320416e+00 3.975712021723384115e+00
2.819999999999999840e+00 3.714262206630409846e+00 3.976998845877944166e+00
2.830000000000000071e+00 3.700423834611860308e+00 3.978134991171868862e+00
2.839999999999999858e+00 3.683298557614183455e+00 3.978434533048772703e+00
2.850000000000000089e+00 3.669143724082265301e+00 3.977654029905046684e+00
2.859999999999999876e+00 3.652150504179495272e+00 3.976143740844231722e+00
2.870000000000000107e+00 3.631970067269122637e+00 3.972447757509434574e+00
2.879999999999999893e+00 3.613834064122758871e+00 3.967635912521756847e+00
2.890000000000000124e+00 3.594828631597386082e+00 3.961279561442508257e+00
2.899999999999999911e+00 3.573057787437047050e+00 3.952496786656771288e+00
2.910000000000000142e+00 3.550985221133302172e+00 3.941716284985472551e+00
2.919999999999999929e+00 3.526512115600462405e+00 3.926902864191178733e+00
2.930000000000000160e+00 3.502191256316209866e+00 3.909535131575559319e+00
2.939999999999999947e+00 3.480337395051352534e+00 3.891383027302392161e+00
2.950000000000000178e+00 3.459278186531150379e+00 3.869406859388268227e+00
2.959999999999999964e+00 3.434852569331273475e+00 3.836845630818262354e+00
2.970000000000000195e+00 3.411551068065227010e+00 3.794783764345585286e+00
2.979999999999999982e+00 3.392536258363405999e+00 3.735989348125775322e+00
2.990000000000000213e+00 3.386815936665751536e+00 3.651284107532284828e+00
3.000000000000000000e+00 3.459069207433031590e+00 3.479313393775655516e+00
