0.000000000000000000e+00 8.835691550698886454e-01 9.161237043544639969e-01
1.000000000000000021e-02 8.835692055205272011e-01 9.161236221989227380e-01
2.000000000000000042e-02 3.971826703556636806e-01 1.720415008517875322e+00
2.999999999999999889e-02 3.713304846009569005e+00 3.893334061074895658e+00
4.000000000000000083e-02 3.713261776417721372e+00 3.893328265906344399e+00
5.000000000000000278e-02 3.713064054752475140e+00 3.893315027111881488e+00
5.999999999999999778e-02 3.688630549067217768e+00 3.907769116398136955e+00
7.000000000000000666e-02 3.480326436719560768e+00 3.988041094456052704e+00
8.000000000000000167e-02 3.113553342960162951e+00 3.952798211023525354e+00
8.999999999999999667e-02 2.776199246868760184e+00 3.638257642751066889e+00
1.000000000000000056e-01 2.718445226585444185e+00 3.263265232365551771e+00
1.100000000000000006e-01 2.798012747725459715e+00 3.043230788394001518e+00
1.199999999999999956e-01 2.875070746466916738e+00 2.937559540822702431e+00
1.300000000000000044e-01 2.893124145629213828e+00 2.917894215972615335e+00
1.400000000000000133e-01 2.893124145629213828e+00 2.917894215972615335e+00
1.499999999999999944e-01 2.893124145629213828e+00 2.917894215972615335e+00
1.600000000000000033e-01 2.893124145629213828e+00 2.917894215972615335e+00
1.700000000000000122e-01 2.893124145629213828e+00 2.917894215972615335e+00
1.799999999999999933e-01 2.893124145629213828e+00 2.917894215972615335e+00
1.900000000000000022e-01 2.893124145629213828e+00 2.917894215972615335e+00
2.000000000000000111e-01 2.893124145629213828e+00 2.917894215972615335e+00
2.099999999999999922e-01 2.893124145629213828e+00 2.917894215972615335e+00
2.200000000000000011e-01 2.893124145629213828e+00 2.917894215972615335e+00
2.300000000000000100e-01 2.893124145629213828e+00 2.917894215972615335e+00
2.399999999999999911e-01 2.893124145629213828e+00 2.917894215972615335e+00
2.500000000000000000e-01 2.893124145629213828e+00 2.917894215972615335e+00
2.600000000000000089e-01 2.893124145629213828e+00 2.917894215972615335e+00
2.700000000000000178e-01 2.893124145629213828e+00 2.917894215972615335e+00
2.800000000000000266e-01 2.893124145629213828e+00 2.917894215972615335e+00
2.899999999999999800e-01 2.893124145629213828e+00 2.917894215972615335e+00
2.999999999999999889e-01 2.893124145629213828e+00 2.917894215972615335e+00
3.099999999999999978e-01 2.893124145629213828e+00 2.917894215972615335e+00
3.200000000000000067e-01 2.893124145629213828e+00 2.917894215972615335e+00
3.300000000000000155e-01 2.893124145629213828e+00 2.917894215972615335e+00
3.400000000000000244e-01 2.893124145629213828e+00 2.917894215972615335e+00
3.500000000000000333e-01 2.893124145629213828e+00 2.917894215972615335e+00
3.599999999999999867e-01 2.893124145629213828e+00 2.917894215972615335e+00
3.699999999999999956e-01 2.893124145629213828e+00 2.917894215972615335e+00
3.800000000000000044e-01 2.893124665496912495e+00 2.917894384343061365e+00
3.900000000000000133e-01 2.893124665496912495e+00 2.917894384343061365e+00
4.000000000000000222e-01 2.893129730962590518e+00 2.917895548273249151e+00
4.100000000000000311e-01 2.893130510958114243e+00 2.917895800634941139e+00
4.199999999999999845e-01 2.893133624988878161e+00 2.917896046551382128e+00
4.299999999999999933e-01 2.893138030133819871e+00 2.917897590646171491e+00
4.400000000000000022e-01 2.893159937103677137e+00 2.917901241203856522e+00
4.500000000000000111e-01 2.893191369111598465e+00 2.917919016373096586e+00
4.600000000000000200e-01 2.893200948044713616e+00 2.917922477276865489e+00
4.700000000000000289e-01 2.893228055836495116e+00 2.917931987565222762e+00
4.799999999999999822e-01 2.893248923989401256e+00 2.917932226714029298e+00
4.899999999999999911e-01 2.893283110350481468e+00 2.917940997544416160e+00
5.000000000000000000e-01 2.893296267039347835e+00 2.917945793493222251e+00
5.100000000000000089e-01 2.893322545832323733e+00 2.917950721494031008e+00
5.200000000000000178e-01 2.893343599776768027e+00 2.917954634714579942e+00
5.300000000000000266e-01 2.893368896117027855e+00 2.917968155431930111e+00
5.400000000000000355e-01 2.893385048663642323e+00 2.917973279249642005e+00
5.500000000000000444e-01 2.893425154087539752e+00 2.917988561842445705e+00
5.600000000000000533e-01 2.893439982149976331e+00 2.918002100383859876e+00
5.700000000000000622e-01 2.893460186387245336e+00 2.918011914871986079e+00
5.799999999999999600e-01 2.893487614127552732e+00 2.918026785205447560e+00
5.899999999999999689e-01 2.893488987236583654e+00 2.918027407788669869e+00
5.999999999999999778e-01 2.893489069520770229e+00 2.918027136848629688e+00
6.099999999999999867e-01 2.893492871751732309e+00 2.918030186457686526e+00
6.199999999999999956e-01 2.893492746245525105e+00 2.918032608478405621e+00
6.300000000000000044e-01 2.893475965087029422e+00 2.918058610432532340e+00
6.400000000000000133e-01 2.893442433530363456e+00 2.918128855131592925e+00
6.500000000000000222e-01 2.893406945484022330e+00 2.918152698928971667e+00
6.600000000000000311e-01 2.893390483096226262e+00 2.918165413348094539e+00
6.700000000000000400e-01 2.889740360184308798e+00 2.922843102664354653e+00
6.800000000000000488e-01 2.882730484339077748e+00 2.932984517711322070e+00
6.900000000000000577e-01 2.875163425853362487e+00 2.946001573645958604e+00
7.000000000000000666e-01 2.870097990795439813e+00 2.956692221497231543e+00
7.099999999999999645e-01 2.865195164474700018e+00 2.968896172858025206e+00
7.199999999999999734e-01 2.860341482126625756e+00 2.984173069756118402e+00
7.299999999999999822e-01 2.856624788175076812e+00 3.000276563763171200e+00
7.399999999999999911e-01 2.853889457271581609e+00 3.021543186995500729e+00
7.500000000000000000e-01 2.854318165224846826e+00 3.054947206503096258e+00
7.600000000000000089e-01 2.861064788605025999e+00 3.090737352045723529e+00
7.700000000000000178e-01 2.873499937138631388e+00 3.125183342885897275e+00
7.800000000000000266e-01 2.893757459789870978e+00 3.162245306261421085e+00
7.900000000000000355e-01 2.916157105157475726e+00 3.188570588800806682e+00
8.000000000000000444e-01 2.951045408809650716e+00 3.211359850580226549e+00
8.100000000000000533e-01 2.985462716876114975e+00 3.222899408997450976e+00
8.200000000000000622e-01 3.015543407155304223e+00 3.230934152449340679e+00
8.300000000000000711e-01 3.042089872732425704e+00 3.234008763689731225e+00
8.399999999999999689e-01 3.068965017679150531e+00 3.233762652542178540e+00
8.499999999999999778e-01 3.090872069978336523e+00 3.231348692884822515e+00
8.599999999999999867e-01 3.114552546773774910e+00 3.229285923356191912e+00
8.699999999999999956e-01 3.133310111412443977e+00 3.224894817128739266e+00
8.800000000000000044e-01 3.145217881214469546e+00 3.222070633337647205e+00
8.900000000000000133e-01 3.157636807952749258e+00 3.208684079617631468e+00
9.000000000000000222e-01 3.167203780103246658e+00 3.197922173656900569e+00
9.100000000000000311e-01 3.169177105469132893e+00 3.195790895519827313e+00
9.200000000000000400e-01 3.169180642028224693e+00 3.195791799225437213e+00
9.300000000000000488e-01 3.169197427830792613e+00 3.195768872532748439e+00
9.400000000000000577e-01 3.169927492770578503e+00 3.194926639438246063e+00
9.500000000000000666e-01 3.170656375366483370e+00 3.194033059061732072e+00
9.599999999999999645e-01 3.171029881558222296e+00 3.193579416098790258e+00
9.699999999999999734e-01 3.171537820202104729e+00 3.192948193763502029e+00
9.799999999999999822e-01 3.172114282308808431e+00 3.192245574887999648e+00
9.899999999999999911e-01 3.172265217574542273e+00 3.192057717782551318e+00
1.000000000000000000e+00 3.172304109812123851e+00 3.191993491787569415e+00
1.010000000000000009e+00 3.172349439258969728e+00 3.191940950779520225e+00
1.020000000000000018e+00 3.172449468686815877e+00 3.191808420541050850e+00
1.030000000000000027e+00 3.172481281810275000e+00 3.191781299137600669e+00
1.040000000000000036e+00 3.172514176490035975e+00 3.191755656502517358e+00
1.050000000000000044e+00 3.172527520412928403e+00 3.191747946596615648e+00
1.060000000000000053e+00 3.172545615062194013e+00 3.191728534980339926e+00
1.070000000000000062e+00 3.172547084253947158e+00 3.191731842323620949e+00
1.080000000000000071e+00 3.172562027863809586e+00 3.191710986605337030e+00
1.090000000000000080e+00 3.172567028776265285e+00 3.191725595954798766e+00
1.100000000000000089e+00 3.172571497605084279e+00 3.191720256621600083e+00
1.110000000000000098e+00 3.172595702031346665e+00 3.191683980871943493e+00
1.120000000000000107e+00 3.172598942601212890e+00 3.191676331346503304e+00
1.130000000000000115e+00 3.172598840038405754e+00 3.191676701510322900e+00
1.140000000000000124e+00 3.172597819209408865e+00 3.191678891353296965e+00
1.150000000000000133e+00 3.172597819209408865e+00 3.191678891353296965e+00
1.159999999999999920e+00 3.172597819209408865e+00 3.191678891353296965e+00
1.169999999999999929e+00 3.172597819209408865e+00 3.191678891353296965e+00
1.179999999999999938e+00 3.172597819209408865e+00 3.191678891353296965e+00
1.189999999999999947e+00 3.172597819209408865e+00 3.191678891353296965e+00
1.199999999999999956e+00 3.172597819209408865e+00 3.191678891353296965e+00
1.209999999999999964e+00 3.172597819209408865e+00 3.191678891353296965e+00
1.219999999999999973e+00 3.172597819209408865e+00 3.191678891353296965e+00
1.229999999999999982e+00 3.172597819209408865e+00 3.191678891353296965e+00
1.239999999999999991e+00 3.172597819209408865e+00 3.191678891353296965e+00
1.250000000000000000e+00 3.172597819209408865e+00 3.191678891353296965e+00
1.260000000000000009e+00 3.172597819209408865e+00 3.191678891353296965e+00
1.270000000000000018e+00 3.172597819209408865e+00 3.191678891353296965e+00
1.280000000000000027e+00 3.172597819209408865e+00 3.191678891353296965e+00
1.290000000000000036e+00 3.172597819209408865e+00 3.191678891353296965e+00
1.300000000000000044e+00 3.172597819209408865e+00 3.191678891353296965e+00
1.310000000000000053e+00 3.172597819209408865e+00 3.191678891353296965e+00
1.320000000000000062e+00 3.172597819209408865e+00 3.191678891353296965e+00
1.330000000000000071e+00 3.172597819209408865e+00 3.191678891353296965e+00
1.340000000000000080e+00 3.172597819209408865e+00 3.191678891353296965e+00
1.350000000000000089e+00 3.172597819209408865e+00 3.191678891353296965e+00
1.360000000000000098e+00 3.172597819209408865e+00 3.191678891353296965e+00
1.370000000000000107e+00 3.172597819209408865e+00 3.191678891353296965e+00
1.380000000000000115e+00 3.172597819209408865e+00 3.191678891353296965e+00
1.390000000000000124e+00 3.172597958852517053e+00 3.191678908704054685e+00
1.400000000000000133e+00 3.172598517435330390e+00 3.191678978096705865e+00
1.409999999999999920e+00 3.172599371780715938e+00 3.191679148216880701e+00
1.419999999999999929e+00 3.172599592928989853e+00 3.191679198570148035e+00
1.429999999999999938e+00 3.172599228917554193e+00 3.191680024732157506e+00
1.439999999999999947e+00 3.172601120710204281e+00 3.191680314345528569e+00
1.449999999999999956e+00 3.172598394190949911e+00 3.191680884116011363e+00
1.459999999999999964e+00 3.172596252794561700e+00 3.191680951690377910e+00
1.469999999999999973e+00 3.172587481178858582e+00 3.191681658006093159e+00
1.479999999999999982e+00 3.172588279385775589e+00 3.191681789536267022e+00
1.489999999999999991e+00 3.172587680609068705e+00 3.191682047560372659e+00
1.500000000000000000e+00 3.172589717078112326e+00 3.191682489538289591e+00
1.510000000000000009e+00 3.172589113034466557e+00 3.191682819710512931e+00
1.520000000000000018e+00 3.172587786326713566e+00 3.191683088583640693e+00
1.530000000000000027e+00 3.172585812542748851e+00 3.191683088833975557e+00
1.540000000000000036e+00 3.172583393958695375e+00 3.191683075286261939e+00
1.550000000000000044e+00 3.172579343073238523e+00 3.191683448302875536e+00
1.560000000000000053e+00 3.172576446712152887e+00 3.191684445640905032e+00
1.570000000000000062e+00 3.172579694935143468e+00 3.191685829466521351e+00
1.580000000000000071e+00 3.172579917019587636e+00 3.191686160851734844e+00
1.590000000000000080e+00 3.172580825954198325e+00 3.191687091421366418e+00
1.600000000000000089e+00 3.172584032415624034e+00 3.191689310165171545e+00
1.610000000000000098e+00 3.172584092697824154e+00 3.191689513888632312e+00
1.620000000000000107e+00 3.172584439676895851e+00 3.191690021678313283e+00
1.630000000000000115e+00 3.172587261155704219e+00 3.191693924261470805e+00
1.640000000000000124e+00 3.172590885277436268e+00 3.191698477897002117e+00
1.650000000000000133e+00 3.172592176753451731e+00 3.191702198194096063e+00
1.660000000000000142e+00 3.172593914023706940e+00 3.191703765758207023e+00
1.669999999999999929e+00 3.172595959393297971e+00 3.191705741737569380e+00
1.679999999999999938e+00 3.172598664720186257e+00 3.191708165461888846e+00
1.689999999999999947e+00 3.172600880998540429e+00 3.191713345757555498e+00
1.699999999999999956e+00 3.172602156922863070e+00 3.191714550473644163e+00
1.709999999999999964e+00 3.172603490367151391e+00 3.191721803569577798e+00
1.719999999999999973e+00 3.172604480476687971e+00 3.191725934157063183e+00
1.729999999999999982e+00 3.172604717083755688e+00 3.191732436684783458e+00
1.739999999999999991e+00 3.172607556126408213e+00 3.191738393060870926e+00
1.750000000000000000e+00 3.172609249534079190e+00 3.191746719961694012e+00
1.760000000000000009e+00 3.172611809572484010e+00 3.191756717506144536e+00
1.770000000000000018e+00 3.172612527565501050e+00 3.191760787849881265e+00
1.780000000000000027e+00 3.172613575990419488e+00 3.191764281642217593e+00
1.790000000000000036e+00 3.172615075588929301e+00 3.191767271727812272e+00
1.800000000000000044e+00 3.172616600196665360e+00 3.191769851934606272e+00
1.810000000000000053e+00 3.172616521520250199e+00 3.191768698854810626e+00
1.820000000000000062e+00 3.172616310260477857e+00 3.191768586175259603e+00
1.830000000000000071e+00 3.172616085744085712e+00 3.191768390288171720e+00
1.840000000000000080e+00 3.172615896006316216e+00 3.191767990721970261e+00
1.850000000000000089e+00 3.172615709707684584e+00 3.191767614743761694e+00
1.860000000000000098e+00 3.172615661014029254e+00 3.191767528177788638e+00
1.870000000000000107e+00 3.172615088338521794e+00 3.191766153021188934e+00
1.880000000000000115e+00 3.172615088338521794e+00 3.191766153021188934e+00
1.890000000000000124e+00 3.172614939815344925e+00 3.191765805380997634e+00
1.900000000000000133e+00 3.172614564806861104e+00 3.191765468981819787e+00
1.910000000000000142e+00 3.172614564806861104e+00 3.191765468981819787e+00
1.919999999999999929e+00 3.172614586233695189e+00 3.191765465579430749e+00
1.929999999999999938e+00 3.172614448930823894e+00 3.191765464113152095e+00
1.939999999999999947e+00 3.172614222931668948e+00 3.191765013861848743e+00
1.949999999999999956e+00 3.172614316209524610e+00 3.191764926759034893e+00
1.959999999999999964e+00 3.172615524217386351e+00 3.191764817097882734e+00
1.969999999999999973e+00 3.172615524217386351e+00 3.191764817097882734e+00
1.979999999999999982e+00 3.172614196805175535e+00 3.191765036435905589e+00
1.989999999999999991e+00 3.172614108314388837e+00 3.191765051055079461e+00
2.000000000000000000e+00 3.172613722822407833e+00 3.191765116989870865e+00
2.010000000000000231e+00 3.172613722822407833e+00 3.191765116989870865e+00
2.020000000000000018e+00 3.172613172068352139e+00 3.191765185666328275e+00
2.030000000000000249e+00 3.172614783972025343e+00 3.191764945546864851e+00
2.040000000000000036e+00 3.172614783972025343e+00 3.191764945546864851e+00
2.049999999999999822e+00 3.172614774240429369e+00 3.191764874402110763e+00
2.060000000000000053e+00 3.172613132772717837e+00 3.191764916257585849e+00
2.069999999999999840e+00 3.172612901976521460e+00 3.191764996339861771e+00
2.080000000000000071e+00 3.172612876922151770e+00 3.191764940865972733e+00
2.089999999999999858e+00 3.172611934071139395e+00 3.191765107082768615e+00
2.100000000000000089e+00 3.172611934071139395e+00 3.191765107082768615e+00
2.109999999999999876e+00 3.172611977835387176e+00 3.191765104665071018e+00
2.120000000000000107e+00 3.172611977835387176e+00 3.191765104665071018e+00
2.129999999999999893e+00 3.172611977835387176e+00 3.191765104665071018e+00
2.140000000000000124e+00 3.172611962921940254e+00 3.191765102750934169e+00
2.149999999999999911e+00 3.172611842176085606e+00 3.191764935224884692e+00
2.160000000000000142e+00 3.172611861646019715e+00 3.191764972589171467e+00
2.169999999999999929e+00 3.172611495206377530e+00 3.191764509389379167e+00
2.180000000000000160e+00 3.172611496005435683e+00 3.191764328269581341e+00
2.189999999999999947e+00 3.172611597804697592e+00 3.191764461350766968e+00
2.200000000000000178e+00 3.172611321526515482e+00 3.191764541405690103e+00
2.209999999999999964e+00 3.172611406498059061e+00 3.191765224547282287e+00
2.220000000000000195e+00 3.172611406498059061e+00 3.191765224547282287e+00
2.229999999999999982e+00 3.172611414911445937e+00 3.191765223520103500e+00
2.240000000000000213e+00 3.172611414911445937e+00 3.191765223520103500e+00
2.250000000000000000e+00 3.172611414911445937e+00 3.191765223520103500e+00
2.260000000000000231e+00 3.172611482540197425e+00 3.191765296224527315e+00
2.270000000000000018e+00 3.172611473762632084e+00 3.191765300109743020e+00
2.280000000000000249e+00 3.172611473762632084e+00 3.191765300109743020e+00
2.290000000000000036e+00 3.172611473762632084e+00 3.191765300109743020e+00
2.300000000000000266e+00 3.172611473762632084e+00 3.191765300109743020e+00
2.310000000000000053e+00 3.172611473762632084e+00 3.191765300109743020e+00
2.319999999999999840e+00 3.172611449482848123e+00 3.191765247633050251e+00
2.330000000000000071e+00 3.172611449482848123e+00 3.191765247633050251e+00
2.339999999999999858e+00 3.172611444660825342e+00 3.191765236504870096e+00
2.350000000000000089e+00 3.172611433409466830e+00 3.191765210539088127e+00
2.359999999999999876e+00 3.172611431802133453e+00 3.191765206829686896e+00
2.370000000000000107e+00 3.172611378528062520e+00 3.191764938992079248e+00
2.379999999999999893e+00 3.172611378528062520e+00 3.191764938992079248e+00
2.390000000000000124e+00 3.172611432857657565e+00 3.191765029716347346e+00
2.399999999999999911e+00 3.172611463939444043e+00 3.191765072372659162e+00
2.410000000000000142e+00 3.172611463939444043e+00 3.191765072372659162e+00
2.419999999999999929e+00 3.172611094546323507e+00 3.191765077185625188e+00
2.430000000000000160e+00 3.172611094546323507e+00 3.191765077185625188e+00
2.439999999999999947e+00 3.172611065143930098e+00 3.191764969230306725e+00
2.450000000000000178e+00 3.172611065143930098e+00 3.191764969230306725e+00
2.459999999999999964e+00 3.172611065143930098e+00 3.191764969230306725e+00
2.470000000000000195e+00 3.172611078711904398e+00 3.191765002411447227e+00
2.479999999999999982e+00 3.172611078711904398e+00 3.191765002411447227e+00
2.490000000000000213e+00 3.171873506765821027e+00 3.192592087335131446e+00
2.500000000000000000e+00 3.171225811735637112e+00 3.193310145648472709e+00
2.510000000000000231e+00 3.167785977606961012e+00 3.197265936727336388e+00
2.520000000000000018e+00 3.163093667628132710e+00 3.202991149295008722e+00
2.530000000000000249e+00 3.157578023813365942e+00 3.210252080671192498e+00
2.540000000000000036e+00 3.152695670325920130e+00 3.217195808017089487e+00
2.550000000000000266e+00 3.147777270124733739e+00 3.224892148920714519e+00
2.560000000000000053e+00 3.143604679826587311e+00 3.231825818163067243e+00
2.569999999999999840e+00 3.137584556910296474e+00 3.243003451755742450e+00
2.580000000000000071e+00 3.130650117309969893e+00 3.258263452307301300e+00
2.589999999999999858e+00 3.124247773839004871e+00 3.275085716060630148e+00
2.600000000000000089e+00 3.116441145967995041e+00 3.303036768131698331e+00
2.609999999999999876e+00 3.112996923484508294e+00 3.324239960279758321e+00
2.620000000000000107e+00 3.111158857182402482e+00 3.348005924621682450e+00
2.629999999999999893e+00 3.108626986207616127e+00 3.373188975196230288e+00
2.640000000000000124e+00 3.105536629666337589e+00 3.402184209400167525e+00
2.649999999999999911e+00 3.120578708296982917e+00 3.422560595668585393e+00
2.660000000000000142e+00 3.129330575987489205e+00 3.445039119098989744e+00
2.669999999999999929e+00 3.138555175710072476e+00 3.465264028811106733e+00
2.680000000000000160e+00 3.150277423422519707e+00 3.486323312599476143e+00
2.689999999999999947e+00 3.164865904587667256e+00 3.506963057709772347e+00
2.700000000000000178e+00 3.183231835221907335e+00 3.527117376990655639e+00
2.709999999999999964e+00 3.205395359839207092e+00 3.545576946350329717e+00
2.720000000000000195e+00 3.229156982090473527e+00 3.561149557902812290e+00
2.729999999999999982e+00 3.248652608150126575e+00 3.572074511362431259e+00
2.740000000000000213e+00 3.271426917094827580e+00 3.582382019391416428e+00
2.750000000000000000e+00 3.296966097925280614e+00 3.590654575955296579e+00
2.760000000000000231e+00 3.323443017836224644e+00 3.596298682636607236e+00
2.770000000000000018e+00 3.349998216555158059e+00 3.598965317661722452e+00
2.780000000000000249e+00 3.376547806166328325e+00 3.598648900133453399e+00
2.790000000000000036e+00 3.400305091191523132e+00 3.595846639198072126e+00
2.800000000000000266e+00 3.426005719968070906e+00 3.590090971454391600e+00
2.810000000000000053e+00 3.441911736968686242e+00 3.585104425264666439e+00
2.819999999999999840e+00 3.455196130906311058e+00 3.579838109434875459e+00
2.830000000000000071e+00 3.471239762998470813e+00 3.572008474659076338e+00
2.839999999999999858e+00 3.477663995010780607e+00 3.568578978002143298e+00
2.850000000000000089e+00 3.483215880070304582e+00 3.565410540394210681e+00
2.859999999999999876e+00 3.487982618083371289e+00 3.562506759634600950e+00
2.870000000000000107e+00 3.494015495701556340e+00 3.558609765037769712e+00
2.879999999999999893e+00 3.499654506425132983e+00 3.554727595768699455e+00
2.890000000000000124e+00 3.504516078198108620e+00 3.551190043613758451e+00
2.899999999999999911e+00 3.507792935096580855e+00 3.548675467913787074e+00
2.910000000000000142e+00 3.512253731660259781e+00 3.545133440442667982e+00
2.919999999999999929e+00 3.516000215661332806e+00 3.542022917492583023e+00
2.930000000000000160e+00 3.516000215661332806e+00 3.542022917492583023e+00
2.939999999999999947e+00 3.516000198152847922e+00 3.542022986308746013e+00
2.950000000000000178e+00 3.516000198152847922e+00 3.542022986308746013e+00
2.959999999999999964e+00 3.516000198152847922e+00 3.542022986308746013e+00
2.970000000000000195e+00 3.516000198152847922e+00 3.542022986308746013e+00
2.979999999999999982e+00 3.516000198152847922e+00 3.542022986308746013e+00
2.990000000000000213e+00 3.516000198152847922e+00 3.542022986308746013e+00
3.000000000000000000e+00 3.516000198152847922e+00 3.542022986308746013e+00
