0.000000000000000000e+00 9.821620581024884666e-01
1.000000000000000021e-02 2.044134305236339433e+00
2.000000000000000042e-02 2.268650365914106182e+00
2.999999999999999889e-02 2.286768123190403124e+00
4.000000000000000083e-02 2.287349800362587171e+00
5.000000000000000278e-02 2.287349800362587171e+00
5.999999999999999778e-02 2.287349791288376011e+00
7.000000000000000666e-02 2.287348958225250417e+00
8.000000000000000167e-02 2.287348958225250417e+00
8.999999999999999667e-02 2.287239632699489711e+00
1.000000000000000056e-01 2.287166189060211074e+00
1.100000000000000006e-01 2.287108953366279618e+00
1.199999999999999956e-01 2.287007737820148545e+00
1.300000000000000044e-01 2.286720132966041596e+00
1.400000000000000133e-01 2.286381798942088928e+00
1.499999999999999944e-01 2.285099715192318026e+00
1.600000000000000033e-01 2.283335165849924131e+00
1.700000000000000122e-01 2.281874739240407735e+00
1.799999999999999933e-01 2.279489212133884557e+00
1.900000000000000022e-01 2.277463479459285622e+00
2.000000000000000111e-01 2.277192407693862997e+00
2.099999999999999922e-01 2.283271311688423122e+00
2.200000000000000011e-01 2.299577433769703028e+00
2.300000000000000100e-01 2.352960594704151198e+00
2.399999999999999911e-01 2.454629942889213545e+00
2.500000000000000000e-01 2.598017255210876453e+00
2.600000000000000089e-01 2.795976663215160585e+00
2.700000000000000178e-01 2.981617364056110553e+00
2.800000000000000266e-01 3.077812589066028615e+00
2.899999999999999800e-01 3.106391539790630318e+00
2.999999999999999889e-01 3.119187159314155799e+00
3.099999999999999978e-01 3.122422011666297958e+00
3.200000000000000067e-01 3.122031919052600912e+00
3.300000000000000155e-01 3.120844690170287983e+00
3.400000000000000244e-01 3.120844690170287983e+00
3.500000000000000333e-01 3.120844690170287983e+00
3.599999999999999867e-01 3.120844690170287983e+00
3.699999999999999956e-01 3.120844690170287983e+00
3.800000000000000044e-01 3.120844690170287983e+00
3.900000000000000133e-01 3.120844690170287983e+00
4.000000000000000222e-01 3.120844690170287983e+00
4.100000000000000311e-01 3.120844690170287983e+00
4.199999999999999845e-01 3.120844690170287983e+00
4.299999999999999933e-01 3.120844690170287983e+00
4.400000000000000022e-01 3.120844690170287983e+00
4.500000000000000111e-01 3.120844690170287983e+00
4.600000000000000200e-01 3.120844690170287983e+00
4.700000000000000289e-01 3.120844690170287983e+00
4.799999999999999822e-01 3.120844690170287983e+00
4.899999999999999911e-01 3.120844690170287983e+00
5.000000000000000000e-01 3.120844690170287983e+00
5.100000000000000089e-01 3.120844690170287983e+00
5.200000000000000178e-01 3.120844690170287983e+00
5.300000000000000266e-01 3.120844690170287983e+00
5.400000000000000355e-01 3.120844690170287983e+00
5.500000000000000444e-01 3.120844690170287983e+00
5.600000000000000533e-01 3.120844690170287983e+00
5.700000000000000622e-01 3.120844690170287983e+00
5.799999999999999600e-01 3.120844690170287983e+00
5.899999999999999689e-01 3.120844690170287983e+00
5.999999999999999778e-01 3.120844690170287983e+00
6.099999999999999867e-01 3.120844690170287983e+00
6.199999999999999956e-01 3.120844690170287983e+00
6.300000000000000044e-01 3.120844690170287983e+00
6.400000000000000133e-01 3.120844690170287983e+00
6.500000000000000222e-01 3.120844690170287983e+00
6.600000000000000311e-01 3.120844690170287983e+00
6.700000000000000400e-01 3.120844690170287983e+00
6.800000000000000488e-01 3.120844690170287983e+00
6.900000000000000577e-01 3.120844690170287983e+00
7.000000000000000666e-01 3.120844690170287983e+00
7.099999999999999645e-01 3.120844690170287983e+00
7.199999999999999734e-01 3.120844690170287983e+00
7.299999999999999822e-01 3.120844690170287983e+00
7.399999999999999911e-01 3.120844690170287983e+00
7.500000000000000000e-01 3.120844690170287983e+00
7.600000000000000089e-01 3.120844690170287983e+00
7.700000000000000178e-01 3.120844690170287983e+00
7.800000000000000266e-01 3.120844904744624948e+00
7.900000000000000355e-01 3.120845333893299323e+00
8.000000000000000444e-01 3.120846838254928368e+00
8.100000000000000533e-01 3.120854357714653027e+00
8.200000000000000622e-01 3.120871715674400360e+00
8.300000000000000711e-01 3.120879994056224849e+00
8.399999999999999689e-01 3.120891613912582407e+00
8.499999999999999778e-01 3.120902838885784014e+00
8.599999999999999867e-01 3.120922029042243917e+00
8.699999999999999956e-01 3.120936862342357454e+00
8.800000000000000044e-01 3.120958384888172343e+00
8.900000000000000133e-01 3.120976775565147410e+00
9.000000000000000222e-01 3.120994445579051924e+00
9.100000000000000311e-01 3.121005882339477733e+00
9.200000000000000400e-01 3.121022184119224718e+00
9.300000000000000488e-01 3.121028418402671978e+00
9.400000000000000577e-01 3.121033709537982759e+00
9.500000000000000666e-01 3.121036536376476267e+00
9.599999999999999645e-01 3.121036721463203545e+00
9.699999999999999734e-01 3.121036721463203545e+00
9.799999999999999822e-01 3.121042293159961734e+00
9.899999999999999911e-01 3.121044487645626031e+00
1.000000000000000000e+00 3.121050133581161568e+00
1.010000000000000009e+00 3.121052130126952928e+00
1.020000000000000018e+00 3.121057498722076495e+00
1.030000000000000027e+00 3.121070254838466784e+00
1.040000000000000036e+00 3.121073706386089164e+00
1.050000000000000044e+00 3.121078215823173352e+00
1.060000000000000053e+00 3.121081035060882414e+00
1.070000000000000062e+00 3.121082455813884771e+00
1.080000000000000071e+00 3.121085962061882046e+00
1.090000000000000080e+00 3.121092975189685870e+00
1.100000000000000089e+00 3.121094769742488673e+00
1.110000000000000098e+00 3.121096915485858769e+00
1.120000000000000107e+00 3.121099751162529135e+00
1.130000000000000115e+00 3.121102239577770110e+00
1.140000000000000124e+00 3.121107803893089283e+00
1.150000000000000133e+00 3.121107803893089283e+00
1.159999999999999920e+00 3.121108420240878978e+00
1.169999999999999929e+00 3.121106724405288801e+00
1.179999999999999938e+00 3.121100942494869024e+00
1.189999999999999947e+00 3.121089689662456479e+00
1.199999999999999956e+00 3.121084134778976615e+00
1.209999999999999964e+00 3.121081668283939514e+00
1.219999999999999973e+00 3.121081188240051318e+00
1.229999999999999982e+00 3.121079946799278471e+00
1.239999999999999991e+00 3.121077772545814533e+00
1.250000000000000000e+00 3.121069349370002577e+00
1.260000000000000009e+00 3.121061084172725764e+00
1.270000000000000018e+00 3.121056089868545325e+00
1.280000000000000027e+00 3.121048416788577917e+00
1.290000000000000036e+00 3.121038659107685298e+00
1.300000000000000044e+00 3.121032806873321519e+00
1.310000000000000053e+00 3.121030017876625262e+00
1.320000000000000062e+00 3.121025160474777405e+00
1.330000000000000071e+00 3.121017324175834773e+00
1.340000000000000080e+00 3.121003118901252815e+00
1.350000000000000089e+00 3.120998051364421766e+00
1.360000000000000098e+00 3.120982053489685271e+00
1.370000000000000107e+00 3.120969736821651352e+00
1.380000000000000115e+00 3.120966836733817917e+00
1.390000000000000124e+00 3.120966425557136326e+00
1.400000000000000133e+00 3.120964966492652870e+00
1.409999999999999920e+00 3.120964966492652870e+00
1.419999999999999929e+00 3.120965613996982579e+00
1.429999999999999938e+00 3.120965741584301067e+00
1.439999999999999947e+00 3.120965741584301067e+00
1.449999999999999956e+00 3.120966317441463467e+00
1.459999999999999964e+00 3.120966701848506997e+00
1.469999999999999973e+00 3.120966701848506997e+00
1.479999999999999982e+00 3.120966690804958255e+00
1.489999999999999991e+00 3.120964849221706583e+00
1.500000000000000000e+00 3.120964848375320511e+00
1.510000000000000009e+00 3.120962550880908903e+00
1.520000000000000018e+00 3.120962702069282724e+00
1.530000000000000027e+00 3.120956288216114149e+00
1.540000000000000036e+00 3.120942592072486921e+00
1.550000000000000044e+00 3.120909529061317578e+00
1.560000000000000053e+00 3.120866170544624119e+00
1.570000000000000062e+00 3.120824858529567702e+00
1.580000000000000071e+00 3.120750815889835383e+00
1.590000000000000080e+00 3.120581099171638506e+00
1.600000000000000089e+00 3.120381345331668665e+00
1.610000000000000098e+00 3.120279213304519850e+00
1.620000000000000107e+00 3.120193063132763012e+00
1.630000000000000115e+00 3.120113222093582106e+00
1.640000000000000124e+00 3.120016204702854345e+00
1.650000000000000133e+00 3.119954137670993610e+00
1.660000000000000142e+00 3.119876903138160795e+00
1.669999999999999929e+00 3.119754334418773478e+00
1.679999999999999938e+00 3.119704530382156449e+00
1.689999999999999947e+00 3.119642942867279167e+00
1.699999999999999956e+00 3.119601684269905029e+00
1.709999999999999964e+00 3.119566748197078798e+00
1.719999999999999973e+00 3.119551866226196069e+00
1.729999999999999982e+00 3.119525800657272363e+00
1.739999999999999991e+00 3.119506524305343476e+00
1.750000000000000000e+00 3.119502340784072736e+00
1.760000000000000009e+00 3.119426756122112288e+00
1.770000000000000018e+00 3.119426652851104542e+00
1.780000000000000027e+00 3.119527055792808312e+00
1.790000000000000036e+00 3.119594274826049674e+00
1.800000000000000044e+00 3.119788879518508917e+00
1.810000000000000053e+00 3.120501445474624713e+00
1.820000000000000062e+00 3.121005678510665682e+00
1.830000000000000071e+00 3.122937879812717643e+00
1.840000000000000080e+00 3.127470339078903372e+00
1.850000000000000089e+00 3.132046277616023833e+00
1.860000000000000098e+00 3.141042361407279770e+00
1.870000000000000107e+00 3.160310864331722147e+00
1.880000000000000115e+00 3.192473456313610125e+00
1.890000000000000124e+00 3.237542717905044665e+00
1.900000000000000133e+00 3.293717710311412805e+00
1.910000000000000142e+00 3.356068531079292150e+00
1.919999999999999929e+00 3.413199908676147309e+00
1.929999999999999938e+00 3.462481466124057938e+00
1.939999999999999947e+00 3.493129387335777380e+00
1.949999999999999956e+00 3.514905450730323899e+00
1.959999999999999964e+00 3.528550389556884603e+00
1.969999999999999973e+00 3.533819831275939904e+00
1.979999999999999982e+00 3.536126446425914782e+00
1.989999999999999991e+00 3.537238812017440726e+00
2.000000000000000000e+00 3.537701166572570610e+00
2.010000000000000231e+00 3.537965423691272537e+00
2.020000000000000018e+00 3.537985569555759380e+00
2.030000000000000249e+00 3.537985569555759380e+00
2.040000000000000036e+00 3.537985569555759380e+00
2.049999999999999822e+00 3.537985569555759380e+00
2.060000000000000053e+00 3.537985569555759380e+00
2.069999999999999840e+00 3.537985559351444209e+00
2.080000000000000071e+00 3.537985559351444209e+00
2.089999999999999858e+00 3.537985559351444209e+00
2.100000000000000089e+00 3.537985559351444209e+00
2.109999999999999876e+00 3.537985559351444209e+00
2.120000000000000107e+00 3.537985559351444209e+00
2.129999999999999893e+00 3.537985559351444209e+00
2.140000000000000124e+00 3.537985559351444209e+00
2.149999999999999911e+00 3.537985559351444209e+00
2.160000000000000142e+00 3.537985559351444209e+00
2.169999999999999929e+00 3.537985559351444209e+00
2.180000000000000160e+00 3.537985559351444209e+00
2.189999999999999947e+00 3.537985559351444209e+00
2.200000000000000178e+00 3.537985559351444209e+00
2.209999999999999964e+00 3.537985559351444209e+00
2.220000000000000195e+00 3.537985559351444209e+00
2.229999999999999982e+00 3.537985559351444209e+00
2.240000000000000213e+00 3.537985559351444209e+00
2.250000000000000000e+00 3.537985559351444209e+00
2.260000000000000231e+00 3.537985559351444209e+00
2.270000000000000018e+00 3.537985559351444209e+00
2.280000000000000249e+00 3.537985559351444209e+00
2.290000000000000036e+00 3.537985589144229781e+00
2.300000000000000266e+00 3.537985589144229781e+00
2.310000000000000053e+00 3.537985589144229781e+00
2.319999999999999840e+00 3.537985589144229781e+00
2.330000000000000071e+00 3.537985622587203949e+00
2.339999999999999858e+00 3.537985622587203949e+00
2.350000000000000089e+00 3.537985622587203949e+00
2.359999999999999876e+00 3.537985622587203949e+00
2.370000000000000107e+00 3.537985161914825483e+00
2.379999999999999893e+00 3.537985161914825483e+00
2.390000000000000124e+00 3.537985161914825483e+00
2.399999999999999911e+00 3.537985161914825483e+00
2.410000000000000142e+00 3.537985161914825483e+00
2.419999999999999929e+00 3.537985161914825483e+00
2.430000000000000160e+00 3.537985161914825483e+00
2.439999999999999947e+00 3.537985166187286534e+00
2.450000000000000178e+00 3.537985166187286534e+00
2.459999999999999964e+00 3.537985166187286534e+00
2.470000000000000195e+00 3.537985207197666071e+00
2.479999999999999982e+00 3.537985248208046052e+00
2.490000000000000213e+00 3.537985248208046052e+00
2.500000000000000000e+00 3.537985248208046052e+00
2.510000000000000231e+00 3.537985234909057475e+00
2.520000000000000018e+00 3.537985234909057475e+00
2.530000000000000249e+00 3.537985234909057475e+00
2.540000000000000036e+00 3.537985280768871199e+00
2.550000000000000266e+00 3.537981328480243715e+00
2.560000000000000053e+00 3.537973917710781180e+00
2.569999999999999840e+00 3.537966885006427642e+00
2.580000000000000071e+00 3.537959360616206972e+00
2.589999999999999858e+00 3.537951239802837211e+00
2.600000000000000089e+00 3.537939634459018823e+00
2.609999999999999876e+00 3.537927304511070403e+00
2.620000000000000107e+00 3.537926342046260775e+00
2.629999999999999893e+00 3.537914430394172527e+00
2.640000000000000124e+00 3.537910489716529661e+00
2.649999999999999911e+00 3.537905819232463944e+00
2.660000000000000142e+00 3.537899101717472128e+00
2.669999999999999929e+00 3.537898210351467121e+00
2.680000000000000160e+00 3.537886328432560124e+00
2.689999999999999947e+00 3.537869147949218807e+00
2.700000000000000178e+00 3.537840343673229082e+00
2.709999999999999964e+00 3.537818041393756996e+00
2.720000000000000195e+00 3.537801697931289624e+00
2.729999999999999982e+00 3.537784770917892452e+00
2.740000000000000213e+00 3.537762122678756782e+00
2.750000000000000000e+00 3.537754879014491927e+00
2.760000000000000231e+00 3.537749157497882990e+00
2.770000000000000018e+00 3.537736462280750338e+00
2.780000000000000249e+00 3.537734648678302563e+00
2.790000000000000036e+00 3.537734648678302563e+00
2.800000000000000266e+00 3.537734648678302563e+00
2.810000000000000053e+00 3.537734648678302563e+00
2.819999999999999840e+00 3.537734648678302563e+00
2.830000000000000071e+00 3.537734661309718920e+00
2.839999999999999858e+00 3.537734661309718920e+00
2.850000000000000089e+00 3.537734706976413790e+00
2.859999999999999876e+00 3.537734752643108216e+00
2.870000000000000107e+00 3.537734819700717903e+00
2.879999999999999893e+00 3.537734819700717903e+00
2.890000000000000124e+00 3.537734775109290908e+00
2.899999999999999911e+00 3.537734775109290908e+00
2.910000000000000142e+00 3.537734775109290908e+00
2.919999999999999929e+00 3.537734775109290908e+00
2.930000000000000160e+00 3.537734775109290908e+00
2.939999999999999947e+00 3.537734775109290908e+00
2.950000000000000178e+00 3.537734640560150190e+00
2.959999999999999964e+00 3.537734640560150190e+00
2.970000000000000195e+00 3.537734593772888125e+00
2.979999999999999982e+00 3.537734593772888125e+00
2.990000000000000213e+00 3.537734515037536553e+00
3.000000000000000000e+00 3.537734515037536553e+00
