0.000000000000000000e+00 1.483686356477214474e+00 1.650146798694656525e+00
1.000000000000000021e-02 1.478890025787708229e+00 1.644126413931491726e+00
2.000000000000000042e-02 1.380850258018630594e+00 1.911401026194435637e+00
2.999999999999999889e-02 2.327881869166582796e+00 2.752597515041142806e+00
4.000000000000000083e-02 2.546088563619538281e+00 2.633986371945456373e+00
5.000000000000000278e-02 2.546081378230993675e+00 2.633980465054567066e+00
5.999999999999999778e-02 2.546077226714893449e+00 2.633978205685809648e+00
7.000000000000000666e-02 2.546058008925538907e+00 2.633973848441023335e+00
8.000000000000000167e-02 2.546053229116804761e+00 2.633972075238816490e+00
8.999999999999999667e-02 2.546049049762416416e+00 2.633970502306294037e+00
1.000000000000000056e-01 2.546021916501050697e+00 2.633963985527032925e+00
1.100000000000000006e-01 2.546016143396701903e+00 2.633961786839160713e+00
1.199999999999999956e-01 2.546018568347351518e+00 2.633964157682997964e+00
1.300000000000000044e-01 2.546071815232172408e+00 2.633835247455701190e+00
1.400000000000000133e-01 2.545079059975322799e+00 2.635707022888484907e+00
1.499999999999999944e-01 2.544060769262153965e+00 2.637701566972892042e+00
1.600000000000000033e-01 2.543052236770853014e+00 2.639753358627095814e+00
1.700000000000000122e-01 2.541160190734492286e+00 2.643467520370854640e+00
1.799999999999999933e-01 2.539572197563570111e+00 2.646523604409772634e+00
1.900000000000000022e-01 2.538051218083606564e+00 2.649538609196437910e+00
2.000000000000000111e-01 2.537959123717089316e+00 2.649723454426984315e+00
2.099999999999999922e-01 2.534865962793948047e+00 2.655898033144353132e+00
2.200000000000000011e-01 2.524966264461440790e+00 2.676917810588913316e+00
2.300000000000000100e-01 2.497196949571901747e+00 2.772066693387692737e+00
2.399999999999999911e-01 2.545000893250685348e+00 3.013332647148388777e+00
2.500000000000000000e-01 2.788042132891939140e+00 3.181179297538473172e+00
2.600000000000000089e-01 2.964903261225075415e+00 3.171196517102866874e+00
2.700000000000000178e-01 3.025877783467004978e+00 3.145360347288419955e+00
2.800000000000000266e-01 3.043011190668452937e+00 3.135718570455204190e+00
2.899999999999999800e-01 3.059965708301406018e+00 3.124721247088570131e+00
2.999999999999999889e-01 3.061803758818709031e+00 3.123323304608262685e+00
3.099999999999999978e-01 3.062019883513303231e+00 3.123130408182291706e+00
3.200000000000000067e-01 3.063005239937012014e+00 3.122442751457984222e+00
3.300000000000000155e-01 3.064948363950700916e+00 3.121252006823568514e+00
3.400000000000000244e-01 3.066134963334544938e+00 3.120460190159336289e+00
3.500000000000000333e-01 3.069552551551411490e+00 3.118568091921259722e+00
3.599999999999999867e-01 3.073720996738964484e+00 3.116990488122409086e+00
3.699999999999999956e-01 3.079538311626102143e+00 3.115612391231868727e+00
3.800000000000000044e-01 3.082443290702270300e+00 3.114187073472572731e+00
3.900000000000000133e-01 3.085554879232487391e+00 3.112533725117602845e+00
4.000000000000000222e-01 3.086319839864945624e+00 3.111470373266958855e+00
4.100000000000000311e-01 3.088421833262570360e+00 3.108603429312578825e+00
4.199999999999999845e-01 3.088963312538882011e+00 3.107815902792195661e+00
4.299999999999999933e-01 3.089262827146369794e+00 3.107359791743438571e+00
4.400000000000000022e-01 3.089729845839400912e+00 3.106650380286315904e+00
4.500000000000000111e-01 3.089855763952576329e+00 3.106388808005011715e+00
4.600000000000000200e-01 3.090251997648218119e+00 3.105805915383359928e+00
4.700000000000000289e-01 3.090344609496571859e+00 3.105618779504320859e+00
4.799999999999999822e-01 3.090411882010407840e+00 3.105521942342809982e+00
4.899999999999999911e-01 3.091192171932402033e+00 3.104498733285722345e+00
5.000000000000000000e-01 3.091348788491498301e+00 3.104269855269182532e+00
5.100000000000000089e-01 3.091515050059151726e+00 3.104022790021109479e+00
5.200000000000000178e-01 3.091994950197268999e+00 3.103348173109958807e+00
5.300000000000000266e-01 3.092547013681995693e+00 3.102601169220340793e+00
5.400000000000000355e-01 3.092786597041822461e+00 3.102281805401109871e+00
5.500000000000000444e-01 3.092788986984334798e+00 3.102278454436220301e+00
5.600000000000000533e-01 3.092818039261745700e+00 3.102227036626887813e+00
5.700000000000000622e-01 3.092870667510984717e+00 3.102144397224427586e+00
5.799999999999999600e-01 3.092924236499303259e+00 3.102058722671038549e+00
5.899999999999999689e-01 3.092946597226631233e+00 3.102003947507370185e+00
5.999999999999999778e-01 3.092963647970871310e+00 3.101966277194305288e+00
6.099999999999999867e-01 3.092988147952103528e+00 3.101917139294600556e+00
6.199999999999999956e-01 3.093023568984888616e+00 3.101859974420644317e+00
6.300000000000000044e-01 3.093036382415433216e+00 3.101837392446856079e+00
6.400000000000000133e-01 3.093043396278335244e+00 3.101818817709968812e+00
6.500000000000000222e-01 3.093043176430253283e+00 3.101818283544989008e+00
6.600000000000000311e-01 3.093047046186474969e+00 3.101807657645197391e+00
6.700000000000000400e-01 3.093047046186474969e+00 3.101807657645197391e+00
6.800000000000000488e-01 3.093047046186474969e+00 3.101807657645197391e+00
6.900000000000000577e-01 3.093047046186474969e+00 3.101807657645197391e+00
7.000000000000000666e-01 3.093047046186474969e+00 3.101807657645197391e+00
7.099999999999999645e-01 3.093047046186474969e+00 3.101807657645197391e+00
7.199999999999999734e-01 3.093047040302950634e+00 3.101807653085987937e+00
7.299999999999999822e-01 3.093047040302950634e+00 3.101807653085987937e+00
7.399999999999999911e-01 3.093047040302950634e+00 3.101807653085987937e+00
7.500000000000000000e-01 3.093047040302950634e+00 3.101807653085987937e+00
7.600000000000000089e-01 3.093047040302950634e+00 3.101807653085987937e+00
7.700000000000000178e-01 3.093047040302950634e+00 3.101807653085987937e+00
7.800000000000000266e-01 3.093047040302950634e+00 3.101807653085987937e+00
7.900000000000000355e-01 3.093047040302950634e+00 3.101807653085987937e+00
8.000000000000000444e-01 3.093047040302950634e+00 3.101807653085987937e+00
8.100000000000000533e-01 3.093047040302950634e+00 3.101807653085987937e+00
8.200000000000000622e-01 3.093047040302950634e+00 3.101807653085987937e+00
8.300000000000000711e-01 3.093047040302950634e+00 3.101807653085987937e+00
8.399999999999999689e-01 3.093047040302950634e+00 3.101807653085987937e+00
8.499999999999999778e-01 3.093047040302950634e+00 3.101807653085987937e+00
8.599999999999999867e-01 3.093047040302950634e+00 3.101807653085987937e+00
8.699999999999999956e-01 3.093047040302950634e+00 3.101807653085987937e+00
8.800000000000000044e-01 3.093047040302950634e+00 3.101807653085987937e+00
8.900000000000000133e-01 3.093047040302950634e+00 3.101807653085987937e+00
9.000000000000000222e-01 3.093047040302950634e+00 3.101807653085987937e+00
9.100000000000000311e-01 3.093047040302950634e+00 3.101807653085987937e+00
9.200000000000000400e-01 3.093047040302950634e+00 3.101807653085987937e+00
9.300000000000000488e-01 3.093047040302950634e+00 3.101807653085987937e+00
9.400000000000000577e-01 3.093047040302950634e+00 3.101807653085987937e+00
9.500000000000000666e-01 3.093047040302950634e+00 3.101807653085987937e+00
9.599999999999999645e-01 3.093047150287995706e+00 3.101807732042899168e+00
9.699999999999999734e-01 3.093047150287995706e+00 3.101807732042899168e+00
9.799999999999999822e-01 3.093047150287995706e+00 3.101807732042899168e+00
9.899999999999999911e-01 3.093047150287995706e+00 3.101807732042899168e+00
1.000000000000000000e+00 3.093047150287995706e+00 3.101807732042899168e+00
1.010000000000000009e+00 3.093047150287995706e+00 3.101807732042899168e+00
1.020000000000000018e+00 3.093047150287995706e+00 3.101807732042899168e+00
1.030000000000000027e+00 3.093047150287995706e+00 3.101807732042899168e+00
1.040000000000000036e+00 3.093047171354333713e+00 3.101807648096044367e+00
1.050000000000000044e+00 3.093047174723852155e+00 3.101807637340318724e+00
1.060000000000000053e+00 3.093047174723852155e+00 3.101807637340318724e+00
1.070000000000000062e+00 3.093047174723852155e+00 3.101807637340318724e+00
1.080000000000000071e+00 3.093047174723852155e+00 3.101807637340318724e+00
1.090000000000000080e+00 3.093047174723852155e+00 3.101807637340318724e+00
1.100000000000000089e+00 3.093047057960617074e+00 3.101807696358574340e+00
1.110000000000000098e+00 3.093047057960617074e+00 3.101807696358574340e+00
1.120000000000000107e+00 3.093047028327381653e+00 3.101807653627002281e+00
1.130000000000000115e+00 3.093047028327381653e+00 3.101807653627002281e+00
1.140000000000000124e+00 3.093047028327381653e+00 3.101807653627002281e+00
1.150000000000000133e+00 3.093046845190429828e+00 3.101807693321799952e+00
1.159999999999999920e+00 3.093045562970868190e+00 3.101807416188487210e+00
1.169999999999999929e+00 3.093045701924691304e+00 3.101807644041647993e+00
1.179999999999999938e+00 3.093044519600349762e+00 3.101808309636634231e+00
1.189999999999999947e+00 3.093043535421985624e+00 3.101814604007106624e+00
1.199999999999999956e+00 3.093031791676326137e+00 3.101817386885838523e+00
1.209999999999999964e+00 3.093025284885602133e+00 3.101821521287722483e+00
1.219999999999999973e+00 3.093021359347905008e+00 3.101821076627170104e+00
1.229999999999999982e+00 3.093019957573326817e+00 3.101820290939894864e+00
1.239999999999999991e+00 3.093017247801590042e+00 3.101819352235030802e+00
1.250000000000000000e+00 3.093010363895225989e+00 3.101820066307257928e+00
1.260000000000000009e+00 3.093009868731471546e+00 3.101819360022572081e+00
1.270000000000000018e+00 3.093006379179334076e+00 3.101819126001024607e+00
1.280000000000000027e+00 3.093006379179334076e+00 3.101819126001024607e+00
1.290000000000000036e+00 3.093006401065150790e+00 3.101819247509678412e+00
1.300000000000000044e+00 3.093005132984673278e+00 3.101819970460379938e+00
1.310000000000000053e+00 3.093005132984673278e+00 3.101819970460379938e+00
1.320000000000000062e+00 3.093005132984673278e+00 3.101819970460379938e+00
1.330000000000000071e+00 3.093005187775546005e+00 3.101819969676083311e+00
1.340000000000000080e+00 3.093003439915422259e+00 3.101818433854337531e+00
1.350000000000000089e+00 3.093002109411486344e+00 3.101817249957791844e+00
1.360000000000000098e+00 3.092999035525626716e+00 3.101814793214493271e+00
1.370000000000000107e+00 3.092958242927029477e+00 3.101828529362246289e+00
1.380000000000000115e+00 3.092948626487913799e+00 3.101827821504411276e+00
1.390000000000000124e+00 3.092931814502942522e+00 3.101833578310739803e+00
1.400000000000000133e+00 3.092928905194550548e+00 3.101833466021270080e+00
1.409999999999999920e+00 3.092924935490176441e+00 3.101834717095806493e+00
1.419999999999999929e+00 3.092575706132802527e+00 3.102246336656656833e+00
1.429999999999999938e+00 3.091968979644109439e+00 3.102983402791688938e+00
1.439999999999999947e+00 3.091346888816309146e+00 3.103767683188962678e+00
1.449999999999999956e+00 3.090197438886798320e+00 3.105256671521031020e+00
1.459999999999999964e+00 3.089449378663501111e+00 3.106273182705441283e+00
1.469999999999999973e+00 3.089203932743373571e+00 3.106619550685581821e+00
1.479999999999999982e+00 3.089067423857326133e+00 3.106808027454738941e+00
1.489999999999999991e+00 3.088664401202108944e+00 3.107368970513436413e+00
1.500000000000000000e+00 3.088609329197725017e+00 3.107443972637335072e+00
1.510000000000000009e+00 3.088533852086948972e+00 3.107559221238207936e+00
1.520000000000000018e+00 3.087770183008630376e+00 3.108656387325804182e+00
1.530000000000000027e+00 3.087330218153923944e+00 3.109285583795577068e+00
1.540000000000000036e+00 3.086889800747481427e+00 3.109946999541672863e+00
1.550000000000000044e+00 3.086439741201339793e+00 3.110610234475196911e+00
1.560000000000000053e+00 3.085373130187023971e+00 3.112240594650279579e+00
1.570000000000000062e+00 3.085241384405691623e+00 3.112453300547997959e+00
1.580000000000000071e+00 3.084714562976905494e+00 3.113255740057877308e+00
1.590000000000000080e+00 3.084019802175844482e+00 3.114277516487752528e+00
1.600000000000000089e+00 3.081590950228644488e+00 3.118044307506607993e+00
1.610000000000000098e+00 3.079419454797355016e+00 3.121495011927041041e+00
1.620000000000000107e+00 3.077215009320689809e+00 3.124745840570018807e+00
1.630000000000000115e+00 3.075458903956145740e+00 3.126491264243393076e+00
1.640000000000000124e+00 3.071568032783087432e+00 3.130781205707971360e+00
1.650000000000000133e+00 3.062412706243315963e+00 3.143771865304192392e+00
1.660000000000000142e+00 3.049925205110630255e+00 3.165414483843723037e+00
1.669999999999999929e+00 3.033816766832824641e+00 3.204121325508598517e+00
1.679999999999999938e+00 3.020334031481034742e+00 3.267213391032926850e+00
1.689999999999999947e+00 3.022864813147315921e+00 3.342358386577835461e+00
1.699999999999999956e+00 3.059474091255156125e+00 3.442827529576333312e+00
1.709999999999999964e+00 3.135597664460534340e+00 3.530720661330824406e+00
1.719999999999999973e+00 3.224289916403393352e+00 3.576483717524905348e+00
1.729999999999999982e+00 3.294837774389359986e+00 3.590626707293417041e+00
1.739999999999999991e+00 3.372370958099350169e+00 3.579825351367011521e+00
1.750000000000000000e+00 3.412971640380721983e+00 3.565307340956825666e+00
1.760000000000000009e+00 3.434444213806806090e+00 3.555155738023104028e+00
1.770000000000000018e+00 3.445446710612266816e+00 3.549159523957282847e+00
1.780000000000000027e+00 3.450685973775262205e+00 3.546066144487982186e+00
1.790000000000000036e+00 3.461305510663755580e+00 3.539344774227373147e+00
1.800000000000000044e+00 3.478487903687443872e+00 3.527596067994151152e+00
1.810000000000000053e+00 3.485302394770271928e+00 3.522068102914206467e+00
1.820000000000000062e+00 3.485922518452862384e+00 3.521444713836451967e+00
1.830000000000000071e+00 3.485963701935504755e+00 3.521340857738758157e+00
1.840000000000000080e+00 3.486018547631493547e+00 3.521191250818976215e+00
1.850000000000000089e+00 3.486133112015494806e+00 3.520957200784912811e+00
1.860000000000000098e+00 3.486133112015494806e+00 3.520957200784912811e+00
1.870000000000000107e+00 3.486161947157573326e+00 3.520881339814472266e+00
1.880000000000000115e+00 3.486161427530400925e+00 3.520880919848329516e+00
1.890000000000000124e+00 3.486168845956045370e+00 3.520865912931245401e+00
1.900000000000000133e+00 3.486166484045581715e+00 3.520862186823291662e+00
1.910000000000000142e+00 3.486166049695735847e+00 3.520854138693088498e+00
1.919999999999999929e+00 3.486158546553860926e+00 3.520843468822229649e+00
1.929999999999999938e+00 3.486233978567563341e+00 3.520677364787615282e+00
1.939999999999999947e+00 3.486233978567563341e+00 3.520677364787615282e+00
1.949999999999999956e+00 3.486233978567563341e+00 3.520677364787615282e+00
1.959999999999999964e+00 3.486233978567563341e+00 3.520677364787615282e+00
1.969999999999999973e+00 3.486233978567563341e+00 3.520677364787615282e+00
1.979999999999999982e+00 3.486233978567563341e+00 3.520677364787615282e+00
1.989999999999999991e+00 3.486233978567563341e+00 3.520677364787615282e+00
2.000000000000000000e+00 3.486233978567563341e+00 3.520677364787615282e+00
2.010000000000000231e+00 3.486233978567563341e+00 3.520677364787615282e+00
2.020000000000000018e+00 3.486233978567563341e+00 3.520677364787615282e+00
2.030000000000000249e+00 3.486233978567563341e+00 3.520677364787615282e+00
2.040000000000000036e+00 3.486233978567563341e+00 3.520677364787615282e+00
2.049999999999999822e+00 3.486233978567563341e+00 3.520677364787615282e+00
2.060000000000000053e+00 3.486233978567563341e+00 3.520677364787615282e+00
2.069999999999999840e+00 3.486233978567563341e+00 3.520677364787615282e+00
2.080000000000000071e+00 3.486233978567563341e+00 3.520677364787615282e+00
2.089999999999999858e+00 3.486233978567563341e+00 3.520677364787615282e+00
2.100000000000000089e+00 3.486233978567563341e+00 3.520677364787615282e+00
2.109999999999999876e+00 3.486233978567563341e+00 3.520677364787615282e+00
2.120000000000000107e+00 3.486233978567563341e+00 3.520677364787615282e+00
2.129999999999999893e+00 3.486233978567563341e+00 3.520677364787615282e+00
2.140000000000000124e+00 3.486233978567563341e+00 3.520677364787615282e+00
2.149999999999999911e+00 3.486233978567563341e+00 3.520677364787615282e+00
2.160000000000000142e+00 3.486234813307531155e+00 3.520678409968606815e+00
2.169999999999999929e+00 3.486234970769641173e+00 3.520678442507031214e+00
2.180000000000000160e+00 3.486236175495325718e+00 3.520679127744497094e+00
2.189999999999999947e+00 3.486236734365302681e+00 3.520679605141800117e+00
2.200000000000000178e+00 3.486237247024406738e+00 3.520680117134223241e+00
2.209999999999999964e+00 3.486237300149925389e+00 3.520680133269301848e+00
2.220000000000000195e+00 3.486242713213678179e+00 3.520694457558874113e+00
2.229999999999999982e+00 3.486245013860814979e+00 3.520698699746972693e+00
2.240000000000000213e+00 3.486253734817207572e+00 3.520715192227660495e+00
2.250000000000000000e+00 3.486258776007520321e+00 3.520720714496744730e+00
2.260000000000000231e+00 3.486268791865541949e+00 3.520748987060353663e+00
2.270000000000000018e+00 3.486272289283395498e+00 3.520750598137258880e+00
2.280000000000000249e+00 3.486278885223961232e+00 3.520759438903236394e+00
2.290000000000000036e+00 3.486289611140076072e+00 3.520781248840507249e+00
2.300000000000000266e+00 3.486324330027581464e+00 3.520843956882475201e+00
2.310000000000000053e+00 3.486335531485266426e+00 3.520881880404763908e+00
2.319999999999999840e+00 3.486348172331561912e+00 3.520901754168758835e+00
2.330000000000000071e+00 3.486366753528173934e+00 3.520930977494660663e+00
2.339999999999999858e+00 3.486374026794765157e+00 3.520964394344951565e+00
2.350000000000000089e+00 3.486398698783919947e+00 3.521074359711601431e+00
2.359999999999999876e+00 3.486419081917241147e+00 3.521118505200907745e+00
2.370000000000000107e+00 3.486418506415839502e+00 3.521172017036919399e+00
2.379999999999999893e+00 3.486416366627211882e+00 3.521188378999237312e+00
2.390000000000000124e+00 3.486406805353392535e+00 3.521235920619736781e+00
2.399999999999999911e+00 3.486380759047350786e+00 3.521306185756841067e+00
2.410000000000000142e+00 3.486332544200689831e+00 3.521404357197015500e+00
2.419999999999999929e+00 3.486210329011864673e+00 3.521647812667898947e+00
2.430000000000000160e+00 3.486009941290121095e+00 3.522014480988282958e+00
2.439999999999999947e+00 3.485884934489632769e+00 3.522262903111075261e+00
2.450000000000000178e+00 3.485811891375547589e+00 3.522472318986887174e+00
2.459999999999999964e+00 3.485796130611405363e+00 3.522523886454596909e+00
2.470000000000000195e+00 3.485772799322002236e+00 3.522629100025302940e+00
2.479999999999999982e+00 3.485754518090952825e+00 3.522707803505193080e+00
2.490000000000000213e+00 3.485760321679495455e+00 3.522785820278741653e+00
2.500000000000000000e+00 3.485760699645726657e+00 3.522840532849581319e+00
2.510000000000000231e+00 3.485731643527651524e+00 3.522997407184933483e+00
2.520000000000000018e+00 3.485560982687014420e+00 3.523331279700261387e+00
2.530000000000000249e+00 3.485420798066606096e+00 3.523576511255750887e+00
2.540000000000000036e+00 3.485318023331227089e+00 3.523772924501834325e+00
2.550000000000000266e+00 3.485046869737359554e+00 3.524359625228193682e+00
2.560000000000000053e+00 3.485002114819075292e+00 3.524486807409738187e+00
2.569999999999999840e+00 3.484917868833297128e+00 3.524726255574471168e+00
2.580000000000000071e+00 3.484589704053551618e+00 3.525416138594000603e+00
2.589999999999999858e+00 3.484382452563769217e+00 3.525862560544484214e+00
2.600000000000000089e+00 3.484227617714596104e+00 3.526205175649928858e+00
2.609999999999999876e+00 3.482845663507585510e+00 3.528161377264852572e+00
2.620000000000000107e+00 3.477729859708227789e+00 3.535033668614945501e+00
2.629999999999999893e+00 3.471459761660558474e+00 3.543720524513262138e+00
2.640000000000000124e+00 3.456207703647899532e+00 3.567826739945125336e+00
2.649999999999999911e+00 3.429972949343099931e+00 3.595191967095956453e+00
2.660000000000000142e+00 3.254819527332066809e+00 3.725918355668306869e+00
2.669999999999999929e+00 3.185411185228926190e+00 3.745412716138261100e+00
2.680000000000000160e+00 2.635702004138082977e+00 3.830575507036595440e+00
2.689999999999999947e+00 1.666868892691113491e+00 3.095799020097277587e+00
2.700000000000000178e+00 1.639953601641459091e+00 2.357781594209866771e+00
2.709999999999999964e+00 1.727559322152648180e+00 2.140958663393941031e+00
2.720000000000000195e+00 1.785195398656624466e+00 2.048471828602057787e+00
2.729999999999999982e+00 1.786506452544137424e+00 2.050252172185972555e+00
2.740000000000000213e+00 1.611822124089258734e+00 2.446940588401300243e+00
2.750000000000000000e+00 1.647302624400968529e+00 3.103047650457506190e+00
2.760000000000000231e+00 2.264007302554851719e+00 3.776235055650467132e+00
2.770000000000000018e+00 2.859301555466474909e+00 3.901416791966138220e+00
2.780000000000000249e+00 3.283353632163548141e+00 3.807995503201937915e+00
2.790000000000000036e+00 3.477407489219891179e+00 3.700184345239413641e+00
2.800000000000000266e+00 3.529989827955432702e+00 3.662079826351932965e+00
2.810000000000000053e+00 3.577746974990598794e+00 3.621373222958810700e+00
2.819999999999999840e+00 3.581763246260638134e+00 3.618029102915768291e+00
2.830000000000000071e+00 3.582484218521845065e+00 3.617444162940252284e+00
2.839999999999999858e+00 3.583208942071710812e+00 3.616896415203298520e+00
2.850000000000000089e+00 3.583931838084617461e+00 3.616355563696465047e+00
2.859999999999999876e+00 3.584112913433441960e+00 3.616220885885825354e+00
2.870000000000000107e+00 3.584842560253477028e+00 3.615650391616487713e+00
2.879999999999999893e+00 3.585238985898344666e+00 3.615329995448739453e+00
2.890000000000000124e+00 3.585349238708507968e+00 3.615208102867114803e+00
2.899999999999999911e+00 3.586150989839737235e+00 3.614579239256675791e+00
2.910000000000000142e+00 3.586785063557314857e+00 3.614115841236424487e+00
2.919999999999999929e+00 3.587601678022231511e+00 3.613463079172287706e+00
2.930000000000000160e+00 3.587985413099682663e+00 3.613185920551859720e+00
2.939999999999999947e+00 3.588567540601609540e+00 3.612769786716582221e+00
2.950000000000000178e+00 3.589624117064837971e+00 3.612068116945858609e+00
2.959999999999999964e+00 3.590020499252711605e+00 3.611814829359615953e+00
2.970000000000000195e+00 3.590470063590494920e+00 3.611537244034322303e+00
2.979999999999999982e+00 3.591168625361936595e+00 3.611093848998529143e+00
2.990000000000000213e+00 3.592230585571074997e+00 3.610393292693352407e+00
3.000000000000000000e+00 3.593186156658433550e+00 3.609739628988005489e+00
