0.000000000000000000e+00 4.536024585295070355e-01 4.934330322849403427e-01
1.000000000000000021e-02 4.535918323581775158e-01 4.934347314096133030e-01
2.000000000000000042e-02 1.198213945015751847e+00 1.300353455904639244e+00
2.999999999999999889e-02 1.198070297375567028e+00 1.300309648968331677e+00
4.000000000000000083e-02 1.197964636593485954e+00 1.300302750441406863e+00
5.000000000000000278e-02 1.197729202781073976e+00 1.300296162352211571e+00
5.999999999999999778e-02 1.197496041698927316e+00 1.300303253616815313e+00
7.000000000000000666e-02 1.189940895358281736e+00 1.310366918052477292e+00
8.000000000000000167e-02 1.092025056552462292e+00 1.930251748607583195e+00
8.999999999999999667e-02 1.944085436053136551e+00 2.496729766161581043e+00
1.000000000000000056e-01 2.132101421127883700e+00 2.454913668064506727e+00
1.100000000000000006e-01 2.208043953315800945e+00 2.427484217803888900e+00
1.199999999999999956e-01 2.208038657076923261e+00 2.426971465141208650e+00
1.300000000000000044e-01 2.207847428600607120e+00 2.428438969462098473e+00
1.400000000000000133e-01 2.208167573971290487e+00 2.433307361093024923e+00
1.499999999999999944e-01 2.206958213069493357e+00 2.438261717297976805e+00
1.600000000000000033e-01 2.206438044739685189e+00 2.441032695485629844e+00
1.700000000000000122e-01 2.207470317169706764e+00 2.443427172816713178e+00
1.799999999999999933e-01 2.195261926945970998e+00 2.463199096379948827e+00
1.900000000000000022e-01 2.165231169931493227e+00 2.514846464684405092e+00
2.000000000000000111e-01 2.136695156471275503e+00 2.569914576929069661e+00
2.099999999999999922e-01 2.078673280495535458e+00 2.709922593828309800e+00
2.200000000000000011e-01 2.035006221464033427e+00 2.940055218917970503e+00
2.300000000000000100e-01 2.075569104723658853e+00 3.351919850898060105e+00
2.399999999999999911e-01 2.304102513363777138e+00 3.752134476673187446e+00
2.500000000000000000e-01 2.617467881267739660e+00 4.007491723477171419e+00
2.600000000000000089e-01 3.019036826572515153e+00 4.131154624309442802e+00
2.700000000000000178e-01 3.365016466176910637e+00 4.109475859314994928e+00
2.800000000000000266e-01 3.574575479738911099e+00 4.038732953369418510e+00
2.899999999999999800e-01 3.702860913881627081e+00 3.967673092804583579e+00
2.999999999999999889e-01 3.719471622821232337e+00 3.956485893887141891e+00
3.099999999999999978e-01 3.719528308657817472e+00 3.956498758083172529e+00
3.200000000000000067e-01 3.719496005907334979e+00 3.956438729047498715e+00
3.300000000000000155e-01 3.719362740736101181e+00 3.956429384021665108e+00
3.400000000000000244e-01 3.719076425138345687e+00 3.956393823618063355e+00
3.500000000000000333e-01 3.718703840288421159e+00 3.956508759713867729e+00
3.599999999999999867e-01 3.718182110448956301e+00 3.956500263141513152e+00
3.699999999999999956e-01 3.717569552482590911e+00 3.956598169280066468e+00
3.800000000000000044e-01 3.707597254040127854e+00 3.958412958219164945e+00
3.900000000000000133e-01 3.694104638998693346e+00 3.960483285648638052e+00
4.000000000000000222e-01 3.673840789239054327e+00 3.962506617577428170e+00
4.100000000000000311e-01 3.636955555017905795e+00 3.963560762101692170e+00
4.199999999999999845e-01 3.593371981689303052e+00 3.961327441027791441e+00
4.299999999999999933e-01 3.540077279431223634e+00 3.951114962881207671e+00
4.400000000000000022e-01 3.470793460420540377e+00 3.928927824202605557e+00
4.500000000000000111e-01 3.413161475711528059e+00 3.895453510574635292e+00
4.600000000000000200e-01 3.353566001212155090e+00 3.838535089977229031e+00
4.700000000000000289e-01 3.306419988444369018e+00 3.765580049192387868e+00
4.799999999999999822e-01 3.280931720788774264e+00 3.700308956415358175e+00
4.899999999999999911e-01 3.267566187266044420e+00 3.628201697417564819e+00
5.000000000000000000e-01 3.267247929465763701e+00 3.570443633491999780e+00
5.100000000000000089e-01 3.274630301673224775e+00 3.521164980089852126e+00
5.200000000000000178e-01 3.284500131683330437e+00 3.485472222995777081e+00
5.300000000000000266e-01 3.294157997393487136e+00 3.457705711460234532e+00
5.400000000000000355e-01 3.303063265209754906e+00 3.437994196824470716e+00
5.500000000000000444e-01 3.312042084303364220e+00 3.420572346806063813e+00
5.600000000000000533e-01 3.319524255010597447e+00 3.407707344768531765e+00
5.700000000000000622e-01 3.322674855605877386e+00 3.402268888934337543e+00
5.799999999999999600e-01 3.325667239787391427e+00 3.397023263166138118e+00
5.899999999999999689e-01 3.329384087387791347e+00 3.390627122576960417e+00
5.999999999999999778e-01 3.330738855748188065e+00 3.388256506705272564e+00
6.099999999999999867e-01 3.333788178209079689e+00 3.383555000153767089e+00
6.199999999999999956e-01 3.337423481902551892e+00 3.378672627330350231e+00
6.300000000000000044e-01 3.337863557099559397e+00 3.377940823245785484e+00
6.400000000000000133e-01 3.338149431031957715e+00 3.377427844172701032e+00
6.500000000000000222e-01 3.338655008884596320e+00 3.376589995797944610e+00
6.600000000000000311e-01 3.339059697848922426e+00 3.376380368722313285e+00
6.700000000000000400e-01 3.339245326852665396e+00 3.376211186137332287e+00
6.800000000000000488e-01 3.339998710241350643e+00 3.375734104237523958e+00
6.900000000000000577e-01 3.340800984551543173e+00 3.375256261980896788e+00
7.000000000000000666e-01 3.341339621747770217e+00 3.374849040189943139e+00
7.099999999999999645e-01 3.342215085897147553e+00 3.374387732343971713e+00
7.199999999999999734e-01 3.343443753458215095e+00 3.373726710385130279e+00
7.299999999999999822e-01 3.343650054447176778e+00 3.373628358061787402e+00
7.399999999999999911e-01 3.343820650197861344e+00 3.373480243857505112e+00
7.500000000000000000e-01 3.343951106845677312e+00 3.373435813162982466e+00
7.600000000000000089e-01 3.344040557696754234e+00 3.373373444221084760e+00
7.700000000000000178e-01 3.344124861700876306e+00 3.373308515946523922e+00
7.800000000000000266e-01 3.344152786099847230e+00 3.373262345645490878e+00
7.900000000000000355e-01 3.344161248247809581e+00 3.373236268060021636e+00
8.000000000000000444e-01 3.344221723481497488e+00 3.373193643973985356e+00
8.100000000000000533e-01 3.344227940192718851e+00 3.373188297070961017e+00
8.200000000000000622e-01 3.344229241584153467e+00 3.373178907157568407e+00
8.300000000000000711e-01 3.344233548623725127e+00 3.373142547887161946e+00
8.399999999999999689e-01 3.344235803505571702e+00 3.373139424742070958e+00
8.499999999999999778e-01 3.344235947219518668e+00 3.373131987503381612e+00
8.599999999999999867e-01 3.344239645394099014e+00 3.373118227816807924e+00
8.699999999999999956e-01 3.344240788960627153e+00 3.373097135500737753e+00
8.800000000000000044e-01 3.344240851458017083e+00 3.373081626330908023e+00
8.900000000000000133e-01 3.344245461588634338e+00 3.373081755336986287e+00
9.000000000000000222e-01 3.344251067490740859e+00 3.373077564458683675e+00
9.100000000000000311e-01 3.344254268923712914e+00 3.373059547084855225e+00
9.200000000000000400e-01 3.344254425226888650e+00 3.373047598450937379e+00
9.300000000000000488e-01 3.344264537366378409e+00 3.373009030338776082e+00
9.400000000000000577e-01 3.344266183439321694e+00 3.373009023965768627e+00
9.500000000000000666e-01 3.344257940642709315e+00 3.372963938062315314e+00
9.599999999999999645e-01 3.344258012986583761e+00 3.372953039235668360e+00
9.699999999999999734e-01 3.344257910320519223e+00 3.372952203343154487e+00
9.799999999999999822e-01 3.344255915406042945e+00 3.372944682514375181e+00
9.899999999999999911e-01 3.344263054531853463e+00 3.372943536878783455e+00
1.000000000000000000e+00 3.344262783708138453e+00 3.372941287141280053e+00
1.010000000000000009e+00 3.344263790241554624e+00 3.372941305617019658e+00
1.020000000000000018e+00 3.344267393402409638e+00 3.372941585283922628e+00
1.030000000000000027e+00 3.344267058509102331e+00 3.372940612212905531e+00
1.040000000000000036e+00 3.344266343754796811e+00 3.372939511214227526e+00
1.050000000000000044e+00 3.344264377696167578e+00 3.372937450640548285e+00
1.060000000000000053e+00 3.344258139927028584e+00 3.372931679952503092e+00
1.070000000000000062e+00 3.344232440097206993e+00 3.372927357113486568e+00
1.080000000000000071e+00 3.344227331993513630e+00 3.372924339702195518e+00
1.090000000000000080e+00 3.344187377286280238e+00 3.372913917979871279e+00
1.100000000000000089e+00 3.344176766643960352e+00 3.372912962450544949e+00
1.110000000000000098e+00 3.344127466154577011e+00 3.372916619739054322e+00
1.120000000000000107e+00 3.344117582081917117e+00 3.372914828186866831e+00
1.130000000000000115e+00 3.344101724280474031e+00 3.372914843636396043e+00
1.140000000000000124e+00 3.344100023665264043e+00 3.372914023466274447e+00
1.150000000000000133e+00 3.344066676110119651e+00 3.372894081255107146e+00
1.159999999999999920e+00 3.344057663851740525e+00 3.372891961010930029e+00
1.169999999999999929e+00 3.344032147051698711e+00 3.372891287792318504e+00
1.179999999999999938e+00 3.343984308711605458e+00 3.372901828125399959e+00
1.189999999999999947e+00 3.343980955469378902e+00 3.372902765338650521e+00
1.199999999999999956e+00 3.343964102155981610e+00 3.372893548128785834e+00
1.209999999999999964e+00 3.343962031638255894e+00 3.372887546770939160e+00
1.219999999999999973e+00 3.343954425119934459e+00 3.372886250386657014e+00
1.229999999999999982e+00 3.343933283105110288e+00 3.372890381774688695e+00
1.239999999999999991e+00 3.343928509421347339e+00 3.372891335706711846e+00
1.250000000000000000e+00 3.343921941262763653e+00 3.372893023589569772e+00
1.260000000000000009e+00 3.343922058404559028e+00 3.372892990299587890e+00
1.270000000000000018e+00 3.343922058404559028e+00 3.372892990299587890e+00
1.280000000000000027e+00 3.343922058404559028e+00 3.372892990299587890e+00
1.290000000000000036e+00 3.343922058404559028e+00 3.372892990299587890e+00
1.300000000000000044e+00 3.343922058404559028e+00 3.372892990299587890e+00
1.310000000000000053e+00 3.343922058404559028e+00 3.372892990299587890e+00
1.320000000000000062e+00 3.343922058404559028e+00 3.372892990299587890e+00
1.330000000000000071e+00 3.343922058404559028e+00 3.372892990299587890e+00
1.340000000000000080e+00 3.343922058404559028e+00 3.372892990299587890e+00
1.350000000000000089e+00 3.343922058404559028e+00 3.372892990299587890e+00
1.360000000000000098e+00 3.343910043870498505e+00 3.372879959248016313e+00
1.370000000000000107e+00 3.343905007079025715e+00 3.372873890230277283e+00
1.380000000000000115e+00 3.343903696122878078e+00 3.372872598895317875e+00
1.390000000000000124e+00 3.343902071486882566e+00 3.372871059726305187e+00
1.400000000000000133e+00 3.343894626319538155e+00 3.372869313480724607e+00
1.409999999999999920e+00 3.343887981630754513e+00 3.372863726786184291e+00
1.419999999999999929e+00 3.343884800884502351e+00 3.372852135336620538e+00
1.429999999999999938e+00 3.343863519433132314e+00 3.372842228848346391e+00
1.439999999999999947e+00 3.343846567022978000e+00 3.372814655291856312e+00
1.449999999999999956e+00 3.343751226096636664e+00 3.372825751442426245e+00
1.459999999999999964e+00 3.343664746403341326e+00 3.372794434028024924e+00
1.469999999999999973e+00 3.343543807641471854e+00 3.372840151761566485e+00
1.479999999999999982e+00 3.343435646279553364e+00 3.372828100182314603e+00
1.489999999999999991e+00 3.343282392252291402e+00 3.372820143682156768e+00
1.500000000000000000e+00 3.343208542220496238e+00 3.372744977166748814e+00
1.510000000000000009e+00 3.343127978338737538e+00 3.372716247692566061e+00
1.520000000000000018e+00 3.343000700583841578e+00 3.372722912191960631e+00
1.530000000000000027e+00 3.342328454967194329e+00 3.373175621570891902e+00
1.540000000000000036e+00 3.341762205991461343e+00 3.373517026934907292e+00
1.550000000000000044e+00 3.340546769971118213e+00 3.374224120803608340e+00
1.560000000000000053e+00 3.339241295512631158e+00 3.374922955891177079e+00
1.570000000000000062e+00 3.338687125384382615e+00 3.375208479316659460e+00
1.580000000000000071e+00 3.337274225896204261e+00 3.375917900063191812e+00
1.590000000000000080e+00 3.335468502902758647e+00 3.376885183210598829e+00
1.600000000000000089e+00 3.334046550062204073e+00 3.377667637140249202e+00
1.610000000000000098e+00 3.332157432055694368e+00 3.378611488928573880e+00
1.620000000000000107e+00 3.330430396467019882e+00 3.379356733478735109e+00
1.630000000000000115e+00 3.328801780245039144e+00 3.380048371889855741e+00
1.640000000000000124e+00 3.328060563077229084e+00 3.380408352318507781e+00
1.650000000000000133e+00 3.326983115153476778e+00 3.380831772441700078e+00
1.660000000000000142e+00 3.326365362577361928e+00 3.381108706865386893e+00
1.669999999999999929e+00 3.325761469349147514e+00 3.381332891493557202e+00
1.679999999999999938e+00 3.325361349009412049e+00 3.381431046506029769e+00
1.689999999999999947e+00 3.325315455981122437e+00 3.381420839676035239e+00
1.699999999999999956e+00 3.325120020113519370e+00 3.381392006616064538e+00
1.709999999999999964e+00 3.324976333881508594e+00 3.381383483914245147e+00
1.719999999999999973e+00 3.324750959823099539e+00 3.381378626925977127e+00
1.729999999999999982e+00 3.324462570035172426e+00 3.381409491355704233e+00
1.739999999999999991e+00 3.324222514828670594e+00 3.381413024803172629e+00
1.750000000000000000e+00 3.324070024130249656e+00 3.381354805662726726e+00
1.760000000000000009e+00 3.323929712567033956e+00 3.381359836349782544e+00
1.770000000000000018e+00 3.323772111529359474e+00 3.381360771738043614e+00
1.780000000000000027e+00 3.323738611385158137e+00 3.381345004494854756e+00
1.790000000000000036e+00 3.323664420228028771e+00 3.381335171828245389e+00
1.800000000000000044e+00 3.323528417916036037e+00 3.381353925228380408e+00
1.810000000000000053e+00 3.323366081038057196e+00 3.381347317366063976e+00
1.820000000000000062e+00 3.323127895140366661e+00 3.381377959928793864e+00
1.830000000000000071e+00 3.322772999118550175e+00 3.381415181866900710e+00
1.840000000000000080e+00 3.322138245483471142e+00 3.381508738635944145e+00
1.850000000000000089e+00 3.321712187030662733e+00 3.381573082825790166e+00
1.860000000000000098e+00 3.321225060722021727e+00 3.381635298374505272e+00
1.870000000000000107e+00 3.320666682569437533e+00 3.381715048435277815e+00
1.880000000000000115e+00 3.320357745389714843e+00 3.381752799530253206e+00
1.890000000000000124e+00 3.319756268477398464e+00 3.381858104915660412e+00
1.900000000000000133e+00 3.319282902153427806e+00 3.381959167772834007e+00
1.910000000000000142e+00 3.318770636888852099e+00 3.382095749152788766e+00
1.919999999999999929e+00 3.318008720115902754e+00 3.382301844006296854e+00
1.929999999999999938e+00 3.317724858271489552e+00 3.382365720899691119e+00
1.939999999999999947e+00 3.317163694638014970e+00 3.382517188912629091e+00
1.949999999999999956e+00 3.316985224992430314e+00 3.382553623016679278e+00
1.959999999999999964e+00 3.316681176850677648e+00 3.382830475022910566e+00
1.969999999999999973e+00 3.316494686047431806e+00 3.383101786831024249e+00
1.979999999999999982e+00 3.316522635270941599e+00 3.383602387860428884e+00
1.989999999999999991e+00 3.316514607737363729e+00 3.384061738912759854e+00
2.000000000000000000e+00 3.316029582660685815e+00 3.384674368516911169e+00
2.010000000000000231e+00 3.315341006358549336e+00 3.386032317954614790e+00
2.020000000000000018e+00 3.314746039691794266e+00 3.387954009741913630e+00
2.030000000000000249e+00 3.314109281014134822e+00 3.389778335081407690e+00
2.040000000000000036e+00 3.314201201755542225e+00 3.391242014353733847e+00
2.049999999999999822e+00 3.313938506636830095e+00 3.392516912321834166e+00
2.060000000000000053e+00 3.313735754727807681e+00 3.394863824539694264e+00
2.069999999999999840e+00 3.313261088009149091e+00 3.395929294976919977e+00
2.080000000000000071e+00 3.312572597773476790e+00 3.396891360022620265e+00
2.089999999999999858e+00 3.311865031296672868e+00 3.398100242207584110e+00
2.100000000000000089e+00 3.311597956740984117e+00 3.399294751980177054e+00
2.109999999999999876e+00 3.311408828328573861e+00 3.402694101473366928e+00
2.120000000000000107e+00 3.311031501431268342e+00 3.404964573769766023e+00
2.129999999999999893e+00 3.310826710561333375e+00 3.406018572246016785e+00
2.140000000000000124e+00 3.310695860868286378e+00 3.406837677973915124e+00
2.149999999999999911e+00 3.310707094926359506e+00 3.407670822487351980e+00
2.160000000000000142e+00 3.310495348504520319e+00 3.408853607918285622e+00
2.169999999999999929e+00 3.310407134106295501e+00 3.409531038029057548e+00
2.180000000000000160e+00 3.310268127155261642e+00 3.411194191498798656e+00
2.189999999999999947e+00 3.310195892926715455e+00 3.413005998042561107e+00
2.200000000000000178e+00 3.310243214442816218e+00 3.415995234973344452e+00
2.209999999999999964e+00 3.310308867760479501e+00 3.420361985348880474e+00
2.220000000000000195e+00 3.310401955584872269e+00 3.423759994555126696e+00
2.229999999999999982e+00 3.310244157851792490e+00 3.428333052073858855e+00
2.240000000000000213e+00 3.310311870803730017e+00 3.433237005162341760e+00
2.250000000000000000e+00 3.310313167002765233e+00 3.438982213460834991e+00
2.260000000000000231e+00 3.310520555819868704e+00 3.444728423257470418e+00
2.270000000000000018e+00 3.310981665181896183e+00 3.450866645803668753e+00
2.280000000000000249e+00 3.311610622487495714e+00 3.456878350519706711e+00
2.290000000000000036e+00 3.311946720369870256e+00 3.462501455308382603e+00
2.300000000000000266e+00 3.312338543079990316e+00 3.467394808613162738e+00
2.310000000000000053e+00 3.313287214582840257e+00 3.473039147149642680e+00
2.319999999999999840e+00 3.314278555598179743e+00 3.478811296620448523e+00
2.330000000000000071e+00 3.316367056342025332e+00 3.486297396530251280e+00
2.339999999999999858e+00 3.318802554400580807e+00 3.494105645510536373e+00
2.350000000000000089e+00 3.321541862317093585e+00 3.501278007525435942e+00
2.359999999999999876e+00 3.324139459885977477e+00 3.508002241712189662e+00
2.370000000000000107e+00 3.327453781252481591e+00 3.515859681133649772e+00
2.379999999999999893e+00 3.330790180780689003e+00 3.522548240153988264e+00
2.390000000000000124e+00 3.334691214652807822e+00 3.530098043574540156e+00
2.399999999999999911e+00 3.339645681587905202e+00 3.537918879488259449e+00
2.410000000000000142e+00 3.345362839753059703e+00 3.546875394890876443e+00
2.419999999999999929e+00 3.351651470062981808e+00 3.554765358183134438e+00
2.430000000000000160e+00 3.358265957789464018e+00 3.562577238883929631e+00
2.439999999999999947e+00 3.366224086348510003e+00 3.570598288567566225e+00
2.450000000000000178e+00 3.373877795425474169e+00 3.577284781812609005e+00
2.459999999999999964e+00 3.381877055200569693e+00 3.584084238673217016e+00
2.470000000000000195e+00 3.390150680587318277e+00 3.590044975926849347e+00
2.479999999999999982e+00 3.398618461988536232e+00 3.595914884855183402e+00
2.490000000000000213e+00 3.407009157353029671e+00 3.600862017950429816e+00
2.500000000000000000e+00 3.416347070255222995e+00 3.606246314854678836e+00
2.510000000000000231e+00 3.426407925554542100e+00 3.611266253222198852e+00
2.520000000000000018e+00 3.436264901155207330e+00 3.615635758906628805e+00
2.530000000000000249e+00 3.447520381600390760e+00 3.619654801466931193e+00
2.540000000000000036e+00 3.457683382819125129e+00 3.622800049016049684e+00
2.550000000000000266e+00 3.467252640710482225e+00 3.625710433172574021e+00
2.560000000000000053e+00 3.475357272475522397e+00 3.628183020817477011e+00
2.569999999999999840e+00 3.482689187834187017e+00 3.630425305392818380e+00
2.580000000000000071e+00 3.489005281054868846e+00 3.633129200551614701e+00
2.589999999999999858e+00 3.494488335828061842e+00 3.635317983370546457e+00
2.600000000000000089e+00 3.498802416626614953e+00 3.637173021663027139e+00
2.609999999999999876e+00 3.502251655301517719e+00 3.639418813081317428e+00
2.620000000000000107e+00 3.505522183850174667e+00 3.642931034919852262e+00
2.629999999999999893e+00 3.508259259640874372e+00 3.644735261485872346e+00
2.640000000000000124e+00 3.509975393822972745e+00 3.647638484861071451e+00
2.649999999999999911e+00 3.511606727656998661e+00 3.651890883932433329e+00
2.660000000000000142e+00 3.512612577642028278e+00 3.657317951604301953e+00
2.669999999999999929e+00 3.513518582001932788e+00 3.659698935726872993e+00
2.680000000000000160e+00 3.514017056005440232e+00 3.659719529845275154e+00
2.689999999999999947e+00 3.514535487058468632e+00 3.660749331576518273e+00
2.700000000000000178e+00 3.515248631762063702e+00 3.661094392887556559e+00
2.709999999999999964e+00 3.515948208573326017e+00 3.659916795436874093e+00
2.720000000000000195e+00 3.517029004872886944e+00 3.657573803178222782e+00
2.729999999999999982e+00 3.517751063855341087e+00 3.655948160449812079e+00
2.740000000000000213e+00 3.518236069182560044e+00 3.654676023560360143e+00
2.750000000000000000e+00 3.518499568585458537e+00 3.654033971534666581e+00
2.760000000000000231e+00 3.519054695171853986e+00 3.652409678216436362e+00
2.770000000000000018e+00 3.519449103564930237e+00 3.651075646324443813e+00
2.780000000000000249e+00 3.519893492026579196e+00 3.649460529074418424e+00
2.790000000000000036e+00 3.520688110938821058e+00 3.647236164216246745e+00
2.800000000000000266e+00 3.521412598749949829e+00 3.644919961836979638e+00
2.810000000000000053e+00 3.521996436456390267e+00 3.643295529886536155e+00
2.819999999999999840e+00 3.522804447384929816e+00 3.641129755529307843e+00
2.830000000000000071e+00 3.523655550408563375e+00 3.638859774660863966e+00
2.839999999999999858e+00 3.524347505842016837e+00 3.636971101969910691e+00
2.850000000000000089e+00 3.524861463948079976e+00 3.635545395759752108e+00
2.859999999999999876e+00 3.525757973997445394e+00 3.633572444441466320e+00
2.870000000000000107e+00 3.526614089672083008e+00 3.631820030425077395e+00
2.879999999999999893e+00 3.527348386669635794e+00 3.629724703478336423e+00
2.890000000000000124e+00 3.528325091798421020e+00 3.627660462849024547e+00
2.899999999999999911e+00 3.528922908351160181e+00 3.626471707933210276e+00
2.910000000000000142e+00 3.529676342451439019e+00 3.624971735398903050e+00
2.919999999999999929e+00 3.530400701070705693e+00 3.623524159993251281e+00
2.930000000000000160e+00 3.531447002630452303e+00 3.621585318603297132e+00
2.939999999999999947e+00 3.532394113148670911e+00 3.619781239667910988e+00
2.950000000000000178e+00 3.532885960448713281e+00 3.618757626115350678e+00
2.959999999999999964e+00 3.533567328798746576e+00 3.617310312559629093e+00
2.970000000000000195e+00 3.534085838673872271e+00 3.616305649925905197e+00
2.979999999999999982e+00 3.534473057266964258e+00 3.615536437586055474e+00
2.990000000000000213e+00 3.534599108595651629e+00 3.615196348700719930e+00
3.000000000000000000e+00 3.535046636641269835e+00 3.614235079056972388e+00
