0.000000000000000000e+00 7.279747471225261890e-01
1.000000000000000021e-02 7.279770182543993107e-01
2.000000000000000042e-02 8.073094856846332323e-01
2.999999999999999889e-02 1.436280465599298450e+00
4.000000000000000083e-02 1.436280465599298450e+00
5.000000000000000278e-02 1.436280465599298450e+00
5.999999999999999778e-02 1.436280465599298450e+00
7.000000000000000666e-02 1.436280465599298450e+00
8.000000000000000167e-02 1.436280465599298450e+00
8.999999999999999667e-02 1.436280465599298450e+00
1.000000000000000056e-01 1.992778246144056409e+00
1.100000000000000006e-01 3.272678703072071205e+00
1.199999999999999956e-01 3.271687693576812883e+00
1.300000000000000044e-01 3.270318113663196691e+00
1.400000000000000133e-01 3.269635460388660597e+00
1.499999999999999944e-01 3.269514395761489833e+00
1.600000000000000033e-01 3.269123516459464973e+00
1.700000000000000122e-01 3.267269574370384344e+00
1.799999999999999933e-01 3.267267510616779447e+00
1.900000000000000022e-01 3.267276731002330958e+00
2.000000000000000111e-01 3.267271030132770537e+00
2.099999999999999922e-01 3.267094609153270657e+00
2.200000000000000011e-01 3.266983597183227506e+00
2.300000000000000100e-01 3.266734528229236822e+00
2.399999999999999911e-01 3.266416731688976505e+00
2.500000000000000000e-01 3.265703989732265278e+00
2.600000000000000089e-01 3.264906522154808144e+00
2.700000000000000178e-01 3.264048770389556875e+00
2.800000000000000266e-01 3.262985547168254730e+00
2.899999999999999800e-01 3.261718817696571460e+00
2.999999999999999889e-01 3.260537296431064824e+00
3.099999999999999978e-01 3.259742940747738071e+00
3.200000000000000067e-01 3.258910199778080052e+00
3.300000000000000155e-01 3.258273898370266153e+00
3.400000000000000244e-01 3.257683476784229093e+00
3.500000000000000333e-01 3.257524791908263939e+00
3.599999999999999867e-01 3.257341822111606611e+00
3.699999999999999956e-01 3.257130796988010335e+00
3.800000000000000044e-01 3.257047528715133478e+00
3.900000000000000133e-01 3.256816942780017765e+00
4.000000000000000222e-01 3.256788104834556385e+00
4.100000000000000311e-01 3.256621425759792299e+00
4.199999999999999845e-01 3.256593480021953368e+00
4.299999999999999933e-01 3.256532515654563920e+00
4.400000000000000022e-01 3.256473057467937249e+00
4.500000000000000111e-01 3.256457660601139281e+00
4.600000000000000200e-01 3.256448851528167765e+00
4.700000000000000289e-01 3.256438635163307005e+00
4.799999999999999822e-01 3.256368987145423777e+00
4.899999999999999911e-01 3.256359152097702214e+00
5.000000000000000000e-01 3.256356865305900516e+00
5.100000000000000089e-01 3.256348456068038910e+00
5.200000000000000178e-01 3.256345890448093527e+00
5.300000000000000266e-01 3.256345672883987241e+00
5.400000000000000355e-01 3.256343672058582328e+00
5.500000000000000444e-01 3.256341597595215021e+00
5.600000000000000533e-01 3.256337199263572568e+00
5.700000000000000622e-01 3.256335870575904679e+00
5.799999999999999600e-01 3.256335073881149178e+00
5.899999999999999689e-01 3.256337472705840952e+00
5.999999999999999778e-01 3.256333859369754613e+00
6.099999999999999867e-01 3.256332128462791520e+00
6.199999999999999956e-01 3.256329566919803575e+00
6.300000000000000044e-01 3.256331989989280640e+00
6.400000000000000133e-01 3.256333114767074655e+00
6.500000000000000222e-01 3.256333455979824265e+00
6.600000000000000311e-01 3.256331578230857726e+00
6.700000000000000400e-01 3.256336028926372528e+00
6.800000000000000488e-01 3.256336460688113998e+00
6.900000000000000577e-01 3.256336349542141129e+00
7.000000000000000666e-01 3.256343572375774542e+00
7.099999999999999645e-01 3.256355416357517463e+00
7.199999999999999734e-01 3.256355807576179373e+00
7.299999999999999822e-01 3.256358490035534015e+00
7.399999999999999911e-01 3.256361463718414395e+00
7.500000000000000000e-01 3.256362117371559339e+00
7.600000000000000089e-01 3.256361403288841050e+00
7.700000000000000178e-01 3.256371830396652012e+00
7.800000000000000266e-01 3.256375893025398316e+00
7.900000000000000355e-01 3.256378610947132213e+00
8.000000000000000444e-01 3.256384824697971414e+00
8.100000000000000533e-01 3.256392894127368987e+00
8.200000000000000622e-01 3.256409161808490715e+00
8.300000000000000711e-01 3.256423255367279168e+00
8.399999999999999689e-01 3.256431282455921394e+00
8.499999999999999778e-01 3.256442787492275226e+00
8.599999999999999867e-01 3.256473108317852194e+00
8.699999999999999956e-01 3.256487007720470395e+00
8.800000000000000044e-01 3.256513551275729945e+00
8.900000000000000133e-01 3.256532514944076695e+00
9.000000000000000222e-01 3.256548177711963810e+00
9.100000000000000311e-01 3.256563518295287896e+00
9.200000000000000400e-01 3.256586058502197289e+00
9.300000000000000488e-01 3.256609664773940871e+00
9.400000000000000577e-01 3.256629381706714454e+00
9.500000000000000666e-01 3.256634748864173812e+00
9.599999999999999645e-01 3.256676077103614730e+00
9.699999999999999734e-01 3.256690081562995775e+00
9.799999999999999822e-01 3.256702766091823520e+00
9.899999999999999911e-01 3.256719463641643664e+00
1.000000000000000000e+00 3.256739737827778036e+00
1.010000000000000009e+00 3.256754377071857665e+00
1.020000000000000018e+00 3.256778190724849864e+00
1.030000000000000027e+00 3.256789119195937943e+00
1.040000000000000036e+00 3.256802227118015480e+00
1.050000000000000044e+00 3.256814567441940422e+00
1.060000000000000053e+00 3.256831724803447514e+00
1.070000000000000062e+00 3.256847393698692361e+00
1.080000000000000071e+00 3.256859132001399981e+00
1.090000000000000080e+00 3.256890723178386793e+00
1.100000000000000089e+00 3.256915174984932104e+00
1.110000000000000098e+00 3.256922573814391875e+00
1.120000000000000107e+00 3.256922112431526184e+00
1.130000000000000115e+00 3.256920743749141867e+00
1.140000000000000124e+00 3.256926403563022543e+00
1.150000000000000133e+00 3.256894550869464666e+00
1.159999999999999920e+00 3.256865678973198008e+00
1.169999999999999929e+00 3.256828267621993955e+00
1.179999999999999938e+00 3.256804742107391348e+00
1.189999999999999947e+00 3.256786215615272706e+00
1.199999999999999956e+00 3.256777154624462156e+00
1.209999999999999964e+00 3.256770957524776300e+00
1.219999999999999973e+00 3.256773818731308001e+00
1.229999999999999982e+00 3.256770803818702653e+00
1.239999999999999991e+00 3.256642098586559175e+00
1.250000000000000000e+00 3.256594803466796861e+00
1.260000000000000009e+00 3.256499819488525294e+00
1.270000000000000018e+00 3.256484776787758051e+00
1.280000000000000027e+00 3.256395320932865101e+00
1.290000000000000036e+00 3.256267753381729246e+00
1.300000000000000044e+00 3.256045583610534866e+00
1.310000000000000053e+00 3.255926069414615487e+00
1.320000000000000062e+00 3.255674821600913926e+00
1.330000000000000071e+00 3.255173605248927959e+00
1.340000000000000080e+00 3.253714361374378417e+00
1.350000000000000089e+00 3.249035955173969370e+00
1.360000000000000098e+00 3.246917249603271660e+00
1.370000000000000107e+00 3.246844717249870449e+00
1.380000000000000115e+00 3.246589578864574221e+00
1.390000000000000124e+00 3.247184869284629904e+00
1.400000000000000133e+00 3.253812046878338027e+00
1.409999999999999920e+00 3.257354563148021853e+00
1.419999999999999929e+00 3.258522830014228600e+00
1.429999999999999938e+00 3.259882704498767936e+00
1.439999999999999947e+00 3.260420529711246296e+00
1.449999999999999956e+00 3.260571605219841018e+00
1.459999999999999964e+00 3.260974032752514074e+00
1.469999999999999973e+00 3.261475743169784725e+00
1.479999999999999982e+00 3.261875312469005639e+00
1.489999999999999991e+00 3.262697884349822885e+00
1.500000000000000000e+00 3.263488953301906470e+00
1.510000000000000009e+00 3.264645884902477313e+00
1.520000000000000018e+00 3.265977599968910017e+00
1.530000000000000027e+00 3.267517132747173481e+00
1.540000000000000036e+00 3.269225210897922729e+00
1.550000000000000044e+00 3.271624307448863789e+00
1.560000000000000053e+00 3.274578235170841012e+00
1.570000000000000062e+00 3.278276279902458068e+00
1.580000000000000071e+00 3.283276759519576871e+00
1.590000000000000080e+00 3.288752493259906817e+00
1.600000000000000089e+00 3.296274732880592140e+00
1.610000000000000098e+00 3.304863357434272952e+00
1.620000000000000107e+00 3.315275842211246271e+00
1.630000000000000115e+00 3.326160088610649268e+00
1.640000000000000124e+00 3.337662221927642836e+00
1.650000000000000133e+00 3.349950964679718091e+00
1.660000000000000142e+00 3.362718041160106530e+00
1.669999999999999929e+00 3.375660997402667896e+00
1.679999999999999938e+00 3.388673424594402128e+00
1.689999999999999947e+00 3.400360255587100866e+00
1.699999999999999956e+00 3.411401137871742151e+00
1.709999999999999964e+00 3.421061078429222135e+00
1.719999999999999973e+00 3.429574514319896572e+00
1.729999999999999982e+00 3.436391971321105743e+00
1.739999999999999991e+00 3.441652607829570609e+00
1.750000000000000000e+00 3.445624713606834533e+00
1.760000000000000009e+00 3.448251283898353670e+00
1.770000000000000018e+00 3.450062077846526964e+00
1.780000000000000027e+00 3.451549700999259951e+00
1.790000000000000036e+00 3.452714173390865504e+00
1.800000000000000044e+00 3.453488539462089335e+00
1.810000000000000053e+00 3.453833877811431918e+00
1.820000000000000062e+00 3.454006383891105703e+00
1.830000000000000071e+00 3.454429753055572316e+00
1.840000000000000080e+00 3.454821221337318615e+00
1.850000000000000089e+00 3.454953504979610290e+00
1.860000000000000098e+00 3.455208120453357790e+00
1.870000000000000107e+00 3.455379530575275471e+00
1.880000000000000115e+00 3.455648896548748183e+00
1.890000000000000124e+00 3.455826875641346163e+00
1.900000000000000133e+00 3.456058249909877755e+00
1.910000000000000142e+00 3.456457354390621184e+00
1.919999999999999929e+00 3.456711336855888383e+00
1.929999999999999938e+00 3.457007381446361549e+00
1.939999999999999947e+00 3.457295758616924175e+00
1.949999999999999956e+00 3.457542649252414613e+00
1.959999999999999964e+00 3.457798643286228213e+00
1.969999999999999973e+00 3.458174249305725034e+00
1.979999999999999982e+00 3.458395484025478250e+00
1.989999999999999991e+00 3.458921670711040619e+00
2.000000000000000000e+00 3.459520655503272923e+00
2.010000000000000231e+00 3.459907122125625456e+00
2.020000000000000018e+00 3.460401145401001077e+00
2.030000000000000249e+00 3.460709391613006503e+00
2.040000000000000036e+00 3.461030405609607730e+00
2.049999999999999822e+00 3.461575893442630836e+00
2.060000000000000053e+00 3.461878385250568346e+00
2.069999999999999840e+00 3.462156885633468573e+00
2.080000000000000071e+00 3.462446797802448462e+00
2.089999999999999858e+00 3.462939640226364357e+00
2.100000000000000089e+00 3.463417507848739696e+00
2.109999999999999876e+00 3.464022464537620749e+00
2.120000000000000107e+00 3.464356193933487038e+00
2.129999999999999893e+00 3.464782672498226024e+00
2.140000000000000124e+00 3.465212602031230826e+00
2.149999999999999911e+00 3.465377609646320245e+00
2.160000000000000142e+00 3.465867901906967141e+00
2.169999999999999929e+00 3.466488620312214053e+00
2.180000000000000160e+00 3.466924154927730761e+00
2.189999999999999947e+00 3.467266496064663084e+00
2.200000000000000178e+00 3.467516575810909440e+00
2.209999999999999964e+00 3.468079501962661571e+00
2.220000000000000195e+00 3.468239898777008001e+00
2.229999999999999982e+00 3.468285443692207259e+00
2.240000000000000213e+00 3.468748952753543779e+00
2.250000000000000000e+00 3.468750228929519785e+00
2.260000000000000231e+00 3.469224310357570840e+00
2.270000000000000018e+00 3.469696592028141069e+00
2.280000000000000249e+00 3.469899690270423775e+00
2.290000000000000036e+00 3.469714801332950405e+00
2.300000000000000266e+00 3.470120228333473111e+00
2.310000000000000053e+00 3.470348382236957629e+00
2.319999999999999840e+00 3.470755475056171324e+00
2.330000000000000071e+00 3.470635513327121835e+00
2.339999999999999858e+00 3.470910113275051057e+00
2.350000000000000089e+00 3.470979756603240762e+00
2.359999999999999876e+00 3.470794863848686074e+00
2.370000000000000107e+00 3.470594287803173028e+00
2.379999999999999893e+00 3.470656165750026556e+00
2.390000000000000124e+00 3.470795461740493693e+00
2.399999999999999911e+00 3.470727082736491997e+00
2.410000000000000142e+00 3.470703677217960248e+00
2.419999999999999929e+00 3.470601256873607543e+00
2.430000000000000160e+00 3.470523032207489145e+00
2.439999999999999947e+00 3.470493893842697020e+00
2.450000000000000178e+00 3.470492773995399460e+00
2.459999999999999964e+00 3.470486591358184825e+00
2.470000000000000195e+00 3.470483474488258224e+00
2.479999999999999982e+00 3.470479519386291400e+00
2.490000000000000213e+00 3.470478362250327908e+00
2.500000000000000000e+00 3.470475118675231840e+00
2.510000000000000231e+00 3.470458627624511738e+00
2.520000000000000018e+00 3.470458450181484356e+00
2.530000000000000249e+00 3.470458450181484356e+00
2.540000000000000036e+00 3.470458305609226191e+00
2.550000000000000266e+00 3.470457283339500432e+00
2.560000000000000053e+00 3.470453013215065052e+00
2.569999999999999840e+00 3.470450269522666886e+00
2.580000000000000071e+00 3.470440942473411727e+00
2.589999999999999858e+00 3.470437781736850802e+00
2.600000000000000089e+00 3.470418195669651151e+00
2.609999999999999876e+00 3.470416389145851266e+00
2.620000000000000107e+00 3.470416641066074170e+00
2.629999999999999893e+00 3.470415664579868498e+00
2.640000000000000124e+00 3.470391272571086816e+00
2.649999999999999911e+00 3.470388539648055826e+00
2.660000000000000142e+00 3.470178658280372641e+00
2.669999999999999929e+00 3.470178658280372641e+00
2.680000000000000160e+00 3.470173390126228163e+00
2.689999999999999947e+00 3.470155605347156502e+00
2.700000000000000178e+00 3.470069754407405949e+00
2.709999999999999964e+00 3.470062855660915435e+00
2.720000000000000195e+00 3.470002158665657088e+00
2.729999999999999982e+00 3.469972188918590383e+00
2.740000000000000213e+00 3.469928349535465362e+00
2.750000000000000000e+00 3.469796531810760420e+00
2.760000000000000231e+00 3.469551178388595503e+00
2.770000000000000018e+00 3.469425173983573973e+00
2.780000000000000249e+00 3.468884994955062862e+00
2.790000000000000036e+00 3.468590740549564178e+00
2.800000000000000266e+00 3.468059107880592240e+00
2.810000000000000053e+00 3.467918878061771348e+00
2.819999999999999840e+00 3.467541938805580148e+00
2.830000000000000071e+00 3.466995373609066178e+00
2.839999999999999858e+00 3.466650403804778957e+00
2.850000000000000089e+00 3.466253164427280264e+00
2.859999999999999876e+00 3.465841563105583223e+00
2.870000000000000107e+00 3.465584923086166391e+00
2.879999999999999893e+00 3.465227515299320160e+00
2.890000000000000124e+00 3.464757422294616696e+00
2.899999999999999911e+00 3.464444623048305694e+00
2.910000000000000142e+00 3.464225050754547119e+00
2.919999999999999929e+00 3.464038131599426418e+00
2.930000000000000160e+00 3.463816577417850429e+00
2.939999999999999947e+00 3.463623139801025541e+00
2.950000000000000178e+00 3.463289572784900461e+00
2.959999999999999964e+00 3.463091144475936911e+00
2.970000000000000195e+00 3.462886519646644512e+00
2.979999999999999982e+00 3.462504740943908477e+00
2.990000000000000213e+00 3.462307343380451208e+00
3.000000000000000000e+00 3.461938220076560935e+00
