0.000000000000000000e+00 1.896830439298066717e-01
1.000000000000000021e-02 7.098399037903677655e-01
2.000000000000000042e-02 7.140029768701571244e-01
2.999999999999999889e-02 7.141200002764617194e-01
4.000000000000000083e-02 7.196192444640804320e-01
5.000000000000000278e-02 3.213028784843087848e+00
5.999999999999999778e-02 3.300985759579685208e+00
7.000000000000000666e-02 3.300981960906891555e+00
8.000000000000000167e-02 3.300973674568625338e+00
8.999999999999999667e-02 3.301100130163123758e+00
1.000000000000000056e-01 3.301102418669531691e+00
1.100000000000000006e-01 3.301125500603995011e+00
1.199999999999999956e-01 3.301037608325080530e+00
1.300000000000000044e-01 3.300953805425160148e+00
1.400000000000000133e-01 3.300794812093432729e+00
1.499999999999999944e-01 3.300610608708652638e+00
1.600000000000000033e-01 3.300444057156425970e+00
1.700000000000000122e-01 3.300483828000294828e+00
1.799999999999999933e-01 3.300505702182288115e+00
1.900000000000000022e-01 3.300776328629171363e+00
2.000000000000000111e-01 3.301007738825835425e+00
2.099999999999999922e-01 3.301539781294696496e+00
2.200000000000000011e-01 3.301624346088031459e+00
2.300000000000000100e-01 3.301849029729293061e+00
2.399999999999999911e-01 3.301793674033292714e+00
2.500000000000000000e-01 3.301734386178904579e+00
2.600000000000000089e-01 3.301758032025013279e+00
2.700000000000000178e-01 3.301683512102531193e+00
2.800000000000000266e-01 3.301637615479061427e+00
2.899999999999999800e-01 3.301681757023350539e+00
2.999999999999999889e-01 3.301696013387354522e+00
3.099999999999999978e-01 3.301664406595878010e+00
3.200000000000000067e-01 3.301785841042822245e+00
3.300000000000000155e-01 3.302083727947785707e+00
3.400000000000000244e-01 3.302289385708685909e+00
3.500000000000000333e-01 3.302394040923436691e+00
3.599999999999999867e-01 3.302400817794107546e+00
3.699999999999999956e-01 3.302479988922783605e+00
3.800000000000000044e-01 3.302661186234403079e+00
3.900000000000000133e-01 3.302644191495835546e+00
4.000000000000000222e-01 3.302625966276234060e+00
4.100000000000000311e-01 3.302594221243575046e+00
4.199999999999999845e-01 3.302575686591153747e+00
4.299999999999999933e-01 3.302541001348084926e+00
4.400000000000000022e-01 3.302529314535260774e+00
4.500000000000000111e-01 3.302516455813364615e+00
4.600000000000000200e-01 3.302505268735594246e+00
4.700000000000000289e-01 3.302491946847067261e+00
4.799999999999999822e-01 3.302469400848797587e+00
4.899999999999999911e-01 3.302459084401419886e+00
5.000000000000000000e-01 3.302436533079943892e+00
5.100000000000000089e-01 3.302417516651135365e+00
5.200000000000000178e-01 3.302390694033912499e+00
5.300000000000000266e-01 3.302376414814942596e+00
5.400000000000000355e-01 3.302356152176360915e+00
5.500000000000000444e-01 3.302316379257586476e+00
5.600000000000000533e-01 3.302283242111131223e+00
5.700000000000000622e-01 3.302247395688875375e+00
5.799999999999999600e-01 3.302219604918311013e+00
5.899999999999999689e-01 3.302175960581029468e+00
5.999999999999999778e-01 3.302149806159730971e+00
6.099999999999999867e-01 3.302088804387996568e+00
6.199999999999999956e-01 3.302013521384395300e+00
6.300000000000000044e-01 3.301968276228817611e+00
6.400000000000000133e-01 3.301912540216929148e+00
6.500000000000000222e-01 3.301884405066887851e+00
6.600000000000000311e-01 3.301794791222095515e+00
6.700000000000000400e-01 3.301692187812336865e+00
6.800000000000000488e-01 3.301583943020423462e+00
6.900000000000000577e-01 3.301484472303151563e+00
7.000000000000000666e-01 3.301324658005208690e+00
7.099999999999999645e-01 3.301222861991305546e+00
7.199999999999999734e-01 3.301001490936847027e+00
7.299999999999999822e-01 3.300724985621745766e+00
7.399999999999999911e-01 3.300602825005537699e+00
7.500000000000000000e-01 3.300403180285315319e+00
7.600000000000000089e-01 3.300294876372901864e+00
7.700000000000000178e-01 3.299961937937251122e+00
7.800000000000000266e-01 3.299803994099935078e+00
7.900000000000000355e-01 3.299704840220749613e+00
8.000000000000000444e-01 3.299573883862638723e+00
8.100000000000000533e-01 3.299458959627605381e+00
8.200000000000000622e-01 3.299357845453919857e+00
8.300000000000000711e-01 3.299311263300717112e+00
8.399999999999999689e-01 3.299211828941992053e+00
8.499999999999999778e-01 3.299127868652133699e+00
8.599999999999999867e-01 3.299065712846519727e+00
8.699999999999999956e-01 3.299013337156187831e+00
8.800000000000000044e-01 3.298955362938849944e+00
8.900000000000000133e-01 3.298904613037230149e+00
9.000000000000000222e-01 3.298830584533483989e+00
9.100000000000000311e-01 3.298782559369288769e+00
9.200000000000000400e-01 3.298700212294691347e+00
9.300000000000000488e-01 3.298620791206668290e+00
9.400000000000000577e-01 3.298517685288160362e+00
9.500000000000000666e-01 3.298435509564991985e+00
9.599999999999999645e-01 3.298317285483552741e+00
9.699999999999999734e-01 3.298219341753711120e+00
9.799999999999999822e-01 3.298104906767110656e+00
9.899999999999999911e-01 3.297988337768711808e+00
1.000000000000000000e+00 3.297853385137630156e+00
1.010000000000000009e+00 3.297765912337851102e+00
1.020000000000000018e+00 3.297676580062519847e+00
1.030000000000000027e+00 3.297528336757123757e+00
1.040000000000000036e+00 3.297385548955728662e+00
1.050000000000000044e+00 3.297249077202778267e+00
1.060000000000000053e+00 3.297080408319086775e+00
1.070000000000000062e+00 3.296931548380363175e+00
1.080000000000000071e+00 3.296793113461434555e+00
1.090000000000000080e+00 3.296637421433316728e+00
1.100000000000000089e+00 3.296435257937477825e+00
1.110000000000000098e+00 3.296291621339897393e+00
1.120000000000000107e+00 3.296192486685785461e+00
1.130000000000000115e+00 3.296006486399359225e+00
1.140000000000000124e+00 3.295799279463848208e+00
1.150000000000000133e+00 3.295680094245587721e+00
1.159999999999999920e+00 3.295516513505051481e+00
1.169999999999999929e+00 3.295351067722492644e+00
1.179999999999999938e+00 3.295216873235685906e+00
1.189999999999999947e+00 3.295106362806640377e+00
1.199999999999999956e+00 3.294985542755941132e+00
1.209999999999999964e+00 3.294846628884404272e+00
1.219999999999999973e+00 3.294678716287112064e+00
1.229999999999999982e+00 3.294535011131788593e+00
1.239999999999999991e+00 3.294382338797275267e+00
1.250000000000000000e+00 3.294209698157888333e+00
1.260000000000000009e+00 3.294110547701104341e+00
1.270000000000000018e+00 3.293981860674412232e+00
1.280000000000000027e+00 3.293883455103971514e+00
1.290000000000000036e+00 3.293792461473184829e+00
1.300000000000000044e+00 3.293725258826961433e+00
1.310000000000000053e+00 3.293605900423246080e+00
1.320000000000000062e+00 3.293471288901876459e+00
1.330000000000000071e+00 3.293401950166564340e+00
1.340000000000000080e+00 3.293302764827516604e+00
1.350000000000000089e+00 3.293183800598627808e+00
1.360000000000000098e+00 3.293126485392775749e+00
1.370000000000000107e+00 3.293054808465413430e+00
1.380000000000000115e+00 3.293013379891211123e+00
1.390000000000000124e+00 3.292944651221076491e+00
1.400000000000000133e+00 3.292884786380752882e+00
1.409999999999999920e+00 3.292804772599520202e+00
1.419999999999999929e+00 3.292739501375604672e+00
1.429999999999999938e+00 3.292529703815504583e+00
1.439999999999999947e+00 3.292385448617014099e+00
1.449999999999999956e+00 3.292043939893456894e+00
1.459999999999999964e+00 3.291499037860812660e+00
1.469999999999999973e+00 3.291101292455413940e+00
1.479999999999999982e+00 3.290391416960275262e+00
1.489999999999999991e+00 3.289691452547506945e+00
1.500000000000000000e+00 3.288802836037857613e+00
1.510000000000000009e+00 3.287935140252914668e+00
1.520000000000000018e+00 3.287242084259832886e+00
1.530000000000000027e+00 3.286457197635736183e+00
1.540000000000000036e+00 3.286349584015799241e+00
1.550000000000000044e+00 3.286034756174332383e+00
1.560000000000000053e+00 3.285973689481902049e+00
1.570000000000000062e+00 3.285852673560113679e+00
1.580000000000000071e+00 3.285702613834649455e+00
1.590000000000000080e+00 3.285279641972518316e+00
1.600000000000000089e+00 3.284798406057355624e+00
1.610000000000000098e+00 3.284801606761432513e+00
1.620000000000000107e+00 3.284827566759305650e+00
1.630000000000000115e+00 3.284915521383171111e+00
1.640000000000000124e+00 3.284975554681980547e+00
1.650000000000000133e+00 3.285213635275653132e+00
1.660000000000000142e+00 3.285929006003272868e+00
1.669999999999999929e+00 3.286870479748301932e+00
1.679999999999999938e+00 3.287851786007210286e+00
1.689999999999999947e+00 3.289003846115133189e+00
1.699999999999999956e+00 3.290119954023543514e+00
1.709999999999999964e+00 3.291022210118388358e+00
1.719999999999999973e+00 3.291961402616793819e+00
1.729999999999999982e+00 3.292938135633490582e+00
1.739999999999999991e+00 3.293408465823313591e+00
1.750000000000000000e+00 3.294196561355711594e+00
1.760000000000000009e+00 3.294910299786093510e+00
1.770000000000000018e+00 3.295762235513397975e+00
1.780000000000000027e+00 3.296498147253228428e+00
1.790000000000000036e+00 3.297576957240357487e+00
1.800000000000000044e+00 3.298593056072193441e+00
1.810000000000000053e+00 3.299587594583706984e+00
1.820000000000000062e+00 3.300757994403091811e+00
1.830000000000000071e+00 3.302550670758805484e+00
1.840000000000000080e+00 3.303622516041452073e+00
1.850000000000000089e+00 3.304687715391896763e+00
1.860000000000000098e+00 3.306136303010102306e+00
1.870000000000000107e+00 3.308321235713366448e+00
1.880000000000000115e+00 3.311223953645127782e+00
1.890000000000000124e+00 3.314854789971255933e+00
1.900000000000000133e+00 3.318903932748565211e+00
1.910000000000000142e+00 3.322160607137062627e+00
1.919999999999999929e+00 3.325172805934476727e+00
1.929999999999999938e+00 3.329382483777083124e+00
1.939999999999999947e+00 3.334160120401736371e+00
1.949999999999999956e+00 3.339902426131670765e+00
1.959999999999999964e+00 3.347386104039246746e+00
1.969999999999999973e+00 3.355381525261148745e+00
1.979999999999999982e+00 3.366105347223074418e+00
1.989999999999999991e+00 3.380430540842661369e+00
2.000000000000000000e+00 3.397649156068011767e+00
2.010000000000000231e+00 3.419659824490966837e+00
2.020000000000000018e+00 3.444354494952533319e+00
2.030000000000000249e+00 3.470732228250914098e+00
2.040000000000000036e+00 3.501453639006912422e+00
2.049999999999999822e+00 3.533591719079529181e+00
2.060000000000000053e+00 3.564818974190824274e+00
2.069999999999999840e+00 3.595998051985334953e+00
2.080000000000000071e+00 3.627228228959628265e+00
2.089999999999999858e+00 3.653691551012491434e+00
2.100000000000000089e+00 3.677012205395785660e+00
2.109999999999999876e+00 3.696353496032052544e+00
2.120000000000000107e+00 3.711977356331716216e+00
2.129999999999999893e+00 3.724293543827194242e+00
2.140000000000000124e+00 3.733991789427632213e+00
2.149999999999999911e+00 3.741216663648010865e+00
2.160000000000000142e+00 3.745674590180686270e+00
2.169999999999999929e+00 3.748220595603906524e+00
2.180000000000000160e+00 3.749962290460374881e+00
2.189999999999999947e+00 3.751223276334691992e+00
2.200000000000000178e+00 3.752333216450240538e+00
2.209999999999999964e+00 3.753009688116314191e+00
2.220000000000000195e+00 3.754013622780634662e+00
2.229999999999999982e+00 3.754296122071131503e+00
2.240000000000000213e+00 3.754689668077455522e+00
2.250000000000000000e+00 3.754853116286377190e+00
2.260000000000000231e+00 3.754847356350794474e+00
2.270000000000000018e+00 3.754973172211349297e+00
2.280000000000000249e+00 3.754884184623153764e+00
2.290000000000000036e+00 3.754768197158787846e+00
2.300000000000000266e+00 3.754719128507868042e+00
2.310000000000000053e+00 3.754630567477336367e+00
2.319999999999999840e+00 3.754556619456078437e+00
2.330000000000000071e+00 3.754449011567174033e+00
2.339999999999999858e+00 3.754347667279301692e+00
2.350000000000000089e+00 3.754267869917878642e+00
2.359999999999999876e+00 3.754207952081603850e+00
2.370000000000000107e+00 3.754146002714787933e+00
2.379999999999999893e+00 3.754063862818322939e+00
2.390000000000000124e+00 3.753982902877748273e+00
2.399999999999999911e+00 3.753885451456229205e+00
2.410000000000000142e+00 3.753783033550186499e+00
2.419999999999999929e+00 3.753716839942484729e+00
2.430000000000000160e+00 3.753659498552277984e+00
2.439999999999999947e+00 3.753593698122494438e+00
2.450000000000000178e+00 3.753526495688531472e+00
2.459999999999999964e+00 3.753458797526229684e+00
2.470000000000000195e+00 3.753418646108898304e+00
2.479999999999999982e+00 3.753377456201309581e+00
2.490000000000000213e+00 3.753314010410184309e+00
2.500000000000000000e+00 3.753253772506602637e+00
2.510000000000000231e+00 3.753231959484240932e+00
2.520000000000000018e+00 3.753189219383668451e+00
2.530000000000000249e+00 3.753156691849250937e+00
2.540000000000000036e+00 3.753137835300266456e+00
2.550000000000000266e+00 3.753100431568338724e+00
2.560000000000000053e+00 3.753058730945391996e+00
2.569999999999999840e+00 3.753006117320625279e+00
2.580000000000000071e+00 3.752969523858417311e+00
2.589999999999999858e+00 3.752936989231161480e+00
2.600000000000000089e+00 3.752892761044061221e+00
2.609999999999999876e+00 3.752847441144182561e+00
2.620000000000000107e+00 3.752812522748501856e+00
2.629999999999999893e+00 3.752769385837734006e+00
2.640000000000000124e+00 3.752723037690954389e+00
2.649999999999999911e+00 3.752681120221291966e+00
2.660000000000000142e+00 3.752659203987878556e+00
2.669999999999999929e+00 3.752622534469647775e+00
2.680000000000000160e+00 3.752590861948977174e+00
2.689999999999999947e+00 3.752573710023193065e+00
2.700000000000000178e+00 3.752538275870371809e+00
2.709999999999999964e+00 3.752530670497046472e+00
2.720000000000000195e+00 3.752507740586385587e+00
2.729999999999999982e+00 3.752482215879859417e+00
2.740000000000000213e+00 3.752475836234365314e+00
2.750000000000000000e+00 3.752469272189386196e+00
2.760000000000000231e+00 3.752454878733745058e+00
2.770000000000000018e+00 3.752435366164001085e+00
2.780000000000000249e+00 3.752412432458886116e+00
2.790000000000000036e+00 3.752397301288443288e+00
2.800000000000000266e+00 3.752380816635607630e+00
2.810000000000000053e+00 3.752372363083799289e+00
2.819999999999999840e+00 3.752356931016268771e+00
2.830000000000000071e+00 3.752342768366449643e+00
2.839999999999999858e+00 3.752331057088819311e+00
2.850000000000000089e+00 3.752319893371623749e+00
2.859999999999999876e+00 3.752301718875116876e+00
2.870000000000000107e+00 3.752289630315253532e+00
2.879999999999999893e+00 3.752277015709579278e+00
2.890000000000000124e+00 3.752266283785010703e+00
2.899999999999999911e+00 3.752251909506744365e+00
2.910000000000000142e+00 3.752251909506744365e+00
2.919999999999999929e+00 3.752245562892793540e+00
2.930000000000000160e+00 3.752244448003081434e+00
2.939999999999999947e+00 3.752218989827091900e+00
2.950000000000000178e+00 3.752209146319865685e+00
2.959999999999999964e+00 3.752196572969038968e+00
2.970000000000000195e+00 3.752179505754257516e+00
2.979999999999999982e+00 3.752161915217277155e+00
2.990000000000000213e+00 3.752151701368019676e+00
3.000000000000000000e+00 3.752141026877792385e+00
