0.000000000000000000e+00 9.744018258603586169e-01 1.197729136529348981e+00
1.000000000000000021e-02 9.734771219470566006e-01 1.197283236975424936e+00
2.000000000000000042e-02 2.041504830480322052e+00 3.340169767631783859e+00
2.999999999999999889e-02 2.971673497660499486e+00 2.996844772474426044e+00
4.000000000000000083e-02 2.971702617436229765e+00 2.996789548811138459e+00
5.000000000000000278e-02 2.971742015277379689e+00 2.996716398228174594e+00
5.999999999999999778e-02 2.971766869047560711e+00 2.996670548593125538e+00
7.000000000000000666e-02 2.971771172034041619e+00 2.996662505892022210e+00
8.000000000000000167e-02 2.971780782287532841e+00 2.996653712250774593e+00
8.999999999999999667e-02 2.971794889328014833e+00 2.996624582384098012e+00
1.000000000000000056e-01 2.971809836369875502e+00 2.996591588443395349e+00
1.100000000000000006e-01 2.971832104597472934e+00 2.996545887164688615e+00
1.199999999999999956e-01 2.971900927224036870e+00 2.996415218834999727e+00
1.300000000000000044e-01 2.971934671616862644e+00 2.996359872841527050e+00
1.400000000000000133e-01 2.972046677971464934e+00 2.996153435725587233e+00
1.499999999999999944e-01 2.972103550749035872e+00 2.996046815705088573e+00
1.600000000000000033e-01 2.972179019918688603e+00 2.995897738394490695e+00
1.700000000000000122e-01 2.972312195493958864e+00 2.995706250765539647e+00
1.799999999999999933e-01 2.972445651859156435e+00 2.995513757196553328e+00
1.900000000000000022e-01 2.972534621240408903e+00 2.995386157863824117e+00
2.000000000000000111e-01 2.972678311444543198e+00 2.995213037437178372e+00
2.099999999999999922e-01 2.972761489872881135e+00 2.995097855410627119e+00
2.200000000000000011e-01 2.972837733557966988e+00 2.994964996530267154e+00
2.300000000000000100e-01 2.972992196695314782e+00 2.994735364234937691e+00
2.399999999999999911e-01 2.973147734047291380e+00 2.994529244559886116e+00
2.500000000000000000e-01 2.973258487457245636e+00 2.994388972359686818e+00
2.600000000000000089e-01 2.973371500209255558e+00 2.994295984922962006e+00
2.700000000000000178e-01 2.973462314535121553e+00 2.994194577006359825e+00
2.800000000000000266e-01 2.973559403178622773e+00 2.994120390718052249e+00
2.899999999999999800e-01 2.973639405967139382e+00 2.994038262079811830e+00
2.999999999999999889e-01 2.973640920671452914e+00 2.993993771120081693e+00
3.099999999999999978e-01 2.973659942730898731e+00 2.993979488788609533e+00
3.200000000000000067e-01 2.973632363908851328e+00 2.993942728397285702e+00
3.300000000000000155e-01 2.973597156916814477e+00 2.993903397635263808e+00
3.400000000000000244e-01 2.973586553003639832e+00 2.993899663827567448e+00
3.500000000000000333e-01 2.973524283613785180e+00 2.993886117844954953e+00
3.599999999999999867e-01 2.973481429425345102e+00 2.993885376862420511e+00
3.699999999999999956e-01 2.973368795308390489e+00 2.993873843737325124e+00
3.800000000000000044e-01 2.973030940392017207e+00 2.993889250977039396e+00
3.900000000000000133e-01 2.972958023047007625e+00 2.993905008864842454e+00
4.000000000000000222e-01 2.972940379963578739e+00 2.993917922233877871e+00
4.100000000000000311e-01 2.972942539702312370e+00 2.993939901846988771e+00
4.199999999999999845e-01 2.972935037007996328e+00 2.993946345357230143e+00
4.299999999999999933e-01 2.972927793648849182e+00 2.993970506102432871e+00
4.400000000000000022e-01 2.972917583496608174e+00 2.993996052248440343e+00
4.500000000000000111e-01 2.972899977762863077e+00 2.994053476044967521e+00
4.600000000000000200e-01 2.972866853619326566e+00 2.994159179305325491e+00
4.700000000000000289e-01 2.972827888779697947e+00 2.994296709909380905e+00
4.799999999999999822e-01 2.972760844209068498e+00 2.994535300481445450e+00
4.899999999999999911e-01 2.972650360275750803e+00 2.994894629972928879e+00
5.000000000000000000e-01 2.972573170783381791e+00 2.995140456721920863e+00
5.100000000000000089e-01 2.972445310303848842e+00 2.995516217048484364e+00
5.200000000000000178e-01 2.972338128179687899e+00 2.995839198270659587e+00
5.300000000000000266e-01 2.972221108566135417e+00 2.996160213946490902e+00
5.400000000000000355e-01 2.972085229050220878e+00 2.996553516400752404e+00
5.500000000000000444e-01 2.971990226789506195e+00 2.996854261239973560e+00
5.600000000000000533e-01 2.971739015362884206e+00 2.997518473245476489e+00
5.700000000000000622e-01 2.971507064415358723e+00 2.998165576070404459e+00
5.799999999999999600e-01 2.971270889456040454e+00 2.998803412087195586e+00
5.899999999999999689e-01 2.970995398048717373e+00 2.999560714913051651e+00
5.999999999999999778e-01 2.970594964952992800e+00 3.000639079651308716e+00
6.099999999999999867e-01 2.970335269182479809e+00 3.001379456607544238e+00
6.199999999999999956e-01 2.970174526107681068e+00 3.001786432869064214e+00
6.300000000000000044e-01 2.970032639996240231e+00 3.002137533834746019e+00
6.400000000000000133e-01 2.969813993408548569e+00 3.002467569978368722e+00
6.500000000000000222e-01 2.969377814245744762e+00 3.003069658483938031e+00
6.600000000000000311e-01 2.969119574430275854e+00 3.003460508768271531e+00
6.700000000000000400e-01 2.968463977836579559e+00 3.004370922294645752e+00
6.800000000000000488e-01 2.967751718959983354e+00 3.005415949549500088e+00
6.900000000000000577e-01 2.966292298721576515e+00 3.006628486352657781e+00
7.000000000000000666e-01 2.963802003498372528e+00 3.008795472411814664e+00
7.099999999999999645e-01 2.959469147690469537e+00 3.011952363878553474e+00
7.199999999999999734e-01 2.956391509689852537e+00 3.014626624150708256e+00
7.299999999999999822e-01 2.951820171977992846e+00 3.018303303130153825e+00
7.399999999999999911e-01 2.948135031511448734e+00 3.021595218527652005e+00
7.500000000000000000e-01 2.946663736209596429e+00 3.023165298991476568e+00
7.600000000000000089e-01 2.945995478822881708e+00 3.024488996775453131e+00
7.700000000000000178e-01 2.943103266854646627e+00 3.027141055731412678e+00
7.800000000000000266e-01 2.939104800129332506e+00 3.032312862224183281e+00
7.900000000000000355e-01 2.943420709208689257e+00 3.037442521196164424e+00
8.000000000000000444e-01 2.921844175584258796e+00 3.066473560068665005e+00
8.100000000000000533e-01 2.926697144275732132e+00 3.072652447132043552e+00
8.200000000000000622e-01 2.940711172770327231e+00 3.079839384785825196e+00
8.300000000000000711e-01 2.940289069685057211e+00 3.107832047563478195e+00
8.399999999999999689e-01 2.944609837466506619e+00 3.148114993241996729e+00
8.499999999999999778e-01 2.960177294202238407e+00 3.197491648764223093e+00
8.599999999999999867e-01 2.992697583625676838e+00 3.237689610869523893e+00
8.699999999999999956e-01 3.028494674926211161e+00 3.260209055080006912e+00
8.800000000000000044e-01 3.064295361467173962e+00 3.274117613786884817e+00
8.900000000000000133e-01 3.090227285307441285e+00 3.288952877656425855e+00
9.000000000000000222e-01 3.106859625238194589e+00 3.299866765953288095e+00
9.100000000000000311e-01 3.120624384990855482e+00 3.304566963499859789e+00
9.200000000000000400e-01 3.128249774879301448e+00 3.304589971018945249e+00
9.300000000000000488e-01 3.132868185244305437e+00 3.302238918346660057e+00
9.400000000000000577e-01 3.137898811603990534e+00 3.297838627136739920e+00
9.500000000000000666e-01 3.142638646023221405e+00 3.294241953847460103e+00
9.599999999999999645e-01 3.151273597555187767e+00 3.282665089054080720e+00
9.699999999999999734e-01 3.157600404514728343e+00 3.272345501003803836e+00
9.799999999999999822e-01 3.167201856317938269e+00 3.257926540665208481e+00
9.899999999999999911e-01 3.173646673163543763e+00 3.250241971231330407e+00
1.000000000000000000e+00 3.177101776760992369e+00 3.246194409843507156e+00
1.010000000000000009e+00 3.177487638547297433e+00 3.245703832328442839e+00
1.020000000000000018e+00 3.178393581901460152e+00 3.245161044124693639e+00
1.030000000000000027e+00 3.178981683043689443e+00 3.244740979343204934e+00
1.040000000000000036e+00 3.180107368554149438e+00 3.244083578906979071e+00
1.050000000000000044e+00 3.181189828050290824e+00 3.243373660333002118e+00
1.060000000000000053e+00 3.181681823394018060e+00 3.243159262616915228e+00
1.070000000000000062e+00 3.182288873543570595e+00 3.242910359058548408e+00
1.080000000000000071e+00 3.183168519027193444e+00 3.242479055397550436e+00
1.090000000000000080e+00 3.184379524849209275e+00 3.241890227529254709e+00
1.100000000000000089e+00 3.185771221283353771e+00 3.241333642946802041e+00
1.110000000000000098e+00 3.187604955097238069e+00 3.240634708379706019e+00
1.120000000000000107e+00 3.188897276399874414e+00 3.240095436484074831e+00
1.130000000000000115e+00 3.189472721357800467e+00 3.239829442748568766e+00
1.140000000000000124e+00 3.190224878160418776e+00 3.239389939368305882e+00
1.150000000000000133e+00 3.190887312291722289e+00 3.239182743855852920e+00
1.159999999999999920e+00 3.191948797758026313e+00 3.238875673043327463e+00
1.169999999999999929e+00 3.192930469484623668e+00 3.238676363911334288e+00
1.179999999999999938e+00 3.194107341131112054e+00 3.238318025246718523e+00
1.189999999999999947e+00 3.195647333941679769e+00 3.237925999326486171e+00
1.199999999999999956e+00 3.196672066965529524e+00 3.237655880121758756e+00
1.209999999999999964e+00 3.198022421513574187e+00 3.237178557223303166e+00
1.219999999999999973e+00 3.198829990290512626e+00 3.236843912483344354e+00
1.229999999999999982e+00 3.199443916785486675e+00 3.236644422762624540e+00
1.239999999999999991e+00 3.200220343568980663e+00 3.236277431017696937e+00
1.250000000000000000e+00 3.200803477767997229e+00 3.236031859517998654e+00
1.260000000000000009e+00 3.201053624109202467e+00 3.235941178184575051e+00
1.270000000000000018e+00 3.201374655647052592e+00 3.235882383737789247e+00
1.280000000000000027e+00 3.201517282651082041e+00 3.235845588204249168e+00
1.290000000000000036e+00 3.201577188721144829e+00 3.235825733418023376e+00
1.300000000000000044e+00 3.201769649676417639e+00 3.235715045576954996e+00
1.310000000000000053e+00 3.201971877307312031e+00 3.235505081730468913e+00
1.320000000000000062e+00 3.202201671605511279e+00 3.235337079829768925e+00
1.330000000000000071e+00 3.202471197960209626e+00 3.235258248222041555e+00
1.340000000000000080e+00 3.202686500023842697e+00 3.235196681009291808e+00
1.350000000000000089e+00 3.203012687405452308e+00 3.235148319083347435e+00
1.360000000000000098e+00 3.203173298644518496e+00 3.235075296879315943e+00
1.370000000000000107e+00 3.203323727516395270e+00 3.234947713480728293e+00
1.380000000000000115e+00 3.203405322512397291e+00 3.234936305905571352e+00
1.390000000000000124e+00 3.203436955284066023e+00 3.234830912056975372e+00
1.400000000000000133e+00 3.203440250775280607e+00 3.234770115516719446e+00
1.409999999999999920e+00 3.203478403662573637e+00 3.234700293332207988e+00
1.419999999999999929e+00 3.203544942293090614e+00 3.234667729215698451e+00
1.429999999999999938e+00 3.203576727451867612e+00 3.234620697522573529e+00
1.439999999999999947e+00 3.203571097224827025e+00 3.234552877546672978e+00
1.449999999999999956e+00 3.203552495979188564e+00 3.234472460294844254e+00
1.459999999999999964e+00 3.203526964479948891e+00 3.234434240120385606e+00
1.469999999999999973e+00 3.203502424223930944e+00 3.234398024451224707e+00
1.479999999999999982e+00 3.203478202296403232e+00 3.234360819443556245e+00
1.489999999999999991e+00 3.203462821665266080e+00 3.234345986632844561e+00
1.500000000000000000e+00 3.203448416716784042e+00 3.234330180866986648e+00
1.510000000000000009e+00 3.203437914348986393e+00 3.234322456287000325e+00
1.520000000000000018e+00 3.203421570870804924e+00 3.234308977515768735e+00
1.530000000000000027e+00 3.203393429134232750e+00 3.234280663077490292e+00
1.540000000000000036e+00 3.203375866985162190e+00 3.234265359196821343e+00
1.550000000000000044e+00 3.203366074588931411e+00 3.234258741838299755e+00
1.560000000000000053e+00 3.203347564639071887e+00 3.234245054002781838e+00
1.570000000000000062e+00 3.203334299560421261e+00 3.234230225810176496e+00
1.580000000000000071e+00 3.203331572573715036e+00 3.234229039079613344e+00
1.590000000000000080e+00 3.203323064282721511e+00 3.234222699271851909e+00
1.600000000000000089e+00 3.203331808029728389e+00 3.234225496228618102e+00
1.610000000000000098e+00 3.203315404604922811e+00 3.234214168478001028e+00
1.620000000000000107e+00 3.203301414688829230e+00 3.234205949655768020e+00
1.630000000000000115e+00 3.203299395845297770e+00 3.234206061937447974e+00
1.640000000000000124e+00 3.203302487604596571e+00 3.234212460162661174e+00
1.650000000000000133e+00 3.203294011463073687e+00 3.234225910693259820e+00
1.660000000000000142e+00 3.203272223414431075e+00 3.234216432553281173e+00
1.669999999999999929e+00 3.203255280305926433e+00 3.234215322869236964e+00
1.679999999999999938e+00 3.203232850466928294e+00 3.234210160478391938e+00
1.689999999999999947e+00 3.203208388185338151e+00 3.234208267455263908e+00
1.699999999999999956e+00 3.203188554019863687e+00 3.234202580123011650e+00
1.709999999999999964e+00 3.203169497947090605e+00 3.234211687226897780e+00
1.719999999999999973e+00 3.203139335660816656e+00 3.234221742944835221e+00
1.729999999999999982e+00 3.203117970117018931e+00 3.234228086191726970e+00
1.739999999999999991e+00 3.203082720085412838e+00 3.234261023853987282e+00
1.750000000000000000e+00 3.203050658588705080e+00 3.234267072210016192e+00
1.760000000000000009e+00 3.203028757798520143e+00 3.234285418141039425e+00
1.770000000000000018e+00 3.203000637915415449e+00 3.234314114796834172e+00
1.780000000000000027e+00 3.202976414877721112e+00 3.234358056276492199e+00
1.790000000000000036e+00 3.202966548304443162e+00 3.234381286168213077e+00
1.800000000000000044e+00 3.202948286096360953e+00 3.234426907785627137e+00
1.810000000000000053e+00 3.202931019049350070e+00 3.234437837848004094e+00
1.820000000000000062e+00 3.202910412702153486e+00 3.234441729741503124e+00
1.830000000000000071e+00 3.202902889677294862e+00 3.234474155229321024e+00
1.840000000000000080e+00 3.202898516832233700e+00 3.234490787953494983e+00
1.850000000000000089e+00 3.202887064495890446e+00 3.234536409420163405e+00
1.860000000000000098e+00 3.202880395460488749e+00 3.234578929781553924e+00
1.870000000000000107e+00 3.202870628903458972e+00 3.234640275399137899e+00
1.880000000000000115e+00 3.202846243320480291e+00 3.234686595663055719e+00
1.890000000000000124e+00 3.202808896099690994e+00 3.234771017797823500e+00
1.900000000000000133e+00 3.202775538446858583e+00 3.234870065610453871e+00
1.910000000000000142e+00 3.202693506361929732e+00 3.235031911433251306e+00
1.919999999999999929e+00 3.202570831914850036e+00 3.235296088046125451e+00
1.929999999999999938e+00 3.202450142813639378e+00 3.235536436089558432e+00
1.939999999999999947e+00 3.202376679290532824e+00 3.235631642748117986e+00
1.949999999999999956e+00 3.202161163741486849e+00 3.236099359196287661e+00
1.959999999999999964e+00 3.201930951286307891e+00 3.236556372212417987e+00
1.969999999999999973e+00 3.201811377968299510e+00 3.236780958076011849e+00
1.979999999999999982e+00 3.201136853013843986e+00 3.237422789582401261e+00
1.989999999999999991e+00 3.199004119106378941e+00 3.239358625844869000e+00
2.000000000000000000e+00 3.191693296954798864e+00 3.245275833012890576e+00
2.010000000000000231e+00 3.184386141867266318e+00 3.250815762977971701e+00
2.020000000000000018e+00 3.178651258648868883e+00 3.255120413938525914e+00
2.030000000000000249e+00 3.173080688753757261e+00 3.259101570338573506e+00
2.040000000000000036e+00 3.167053359242040234e+00 3.263402624844949695e+00
2.049999999999999822e+00 3.163206203554428164e+00 3.266163252336227174e+00
2.060000000000000053e+00 3.160331362190932580e+00 3.268068637847214575e+00
2.069999999999999840e+00 3.158119583861804358e+00 3.269469169342541726e+00
2.080000000000000071e+00 3.154757958977050247e+00 3.271663013551407762e+00
2.089999999999999858e+00 3.150931683708285913e+00 3.274360626715564937e+00
2.100000000000000089e+00 3.143930742996273509e+00 3.279760570008220633e+00
2.109999999999999876e+00 3.134205048042816522e+00 3.284727697475867458e+00
2.120000000000000107e+00 3.128741968576612020e+00 3.285135523999033413e+00
2.129999999999999893e+00 3.126912617936779437e+00 3.285815487918208877e+00
2.140000000000000124e+00 3.126027106739532435e+00 3.286343172119606137e+00
2.149999999999999911e+00 3.128515322822031930e+00 3.286564376770558571e+00
2.160000000000000142e+00 3.135000764918600691e+00 3.286653239330971754e+00
2.169999999999999929e+00 3.138014712485459157e+00 3.287271037541243501e+00
2.180000000000000160e+00 3.140298207977744838e+00 3.287405845695999140e+00
2.189999999999999947e+00 3.142448676938356833e+00 3.288039631858525880e+00
2.200000000000000178e+00 3.145091524137362704e+00 3.288076656385555907e+00
2.209999999999999964e+00 3.147710434684666048e+00 3.288611530184833320e+00
2.220000000000000195e+00 3.150536609650854913e+00 3.289255894569153682e+00
2.229999999999999982e+00 3.155485180341913942e+00 3.289727379668042406e+00
2.240000000000000213e+00 3.158722708370877097e+00 3.290687999508189687e+00
2.250000000000000000e+00 3.158562777096786345e+00 3.291808342740974336e+00
2.260000000000000231e+00 3.158638536313995271e+00 3.293811951480881017e+00
2.270000000000000018e+00 3.156070196828659302e+00 3.297265461888496230e+00
2.280000000000000249e+00 3.150892898145452037e+00 3.302990185255274547e+00
2.290000000000000036e+00 3.145234355575565743e+00 3.309535654442782970e+00
2.300000000000000266e+00 3.142419502278347654e+00 3.313764455880145565e+00
2.310000000000000053e+00 3.141283023336852498e+00 3.317444138504539897e+00
2.319999999999999840e+00 3.141080696967654351e+00 3.321275209905094616e+00
2.330000000000000071e+00 3.146334833403313436e+00 3.325110855335509097e+00
2.339999999999999858e+00 3.150556308344369061e+00 3.330641978742117981e+00
2.350000000000000089e+00 3.155783195429284316e+00 3.339181821655790916e+00
2.359999999999999876e+00 3.157518794183723276e+00 3.349256019830711306e+00
2.370000000000000107e+00 3.156806068481053718e+00 3.361404498373423255e+00
2.379999999999999893e+00 3.156723629557192101e+00 3.376437839497029803e+00
2.390000000000000124e+00 3.158397522649254885e+00 3.398154963279280683e+00
2.399999999999999911e+00 3.162778433833750125e+00 3.423077549785940032e+00
2.410000000000000142e+00 3.170883672821969146e+00 3.451889316980391254e+00
2.419999999999999929e+00 3.185808641719093615e+00 3.482188459025153726e+00
2.430000000000000160e+00 3.206173784820231631e+00 3.512536334684696726e+00
2.439999999999999947e+00 3.234575072639660487e+00 3.536314170491023479e+00
2.450000000000000178e+00 3.264486286470582588e+00 3.555962111881087129e+00
2.459999999999999964e+00 3.300172035484866484e+00 3.570179838060780320e+00
2.470000000000000195e+00 3.331181296814332615e+00 3.578564417950262477e+00
2.479999999999999982e+00 3.366370185223879208e+00 3.579541953910527763e+00
2.490000000000000213e+00 3.389669886948452060e+00 3.579328949196948884e+00
2.500000000000000000e+00 3.408201123778445751e+00 3.577715808122532426e+00
2.510000000000000231e+00 3.422875317992134292e+00 3.575103596950607532e+00
2.520000000000000018e+00 3.436759359233580557e+00 3.572157671863831485e+00
2.530000000000000249e+00 3.445783797587209207e+00 3.569501045700258501e+00
2.540000000000000036e+00 3.455639598761641729e+00 3.565882520283615520e+00
2.550000000000000266e+00 3.462135999923444896e+00 3.563107364057801707e+00
2.560000000000000053e+00 3.467945527691293162e+00 3.560616525946211031e+00
2.569999999999999840e+00 3.473469240405205216e+00 3.557982690627929490e+00
2.580000000000000071e+00 3.477932158383568950e+00 3.555882113033094871e+00
2.589999999999999858e+00 3.481333806488879024e+00 3.554218903953664022e+00
2.600000000000000089e+00 3.484346608777601606e+00 3.552726615690629419e+00
2.609999999999999876e+00 3.487645528409845319e+00 3.550998738853567538e+00
2.620000000000000107e+00 3.489962586128368738e+00 3.549851400912151345e+00
2.629999999999999893e+00 3.491596339535426363e+00 3.548965028486538831e+00
2.640000000000000124e+00 3.492835257009605510e+00 3.548348400350471277e+00
2.649999999999999911e+00 3.493712560969091996e+00 3.547938033508561517e+00
2.660000000000000142e+00 3.494914537821208089e+00 3.547352864574994324e+00
2.669999999999999929e+00 3.495764726677654366e+00 3.546929119352580706e+00
2.680000000000000160e+00 3.496709535968723248e+00 3.546291815778789935e+00
2.689999999999999947e+00 3.497344710186863992e+00 3.545842292963122588e+00
2.700000000000000178e+00 3.497848920504737613e+00 3.545453002932380748e+00
2.709999999999999964e+00 3.498262414445952651e+00 3.545083207540436376e+00
2.720000000000000195e+00 3.498649762829741050e+00 3.544742323986093346e+00
2.729999999999999982e+00 3.499018309309409602e+00 3.544566454436852254e+00
2.740000000000000213e+00 3.499538033668821324e+00 3.544249100196534830e+00
2.750000000000000000e+00 3.499846573980185394e+00 3.543996692878869315e+00
2.760000000000000231e+00 3.500145440392664842e+00 3.543846319064923645e+00
2.770000000000000018e+00 3.500408362125296158e+00 3.543695667282205086e+00
2.780000000000000249e+00 3.500635644580612382e+00 3.543608296674003011e+00
2.790000000000000036e+00 3.500884074050310435e+00 3.543507068713780850e+00
2.800000000000000266e+00 3.501163013229886545e+00 3.543370296506365591e+00
2.810000000000000053e+00 3.501546461998423787e+00 3.543190000823536856e+00
2.819999999999999840e+00 3.501966203808883904e+00 3.542976513929267490e+00
2.830000000000000071e+00 3.502272711547915307e+00 3.542814250555928801e+00
2.839999999999999858e+00 3.502516511026558366e+00 3.542701121419730814e+00
2.850000000000000089e+00 3.502924225196372809e+00 3.542523591251838688e+00
2.859999999999999876e+00 3.503193222206432811e+00 3.542378868509929557e+00
2.870000000000000107e+00 3.503355617573014502e+00 3.542310046370276577e+00
2.879999999999999893e+00 3.503864040013798142e+00 3.542076829360477408e+00
2.890000000000000124e+00 3.504296656045354119e+00 3.541833437343202995e+00
2.899999999999999911e+00 3.504565896554277860e+00 3.541698583249761167e+00
2.910000000000000142e+00 3.504764014943698047e+00 3.541594459334751921e+00
2.919999999999999929e+00 3.505121318582748557e+00 3.541411176615500978e+00
2.930000000000000160e+00 3.505577747484183160e+00 3.541160694693588962e+00
2.939999999999999947e+00 3.505979700275870581e+00 3.540937549437073617e+00
2.950000000000000178e+00 3.506601924829019445e+00 3.540559276428686175e+00
2.959999999999999964e+00 3.507083782383916049e+00 3.540267728713037965e+00
2.970000000000000195e+00 3.507651025679897394e+00 3.539931935459781798e+00
2.979999999999999982e+00 3.507981243326021570e+00 3.539776142757581567e+00
2.990000000000000213e+00 3.508228633770498650e+00 3.539636662884202867e+00
3.000000000000000000e+00 3.508374126439678609e+00 3.539553781847370129e+00
