0.000000000000000000e+00 7.603742837440967683e-01
1.000000000000000021e-02 7.621573852384090353e-01
2.000000000000000042e-02 9.159405260443687080e-01
2.999999999999999889e-02 1.608935189878940575e+00
4.000000000000000083e-02 1.608721232889890773e+00
5.000000000000000278e-02 1.608393001267909961e+00
5.999999999999999778e-02 1.608644518420696334e+00
7.000000000000000666e-02 1.609071792044639571e+00
8.000000000000000167e-02 1.609672294554710392e+00
8.999999999999999667e-02 1.609888230677843035e+00
1.000000000000000056e-01 1.655577259821891856e+00
1.100000000000000006e-01 2.704997847735881589e+00
1.199999999999999956e-01 3.175428033607006206e+00
1.300000000000000044e-01 3.176844335103035100e+00
1.400000000000000133e-01 3.176844335103035100e+00
1.499999999999999944e-01 3.176844335103035100e+00
1.600000000000000033e-01 3.176844335103035100e+00
1.700000000000000122e-01 3.176844335103035100e+00
1.799999999999999933e-01 3.176843370411396084e+00
1.900000000000000022e-01 3.176843370411396084e+00
2.000000000000000111e-01 3.176843370411396084e+00
2.099999999999999922e-01 3.176843370411396084e+00
2.200000000000000011e-01 3.176842556664943640e+00
2.300000000000000100e-01 3.176842556664943640e+00
2.399999999999999911e-01 3.176842556664943640e+00
2.500000000000000000e-01 3.176843735272884217e+00
2.600000000000000089e-01 3.176843735272884217e+00
2.700000000000000178e-01 3.176844029924869695e+00
2.800000000000000266e-01 3.176844029924869695e+00
2.899999999999999800e-01 3.176844913880825239e+00
2.999999999999999889e-01 3.176844913880825239e+00
3.099999999999999978e-01 3.176844588382244261e+00
3.200000000000000067e-01 3.176845030360222033e+00
3.300000000000000155e-01 3.176845030360222033e+00
3.400000000000000244e-01 3.176845030360222033e+00
3.500000000000000333e-01 3.176845030360222033e+00
3.599999999999999867e-01 3.176844297988414834e+00
3.699999999999999956e-01 3.176843942553996936e+00
3.800000000000000044e-01 3.176839767732620334e+00
3.900000000000000133e-01 3.176839767732620334e+00
4.000000000000000222e-01 3.176836506516933500e+00
4.100000000000000311e-01 3.176834907062053848e+00
4.199999999999999845e-01 3.176834907062053848e+00
4.299999999999999933e-01 3.176832271635532390e+00
4.400000000000000022e-01 3.176832180368900360e+00
4.500000000000000111e-01 3.176829492342472250e+00
4.600000000000000200e-01 3.176824670875072698e+00
4.700000000000000289e-01 3.176822634489536501e+00
4.799999999999999822e-01 3.176822634489536501e+00
4.899999999999999911e-01 3.176821568901538662e+00
5.000000000000000000e-01 3.176818689427375997e+00
5.100000000000000089e-01 3.176817866044044703e+00
5.200000000000000178e-01 3.176817866044044703e+00
5.300000000000000266e-01 3.176816881136894199e+00
5.400000000000000355e-01 3.176816706283092540e+00
5.500000000000000444e-01 3.176815753109455187e+00
5.600000000000000533e-01 3.176814734113216243e+00
5.700000000000000622e-01 3.176813190155029165e+00
5.799999999999999600e-01 3.176812276084422848e+00
5.899999999999999689e-01 3.176812276084422848e+00
5.999999999999999778e-01 3.176812276084422848e+00
6.099999999999999867e-01 3.176812214734554107e+00
6.199999999999999956e-01 3.176812214734554107e+00
6.300000000000000044e-01 3.176812184312343579e+00
6.400000000000000133e-01 3.176811909501552567e+00
6.500000000000000222e-01 3.176811694777011752e+00
6.600000000000000311e-01 3.176811618089675715e+00
6.700000000000000400e-01 3.176811464715004085e+00
6.800000000000000488e-01 3.176811464715004085e+00
6.900000000000000577e-01 3.176811434040069493e+00
7.000000000000000666e-01 3.176811418702602197e+00
7.099999999999999645e-01 3.176811388027668048e+00
7.199999999999999734e-01 3.176811388027668048e+00
7.299999999999999822e-01 3.176811050603389752e+00
7.399999999999999911e-01 3.176810897228717678e+00
7.500000000000000000e-01 3.176810667166710012e+00
7.600000000000000089e-01 3.176810667166710012e+00
7.700000000000000178e-01 3.176810667166710012e+00
7.800000000000000266e-01 3.176810438022613425e+00
7.900000000000000355e-01 3.176810438022613425e+00
8.000000000000000444e-01 3.176810438022613425e+00
8.100000000000000533e-01 3.176810438022613425e+00
8.200000000000000622e-01 3.176810438022613425e+00
8.300000000000000711e-01 3.176810438022613425e+00
8.399999999999999689e-01 3.176810438022613425e+00
8.499999999999999778e-01 3.176810438022613425e+00
8.599999999999999867e-01 3.176810438022613425e+00
8.699999999999999956e-01 3.176810438022613425e+00
8.800000000000000044e-01 3.176810438022613425e+00
8.900000000000000133e-01 3.176810438022613425e+00
9.000000000000000222e-01 3.176810438022613425e+00
9.100000000000000311e-01 3.176810438022613425e+00
9.200000000000000400e-01 3.176810438022613425e+00
9.300000000000000488e-01 3.176810438022613425e+00
9.400000000000000577e-01 3.176810438022613425e+00
9.500000000000000666e-01 3.176810438022613425e+00
9.599999999999999645e-01 3.176810438022613425e+00
9.699999999999999734e-01 3.176810438022613425e+00
9.799999999999999822e-01 3.176810438022613425e+00
9.899999999999999911e-01 3.176810438022613425e+00
1.000000000000000000e+00 3.176810438022613425e+00
1.010000000000000009e+00 3.176810438022613425e+00
1.020000000000000018e+00 3.176810438022613425e+00
1.030000000000000027e+00 3.176810438022613425e+00
1.040000000000000036e+00 3.176810438022613425e+00
1.050000000000000044e+00 3.176810438022613425e+00
1.060000000000000053e+00 3.176810438022613425e+00
1.070000000000000062e+00 3.176810438022613425e+00
1.080000000000000071e+00 3.176810438022613425e+00
1.090000000000000080e+00 3.176810438022613425e+00
1.100000000000000089e+00 3.176810438022613425e+00
1.110000000000000098e+00 3.176810438022613425e+00
1.120000000000000107e+00 3.176810336809158475e+00
1.130000000000000115e+00 3.176810336809158475e+00
1.140000000000000124e+00 3.176810336809158475e+00
1.150000000000000133e+00 3.176810336809158475e+00
1.159999999999999920e+00 3.176810336809158475e+00
1.169999999999999929e+00 3.176809959654808058e+00
1.179999999999999938e+00 3.176808840124607070e+00
1.189999999999999947e+00 3.176808840124607070e+00
1.199999999999999956e+00 3.176807185635566633e+00
1.209999999999999964e+00 3.176806582753658237e+00
1.219999999999999973e+00 3.176806589229106859e+00
1.229999999999999982e+00 3.176805362405776822e+00
1.239999999999999991e+00 3.176801354000568178e+00
1.250000000000000000e+00 3.176796839833259778e+00
1.260000000000000009e+00 3.176789370455741945e+00
1.270000000000000018e+00 3.176769783153533755e+00
1.280000000000000027e+00 3.176764058153629389e+00
1.290000000000000036e+00 3.176753549089431861e+00
1.300000000000000044e+00 3.176751256172657190e+00
1.310000000000000053e+00 3.176740308902263443e+00
1.320000000000000062e+00 3.176728972079753799e+00
1.330000000000000071e+00 3.176720823812484884e+00
1.340000000000000080e+00 3.176715742280483035e+00
1.350000000000000089e+00 3.176714226059913493e+00
1.360000000000000098e+00 3.176702442157268713e+00
1.370000000000000107e+00 3.176694858098029872e+00
1.380000000000000115e+00 3.176693138661384364e+00
1.390000000000000124e+00 3.176680821702480451e+00
1.400000000000000133e+00 3.176678507144451213e+00
1.409999999999999920e+00 3.176666118006706174e+00
1.419999999999999929e+00 3.176661656854152582e+00
1.429999999999999938e+00 3.176658239905834069e+00
1.439999999999999947e+00 3.176654217360019850e+00
1.449999999999999956e+00 3.176629897029399796e+00
1.459999999999999964e+00 3.176622783498764147e+00
1.469999999999999973e+00 3.176616949739456075e+00
1.479999999999999982e+00 3.176617665307521765e+00
1.489999999999999991e+00 3.176618973348140695e+00
1.500000000000000000e+00 3.176616887888908281e+00
1.510000000000000009e+00 3.176614741408824827e+00
1.520000000000000018e+00 3.176600349431037973e+00
1.530000000000000027e+00 3.176596158125400748e+00
1.540000000000000036e+00 3.176593521339893478e+00
1.550000000000000044e+00 3.176591270925998689e+00
1.560000000000000053e+00 3.176579945740699795e+00
1.570000000000000062e+00 3.176577900569439006e+00
1.580000000000000071e+00 3.176577008035183169e+00
1.590000000000000080e+00 3.176574113304615032e+00
1.600000000000000089e+00 3.176570648682117248e+00
1.610000000000000098e+00 3.176567293040752471e+00
1.620000000000000107e+00 3.176566657476425082e+00
1.630000000000000115e+00 3.176557811961174149e+00
1.640000000000000124e+00 3.176551631197929382e+00
1.650000000000000133e+00 3.176551455740928454e+00
1.660000000000000142e+00 3.176550781264305012e+00
1.669999999999999929e+00 3.176550763173103142e+00
1.679999999999999938e+00 3.176550180878639384e+00
1.689999999999999947e+00 3.176549926459789397e+00
1.699999999999999956e+00 3.176550069119930431e+00
1.709999999999999964e+00 3.176547789077758921e+00
1.719999999999999973e+00 3.176549100675583048e+00
1.729999999999999982e+00 3.176547657456397999e+00
1.739999999999999991e+00 3.176545328485965936e+00
1.750000000000000000e+00 3.176545143365860024e+00
1.760000000000000009e+00 3.176545167598724184e+00
1.770000000000000018e+00 3.176552720944881614e+00
1.780000000000000027e+00 3.176592359652519182e+00
1.790000000000000036e+00 3.176658296484947019e+00
1.800000000000000044e+00 3.176699676582813048e+00
1.810000000000000053e+00 3.176757863297462681e+00
1.820000000000000062e+00 3.176814632449150189e+00
1.830000000000000071e+00 3.176834283063411757e+00
1.840000000000000080e+00 3.176834603919982847e+00
1.850000000000000089e+00 3.176884023628234743e+00
1.860000000000000098e+00 3.176936193132400721e+00
1.870000000000000107e+00 3.176972701833248092e+00
1.880000000000000115e+00 3.177016528911590587e+00
1.890000000000000124e+00 3.177113463220596401e+00
1.900000000000000133e+00 3.177154685533046585e+00
1.910000000000000142e+00 3.177231536300182402e+00
1.919999999999999929e+00 3.177290504662990678e+00
1.929999999999999938e+00 3.177312454454898738e+00
1.939999999999999947e+00 3.177391763713359740e+00
1.949999999999999956e+00 3.177409599807262452e+00
1.959999999999999964e+00 3.177424037442207361e+00
1.969999999999999973e+00 3.177473573620319236e+00
1.979999999999999982e+00 3.177490739870071579e+00
1.989999999999999991e+00 3.177499133579730906e+00
2.000000000000000000e+00 3.177509870448112395e+00
2.010000000000000231e+00 3.177519948861598831e+00
2.020000000000000018e+00 3.177528991510868206e+00
2.030000000000000249e+00 3.177593393170833558e+00
2.040000000000000036e+00 3.177663121833801174e+00
2.049999999999999822e+00 3.177699688622951602e+00
2.060000000000000053e+00 3.177748458046913083e+00
2.069999999999999840e+00 3.177770076253414011e+00
2.080000000000000071e+00 3.177785803067683990e+00
2.089999999999999858e+00 3.177817296721935136e+00
2.100000000000000089e+00 3.177832039177417744e+00
2.109999999999999876e+00 3.177864732739925202e+00
2.120000000000000107e+00 3.178047432634830471e+00
2.129999999999999893e+00 3.179780324184894535e+00
2.140000000000000124e+00 3.182557152762413022e+00
2.149999999999999911e+00 3.186893287148475640e+00
2.160000000000000142e+00 3.192388389756679601e+00
2.169999999999999929e+00 3.200089476196765759e+00
2.180000000000000160e+00 3.206258889873027762e+00
2.189999999999999947e+00 3.216219181342125033e+00
2.200000000000000178e+00 3.229563974311351782e+00
2.209999999999999964e+00 3.254525701243877300e+00
2.220000000000000195e+00 3.290493784930705878e+00
2.229999999999999982e+00 3.345592474400997052e+00
2.240000000000000213e+00 3.419378833751678393e+00
2.250000000000000000e+00 3.512581408133506944e+00
2.260000000000000231e+00 3.622869180893898200e+00
2.270000000000000018e+00 3.719357174215316864e+00
2.280000000000000249e+00 3.801264329214096183e+00
2.290000000000000036e+00 3.872160133838653540e+00
2.300000000000000266e+00 3.904584858019351845e+00
2.310000000000000053e+00 3.919911898550987317e+00
2.319999999999999840e+00 3.925000780727863514e+00
2.330000000000000071e+00 3.926679263203144199e+00
2.339999999999999858e+00 3.928348344042301044e+00
2.350000000000000089e+00 3.928628076364994115e+00
2.359999999999999876e+00 3.928628076364994115e+00
2.370000000000000107e+00 3.928628076364994115e+00
2.379999999999999893e+00 3.928628076364994115e+00
2.390000000000000124e+00 3.928628076364994115e+00
2.399999999999999911e+00 3.928628076364994115e+00
2.410000000000000142e+00 3.928628076364994115e+00
2.419999999999999929e+00 3.928628076364994115e+00
2.430000000000000160e+00 3.928628076364994115e+00
2.439999999999999947e+00 3.928628076364994115e+00
2.450000000000000178e+00 3.928628076364994115e+00
2.459999999999999964e+00 3.928628076364994115e+00
2.470000000000000195e+00 3.928628076364994115e+00
2.479999999999999982e+00 3.928628076364994115e+00
2.490000000000000213e+00 3.928628076364994115e+00
2.500000000000000000e+00 3.928632977113723612e+00
2.510000000000000231e+00 3.928647202625274559e+00
2.520000000000000018e+00 3.928680875480174972e+00
2.530000000000000249e+00 3.928687855017185093e+00
2.540000000000000036e+00 3.928706865081787125e+00
2.550000000000000266e+00 3.928784676856994729e+00
2.560000000000000053e+00 3.928829308383464891e+00
2.569999999999999840e+00 3.928871226894855351e+00
2.580000000000000071e+00 3.928934878754615667e+00
2.589999999999999858e+00 3.928975599670410102e+00
2.600000000000000089e+00 3.928975828044414698e+00
2.609999999999999876e+00 3.928993595721721466e+00
2.620000000000000107e+00 3.928994299571514137e+00
2.629999999999999893e+00 3.928995720992088270e+00
2.640000000000000124e+00 3.929040021452903542e+00
2.649999999999999911e+00 3.929021763498782960e+00
2.660000000000000142e+00 3.929073580527305598e+00
2.669999999999999929e+00 3.929105373239517363e+00
2.680000000000000160e+00 3.929176860482692657e+00
2.689999999999999947e+00 3.929188560261726249e+00
2.700000000000000178e+00 3.929231719222068708e+00
2.709999999999999964e+00 3.929193165917396424e+00
2.720000000000000195e+00 3.929177199819088084e+00
2.729999999999999982e+00 3.929177011303901512e+00
2.740000000000000213e+00 3.929116096246242584e+00
2.750000000000000000e+00 3.928966541337966856e+00
2.760000000000000231e+00 3.928944623768329425e+00
2.770000000000000018e+00 3.928932197625636835e+00
2.780000000000000249e+00 3.928891792888641543e+00
2.790000000000000036e+00 3.928935551202297205e+00
2.800000000000000266e+00 3.929012502365112347e+00
2.810000000000000053e+00 3.929109316318035283e+00
2.819999999999999840e+00 3.929114073486327907e+00
2.830000000000000071e+00 3.929088648803233941e+00
2.839999999999999858e+00 3.929077271316051334e+00
2.850000000000000089e+00 3.929015552690029001e+00
2.859999999999999876e+00 3.928967146418094636e+00
2.870000000000000107e+00 3.928892007181644441e+00
2.879999999999999893e+00 3.928595313606262351e+00
2.890000000000000124e+00 3.928275616102218759e+00
2.899999999999999911e+00 3.927721652088165261e+00
2.910000000000000142e+00 3.926583740351200280e+00
2.919999999999999929e+00 3.925233114194869977e+00
2.930000000000000160e+00 3.923894924077987678e+00
2.939999999999999947e+00 3.922924442832469882e+00
2.950000000000000178e+00 3.921919552748203142e+00
2.959999999999999964e+00 3.919733688766956270e+00
2.970000000000000195e+00 3.915513563389778184e+00
2.979999999999999982e+00 3.911888339426517369e+00
2.990000000000000213e+00 3.576263856837749611e+00
3.000000000000000000e+00 3.576263856837749611e+00
