0.000000000000000000e+00 2.068554051860673315e+00 2.349532340007918219e+00
1.000000000000000021e-02 2.066724702667418700e+00 2.349334917739209327e+00
2.000000000000000042e-02 2.063165574459280727e+00 2.349023541618142197e+00
2.999999999999999889e-02 2.061518564052422509e+00 2.349891387765567163e+00
4.000000000000000083e-02 2.045593311390150326e+00 2.380379633141290086e+00
5.000000000000000278e-02 2.000886583642497385e+00 2.536239419944748441e+00
5.999999999999999778e-02 2.092579136328810208e+00 2.933733708019143904e+00
7.000000000000000666e-02 2.415296246298582084e+00 3.207089754303662943e+00
8.000000000000000167e-02 2.747328514370435570e+00 3.245553690329081142e+00
8.999999999999999667e-02 2.919804501268659980e+00 3.186096505243982246e+00
1.000000000000000056e-01 2.946054332610038351e+00 3.172120004023644135e+00
1.100000000000000006e-01 2.957798174123850821e+00 3.152467937965306000e+00
1.199999999999999956e-01 2.970504063363911484e+00 3.132335613583681955e+00
1.300000000000000044e-01 2.973193755655461956e+00 3.127584038290804003e+00
1.400000000000000133e-01 2.977827490529845633e+00 3.121844747867752901e+00
1.499999999999999944e-01 2.980819623018036157e+00 3.117728976148833819e+00
1.600000000000000033e-01 2.984680956265280738e+00 3.111246013138939670e+00
1.700000000000000122e-01 2.991593435122721800e+00 3.100750214588886777e+00
1.799999999999999933e-01 2.995124015091904290e+00 3.095378159681311914e+00
1.900000000000000022e-01 3.000014300652240173e+00 3.087825881966854702e+00
2.000000000000000111e-01 3.003856227378828070e+00 3.081941554713266473e+00
2.099999999999999922e-01 3.004950507625844036e+00 3.080190011664126093e+00
2.200000000000000011e-01 3.005958908705991028e+00 3.078427288741785617e+00
2.300000000000000100e-01 3.006613507579698474e+00 3.076843871446714562e+00
2.399999999999999911e-01 3.006680524520822573e+00 3.076448659725240731e+00
2.500000000000000000e-01 3.006610510955383564e+00 3.076256028308341772e+00
2.600000000000000089e-01 3.006134518397641564e+00 3.075713811108278684e+00
2.700000000000000178e-01 3.006101223292030333e+00 3.075019827871643407e+00
2.800000000000000266e-01 3.005965103284482076e+00 3.074636186602946353e+00
2.899999999999999800e-01 3.005923767351211140e+00 3.074531250282227290e+00
2.999999999999999889e-01 3.005512602168227687e+00 3.074531394385193295e+00
3.099999999999999978e-01 3.005068571217680340e+00 3.074638540250635099e+00
3.200000000000000067e-01 3.004666298505076050e+00 3.074777075275174631e+00
3.300000000000000155e-01 3.004252957908149835e+00 3.074942105892662259e+00
3.400000000000000244e-01 3.003539306385853980e+00 3.075229877736231909e+00
3.500000000000000333e-01 3.003211412439563688e+00 3.075326147007724664e+00
3.599999999999999867e-01 3.003039481306682301e+00 3.075388100222934629e+00
3.699999999999999956e-01 3.002599136062420015e+00 3.075939665154659330e+00
3.800000000000000044e-01 3.002248079298009742e+00 3.076693647105226859e+00
3.900000000000000133e-01 3.001938759539445556e+00 3.078120693533102248e+00
4.000000000000000222e-01 3.001291197877561157e+00 3.080063907808626933e+00
4.100000000000000311e-01 3.000319319436589360e+00 3.084403163549860771e+00
4.199999999999999845e-01 3.000447599070164006e+00 3.092247991759685011e+00
4.299999999999999933e-01 3.000230211089194743e+00 3.100629723588883113e+00
4.400000000000000022e-01 3.000828708006922696e+00 3.110620924389775332e+00
4.500000000000000111e-01 3.001561984725357846e+00 3.123641079177496671e+00
4.600000000000000200e-01 3.004693111391243843e+00 3.138074703159155820e+00
4.700000000000000289e-01 3.009181019528702095e+00 3.155058075863524714e+00
4.799999999999999822e-01 3.016905646502959559e+00 3.172394302957070256e+00
4.899999999999999911e-01 3.027608267436263212e+00 3.189504115280869634e+00
5.000000000000000000e-01 3.042138958692891748e+00 3.206647126087800892e+00
5.100000000000000089e-01 3.056117883618722608e+00 3.219290044991125477e+00
5.200000000000000178e-01 3.072450361981186262e+00 3.230753907366004540e+00
5.300000000000000266e-01 3.088830319125716262e+00 3.239071666362221880e+00
5.400000000000000355e-01 3.105942532222130126e+00 3.244619816343925045e+00
5.500000000000000444e-01 3.122468159375356933e+00 3.247586410679651259e+00
5.600000000000000533e-01 3.136962355663471147e+00 3.248442051451511769e+00
5.700000000000000622e-01 3.151000518935015204e+00 3.248223731291005389e+00
5.799999999999999600e-01 3.163164236326167167e+00 3.246337121257832248e+00
5.899999999999999689e-01 3.173761255587424390e+00 3.243782321158562798e+00
5.999999999999999778e-01 3.180745469858376584e+00 3.241530722101004347e+00
6.099999999999999867e-01 3.188829733714559467e+00 3.238216676245233572e+00
6.199999999999999956e-01 3.194102356129044473e+00 3.235669557108526995e+00
6.300000000000000044e-01 3.197894026823960623e+00 3.233469466723478902e+00
6.400000000000000133e-01 3.199489954839319861e+00 3.232537464866071186e+00
6.500000000000000222e-01 3.200200862187811968e+00 3.232115286360313977e+00
6.600000000000000311e-01 3.200573594965873347e+00 3.231916438503326994e+00
6.700000000000000400e-01 3.201257432200899089e+00 3.231484856565008279e+00
6.800000000000000488e-01 3.201547467349659115e+00 3.231328924251902990e+00
6.900000000000000577e-01 3.201742478842632078e+00 3.231226092009647832e+00
7.000000000000000666e-01 3.201789946502106243e+00 3.231199423724753661e+00
7.099999999999999645e-01 3.201828542386144338e+00 3.231177756756693054e+00
7.199999999999999734e-01 3.201828542386144338e+00 3.231177756756693054e+00
7.299999999999999822e-01 3.201828542386144338e+00 3.231177756756693054e+00
7.399999999999999911e-01 3.201828542386144338e+00 3.231177756756693054e+00
7.500000000000000000e-01 3.201828542386144338e+00 3.231177756756693054e+00
7.600000000000000089e-01 3.201828542386144338e+00 3.231177756756693054e+00
7.700000000000000178e-01 3.201828542386144338e+00 3.231177756756693054e+00
7.800000000000000266e-01 3.201828542386144338e+00 3.231177756756693054e+00
7.900000000000000355e-01 3.201828542386144338e+00 3.231177756756693054e+00
8.000000000000000444e-01 3.201828542386144338e+00 3.231177756756693054e+00
8.100000000000000533e-01 3.201828542386144338e+00 3.231177756756693054e+00
8.200000000000000622e-01 3.201828542386144338e+00 3.231177756756693054e+00
8.300000000000000711e-01 3.201828542386144338e+00 3.231177756756693054e+00
8.399999999999999689e-01 3.201828542386144338e+00 3.231177756756693054e+00
8.499999999999999778e-01 3.201828542386144338e+00 3.231177756756693054e+00
8.599999999999999867e-01 3.201828542386144338e+00 3.231177756756693054e+00
8.699999999999999956e-01 3.201834612812466840e+00 3.231176211133532039e+00
8.800000000000000044e-01 3.201834612812466840e+00 3.231176211133532039e+00
8.900000000000000133e-01 3.201841487741960979e+00 3.231174718799100010e+00
9.000000000000000222e-01 3.201841889333001845e+00 3.231174746104009898e+00
9.100000000000000311e-01 3.201844318511422927e+00 3.231174126846853234e+00
9.200000000000000400e-01 3.201844123581395696e+00 3.231173758632196691e+00
9.300000000000000488e-01 3.201848943460941843e+00 3.231174085504054272e+00
9.400000000000000577e-01 3.201848943460941843e+00 3.231174085504054272e+00
9.500000000000000666e-01 3.201903698512526653e+00 3.231156722873238074e+00
9.599999999999999645e-01 3.201907351321307438e+00 3.231151391635807890e+00
9.699999999999999734e-01 3.201923810713631635e+00 3.231136351291792774e+00
9.799999999999999822e-01 3.201943203732017906e+00 3.231129508555884655e+00
9.899999999999999911e-01 3.201983284418961517e+00 3.231118664023497900e+00
1.000000000000000000e+00 3.201991043445855833e+00 3.231115722286909797e+00
1.010000000000000009e+00 3.201993797301447842e+00 3.231114814277493252e+00
1.020000000000000018e+00 3.202011486889483116e+00 3.231103037541745771e+00
1.030000000000000027e+00 3.202009997381857875e+00 3.231102600207635067e+00
1.040000000000000036e+00 3.202019429622514846e+00 3.231088087577001833e+00
1.050000000000000044e+00 3.202018498556741477e+00 3.231087814366690125e+00
1.060000000000000053e+00 3.202016402542884332e+00 3.231086248113815618e+00
1.070000000000000062e+00 3.202012845178961342e+00 3.231089043835282837e+00
1.080000000000000071e+00 3.202014098827479227e+00 3.231085268099667562e+00
1.090000000000000080e+00 3.202012747612926091e+00 3.231084861907032035e+00
1.100000000000000089e+00 3.202020779725645028e+00 3.231072797616388215e+00
1.110000000000000098e+00 3.202043528013018836e+00 3.231038449325772000e+00
1.120000000000000107e+00 3.202036042379587499e+00 3.231045898376256886e+00
1.130000000000000115e+00 3.202032009170603821e+00 3.231049636737751918e+00
1.140000000000000124e+00 3.202033569282904057e+00 3.231045081029519483e+00
1.150000000000000133e+00 3.202043630065916524e+00 3.231027549610139715e+00
1.159999999999999920e+00 3.202067885908499889e+00 3.230977709618195526e+00
1.169999999999999929e+00 3.202110513715105355e+00 3.230907326899213672e+00
1.179999999999999938e+00 3.202110994608191152e+00 3.230855763561936822e+00
1.189999999999999947e+00 3.202131136027580371e+00 3.230817738398307437e+00
1.199999999999999956e+00 3.202128157706476408e+00 3.230807376436971801e+00
1.209999999999999964e+00 3.202140980388361147e+00 3.230715458834928722e+00
1.219999999999999973e+00 3.202137558171892273e+00 3.230647247588491311e+00
1.229999999999999982e+00 3.202063393312837292e+00 3.230537008484457573e+00
1.239999999999999991e+00 3.201975317642631769e+00 3.230517884185371447e+00
1.250000000000000000e+00 3.201976361809113936e+00 3.230400261087080782e+00
1.260000000000000009e+00 3.201765486921646087e+00 3.230412649288795457e+00
1.270000000000000018e+00 3.201625645137020637e+00 3.230404602865985186e+00
1.280000000000000027e+00 3.201472834629566222e+00 3.230404376206844397e+00
1.290000000000000036e+00 3.201328208827088240e+00 3.230409775372435455e+00
1.300000000000000044e+00 3.201163069563667030e+00 3.230387837070663792e+00
1.310000000000000053e+00 3.200873414299180375e+00 3.230448018925497600e+00
1.320000000000000062e+00 3.200543256705867812e+00 3.230524291130436154e+00
1.330000000000000071e+00 3.200192032396183439e+00 3.230544808524264955e+00
1.340000000000000080e+00 3.199810793831840083e+00 3.230665674120888564e+00
1.350000000000000089e+00 3.198915727975029988e+00 3.230938384793143214e+00
1.360000000000000098e+00 3.198448813992904594e+00 3.231085692995620651e+00
1.370000000000000107e+00 3.197584847683193399e+00 3.231431106858966285e+00
1.380000000000000115e+00 3.197357055372706647e+00 3.231416962352284372e+00
1.390000000000000124e+00 3.196908856392012943e+00 3.231582830457581323e+00
1.400000000000000133e+00 3.196800086755925641e+00 3.231532148370569679e+00
1.409999999999999920e+00 3.196749000923533757e+00 3.231500053150753615e+00
1.419999999999999929e+00 3.196600786334238276e+00 3.231525416744985169e+00
1.429999999999999938e+00 3.196375283684155910e+00 3.231442211733439152e+00
1.439999999999999947e+00 3.196328580395980001e+00 3.231279623186783301e+00
1.449999999999999956e+00 3.196114850661081697e+00 3.231229750154691160e+00
1.459999999999999964e+00 3.196027775311728547e+00 3.231076780018548256e+00
1.469999999999999973e+00 3.195557875804512893e+00 3.231129521050841280e+00
1.479999999999999982e+00 3.195006357357090820e+00 3.231259738457613828e+00
1.489999999999999991e+00 3.194238354773644151e+00 3.231636854071494813e+00
1.500000000000000000e+00 3.193728184567510286e+00 3.231814088295877685e+00
1.510000000000000009e+00 3.192906887580103437e+00 3.232192192186170487e+00
1.520000000000000018e+00 3.192534684434328085e+00 3.232318585948553036e+00
1.530000000000000027e+00 3.191846098455773717e+00 3.232543178749693435e+00
1.540000000000000036e+00 3.191454131791147120e+00 3.232673060706106050e+00
1.550000000000000044e+00 3.190837300809056476e+00 3.232904682118265871e+00
1.560000000000000053e+00 3.190658291831619309e+00 3.232925616211288045e+00
1.570000000000000062e+00 3.190534263990076003e+00 3.232882259900418997e+00
1.580000000000000071e+00 3.190226851055085522e+00 3.232834341705382197e+00
1.590000000000000080e+00 3.189886292194525907e+00 3.232907290645440135e+00
1.600000000000000089e+00 3.189781597735496632e+00 3.232904509308723640e+00
1.610000000000000098e+00 3.189602263270507887e+00 3.232770491026748960e+00
1.620000000000000107e+00 3.189546105342660365e+00 3.232595162724699822e+00
1.630000000000000115e+00 3.188908175718589089e+00 3.232798628380493700e+00
1.640000000000000124e+00 3.188578626760820711e+00 3.232831786647458294e+00
1.650000000000000133e+00 3.188521679184602053e+00 3.232623863236738782e+00
1.660000000000000142e+00 3.188349342668045594e+00 3.232446157152663702e+00
1.669999999999999929e+00 3.188086539319162416e+00 3.232444930493230562e+00
1.679999999999999938e+00 3.188069778569635471e+00 3.232301227394643650e+00
1.689999999999999947e+00 3.188093393175975176e+00 3.232247015630826059e+00
1.699999999999999956e+00 3.188070959846404762e+00 3.232182684577080245e+00
1.709999999999999964e+00 3.188088897125780807e+00 3.232077324163853849e+00
1.719999999999999973e+00 3.188184004027506901e+00 3.232031874988416043e+00
1.729999999999999982e+00 3.188317516264131513e+00 3.231918604999372668e+00
1.739999999999999991e+00 3.188596126456796132e+00 3.231789392451704490e+00
1.750000000000000000e+00 3.188795856625397551e+00 3.231674601996580964e+00
1.760000000000000009e+00 3.189177662190469942e+00 3.231562139264073874e+00
1.770000000000000018e+00 3.189588422102726639e+00 3.231473471245966955e+00
1.780000000000000027e+00 3.189782177327987966e+00 3.231407900301101144e+00
1.790000000000000036e+00 3.189970688937415755e+00 3.231374029914627410e+00
1.800000000000000044e+00 3.190279638964476305e+00 3.231316603816209110e+00
1.810000000000000053e+00 3.190367398421165568e+00 3.231276357420089340e+00
1.820000000000000062e+00 3.190373450983333470e+00 3.231230824419689007e+00
1.830000000000000071e+00 3.190213187139411044e+00 3.231273038780312579e+00
1.840000000000000080e+00 3.190122219135989035e+00 3.231290829198132819e+00
1.850000000000000089e+00 3.190049606039249586e+00 3.231285580604350560e+00
1.860000000000000098e+00 3.190447519612617189e+00 3.231005453977279895e+00
1.870000000000000107e+00 3.190555161599684997e+00 3.230907551842163716e+00
1.880000000000000115e+00 3.190793334105300971e+00 3.230744932920647017e+00
1.890000000000000124e+00 3.190778150582133765e+00 3.230748320512951022e+00
1.900000000000000133e+00 3.190759384838732782e+00 3.230749498952236731e+00
1.910000000000000142e+00 3.190732371237772647e+00 3.230750281412106517e+00
1.919999999999999929e+00 3.190728022139391662e+00 3.230744894892850105e+00
1.929999999999999938e+00 3.190726601576118870e+00 3.230743138776511980e+00
1.939999999999999947e+00 3.190705387170835294e+00 3.230750439936594276e+00
1.949999999999999956e+00 3.190866376926031478e+00 3.230666708143624888e+00
1.959999999999999964e+00 3.191058932437851769e+00 3.230589671082541248e+00
1.969999999999999973e+00 3.191266873811713367e+00 3.230470802680024178e+00
1.979999999999999982e+00 3.191489516795957382e+00 3.230345549470102551e+00
1.989999999999999991e+00 3.191609552371863945e+00 3.230257609111900852e+00
2.000000000000000000e+00 3.192115684189835267e+00 3.229972085809669213e+00
2.010000000000000231e+00 3.192347135966247862e+00 3.229807910763793366e+00
2.020000000000000018e+00 3.190477813026554976e+00 3.232300177514902728e+00
2.030000000000000249e+00 3.189299167331056228e+00 3.234468137642546370e+00
2.040000000000000036e+00 3.189383312109187685e+00 3.234579609596058170e+00
2.049999999999999822e+00 3.187948099359140919e+00 3.236241302772893569e+00
2.060000000000000053e+00 3.186904178867070669e+00 3.237578226270945159e+00
2.069999999999999840e+00 3.184469513916088346e+00 3.240738124056742997e+00
2.080000000000000071e+00 3.182793483016168157e+00 3.242963055885160539e+00
2.089999999999999858e+00 3.180269840023293604e+00 3.246192408550009567e+00
2.100000000000000089e+00 3.178049233934983064e+00 3.249256794655218883e+00
2.109999999999999876e+00 3.176586987280183738e+00 3.251415147400563921e+00
2.120000000000000107e+00 3.173204523016926348e+00 3.256351394165041935e+00
2.129999999999999893e+00 3.168525509423905984e+00 3.262649064450567682e+00
2.140000000000000124e+00 3.162770089471794055e+00 3.270962037956260726e+00
2.149999999999999911e+00 3.159610200529735735e+00 3.276546700310070115e+00
2.160000000000000142e+00 3.152016801943902102e+00 3.289200324568625433e+00
2.169999999999999929e+00 3.143511401563398255e+00 3.305488651899584074e+00
2.180000000000000160e+00 3.137382435438364592e+00 3.318532738364011525e+00
2.189999999999999947e+00 3.134834218130001293e+00 3.323700424137225884e+00
2.200000000000000178e+00 3.132802031044991331e+00 3.328090877838103090e+00
2.209999999999999964e+00 3.126318011495331728e+00 3.342095190418501449e+00
2.220000000000000195e+00 3.123056903840859544e+00 3.349152991302649429e+00
2.229999999999999982e+00 3.121518012019635080e+00 3.354359572881221219e+00
2.240000000000000213e+00 3.120445793293781911e+00 3.357416331978969382e+00
2.250000000000000000e+00 3.118354365208342305e+00 3.361781847698495529e+00
2.260000000000000231e+00 3.116044608864102727e+00 3.367749614740099595e+00
2.270000000000000018e+00 3.113832234974117874e+00 3.374650951375750552e+00
2.280000000000000249e+00 3.112357744989265207e+00 3.378733987488876878e+00
2.290000000000000036e+00 3.110382884096798861e+00 3.385063823657336712e+00
2.300000000000000266e+00 3.106675616146822083e+00 3.397196753681402281e+00
2.310000000000000053e+00 3.100846340063428297e+00 3.411018888250971326e+00
2.319999999999999840e+00 3.086418304255293066e+00 3.430737996570779380e+00
2.330000000000000071e+00 3.076588031536893197e+00 3.448689426282092185e+00
2.339999999999999858e+00 3.064089758729221291e+00 3.477687301698443978e+00
2.350000000000000089e+00 3.050379226623198825e+00 3.508610820860245560e+00
2.359999999999999876e+00 3.062195077750810235e+00 3.551710264055601307e+00
2.370000000000000107e+00 3.073477477106943301e+00 3.592453920235738618e+00
2.379999999999999893e+00 3.089045009558542887e+00 3.647302867557660200e+00
2.390000000000000124e+00 3.101262209474185294e+00 3.703815800374409495e+00
2.399999999999999911e+00 3.100724136842267331e+00 3.780455627376063443e+00
2.410000000000000142e+00 3.152060376793950791e+00 3.860200889976411975e+00
2.419999999999999929e+00 3.245574965636632836e+00 3.930906985743142901e+00
2.430000000000000160e+00 3.336173378143635126e+00 3.998208932637843382e+00
2.439999999999999947e+00 3.444598078743311920e+00 4.046637335084583675e+00
2.450000000000000178e+00 3.562534160947250506e+00 4.068182311254096462e+00
2.459999999999999964e+00 3.667676948952101945e+00 4.063933067131615395e+00
2.470000000000000195e+00 3.736583974499921190e+00 4.048964528269548779e+00
2.479999999999999982e+00 3.778288302479789085e+00 4.035213523820831760e+00
2.490000000000000213e+00 3.797589194548158797e+00 4.028695329253645596e+00
2.500000000000000000e+00 3.813565920720264568e+00 4.022300374951197632e+00
2.510000000000000231e+00 3.824681731637061599e+00 4.018010549089370720e+00
2.520000000000000018e+00 3.831856143467980758e+00 4.015008426134031971e+00
2.530000000000000249e+00 3.844749865642542730e+00 4.008254544977193135e+00
2.540000000000000036e+00 3.846897493661076251e+00 4.008059823309748637e+00
2.550000000000000266e+00 3.858559540457096482e+00 4.001171061888370240e+00
2.560000000000000053e+00 3.864721276375305603e+00 3.997146830466735690e+00
2.569999999999999840e+00 3.872316851247924685e+00 3.992379480968338168e+00
2.580000000000000071e+00 3.874039679153196580e+00 3.991374914486176984e+00
2.589999999999999858e+00 3.875161188530081624e+00 3.990800256992226736e+00
2.600000000000000089e+00 3.877711319230989329e+00 3.989418760329290325e+00
2.609999999999999876e+00 3.878172649827164697e+00 3.989231687040168062e+00
2.620000000000000107e+00 3.878172591913306544e+00 3.989292739378845543e+00
2.629999999999999893e+00 3.878455652801221731e+00 3.989236874764734431e+00
2.640000000000000124e+00 3.878661683156406692e+00 3.989241030933941001e+00
2.649999999999999911e+00 3.878592049514856477e+00 3.989245619604978366e+00
2.660000000000000142e+00 3.878932721646967341e+00 3.989183295275029462e+00
2.669999999999999929e+00 3.879240462156201552e+00 3.989145341800783839e+00
2.680000000000000160e+00 3.879741207526322899e+00 3.989067840077284099e+00
2.689999999999999947e+00 3.880285139673774975e+00 3.988931013876373388e+00
2.700000000000000178e+00 3.880726863060463661e+00 3.988909818849097899e+00
2.709999999999999964e+00 3.880819091097065687e+00 3.989021774858287017e+00
2.720000000000000195e+00 3.879883749232209578e+00 3.989731726737104633e+00
2.729999999999999982e+00 3.879776793868655371e+00 3.989889809925442510e+00
2.740000000000000213e+00 3.878888263936132397e+00 3.990558919358163870e+00
2.750000000000000000e+00 3.877985489294314636e+00 3.991172433378910700e+00
2.760000000000000231e+00 3.874949165203355417e+00 3.993105241639830272e+00
2.770000000000000018e+00 3.873894568351420542e+00 3.993928310967770567e+00
2.780000000000000249e+00 3.873798071031244739e+00 3.994245569577542732e+00
2.790000000000000036e+00 3.873243774090848301e+00 3.994607783221163277e+00
2.800000000000000266e+00 3.871393588698255783e+00 3.995816657049310550e+00
2.810000000000000053e+00 3.869969232536927262e+00 3.996709568637236476e+00
2.819999999999999840e+00 3.867657691830799660e+00 3.998106103807284928e+00
2.830000000000000071e+00 3.865597079947288961e+00 3.999434193780127877e+00
2.839999999999999858e+00 3.860517590329803017e+00 4.002457193577134476e+00
2.850000000000000089e+00 3.854360375768033364e+00 4.005810947893770901e+00
2.859999999999999876e+00 3.848234118191392827e+00 4.009051420176832359e+00
2.870000000000000107e+00 3.841129536587482907e+00 4.012586539362185789e+00
2.879999999999999893e+00 3.832188516446072946e+00 4.016667266301195305e+00
2.890000000000000124e+00 3.822066607753366263e+00 4.020905304807096847e+00
2.899999999999999911e+00 3.807110112531618906e+00 4.026343424608273658e+00
2.910000000000000142e+00 3.787522657526444014e+00 4.032350710507918379e+00
2.919999999999999929e+00 3.762401024016123863e+00 4.038428375369328194e+00
2.930000000000000160e+00 3.730510067162757348e+00 4.043174783291573426e+00
2.939999999999999947e+00 3.689596004727979661e+00 4.045146417542794914e+00
2.950000000000000178e+00 3.635936980550654063e+00 4.040612257649534023e+00
2.959999999999999964e+00 3.573744287101419559e+00 4.024814623888341991e+00
2.970000000000000195e+00 3.499762755235761524e+00 3.989684182086855380e+00
2.979999999999999982e+00 3.421049280277724591e+00 3.923722002595429359e+00
2.990000000000000213e+00 3.347426065397445250e+00 3.798286474790390166e+00
3.000000000000000000e+00 3.419327646369145768e+00 3.445930947790934340e+00
