0.000000000000000000e+00 1.993740800824761461e-01
1.000000000000000021e-02 8.722020459932088299e-01
2.000000000000000042e-02 8.722020459932088299e-01
2.999999999999999889e-02 8.722020459932088299e-01
4.000000000000000083e-02 8.722020459932088299e-01
5.000000000000000278e-02 3.408699298613071527e+00
5.999999999999999778e-02 3.403491902573108518e+00
7.000000000000000666e-02 3.400511058213710580e+00
8.000000000000000167e-02 3.399329603540897526e+00
8.999999999999999667e-02 3.398873580179214482e+00
1.000000000000000056e-01 3.398567907543182276e+00
1.100000000000000006e-01 3.398480503320694179e+00
1.199999999999999956e-01 3.398522072813511041e+00
1.300000000000000044e-01 3.398399845125675167e+00
1.400000000000000133e-01 3.397082951374053916e+00
1.499999999999999944e-01 3.396658275923729153e+00
1.600000000000000033e-01 3.396866683425903144e+00
1.700000000000000122e-01 3.396236276690959954e+00
1.799999999999999933e-01 3.384931158941984375e+00
1.900000000000000022e-01 3.395763119404315855e+00
2.000000000000000111e-01 3.396862508239745893e+00
2.099999999999999922e-01 3.397105019652843616e+00
2.200000000000000011e-01 3.397131969223022629e+00
2.300000000000000100e-01 3.397122310266494694e+00
2.399999999999999911e-01 3.397116974253654664e+00
2.500000000000000000e-01 3.397141195411681913e+00
2.600000000000000089e-01 3.397085685682296852e+00
2.700000000000000178e-01 3.397110646555423941e+00
2.800000000000000266e-01 3.397103294293880360e+00
2.899999999999999800e-01 3.397055593800544671e+00
2.999999999999999889e-01 3.396989541318416794e+00
3.099999999999999978e-01 3.396964642543792934e+00
3.200000000000000067e-01 3.396934924843311165e+00
3.300000000000000155e-01 3.396905135457515712e+00
3.400000000000000244e-01 3.396887297823429019e+00
3.500000000000000333e-01 3.396840610783100178e+00
3.599999999999999867e-01 3.396835108714103768e+00
3.699999999999999956e-01 3.396830839674472635e+00
3.800000000000000044e-01 3.396828402881622466e+00
3.900000000000000133e-01 3.396810692944526533e+00
4.000000000000000222e-01 3.396810428280830241e+00
4.100000000000000311e-01 3.396803192644119118e+00
4.199999999999999845e-01 3.396804749350547770e+00
4.299999999999999933e-01 3.396802671971320908e+00
4.400000000000000022e-01 3.396802482619285524e+00
4.500000000000000111e-01 3.396787566435337080e+00
4.600000000000000200e-01 3.396794097278118318e+00
4.700000000000000289e-01 3.396740710043907097e+00
4.799999999999999822e-01 3.396680359210968003e+00
4.899999999999999911e-01 3.396573627572059717e+00
5.000000000000000000e-01 3.396494747946262382e+00
5.100000000000000089e-01 3.396481373817920701e+00
5.200000000000000178e-01 3.396426514110565176e+00
5.300000000000000266e-01 3.396414119000434884e+00
5.400000000000000355e-01 3.396407326493263046e+00
5.500000000000000444e-01 3.396417384221553704e+00
5.600000000000000533e-01 3.396471516981125038e+00
5.700000000000000622e-01 3.396503770916461828e+00
5.799999999999999600e-01 3.396518121924400280e+00
5.899999999999999689e-01 3.396552263360023360e+00
5.999999999999999778e-01 3.396554102535247921e+00
6.099999999999999867e-01 3.396556769087314631e+00
6.199999999999999956e-01 3.396559657878875704e+00
6.300000000000000044e-01 3.396568042228222062e+00
6.400000000000000133e-01 3.396576757504940147e+00
6.500000000000000222e-01 3.396589901857375970e+00
6.600000000000000311e-01 3.396600088536739559e+00
6.700000000000000400e-01 3.396604246277809214e+00
6.800000000000000488e-01 3.396612690596580553e+00
6.900000000000000577e-01 3.396611047778129500e+00
7.000000000000000666e-01 3.396613813548087890e+00
7.099999999999999645e-01 3.396614140698909878e+00
7.199999999999999734e-01 3.396615632224083026e+00
7.299999999999999822e-01 3.396622712762355611e+00
7.399999999999999911e-01 3.396622852482795718e+00
7.500000000000000000e-01 3.396621952733993588e+00
7.600000000000000089e-01 3.396623710253238837e+00
7.700000000000000178e-01 3.396623494188785397e+00
7.800000000000000266e-01 3.396620830636024380e+00
7.900000000000000355e-01 3.396619714400768153e+00
8.000000000000000444e-01 3.396619706494808266e+00
8.100000000000000533e-01 3.396620921108722602e+00
8.200000000000000622e-01 3.396627482671737752e+00
8.300000000000000711e-01 3.396614462912082466e+00
8.399999999999999689e-01 3.396613557264804850e+00
8.499999999999999778e-01 3.396611324601173543e+00
8.599999999999999867e-01 3.396606702387332977e+00
8.699999999999999956e-01 3.396580370059013365e+00
8.800000000000000044e-01 3.396568052334785648e+00
8.900000000000000133e-01 3.396528490428924574e+00
9.000000000000000222e-01 3.396404474306106369e+00
9.100000000000000311e-01 3.396362114884853511e+00
9.200000000000000400e-01 3.396002262420654283e+00
9.300000000000000488e-01 3.395348515245914633e+00
9.400000000000000577e-01 3.395103358778953417e+00
9.500000000000000666e-01 3.394597270481586548e+00
9.599999999999999645e-01 3.393913082721233376e+00
9.699999999999999734e-01 3.393629588634967664e+00
9.799999999999999822e-01 3.393191888244151855e+00
9.899999999999999911e-01 3.392819521148204842e+00
1.000000000000000000e+00 3.391993050034046053e+00
1.010000000000000009e+00 3.389724819793701105e+00
1.020000000000000018e+00 3.387781074211597243e+00
1.030000000000000027e+00 3.385258141658306297e+00
1.040000000000000036e+00 3.383861053390503137e+00
1.050000000000000044e+00 3.386374330110550002e+00
1.060000000000000053e+00 3.389311969058513618e+00
1.070000000000000062e+00 3.391778727996349385e+00
1.080000000000000071e+00 3.397489618666171829e+00
1.090000000000000080e+00 3.398049846105575700e+00
1.100000000000000089e+00 3.398165611360072891e+00
1.110000000000000098e+00 3.398181883099079315e+00
1.120000000000000107e+00 3.398239598512649451e+00
1.130000000000000115e+00 3.398244304072856714e+00
1.140000000000000124e+00 3.397982344009876421e+00
1.150000000000000133e+00 3.397580306215286061e+00
1.159999999999999920e+00 3.397358382699489532e+00
1.169999999999999929e+00 3.397159588320255441e+00
1.179999999999999938e+00 3.396881197581291367e+00
1.189999999999999947e+00 3.396893135759830429e+00
1.199999999999999956e+00 3.396010468614101274e+00
1.209999999999999964e+00 3.395285761828422455e+00
1.219999999999999973e+00 3.394536447684764813e+00
1.229999999999999982e+00 3.392886484751701293e+00
1.239999999999999991e+00 3.384631541211605033e+00
1.250000000000000000e+00 3.358725621191263055e+00
1.260000000000000009e+00 3.351995157955884874e+00
1.270000000000000018e+00 3.349327386426925734e+00
1.280000000000000027e+00 3.350959415991306312e+00
1.290000000000000036e+00 3.347489258899688735e+00
1.300000000000000044e+00 3.350908904581070047e+00
1.310000000000000053e+00 3.352305552010536260e+00
1.320000000000000062e+00 3.356162353417873501e+00
1.330000000000000071e+00 3.353556778306960862e+00
1.340000000000000080e+00 3.339192868628501731e+00
1.350000000000000089e+00 3.305445510809421616e+00
1.360000000000000098e+00 3.192858816528320265e+00
1.370000000000000107e+00 2.911124462310075600e+00
1.380000000000000115e+00 2.712894862442016386e+00
1.390000000000000124e+00 2.692893649260997613e+00
1.400000000000000133e+00 2.793158377882242416e+00
1.409999999999999920e+00 2.960049066370725512e+00
1.419999999999999929e+00 3.055313311781883368e+00
1.429999999999999938e+00 3.074736852209567939e+00
1.439999999999999947e+00 3.101133511426448663e+00
1.449999999999999956e+00 3.134079113874435496e+00
1.459999999999999964e+00 3.150879279985427939e+00
1.469999999999999973e+00 3.161608741214275486e+00
1.479999999999999982e+00 3.167765328593254104e+00
1.489999999999999991e+00 3.173179470472335950e+00
1.500000000000000000e+00 3.173752170841694031e+00
1.510000000000000009e+00 3.171681833164691877e+00
1.520000000000000018e+00 3.171238001265525686e+00
1.530000000000000027e+00 3.176500072343349412e+00
1.540000000000000036e+00 3.177191798427104974e+00
1.550000000000000044e+00 3.197786790113449129e+00
1.560000000000000053e+00 3.228698651838302514e+00
1.570000000000000062e+00 3.245955908989906380e+00
1.580000000000000071e+00 3.281187029671669197e+00
1.590000000000000080e+00 3.320850357749462134e+00
1.600000000000000089e+00 3.362819132089614804e+00
1.610000000000000098e+00 3.433707122614383600e+00
1.620000000000000107e+00 3.469489710006713690e+00
1.630000000000000115e+00 3.514802794194221480e+00
1.640000000000000124e+00 3.554628306210041000e+00
1.650000000000000133e+00 3.578359813377857357e+00
1.660000000000000142e+00 3.628250386865139010e+00
1.669999999999999929e+00 3.670432033457756038e+00
1.679999999999999938e+00 3.743047212731838158e+00
1.689999999999999947e+00 3.793719840188026549e+00
1.699999999999999956e+00 3.820935277516841921e+00
1.709999999999999964e+00 3.838930202777385503e+00
1.719999999999999973e+00 3.854965736770629814e+00
1.729999999999999982e+00 3.870489265530109524e+00
1.739999999999999991e+00 3.886366478056907603e+00
1.750000000000000000e+00 3.899489498946666632e+00
1.760000000000000009e+00 3.910971664299964790e+00
1.770000000000000018e+00 3.919246377758979882e+00
1.780000000000000027e+00 3.923006125383377007e+00
1.790000000000000036e+00 3.924433139960765704e+00
1.800000000000000044e+00 3.926941672821044893e+00
1.810000000000000053e+00 3.929269369657039768e+00
1.820000000000000062e+00 3.931154030601978100e+00
1.830000000000000071e+00 3.932990633580684570e+00
1.840000000000000080e+00 3.934311535992622400e+00
1.850000000000000089e+00 3.935902198419571008e+00
1.860000000000000098e+00 3.937261305758953167e+00
1.870000000000000107e+00 3.938765229344368013e+00
1.880000000000000115e+00 3.939389410941601000e+00
1.890000000000000124e+00 3.940096132698059250e+00
1.900000000000000133e+00 3.941157868432998868e+00
1.910000000000000142e+00 3.942297157294750054e+00
1.919999999999999929e+00 3.943021143195629019e+00
1.929999999999999938e+00 3.944007193598747296e+00
1.939999999999999947e+00 3.944198360261917280e+00
1.949999999999999956e+00 3.944543239893913089e+00
1.959999999999999964e+00 3.944825025014877529e+00
1.969999999999999973e+00 3.945157967009544464e+00
1.979999999999999982e+00 3.945268518121242352e+00
1.989999999999999991e+00 3.945595763282776058e+00
2.000000000000000000e+00 3.945918520350456316e+00
2.010000000000000231e+00 3.946383365015983635e+00
2.020000000000000018e+00 3.946856104958057276e+00
2.030000000000000249e+00 3.947081025924682685e+00
2.040000000000000036e+00 3.947164459016323068e+00
2.049999999999999822e+00 3.947147154560088911e+00
2.060000000000000053e+00 3.947130653185844551e+00
2.069999999999999840e+00 3.947100173244476373e+00
2.080000000000000071e+00 3.947093588805198561e+00
2.089999999999999858e+00 3.947102598354816472e+00
2.100000000000000089e+00 3.947091825006008303e+00
2.109999999999999876e+00 3.947086253063678551e+00
2.120000000000000107e+00 3.947034656674861974e+00
2.129999999999999893e+00 3.946951598069667888e+00
2.140000000000000124e+00 3.946813344645500266e+00
2.149999999999999911e+00 3.946777893502712242e+00
2.160000000000000142e+00 3.946743428523540320e+00
2.169999999999999929e+00 3.946720785851478563e+00
2.180000000000000160e+00 3.946603782660961013e+00
2.189999999999999947e+00 3.946516414673328477e+00
2.200000000000000178e+00 3.946491127114295949e+00
2.209999999999999964e+00 3.946493904283046916e+00
2.220000000000000195e+00 3.946518018395900551e+00
2.229999999999999982e+00 3.946534494953155559e+00
2.240000000000000213e+00 3.946523681364059399e+00
2.250000000000000000e+00 3.946484374699592568e+00
2.260000000000000231e+00 3.946476756887435933e+00
2.270000000000000018e+00 3.946454832918643962e+00
2.280000000000000249e+00 3.946437057313918917e+00
2.290000000000000036e+00 3.946459556128978807e+00
2.300000000000000266e+00 3.946453974764347006e+00
2.310000000000000053e+00 3.946391791267394922e+00
2.319999999999999840e+00 3.946375605280399324e+00
2.330000000000000071e+00 3.946346960375309187e+00
2.339999999999999858e+00 3.946327967793941571e+00
2.350000000000000089e+00 3.946236131169795769e+00
2.359999999999999876e+00 3.946135430405139921e+00
2.370000000000000107e+00 3.946061789577007151e+00
2.379999999999999893e+00 3.945988807625770534e+00
2.390000000000000124e+00 3.945933809719085694e+00
2.399999999999999911e+00 3.945774796776771343e+00
2.410000000000000142e+00 3.945684055616855535e+00
2.419999999999999929e+00 3.945600789437293976e+00
2.430000000000000160e+00 3.945500508244037530e+00
2.439999999999999947e+00 3.945325134022235947e+00
2.450000000000000178e+00 3.945323168144226234e+00
2.459999999999999964e+00 3.945134408688545147e+00
2.470000000000000195e+00 3.945006002416610702e+00
2.479999999999999982e+00 3.944713186457156961e+00
2.490000000000000213e+00 3.944606050333976821e+00
2.500000000000000000e+00 3.944565676162242962e+00
2.510000000000000231e+00 3.944491138284206500e+00
2.520000000000000018e+00 3.944377774403095227e+00
2.530000000000000249e+00 3.944304248461723450e+00
2.540000000000000036e+00 3.944251163339614674e+00
2.550000000000000266e+00 3.944224039821624839e+00
2.560000000000000053e+00 3.944129819965362493e+00
2.569999999999999840e+00 3.944125650928020477e+00
2.580000000000000071e+00 3.944124317386150214e+00
2.589999999999999858e+00 3.944123311107158525e+00
2.600000000000000089e+00 3.944123311107158525e+00
2.609999999999999876e+00 3.944116255795955706e+00
2.620000000000000107e+00 3.944113928732872143e+00
2.629999999999999893e+00 3.944120910987853890e+00
2.640000000000000124e+00 3.944120280308723636e+00
2.649999999999999911e+00 3.944129188852310008e+00
2.660000000000000142e+00 3.944131896510124413e+00
2.669999999999999929e+00 3.944058036901950892e+00
2.680000000000000160e+00 3.943868270626067929e+00
2.689999999999999947e+00 3.943661020369529702e+00
2.700000000000000178e+00 3.943415786857605188e+00
2.709999999999999964e+00 3.943098555846214381e+00
2.720000000000000195e+00 3.942949544150829322e+00
2.729999999999999982e+00 3.942880422506332305e+00
2.740000000000000213e+00 3.942707690577507140e+00
2.750000000000000000e+00 3.942526700479984214e+00
2.760000000000000231e+00 3.942440434119701465e+00
2.770000000000000018e+00 3.942186690981388075e+00
2.780000000000000249e+00 3.941883474476337579e+00
2.790000000000000036e+00 3.941415605235099928e+00
2.800000000000000266e+00 3.941032478997707589e+00
2.810000000000000053e+00 3.940797327787876281e+00
2.819999999999999840e+00 3.940603150892257656e+00
2.830000000000000071e+00 3.940500020291805239e+00
2.839999999999999858e+00 3.940250435030460352e+00
2.850000000000000089e+00 3.937950658732652709e+00
2.859999999999999876e+00 3.872377695881128457e+00
2.870000000000000107e+00 3.866162618918418836e+00
2.879999999999999893e+00 3.862661164391040902e+00
2.890000000000000124e+00 3.849405623557567768e+00
2.899999999999999911e+00 3.762792767010927353e+00
2.910000000000000142e+00 3.582940326256752073e+00
2.919999999999999929e+00 3.106276227083206276e+00
2.930000000000000160e+00 2.264841286208629789e+00
2.939999999999999947e+00 1.884425440472364377e+00
2.950000000000000178e+00 1.977888451185822571e+00
2.959999999999999964e+00 2.936010551868081020e+00
2.970000000000000195e+00 3.618294363787174284e+00
2.979999999999999982e+00 3.864231084574460962e+00
2.990000000000000213e+00 3.970646435319185041e+00
3.000000000000000000e+00 3.987243556163310831e+00
