0.000000000000000000e+00 7.140453821216523611e-01
1.000000000000000021e-02 9.715157801508903512e-01
2.000000000000000042e-02 1.005068307985067300e+00
2.999999999999999889e-02 1.289131477836370498e+00
4.000000000000000083e-02 1.784762262359857576e+00
5.000000000000000278e-02 1.787223253818750468e+00
5.999999999999999778e-02 1.787291747380495011e+00
7.000000000000000666e-02 1.787391126000881236e+00
8.000000000000000167e-02 1.787437356027364643e+00
8.999999999999999667e-02 1.787792963205576013e+00
1.000000000000000056e-01 1.791300388453006764e+00
1.100000000000000006e-01 1.790163104968071073e+00
1.199999999999999956e-01 1.788489424784183601e+00
1.300000000000000044e-01 1.788830078114271194e+00
1.400000000000000133e-01 2.598108703560829014e+00
1.499999999999999944e-01 3.957528899548053758e+00
1.600000000000000033e-01 3.957528899548053758e+00
1.700000000000000122e-01 3.957528899548053758e+00
1.799999999999999933e-01 3.957528899548053758e+00
1.900000000000000022e-01 3.957528956196308290e+00
2.000000000000000111e-01 3.957528956196308290e+00
2.099999999999999922e-01 3.957528956196308290e+00
2.200000000000000011e-01 3.957529027006626343e+00
2.300000000000000100e-01 3.957529027006626343e+00
2.399999999999999911e-01 3.957529439165592411e+00
2.500000000000000000e-01 3.957510917446613430e+00
2.600000000000000089e-01 3.957501574265956723e+00
2.700000000000000178e-01 3.957493495161533481e+00
2.800000000000000266e-01 3.957494331352710670e+00
2.899999999999999800e-01 3.957453537676334232e+00
2.999999999999999889e-01 3.957392614850998136e+00
3.099999999999999978e-01 3.957336483502388091e+00
3.200000000000000067e-01 3.957180641119480313e+00
3.300000000000000155e-01 3.957075972473621306e+00
3.400000000000000244e-01 3.956983140859603676e+00
3.500000000000000333e-01 3.956872613067627054e+00
3.599999999999999867e-01 3.956046421618461650e+00
3.699999999999999956e-01 3.898147706897258757e+00
3.800000000000000044e-01 3.600121081924438471e+00
3.900000000000000133e-01 3.074155539638995904e+00
4.000000000000000222e-01 2.840333214163780262e+00
4.100000000000000311e-01 2.819034135122299389e+00
4.199999999999999845e-01 2.819034135122299389e+00
4.299999999999999933e-01 2.819034135122299389e+00
4.400000000000000022e-01 2.819034135122299389e+00
4.500000000000000111e-01 2.818918232038021277e+00
4.600000000000000200e-01 2.818637187213897555e+00
4.700000000000000289e-01 2.818224977610111370e+00
4.799999999999999822e-01 2.818099171612262754e+00
4.899999999999999911e-01 2.817954387574195696e+00
5.000000000000000000e-01 2.817538914759158963e+00
5.100000000000000089e-01 2.817113374884128607e+00
5.200000000000000178e-01 2.818883558156490388e+00
5.300000000000000266e-01 2.827490744664669098e+00
5.400000000000000355e-01 2.850587024691104698e+00
5.500000000000000444e-01 2.890905726525783592e+00
5.600000000000000533e-01 3.049858336961269512e+00
5.700000000000000622e-01 3.224297221059799323e+00
5.799999999999999600e-01 3.395748538799285843e+00
5.899999999999999689e-01 3.447933455858230634e+00
5.999999999999999778e-01 3.456751587841510709e+00
6.099999999999999867e-01 3.460074339416026934e+00
6.199999999999999956e-01 3.464030970289706968e+00
6.300000000000000044e-01 3.464548257062435077e+00
6.400000000000000133e-01 3.464812192814350045e+00
6.500000000000000222e-01 3.464812192814350045e+00
6.600000000000000311e-01 3.464812192814350045e+00
6.700000000000000400e-01 3.464812192814350045e+00
6.800000000000000488e-01 3.464812192814350045e+00
6.900000000000000577e-01 3.464812192814350045e+00
7.000000000000000666e-01 3.464811345517635477e+00
7.099999999999999645e-01 3.464811345517635477e+00
7.199999999999999734e-01 3.465017118551731112e+00
7.299999999999999822e-01 3.464756403577327948e+00
7.399999999999999911e-01 3.466240817291736498e+00
7.500000000000000000e-01 3.468041760740280033e+00
7.600000000000000089e-01 3.471079651203155425e+00
7.700000000000000178e-01 3.471275990698337477e+00
7.800000000000000266e-01 3.471367327814101955e+00
7.900000000000000355e-01 3.471737110369205404e+00
8.000000000000000444e-01 3.471428441226482420e+00
8.100000000000000533e-01 3.471253327500820163e+00
8.200000000000000622e-01 3.470892344498634152e+00
8.300000000000000711e-01 3.470571102337837388e+00
8.399999999999999689e-01 3.469565314710140402e+00
8.499999999999999778e-01 3.468631132304668352e+00
8.599999999999999867e-01 3.466860583095550563e+00
8.699999999999999956e-01 3.463866092817783571e+00
8.800000000000000044e-01 3.460277148180007867e+00
8.900000000000000133e-01 3.456154157354831558e+00
9.000000000000000222e-01 3.450010278882980508e+00
9.100000000000000311e-01 3.440962454993724773e+00
9.200000000000000400e-01 3.431577505695819763e+00
9.300000000000000488e-01 3.422730729625225177e+00
9.400000000000000577e-01 3.415958878405094268e+00
9.500000000000000666e-01 3.406825824868679131e+00
9.599999999999999645e-01 3.394050633909702519e+00
9.699999999999999734e-01 3.382806103303432455e+00
9.799999999999999822e-01 3.369591755449771853e+00
9.899999999999999911e-01 3.354635289628505657e+00
1.000000000000000000e+00 3.350254237329959750e+00
1.010000000000000009e+00 3.342314906721115086e+00
1.020000000000000018e+00 3.331558532273769302e+00
1.030000000000000027e+00 3.325923981783390104e+00
1.040000000000000036e+00 3.317752666192054889e+00
1.050000000000000044e+00 3.310976788325309617e+00
1.060000000000000053e+00 3.305829035575389874e+00
1.070000000000000062e+00 3.305435343549251392e+00
1.080000000000000071e+00 3.302709280333519182e+00
1.090000000000000080e+00 3.300036949741840253e+00
1.100000000000000089e+00 3.294965672910213250e+00
1.110000000000000098e+00 3.291505641078948941e+00
1.120000000000000107e+00 3.288811681675910759e+00
1.130000000000000115e+00 3.286950211601257443e+00
1.140000000000000124e+00 3.284050166585445574e+00
1.150000000000000133e+00 3.282606862657070135e+00
1.159999999999999920e+00 3.281639970052242283e+00
1.169999999999999929e+00 3.280954163994789230e+00
1.179999999999999938e+00 3.280520011696815619e+00
1.189999999999999947e+00 3.279732377989291958e+00
1.199999999999999956e+00 3.279304676284790165e+00
1.209999999999999964e+00 3.278804441432952910e+00
1.219999999999999973e+00 3.278674935266971513e+00
1.229999999999999982e+00 3.278480005941390996e+00
1.239999999999999991e+00 3.278253544282913268e+00
1.250000000000000000e+00 3.278114078085422545e+00
1.260000000000000009e+00 3.277987182321548509e+00
1.270000000000000018e+00 3.277860568580627465e+00
1.280000000000000027e+00 3.277479657075405228e+00
1.290000000000000036e+00 3.277366096200942991e+00
1.300000000000000044e+00 3.277195844624042564e+00
1.310000000000000053e+00 3.277169561908245043e+00
1.320000000000000062e+00 3.277184506962299348e+00
1.330000000000000071e+00 3.277169636440277145e+00
1.340000000000000080e+00 3.277191473913192876e+00
1.350000000000000089e+00 3.277210206058025488e+00
1.360000000000000098e+00 3.277260336728096135e+00
1.370000000000000107e+00 3.277274722604751389e+00
1.380000000000000115e+00 3.277293983914852049e+00
1.390000000000000124e+00 3.277315842123031508e+00
1.400000000000000133e+00 3.277337641093730713e+00
1.409999999999999920e+00 3.277376797270775022e+00
1.419999999999999929e+00 3.277377633814811730e+00
1.429999999999999938e+00 3.277403478412628246e+00
1.439999999999999947e+00 3.277411187074184440e+00
1.449999999999999956e+00 3.277411187074184440e+00
1.459999999999999964e+00 3.277392660868168051e+00
1.469999999999999973e+00 3.277368337659835706e+00
1.479999999999999982e+00 3.277350288286208890e+00
1.489999999999999991e+00 3.277338882954120791e+00
1.500000000000000000e+00 3.277294389345645875e+00
1.510000000000000009e+00 3.277166902070045573e+00
1.520000000000000018e+00 3.277102145144939360e+00
1.530000000000000027e+00 3.277076959955692370e+00
1.540000000000000036e+00 3.277051584606170742e+00
1.550000000000000044e+00 3.277032158842086762e+00
1.560000000000000053e+00 3.277021012051105409e+00
1.570000000000000062e+00 3.276990877046585204e+00
1.580000000000000071e+00 3.276951792423725252e+00
1.590000000000000080e+00 3.276926633870601790e+00
1.600000000000000089e+00 3.276809969272613365e+00
1.610000000000000098e+00 3.276845929899215637e+00
1.620000000000000107e+00 3.276942843301296371e+00
1.630000000000000115e+00 3.277024939370155376e+00
1.640000000000000124e+00 3.277040934858322263e+00
1.650000000000000133e+00 3.277006886577606082e+00
1.660000000000000142e+00 3.276982669415474003e+00
1.669999999999999929e+00 3.276962817218303847e+00
1.679999999999999938e+00 3.276954531376361945e+00
1.689999999999999947e+00 3.276850152244567660e+00
1.699999999999999956e+00 3.276864861345291313e+00
1.709999999999999964e+00 3.276879790792465386e+00
1.719999999999999973e+00 3.276878081669807319e+00
1.729999999999999982e+00 3.276896809742450678e+00
1.739999999999999991e+00 3.276901907997131325e+00
1.750000000000000000e+00 3.276900124690532490e+00
1.760000000000000009e+00 3.276916758191585455e+00
1.770000000000000018e+00 3.276918611721992391e+00
1.780000000000000027e+00 3.276922582123279692e+00
1.790000000000000036e+00 3.276928998191356524e+00
1.800000000000000044e+00 3.276934947648048269e+00
1.810000000000000053e+00 3.276936683111190796e+00
1.820000000000000062e+00 3.276939013986587490e+00
1.830000000000000071e+00 3.276939271678924737e+00
1.840000000000000080e+00 3.276939271678924737e+00
1.850000000000000089e+00 3.276939372076988377e+00
1.860000000000000098e+00 3.276939452395438934e+00
1.870000000000000107e+00 3.276939452395438934e+00
1.880000000000000115e+00 3.276939472475052018e+00
1.890000000000000124e+00 3.276940165040493014e+00
1.900000000000000133e+00 3.276940007760524853e+00
1.910000000000000142e+00 3.276940388193130271e+00
1.919999999999999929e+00 3.276941798362731806e+00
1.929999999999999938e+00 3.276941961677074300e+00
1.939999999999999947e+00 3.276941738994121334e+00
1.949999999999999956e+00 3.276941757497787489e+00
1.959999999999999964e+00 3.276942307634353568e+00
1.969999999999999973e+00 3.276944007477760490e+00
1.979999999999999982e+00 3.276948561794757797e+00
1.989999999999999991e+00 3.276948187582492622e+00
2.000000000000000000e+00 3.276947950797080900e+00
2.010000000000000231e+00 3.276937624320984010e+00
2.020000000000000018e+00 3.276925388622283997e+00
2.030000000000000249e+00 3.276866549453735455e+00
2.040000000000000036e+00 3.276823272042274304e+00
2.049999999999999822e+00 3.276738972892761392e+00
2.060000000000000053e+00 3.276683470301628098e+00
2.069999999999999840e+00 3.276601655502319410e+00
2.080000000000000071e+00 3.276532554373741135e+00
2.089999999999999858e+00 3.276459347097873565e+00
2.100000000000000089e+00 3.276342375032901710e+00
2.109999999999999876e+00 3.276247746293544871e+00
2.120000000000000107e+00 3.276156405715942466e+00
2.129999999999999893e+00 3.276133545801639624e+00
2.140000000000000124e+00 3.276117790582179889e+00
2.149999999999999911e+00 3.276115270128250323e+00
2.160000000000000142e+00 3.276126682453155414e+00
2.169999999999999929e+00 3.276142091379165677e+00
2.180000000000000160e+00 3.276149529337883060e+00
2.189999999999999947e+00 3.276150200281143121e+00
2.200000000000000178e+00 3.276155335454940865e+00
2.209999999999999964e+00 3.276155836243629604e+00
2.220000000000000195e+00 3.276161206424236472e+00
2.229999999999999982e+00 3.276170779418945411e+00
2.240000000000000213e+00 3.276188801856041000e+00
2.250000000000000000e+00 3.276206353044509800e+00
2.260000000000000231e+00 3.276209712753296088e+00
2.270000000000000018e+00 3.276236439247131482e+00
2.280000000000000249e+00 3.276261660919189467e+00
2.290000000000000036e+00 3.276322040572166472e+00
2.300000000000000266e+00 3.276375307152271432e+00
2.310000000000000053e+00 3.276391748819351246e+00
2.319999999999999840e+00 3.276416908407211448e+00
2.330000000000000071e+00 3.276450137138366525e+00
2.339999999999999858e+00 3.276544227774143003e+00
2.350000000000000089e+00 3.276664515023231417e+00
2.359999999999999876e+00 3.276953086287975214e+00
2.370000000000000107e+00 3.277137012019157414e+00
2.379999999999999893e+00 3.277361705291271132e+00
2.390000000000000124e+00 3.277599773330688304e+00
2.399999999999999911e+00 3.277768138291835776e+00
2.410000000000000142e+00 3.278031091811656861e+00
2.419999999999999929e+00 3.278277948601245662e+00
2.430000000000000160e+00 3.278607331840992067e+00
2.439999999999999947e+00 3.278714737772941756e+00
2.450000000000000178e+00 3.278846636908054446e+00
2.459999999999999964e+00 3.278987184119224629e+00
2.470000000000000195e+00 3.279223092603683387e+00
2.479999999999999982e+00 3.279374711735248749e+00
2.490000000000000213e+00 3.279421207382679171e+00
2.500000000000000000e+00 3.279474496228695024e+00
2.510000000000000231e+00 3.279527631354331785e+00
2.520000000000000018e+00 3.279559836626052771e+00
2.530000000000000249e+00 3.279575087301731084e+00
2.540000000000000036e+00 3.279727280640602149e+00
2.550000000000000266e+00 3.279769353561401424e+00
2.560000000000000053e+00 3.279774978129863960e+00
2.569999999999999840e+00 3.279804292082786343e+00
2.580000000000000071e+00 3.279805144886970503e+00
2.589999999999999858e+00 3.279825891344547273e+00
2.600000000000000089e+00 3.279823123412132446e+00
2.609999999999999876e+00 3.279836305718422107e+00
2.620000000000000107e+00 3.279838228185176785e+00
2.629999999999999893e+00 3.279839295027255908e+00
2.640000000000000124e+00 3.279889933054447315e+00
2.649999999999999911e+00 3.279919666574001358e+00
2.660000000000000142e+00 3.279855177912712083e+00
2.669999999999999929e+00 3.280145652074813789e+00
2.680000000000000160e+00 3.280715902404784945e+00
2.689999999999999947e+00 3.281274968671798575e+00
2.700000000000000178e+00 3.282021374921798795e+00
2.709999999999999964e+00 3.283244720690250418e+00
2.720000000000000195e+00 3.285155279932022054e+00
2.729999999999999982e+00 3.287534116625785874e+00
2.740000000000000213e+00 3.290833600475788323e+00
2.750000000000000000e+00 3.294565413148403010e+00
2.760000000000000231e+00 3.297936635699272312e+00
2.770000000000000018e+00 3.302043072857856920e+00
2.780000000000000249e+00 3.306670704290866958e+00
2.790000000000000036e+00 3.312521049721241173e+00
2.800000000000000266e+00 3.317768687438964914e+00
2.810000000000000053e+00 3.324346204304695185e+00
2.819999999999999840e+00 3.331484334714412743e+00
2.830000000000000071e+00 3.340251756625175261e+00
2.839999999999999858e+00 3.352000342373847808e+00
2.850000000000000089e+00 3.365535087924003577e+00
2.859999999999999876e+00 3.377939360010624004e+00
2.870000000000000107e+00 3.389758478519916629e+00
2.879999999999999893e+00 3.406619423568248539e+00
2.890000000000000124e+00 3.425533132035732287e+00
2.899999999999999911e+00 3.441200561273098035e+00
2.910000000000000142e+00 3.454831323890686257e+00
2.919999999999999929e+00 3.465880734233856231e+00
2.930000000000000160e+00 3.474314566919803671e+00
2.939999999999999947e+00 3.483587771253585874e+00
2.950000000000000178e+00 3.491763910551071159e+00
2.959999999999999964e+00 3.498095407946109958e+00
2.970000000000000195e+00 3.503485027022361642e+00
2.979999999999999982e+00 3.509404086601734196e+00
2.990000000000000213e+00 3.516310861279964506e+00
3.000000000000000000e+00 3.522911312139034301e+00
