0.000000000000000000e+00 5.958921182581782272e-01
1.000000000000000021e-02 5.958836544647813094e-01
2.000000000000000042e-02 5.958655665335058638e-01
2.999999999999999889e-02 8.990795340871811092e-01
4.000000000000000083e-02 1.317914353654384696e+00
5.000000000000000278e-02 1.357942490075230602e+00
5.999999999999999778e-02 1.357491669265627809e+00
7.000000000000000666e-02 1.463273108369708142e+00
8.000000000000000167e-02 2.649242470266222949e+00
8.999999999999999667e-02 3.775560720586180530e+00
1.000000000000000056e-01 3.880218285465240502e+00
1.100000000000000006e-01 3.957897219922542398e+00
1.199999999999999956e-01 3.957967542181015208e+00
1.300000000000000044e-01 3.958118981227874755e+00
1.400000000000000133e-01 3.958270017418861197e+00
1.499999999999999944e-01 3.958396634912491052e+00
1.600000000000000033e-01 3.958499327089786579e+00
1.700000000000000122e-01 3.958589791545867875e+00
1.799999999999999933e-01 3.958706402676105629e+00
1.900000000000000022e-01 3.958846678261756846e+00
2.000000000000000111e-01 3.958955381133556273e+00
2.099999999999999922e-01 3.959142534391880019e+00
2.200000000000000011e-01 3.959280322487354287e+00
2.300000000000000100e-01 3.959405309197902678e+00
2.399999999999999911e-01 3.959497309043407576e+00
2.500000000000000000e-01 3.959574667098522127e+00
2.600000000000000089e-01 3.959620239510535988e+00
2.700000000000000178e-01 3.959734661681652224e+00
2.800000000000000266e-01 3.959805323922634290e+00
2.899999999999999800e-01 3.959840298650264767e+00
2.999999999999999889e-01 3.959857375295162019e+00
3.099999999999999978e-01 3.959744109344482510e+00
3.200000000000000067e-01 3.959686596777439060e+00
3.300000000000000155e-01 3.959599911527633687e+00
3.400000000000000244e-01 3.959529257130622870e+00
3.500000000000000333e-01 3.959353299858570097e+00
3.599999999999999867e-01 3.958943492083549565e+00
3.699999999999999956e-01 3.958522778708934986e+00
3.800000000000000044e-01 3.956877372891903111e+00
3.900000000000000133e-01 3.953955484089851424e+00
4.000000000000000222e-01 3.947313746790885869e+00
4.100000000000000311e-01 3.933146749126910979e+00
4.199999999999999845e-01 3.910275093860626328e+00
4.299999999999999933e-01 3.877534884421825367e+00
4.400000000000000022e-01 3.796484871206283529e+00
4.500000000000000111e-01 3.696901979446411080e+00
4.600000000000000200e-01 3.625882335121631606e+00
4.700000000000000289e-01 3.528420761113166826e+00
4.799999999999999822e-01 3.419848579628467444e+00
4.899999999999999911e-01 3.308478928813934239e+00
5.000000000000000000e-01 3.172778213827609939e+00
5.100000000000000089e-01 3.017554782059192586e+00
5.200000000000000178e-01 2.968868928673267238e+00
5.300000000000000266e-01 2.954469261622429066e+00
5.400000000000000355e-01 2.915983207011223044e+00
5.500000000000000444e-01 2.909459863152504155e+00
5.600000000000000533e-01 2.908565430932045004e+00
5.700000000000000622e-01 2.920439060010910026e+00
5.799999999999999600e-01 2.948893068027496511e+00
5.899999999999999689e-01 2.962563322529792931e+00
5.999999999999999778e-01 2.980382466354370319e+00
6.099999999999999867e-01 2.985276987137794436e+00
6.199999999999999956e-01 2.991192890088558265e+00
6.300000000000000044e-01 3.013756544413566552e+00
6.400000000000000133e-01 3.025997023067474423e+00
6.500000000000000222e-01 3.035599144353866574e+00
6.600000000000000311e-01 3.053244155430793860e+00
6.700000000000000400e-01 3.077051605098247489e+00
6.800000000000000488e-01 3.092616786699295073e+00
6.900000000000000577e-01 3.109069243464469778e+00
7.000000000000000666e-01 3.125428703618049475e+00
7.099999999999999645e-01 3.140424624452590852e+00
7.199999999999999734e-01 3.153149093749523235e+00
7.299999999999999822e-01 3.169430313968658375e+00
7.399999999999999911e-01 3.191134360404014547e+00
7.500000000000000000e-01 3.206890752348899642e+00
7.600000000000000089e-01 3.219337901821136327e+00
7.700000000000000178e-01 3.229545937705040171e+00
7.800000000000000266e-01 3.239371461963653775e+00
7.900000000000000355e-01 3.248181058826446588e+00
8.000000000000000444e-01 3.257194696974754500e+00
8.100000000000000533e-01 3.266952041356563363e+00
8.200000000000000622e-01 3.276364932854175738e+00
8.300000000000000711e-01 3.287574875905513672e+00
8.399999999999999689e-01 3.295990570547580933e+00
8.499999999999999778e-01 3.302733189618587417e+00
8.599999999999999867e-01 3.308438876099586423e+00
8.699999999999999956e-01 3.314003278326988156e+00
8.800000000000000044e-01 3.321368004248142380e+00
8.900000000000000133e-01 3.327669711329936941e+00
9.000000000000000222e-01 3.335264079842567231e+00
9.100000000000000311e-01 3.342205457696914461e+00
9.200000000000000400e-01 3.351110301175117545e+00
9.300000000000000488e-01 3.361134684033393771e+00
9.400000000000000577e-01 3.372578680713176791e+00
9.500000000000000666e-01 3.384278813219070425e+00
9.599999999999999645e-01 3.396083804955482677e+00
9.699999999999999734e-01 3.402593440346717735e+00
9.799999999999999822e-01 3.408276129798889276e+00
9.899999999999999911e-01 3.414423158664703362e+00
1.000000000000000000e+00 3.418105313308239079e+00
1.010000000000000009e+00 3.422342035372257119e+00
1.020000000000000018e+00 3.425525445423126314e+00
1.030000000000000027e+00 3.427836050174236426e+00
1.040000000000000036e+00 3.429514638414382866e+00
1.050000000000000044e+00 3.431849945762157628e+00
1.060000000000000053e+00 3.433502170569896705e+00
1.070000000000000062e+00 3.435372887761592775e+00
1.080000000000000071e+00 3.437302853934764979e+00
1.090000000000000080e+00 3.438255967018604142e+00
1.100000000000000089e+00 3.438980703902244418e+00
1.110000000000000098e+00 3.439957259423732872e+00
1.120000000000000107e+00 3.440959638259410980e+00
1.130000000000000115e+00 3.440836568291187447e+00
1.140000000000000124e+00 3.439471573345661337e+00
1.150000000000000133e+00 3.438550795989036679e+00
1.159999999999999920e+00 3.437332662374973147e+00
1.169999999999999929e+00 3.436374463009834290e+00
1.179999999999999938e+00 3.435409508476257479e+00
1.189999999999999947e+00 3.434463126740455508e+00
1.199999999999999956e+00 3.433756629781723024e+00
1.209999999999999964e+00 3.433221119122505272e+00
1.219999999999999973e+00 3.431851282589435392e+00
1.229999999999999982e+00 3.430502338654994876e+00
1.239999999999999991e+00 3.429341467730998794e+00
1.250000000000000000e+00 3.428277314736843273e+00
1.260000000000000009e+00 3.427410779087543435e+00
1.270000000000000018e+00 3.427143370501994912e+00
1.280000000000000027e+00 3.427287589929103984e+00
1.290000000000000036e+00 3.427433880901336494e+00
1.300000000000000044e+00 3.426744927437305410e+00
1.310000000000000053e+00 3.426092732615471093e+00
1.320000000000000062e+00 3.425950777807235781e+00
1.330000000000000071e+00 3.425784757645130352e+00
1.340000000000000080e+00 3.425453328053951196e+00
1.350000000000000089e+00 3.425062854590415817e+00
1.360000000000000098e+00 3.424717917315959870e+00
1.370000000000000107e+00 3.424311649751663023e+00
1.380000000000000115e+00 3.424035960719585603e+00
1.390000000000000124e+00 3.423368174898624439e+00
1.400000000000000133e+00 3.422670118515491300e+00
1.409999999999999920e+00 3.422043221073150843e+00
1.419999999999999929e+00 3.421603550736904253e+00
1.429999999999999938e+00 3.420974631345272243e+00
1.439999999999999947e+00 3.419285253269672253e+00
1.449999999999999956e+00 3.416432690649032544e+00
1.459999999999999964e+00 3.413979460408687494e+00
1.469999999999999973e+00 3.409296876182556169e+00
1.479999999999999982e+00 3.406423018751144394e+00
1.489999999999999991e+00 3.400764873893260987e+00
1.500000000000000000e+00 3.397331301586627994e+00
1.510000000000000009e+00 3.394719202511310652e+00
1.520000000000000018e+00 3.391631575078964289e+00
1.530000000000000027e+00 3.388221231684684920e+00
1.540000000000000036e+00 3.384454961493015279e+00
1.550000000000000044e+00 3.380467408471107493e+00
1.560000000000000053e+00 3.377078727846145600e+00
1.570000000000000062e+00 3.372025842916965388e+00
1.580000000000000071e+00 3.366255935986042225e+00
1.590000000000000080e+00 3.359178072135448279e+00
1.600000000000000089e+00 3.353473992433547934e+00
1.610000000000000098e+00 3.349348229002952593e+00
1.620000000000000107e+00 3.345022593536377098e+00
1.630000000000000115e+00 3.341788037614822571e+00
1.640000000000000124e+00 3.339047467157840732e+00
1.650000000000000133e+00 3.337018010530471646e+00
1.660000000000000142e+00 3.334777080628871904e+00
1.669999999999999929e+00 3.333168633217811649e+00
1.679999999999999938e+00 3.331858167784214064e+00
1.689999999999999947e+00 3.330979937553405712e+00
1.699999999999999956e+00 3.330077053737640291e+00
1.709999999999999964e+00 3.329122147479057325e+00
1.719999999999999973e+00 3.328469820861816419e+00
1.729999999999999982e+00 3.327501142888069197e+00
1.739999999999999991e+00 3.326751162374019799e+00
1.750000000000000000e+00 3.325248821456432413e+00
1.760000000000000009e+00 3.324582567589283055e+00
1.770000000000000018e+00 3.323285592994690063e+00
1.780000000000000027e+00 3.322309724190235070e+00
1.790000000000000036e+00 3.320799980921745220e+00
1.800000000000000044e+00 3.318915824704170348e+00
1.810000000000000053e+00 3.316988539910316280e+00
1.820000000000000062e+00 3.315157333858013367e+00
1.830000000000000071e+00 3.313727681457996344e+00
1.840000000000000080e+00 3.310669488565921803e+00
1.850000000000000089e+00 3.308462100629806724e+00
1.860000000000000098e+00 3.306740214424133129e+00
1.870000000000000107e+00 3.305690825684070688e+00
1.880000000000000115e+00 3.304870016188621307e+00
1.890000000000000124e+00 3.301662886178493572e+00
1.900000000000000133e+00 3.282153097670078346e+00
1.910000000000000142e+00 3.265024451844692255e+00
1.919999999999999929e+00 3.261278916172981379e+00
1.929999999999999938e+00 3.261087667765617315e+00
1.939999999999999947e+00 3.261625392382144994e+00
1.949999999999999956e+00 3.251209382200241027e+00
1.959999999999999964e+00 3.254866413269042802e+00
1.969999999999999973e+00 3.255201002473831373e+00
1.979999999999999982e+00 3.267269309306144898e+00
1.989999999999999991e+00 3.278279773766994420e+00
2.000000000000000000e+00 3.290311425158977343e+00
2.010000000000000231e+00 3.311283888158798039e+00
2.020000000000000018e+00 3.332422715246677214e+00
2.030000000000000249e+00 3.353252214629649952e+00
2.040000000000000036e+00 3.362096938040256333e+00
2.049999999999999822e+00 3.366997323002815179e+00
2.060000000000000053e+00 3.371632807879447746e+00
2.069999999999999840e+00 3.376053034231662586e+00
2.080000000000000071e+00 3.380088959772586943e+00
2.089999999999999858e+00 3.384990301377773125e+00
2.100000000000000089e+00 3.389150559334754842e+00
2.109999999999999876e+00 3.393845976576804979e+00
2.120000000000000107e+00 3.397776754310131153e+00
2.129999999999999893e+00 3.403124780318737219e+00
2.140000000000000124e+00 3.406215355403423128e+00
2.149999999999999911e+00 3.410209000031948268e+00
2.160000000000000142e+00 3.414489777588844088e+00
2.169999999999999929e+00 3.418775761017799564e+00
2.180000000000000160e+00 3.423418208613395741e+00
2.189999999999999947e+00 3.427863978540897527e+00
2.200000000000000178e+00 3.432079779403209852e+00
2.209999999999999964e+00 3.435683306045532071e+00
2.220000000000000195e+00 3.439261132407188448e+00
2.229999999999999982e+00 3.444170486350059512e+00
2.240000000000000213e+00 3.448301155006885388e+00
2.250000000000000000e+00 3.453764038045406437e+00
2.260000000000000231e+00 3.459222078945636714e+00
2.270000000000000018e+00 3.464393691992759816e+00
2.280000000000000249e+00 3.470280436825752268e+00
2.290000000000000036e+00 3.476750185468196808e+00
2.300000000000000266e+00 3.482243687286377121e+00
2.310000000000000053e+00 3.488251473705768380e+00
2.319999999999999840e+00 3.494053533809184930e+00
2.330000000000000071e+00 3.499595024595260728e+00
2.339999999999999858e+00 3.505617567591666983e+00
2.350000000000000089e+00 3.512151967973708988e+00
2.359999999999999876e+00 3.519544508266449157e+00
2.370000000000000107e+00 3.526249349458217441e+00
2.379999999999999893e+00 3.533345208270549875e+00
2.390000000000000124e+00 3.542629492921829382e+00
2.399999999999999911e+00 3.552696033616066007e+00
2.410000000000000142e+00 3.562820186119079580e+00
2.419999999999999929e+00 3.572407821967601649e+00
2.430000000000000160e+00 3.582424795749187485e+00
2.439999999999999947e+00 3.591757996568679889e+00
2.450000000000000178e+00 3.601319230089187418e+00
2.459999999999999964e+00 3.610128705286979489e+00
2.470000000000000195e+00 3.619036107158660975e+00
2.479999999999999982e+00 3.628552803738117394e+00
2.490000000000000213e+00 3.636739295358657920e+00
2.500000000000000000e+00 3.644854789099693182e+00
2.510000000000000231e+00 3.652693657057285215e+00
2.520000000000000018e+00 3.659443835427761194e+00
2.530000000000000249e+00 3.665244494321346469e+00
2.540000000000000036e+00 3.670691050980090964e+00
2.550000000000000266e+00 3.674758698399066770e+00
2.560000000000000053e+00 3.678258617649078577e+00
2.569999999999999840e+00 3.681252049429416751e+00
2.580000000000000071e+00 3.683477609562873845e+00
2.589999999999999858e+00 3.685542872529029790e+00
2.600000000000000089e+00 3.687094221093654589e+00
2.609999999999999876e+00 3.688164936423301565e+00
2.620000000000000107e+00 3.688910101535320063e+00
2.629999999999999893e+00 3.689204516646861887e+00
2.640000000000000124e+00 3.689876933512687529e+00
2.649999999999999911e+00 3.690657151801586267e+00
2.660000000000000142e+00 3.691200112831592772e+00
2.669999999999999929e+00 3.691762513039112292e+00
2.680000000000000160e+00 3.692331221742629843e+00
2.689999999999999947e+00 3.692965246579646976e+00
2.700000000000000178e+00 3.693490382506847247e+00
2.709999999999999964e+00 3.693715539970397810e+00
2.720000000000000195e+00 3.694057725820541371e+00
2.729999999999999982e+00 3.694115920627117244e+00
2.740000000000000213e+00 3.693928315613269842e+00
2.750000000000000000e+00 3.694454627940654934e+00
2.760000000000000231e+00 3.694615532350540299e+00
2.770000000000000018e+00 3.694872558033466259e+00
2.780000000000000249e+00 3.694945594739913908e+00
2.790000000000000036e+00 3.694961555974483502e+00
2.800000000000000266e+00 3.694986624662876196e+00
2.810000000000000053e+00 3.695047462427615947e+00
2.819999999999999840e+00 3.695095562548637247e+00
2.830000000000000071e+00 3.695120495543479766e+00
2.839999999999999858e+00 3.695157242646217366e+00
2.850000000000000089e+00 3.695185753750801272e+00
2.859999999999999876e+00 3.695210488002300231e+00
2.870000000000000107e+00 3.695251798102855645e+00
2.879999999999999893e+00 3.695253410844802744e+00
2.890000000000000124e+00 3.695266617727279712e+00
2.899999999999999911e+00 3.695270920946597926e+00
2.910000000000000142e+00 3.695262107653618067e+00
2.919999999999999929e+00 3.695236083481311606e+00
2.930000000000000160e+00 3.695191504817008976e+00
2.939999999999999947e+00 3.695151093585490987e+00
2.950000000000000178e+00 3.695117144491672612e+00
2.959999999999999964e+00 3.695061339554786883e+00
2.970000000000000195e+00 3.695037705636024405e+00
2.979999999999999982e+00 3.694997230811118971e+00
2.990000000000000213e+00 3.694914886252880226e+00
3.000000000000000000e+00 3.694854376921653749e+00
