0.000000000000000000e+00 7.273625981683876640e-01 7.933859693198058727e-01
1.000000000000000021e-02 7.281823972403879131e-01 7.961323732364301575e-01
2.000000000000000042e-02 6.118858324312314023e-01 1.219995219657505903e+00
2.999999999999999889e-02 1.568775660501803060e+00 1.649094719256078090e+00
4.000000000000000083e-02 1.569183371247303782e+00 1.648259094532477764e+00
5.000000000000000278e-02 1.569790695752146581e+00 1.646995306783673341e+00
5.999999999999999778e-02 1.569755948030286063e+00 1.647533088811106605e+00
7.000000000000000666e-02 1.569498646829053490e+00 1.648644937260225651e+00
8.000000000000000167e-02 1.569047612079712328e+00 1.650296977029708456e+00
8.999999999999999667e-02 1.568657695447705613e+00 1.651118765907980457e+00
1.000000000000000056e-01 1.394172942093074408e+00 1.916981577550709304e+00
1.100000000000000006e-01 2.006402887907638544e+00 3.403592807564124634e+00
1.199999999999999956e-01 3.144174433792424228e+00 3.206681633421588185e+00
1.300000000000000044e-01 3.171935490583074113e+00 3.181753179622996086e+00
1.400000000000000133e-01 3.171935490583074113e+00 3.181753179622996086e+00
1.499999999999999944e-01 3.171935490583074113e+00 3.181753179622996086e+00
1.600000000000000033e-01 3.171935490583074113e+00 3.181753179622996086e+00
1.700000000000000122e-01 3.171935490583074113e+00 3.181753179622996086e+00
1.799999999999999933e-01 3.171935433705840079e+00 3.181751307116952088e+00
1.900000000000000022e-01 3.171935433705840079e+00 3.181751307116952088e+00
2.000000000000000111e-01 3.171935433705840079e+00 3.181751307116952088e+00
2.099999999999999922e-01 3.171935433705840079e+00 3.181751307116952088e+00
2.200000000000000011e-01 3.171934925552081008e+00 3.181750187777806271e+00
2.300000000000000100e-01 3.171934925552081008e+00 3.181750187777806271e+00
2.399999999999999911e-01 3.171934925552081008e+00 3.181750187777806271e+00
2.500000000000000000e-01 3.171938408335809090e+00 3.181749062209959344e+00
2.600000000000000089e-01 3.171938408335809090e+00 3.181749062209959344e+00
2.700000000000000178e-01 3.171939279245130194e+00 3.181748780604609195e+00
2.800000000000000266e-01 3.171939279245130194e+00 3.181748780604609195e+00
2.899999999999999800e-01 3.171941892485703907e+00 3.181747935275946570e+00
2.999999999999999889e-01 3.171941892485703907e+00 3.181747935275946570e+00
3.099999999999999978e-01 3.171941689225783900e+00 3.181747487538704622e+00
3.200000000000000067e-01 3.171942996126822845e+00 3.181747064593621221e+00
3.300000000000000155e-01 3.171942996126822845e+00 3.181747064593621221e+00
3.400000000000000244e-01 3.171942996126822845e+00 3.181747064593621221e+00
3.500000000000000333e-01 3.171942996126822845e+00 3.181747064593621221e+00
3.599999999999999867e-01 3.171942538864672478e+00 3.181746057112157189e+00
3.699999999999999956e-01 3.171942666311036163e+00 3.181745218796957708e+00
3.800000000000000044e-01 3.171944058216777940e+00 3.181735477248462729e+00
3.900000000000000133e-01 3.171944058216777940e+00 3.181735477248462729e+00
4.000000000000000222e-01 3.171945069821253682e+00 3.181727943212613319e+00
4.100000000000000311e-01 3.171945651045471770e+00 3.181724163078635925e+00
4.199999999999999845e-01 3.171945651045471770e+00 3.181724163078635925e+00
4.299999999999999933e-01 3.171945863900132334e+00 3.181718679370932445e+00
4.400000000000000022e-01 3.171945805443546540e+00 3.181718555294254180e+00
4.500000000000000111e-01 3.171950079017085589e+00 3.181708905667858911e+00
4.600000000000000200e-01 3.171951742065262980e+00 3.181697599684882416e+00
4.700000000000000289e-01 3.171950943339747475e+00 3.181694325639325527e+00
4.799999999999999822e-01 3.171950943339747475e+00 3.181694325639325527e+00
4.899999999999999911e-01 3.171950963826545067e+00 3.181692173976532256e+00
5.000000000000000000e-01 3.171951242990316278e+00 3.181686135864435716e+00
5.100000000000000089e-01 3.171950993442179012e+00 3.181684738645910393e+00
5.200000000000000178e-01 3.171950993442179012e+00 3.181684738645910393e+00
5.300000000000000266e-01 3.171951106423533506e+00 3.181682655850254893e+00
5.400000000000000355e-01 3.171950968948395122e+00 3.181682443617789957e+00
5.500000000000000444e-01 3.171950706052781399e+00 3.181680800166128975e+00
5.600000000000000533e-01 3.171950005945532336e+00 3.181679462280900150e+00
5.700000000000000622e-01 3.171948918834662123e+00 3.181677461475396207e+00
5.799999999999999600e-01 3.171948145212718284e+00 3.181676406956127412e+00
5.899999999999999689e-01 3.171948145212718284e+00 3.181676406956127412e+00
5.999999999999999778e-01 3.171948145212718284e+00 3.181676406956127412e+00
6.099999999999999867e-01 3.171948077915377695e+00 3.181676351553730520e+00
6.199999999999999956e-01 3.171948077915377695e+00 3.181676351553730520e+00
6.300000000000000044e-01 3.171948058605153165e+00 3.181676310019533993e+00
6.400000000000000133e-01 3.171947827469367542e+00 3.181675991533737591e+00
6.500000000000000222e-01 3.171947591948066858e+00 3.181675797605956646e+00
6.600000000000000311e-01 3.171947507835635172e+00 3.181675728343716258e+00
6.700000000000000400e-01 3.171947339614432870e+00 3.181675589815575300e+00
6.800000000000000488e-01 3.171947339614432870e+00 3.181675589815575300e+00
6.900000000000000577e-01 3.171947305970778785e+00 3.181675562109360200e+00
7.000000000000000666e-01 3.171947289149025018e+00 3.181675548256179376e+00
7.099999999999999645e-01 3.171947255505663144e+00 3.181675520549672953e+00
7.199999999999999734e-01 3.171947255505663144e+00 3.181675520549672953e+00
7.299999999999999822e-01 3.171946885441571329e+00 3.181675215765208176e+00
7.399999999999999911e-01 3.171946717238430580e+00 3.181675077219004777e+00
7.500000000000000000e-01 3.171946464942872801e+00 3.181674869390547222e+00
7.600000000000000089e-01 3.171946464942872801e+00 3.181674869390547222e+00
7.700000000000000178e-01 3.171946464942872801e+00 3.181674869390547222e+00
7.800000000000000266e-01 3.171946194946390740e+00 3.181674681098836110e+00
7.900000000000000355e-01 3.171946194946390740e+00 3.181674681098836110e+00
8.000000000000000444e-01 3.171946194946390740e+00 3.181674681098836110e+00
8.100000000000000533e-01 3.171946194946390740e+00 3.181674681098836110e+00
8.200000000000000622e-01 3.171946194946390740e+00 3.181674681098836110e+00
8.300000000000000711e-01 3.171946194946390740e+00 3.181674681098836110e+00
8.399999999999999689e-01 3.171946194946390740e+00 3.181674681098836110e+00
8.499999999999999778e-01 3.171946194946390740e+00 3.181674681098836110e+00
8.599999999999999867e-01 3.171946194946390740e+00 3.181674681098836110e+00
8.699999999999999956e-01 3.171946194946390740e+00 3.181674681098836110e+00
8.800000000000000044e-01 3.171946194946390740e+00 3.181674681098836110e+00
8.900000000000000133e-01 3.171946194946390740e+00 3.181674681098836110e+00
9.000000000000000222e-01 3.171946194946390740e+00 3.181674681098836110e+00
9.100000000000000311e-01 3.171946194946390740e+00 3.181674681098836110e+00
9.200000000000000400e-01 3.171946194946390740e+00 3.181674681098836110e+00
9.300000000000000488e-01 3.171946194946390740e+00 3.181674681098836110e+00
9.400000000000000577e-01 3.171946194946390740e+00 3.181674681098836110e+00
9.500000000000000666e-01 3.171946194946390740e+00 3.181674681098836110e+00
9.599999999999999645e-01 3.171946194946390740e+00 3.181674681098836110e+00
9.699999999999999734e-01 3.171946194946390740e+00 3.181674681098836110e+00
9.799999999999999822e-01 3.171946194946390740e+00 3.181674681098836110e+00
9.899999999999999911e-01 3.171946194946390740e+00 3.181674681098836110e+00
1.000000000000000000e+00 3.171946194946390740e+00 3.181674681098836110e+00
1.010000000000000009e+00 3.171946194946390740e+00 3.181674681098836110e+00
1.020000000000000018e+00 3.171946194946390740e+00 3.181674681098836110e+00
1.030000000000000027e+00 3.171946194946390740e+00 3.181674681098836110e+00
1.040000000000000036e+00 3.171946194946390740e+00 3.181674681098836110e+00
1.050000000000000044e+00 3.171946194946390740e+00 3.181674681098836110e+00
1.060000000000000053e+00 3.171946194946390740e+00 3.181674681098836110e+00
1.070000000000000062e+00 3.171946194946390740e+00 3.181674681098836110e+00
1.080000000000000071e+00 3.171946194946390740e+00 3.181674681098836110e+00
1.090000000000000080e+00 3.171946194946390740e+00 3.181674681098836110e+00
1.100000000000000089e+00 3.171946194946390740e+00 3.181674681098836110e+00
1.110000000000000098e+00 3.171946194946390740e+00 3.181674681098836110e+00
1.120000000000000107e+00 3.171945928256422409e+00 3.181674745361894541e+00
1.130000000000000115e+00 3.171945928256422409e+00 3.181674745361894541e+00
1.140000000000000124e+00 3.171945928256422409e+00 3.181674745361894541e+00
1.150000000000000133e+00 3.171945928256422409e+00 3.181674745361894541e+00
1.159999999999999920e+00 3.171945928256422409e+00 3.181674745361894541e+00
1.169999999999999929e+00 3.171945386676874534e+00 3.181674532632741581e+00
1.179999999999999938e+00 3.171943657953383511e+00 3.181674022295830628e+00
1.189999999999999947e+00 3.171943657953383511e+00 3.181674022295830628e+00
1.199999999999999956e+00 3.171939220545916260e+00 3.181675150725217005e+00
1.209999999999999964e+00 3.171938347344485098e+00 3.181674818162831375e+00
1.219999999999999973e+00 3.171938354939586535e+00 3.181674823518627182e+00
1.229999999999999982e+00 3.171935189102413233e+00 3.181675535709140412e+00
1.239999999999999991e+00 3.171925377778579858e+00 3.181677330222556499e+00
1.250000000000000000e+00 3.171910100636506691e+00 3.181683579030012865e+00
1.260000000000000009e+00 3.171890657768745125e+00 3.181688083142738765e+00
1.270000000000000018e+00 3.171844562602251116e+00 3.181695003704816394e+00
1.280000000000000027e+00 3.171829194111130956e+00 3.181698922196127821e+00
1.290000000000000036e+00 3.171799874631114236e+00 3.181707223547749486e+00
1.300000000000000044e+00 3.171793681082405669e+00 3.181708831262908710e+00
1.310000000000000053e+00 3.171762144983762077e+00 3.181718472820764809e+00
1.320000000000000062e+00 3.171717458182464533e+00 3.181740485977043065e+00
1.330000000000000071e+00 3.171691142215806281e+00 3.181750505409163488e+00
1.340000000000000080e+00 3.171669072870373363e+00 3.181762411690592707e+00
1.350000000000000089e+00 3.171664270535551555e+00 3.181764181584275430e+00
1.360000000000000098e+00 3.171622954230952640e+00 3.181781930083584786e+00
1.370000000000000107e+00 3.171593005487451045e+00 3.181796710708608700e+00
1.380000000000000115e+00 3.171588510464505628e+00 3.181797766858263099e+00
1.390000000000000124e+00 3.171543395253104691e+00 3.181818248151856210e+00
1.400000000000000133e+00 3.171535062556424922e+00 3.181821951732477505e+00
1.409999999999999920e+00 3.171483497912302330e+00 3.181848738101110019e+00
1.419999999999999929e+00 3.171464530681774807e+00 3.181858783026530357e+00
1.429999999999999938e+00 3.171452760162102091e+00 3.181863719649566047e+00
1.439999999999999947e+00 3.171434485671424941e+00 3.181873949048614758e+00
1.449999999999999956e+00 3.171329316858031877e+00 3.181930477200767715e+00
1.459999999999999964e+00 3.171297923863176216e+00 3.181947643134352077e+00
1.469999999999999973e+00 3.171277913475304189e+00 3.181955986003607961e+00
1.479999999999999982e+00 3.171276770573993264e+00 3.181958560041050266e+00
1.489999999999999991e+00 3.171274872831947977e+00 3.181963073864333413e+00
1.500000000000000000e+00 3.171262386961751556e+00 3.181971388816065005e+00
1.510000000000000009e+00 3.171256447952262025e+00 3.181973034865387628e+00
1.520000000000000018e+00 3.171192781137492478e+00 3.182007917724583468e+00
1.530000000000000027e+00 3.171178073477841863e+00 3.182014242772959633e+00
1.540000000000000036e+00 3.171166434014474067e+00 3.182020608665312889e+00
1.550000000000000044e+00 3.171159409098024629e+00 3.182023132753972749e+00
1.560000000000000053e+00 3.171111282568221945e+00 3.182048608913177645e+00
1.570000000000000062e+00 3.171102641771088582e+00 3.182053159367789430e+00
1.580000000000000071e+00 3.171098664887685548e+00 3.182055351182680791e+00
1.590000000000000080e+00 3.171084805187357247e+00 3.182063421421872818e+00
1.600000000000000089e+00 3.171072400380336997e+00 3.182068896983897499e+00
1.610000000000000098e+00 3.171052244829714706e+00 3.182082341251790236e+00
1.620000000000000107e+00 3.171049461548846704e+00 3.182083853404003460e+00
1.630000000000000115e+00 3.171011211629231941e+00 3.182104412293116358e+00
1.640000000000000124e+00 3.170987932238302776e+00 3.182115330157555988e+00
1.650000000000000133e+00 3.170987679079218857e+00 3.182115232402638050e+00
1.660000000000000142e+00 3.170982861715340384e+00 3.182118700813269641e+00
1.669999999999999929e+00 3.170982265890227580e+00 3.182119260455978704e+00
1.679999999999999938e+00 3.170977427037414476e+00 3.182122934719864293e+00
1.689999999999999947e+00 3.170971846405150618e+00 3.182128006514428176e+00
1.699999999999999956e+00 3.170971763710809910e+00 3.182128374529050951e+00
1.709999999999999964e+00 3.170962581763165922e+00 3.182132996392351920e+00
1.719999999999999973e+00 3.170962720624207698e+00 3.182135480726958399e+00
1.729999999999999982e+00 3.170956437134185180e+00 3.182138877778610819e+00
1.739999999999999991e+00 3.170948015655504992e+00 3.182142641316426879e+00
1.750000000000000000e+00 3.170948069419499138e+00 3.182142217312220911e+00
1.760000000000000009e+00 3.170948098433803874e+00 3.182142236763644494e+00
1.770000000000000018e+00 3.170917149490159570e+00 3.182188292399603657e+00
1.780000000000000027e+00 3.170634726489615751e+00 3.182549992815422613e+00
1.790000000000000036e+00 3.170172427993331876e+00 3.183144164976562163e+00
1.800000000000000044e+00 3.169906314142939330e+00 3.183493039022686766e+00
1.810000000000000053e+00 3.169532841942265033e+00 3.183982884652660328e+00
1.820000000000000062e+00 3.169249449980056532e+00 3.184379814918243845e+00
1.830000000000000071e+00 3.169141934148830053e+00 3.184526631977993461e+00
1.840000000000000080e+00 3.169088081977606386e+00 3.184581125862359308e+00
1.850000000000000089e+00 3.168782472687758034e+00 3.184985574568711453e+00
1.860000000000000098e+00 3.168484830243317507e+00 3.185387556021483935e+00
1.870000000000000107e+00 3.168288727093613755e+00 3.185656676572882429e+00
1.880000000000000115e+00 3.168084511392316838e+00 3.185948546430864337e+00
1.890000000000000124e+00 3.167620133226040302e+00 3.186606793215152500e+00
1.900000000000000133e+00 3.167399619397778032e+00 3.186909751668315138e+00
1.910000000000000142e+00 3.167006288527529190e+00 3.187456784072835614e+00
1.919999999999999929e+00 3.166667545245139603e+00 3.187913464080841752e+00
1.929999999999999938e+00 3.166533625476260827e+00 3.188091283433536649e+00
1.939999999999999947e+00 3.166127759534791419e+00 3.188655767891928061e+00
1.949999999999999956e+00 3.166058894421969860e+00 3.188760305192555045e+00
1.959999999999999964e+00 3.166056327282654959e+00 3.188791747601759763e+00
1.969999999999999973e+00 3.165973860682415708e+00 3.188973286558222764e+00
1.979999999999999982e+00 3.165961951443390543e+00 3.189019528296752615e+00
1.989999999999999991e+00 3.165940866269383314e+00 3.189057400890078497e+00
2.000000000000000000e+00 3.165939791375964152e+00 3.189079949520260637e+00
2.010000000000000231e+00 3.165942724685137932e+00 3.189097173038059729e+00
2.020000000000000018e+00 3.165937351313769632e+00 3.189120631707966780e+00
2.030000000000000249e+00 3.165757672641025700e+00 3.189429113700641416e+00
2.040000000000000036e+00 3.165501942696115734e+00 3.189824300971486615e+00
2.049999999999999822e+00 3.165462294886729033e+00 3.189937082359174170e+00
2.060000000000000053e+00 3.165342749485087648e+00 3.190154166608738517e+00
2.069999999999999840e+00 3.165302874315816251e+00 3.190237278191011772e+00
2.080000000000000071e+00 3.165183162979650522e+00 3.190388443155717457e+00
2.089999999999999858e+00 3.165129432353259276e+00 3.190505161090610997e+00
2.100000000000000089e+00 3.165093905742553115e+00 3.190570172612282374e+00
2.109999999999999876e+00 3.164957937625025863e+00 3.190771527854824541e+00
2.120000000000000107e+00 3.163023622801977464e+00 3.193071242467683479e+00
2.129999999999999893e+00 3.146603719494895923e+00 3.212956928874893148e+00
2.140000000000000124e+00 3.132046572226117487e+00 3.233067733298708557e+00
2.149999999999999911e+00 3.116787506697555887e+00 3.256999067599395392e+00
2.160000000000000142e+00 3.102927406821404333e+00 3.281849372691954869e+00
2.169999999999999929e+00 3.088963320925773193e+00 3.311215631467758325e+00
2.180000000000000160e+00 3.080267410631805980e+00 3.332250369114249544e+00
2.189999999999999947e+00 3.069208294639461876e+00 3.363230068044788190e+00
2.200000000000000178e+00 3.058041789751827277e+00 3.401086158870876286e+00
2.209999999999999964e+00 3.046308891507627958e+00 3.462742510980126642e+00
2.220000000000000195e+00 3.041489194051841594e+00 3.539498375809570163e+00
2.229999999999999982e+00 3.051862779432284345e+00 3.639322169369709759e+00
2.240000000000000213e+00 3.086272075132141524e+00 3.752485592371215262e+00
2.250000000000000000e+00 3.155176723083600976e+00 3.869986093183412912e+00
2.260000000000000231e+00 3.266863368939163959e+00 3.978874992848632441e+00
2.270000000000000018e+00 3.391995993450545477e+00 4.046718354980088250e+00
2.280000000000000249e+00 3.523915204889163100e+00 4.078613453539029265e+00
2.290000000000000036e+00 3.673785211975984399e+00 4.070535055701322236e+00
2.300000000000000266e+00 3.765874907924054327e+00 4.043294808114649364e+00
2.310000000000000053e+00 3.824515601631727435e+00 4.015308195470247199e+00
2.319999999999999840e+00 3.849963509792007077e+00 4.000038051663720395e+00
2.330000000000000071e+00 3.859491604401461995e+00 3.993866922004826403e+00
2.339999999999999858e+00 3.869917848384734071e+00 3.986778839699868016e+00
2.350000000000000089e+00 3.871822133543321165e+00 3.985434019186667065e+00
2.359999999999999876e+00 3.871822133543321165e+00 3.985434019186667065e+00
2.370000000000000107e+00 3.871822133543321165e+00 3.985434019186667065e+00
2.379999999999999893e+00 3.871822133543321165e+00 3.985434019186667065e+00
2.390000000000000124e+00 3.871822133543321165e+00 3.985434019186667065e+00
2.399999999999999911e+00 3.871822133543321165e+00 3.985434019186667065e+00
2.410000000000000142e+00 3.871822133543321165e+00 3.985434019186667065e+00
2.419999999999999929e+00 3.871822133543321165e+00 3.985434019186667065e+00
2.430000000000000160e+00 3.871822133543321165e+00 3.985434019186667065e+00
2.439999999999999947e+00 3.871822133543321165e+00 3.985434019186667065e+00
2.450000000000000178e+00 3.871822133543321165e+00 3.985434019186667065e+00
2.459999999999999964e+00 3.871822133543321165e+00 3.985434019186667065e+00
2.470000000000000195e+00 3.871822133543321165e+00 3.985434019186667065e+00
2.479999999999999982e+00 3.871822133543321165e+00 3.985434019186667065e+00
2.490000000000000213e+00 3.871822133543321165e+00 3.985434019186667065e+00
2.500000000000000000e+00 3.871832472136905956e+00 3.985433482090541268e+00
2.510000000000000231e+00 3.871861791569761735e+00 3.985432613680787384e+00
2.520000000000000018e+00 3.871931737632920090e+00 3.985430013327429855e+00
2.530000000000000249e+00 3.871944727856743373e+00 3.985430982177626813e+00
2.540000000000000036e+00 3.871979646996532853e+00 3.985434083167041397e+00
2.550000000000000266e+00 3.872135816555187127e+00 3.985433537158802331e+00
2.560000000000000053e+00 3.872207227054654588e+00 3.985451389712275194e+00
2.569999999999999840e+00 3.872268589484884505e+00 3.985473864304826197e+00
2.580000000000000071e+00 3.872394413899721943e+00 3.985475343609509391e+00
2.589999999999999858e+00 3.872476055985682120e+00 3.985475143355138083e+00
2.600000000000000089e+00 3.872442135298179711e+00 3.985509520790649685e+00
2.609999999999999876e+00 3.872460369651240075e+00 3.985526821792202856e+00
2.620000000000000107e+00 3.872466181737526547e+00 3.985522417405501727e+00
2.629999999999999893e+00 3.872445901150059377e+00 3.985545540834117162e+00
2.640000000000000124e+00 3.872530864989629951e+00 3.985549177916177133e+00
2.649999999999999911e+00 3.872463544325486673e+00 3.985579982672079247e+00
2.660000000000000142e+00 3.872561768185323938e+00 3.985585392869287258e+00
2.669999999999999929e+00 3.872621744803783184e+00 3.985589001675251541e+00
2.680000000000000160e+00 3.872699456897378933e+00 3.985654264068006380e+00
2.689999999999999947e+00 3.872597256421473233e+00 3.985779864101979264e+00
2.700000000000000178e+00 3.872656569201233356e+00 3.985806869242904060e+00
2.709999999999999964e+00 3.872499643497238964e+00 3.985886688337553885e+00
2.720000000000000195e+00 3.872451122936876100e+00 3.985903276701300069e+00
2.729999999999999982e+00 3.872403078586144076e+00 3.985950944021658948e+00
2.740000000000000213e+00 3.872212853842105229e+00 3.986019338650379940e+00
2.750000000000000000e+00 3.871787231698503362e+00 3.986145850977430349e+00
2.760000000000000231e+00 3.871668449055168715e+00 3.986220798481490135e+00
2.770000000000000018e+00 3.871637104826451736e+00 3.986227290424821934e+00
2.780000000000000249e+00 3.871560750082925662e+00 3.986222835694357425e+00
2.790000000000000036e+00 3.871675285497302887e+00 3.986195816907291523e+00
2.800000000000000266e+00 3.871880399066772949e+00 3.986144605663451745e+00
2.810000000000000053e+00 3.872126533461377917e+00 3.986092099174692649e+00
2.819999999999999840e+00 3.872110661347065719e+00 3.986117485625590096e+00
2.830000000000000071e+00 3.872051629126322947e+00 3.986125668480144935e+00
2.839999999999999858e+00 3.872009231195833401e+00 3.986145311436269267e+00
2.850000000000000089e+00 3.871850504615715227e+00 3.986180600764342774e+00
2.859999999999999876e+00 3.871688295309334560e+00 3.986245997526854712e+00
2.870000000000000107e+00 3.871385108631366645e+00 3.986398905731922238e+00
2.879999999999999893e+00 3.870420572457895947e+00 3.986770054754628756e+00
2.890000000000000124e+00 3.869560779323052202e+00 3.986990452881385316e+00
2.899999999999999911e+00 3.867150094719924880e+00 3.988293209456405641e+00
2.910000000000000142e+00 3.862222525652590832e+00 3.990944955049809728e+00
2.919999999999999929e+00 3.856684095153256386e+00 3.993782133236483567e+00
2.930000000000000160e+00 3.851090686431669852e+00 3.996699161724305505e+00
2.939999999999999947e+00 3.847648356725688501e+00 3.998200528939251264e+00
2.950000000000000178e+00 3.843604790571173879e+00 4.000234314925232404e+00
2.959999999999999964e+00 3.833982733482824479e+00 4.005484644051088061e+00
2.970000000000000195e+00 3.814769229520976523e+00 4.016257897258579845e+00
2.979999999999999982e+00 3.800262083215604214e+00 4.023514595637430524e+00
2.990000000000000213e+00 3.561099680159730330e+00 3.591428033515768892e+00
3.000000000000000000e+00 3.561099680159730330e+00 3.591428033515768892e+00
