0.000000000000000000e+00 5.464253377172536563e-01 8.816654265260510659e-01
1.000000000000000021e-02 8.825267729440273712e-01 1.060504787357753331e+00
2.000000000000000042e-02 9.174846120254533943e-01 1.092652003944681205e+00
2.999999999999999889e-02 9.520685494459906195e-01 1.626194406226750377e+00
4.000000000000000083e-02 1.737790876130103968e+00 1.831733648589611185e+00
5.000000000000000278e-02 1.755554019467523430e+00 1.818892488169977506e+00
5.999999999999999778e-02 1.755709576691965923e+00 1.818873918069024098e+00
7.000000000000000666e-02 1.755898778398403248e+00 1.818883473603359224e+00
8.000000000000000167e-02 1.755933027577657901e+00 1.818941684477071385e+00
8.999999999999999667e-02 1.755724831774833072e+00 1.819861094636318954e+00
1.000000000000000056e-01 1.739601636165968968e+00 1.842999140740044561e+00
1.100000000000000006e-01 1.747494802946073955e+00 1.832831406990068190e+00
1.199999999999999956e-01 1.754794536826855156e+00 1.822184312741512047e+00
1.300000000000000044e-01 1.754545702811524999e+00 1.823114453417017389e+00
1.400000000000000133e-01 1.560880299893262935e+00 3.635337107228394871e+00
1.499999999999999944e-01 3.919818921098309428e+00 3.995238877997798088e+00
1.600000000000000033e-01 3.919818921098309428e+00 3.995238877997798088e+00
1.700000000000000122e-01 3.919818921098309428e+00 3.995238877997798088e+00
1.799999999999999933e-01 3.919818921098309428e+00 3.995238877997798088e+00
1.900000000000000022e-01 3.919818954708435221e+00 3.995238957684181358e+00
2.000000000000000111e-01 3.919818954708435221e+00 3.995238957684181358e+00
2.099999999999999922e-01 3.919818954708435221e+00 3.995238957684181358e+00
2.200000000000000011e-01 3.919818996721230686e+00 3.995239057292022000e+00
2.300000000000000100e-01 3.919818996721230686e+00 3.995239057292022000e+00
2.399999999999999911e-01 3.919819192694206755e+00 3.995239685636978066e+00
2.500000000000000000e-01 3.919793977835189125e+00 3.995227857058037735e+00
2.600000000000000089e-01 3.919777351665502785e+00 3.995225796866410661e+00
2.700000000000000178e-01 3.919743808527335283e+00 3.995243181795731680e+00
2.800000000000000266e-01 3.919744608122745166e+00 3.995244054582676174e+00
2.899999999999999800e-01 3.919607203506496163e+00 3.995299871846172302e+00
2.999999999999999889e-01 3.919387806354507564e+00 3.995397423347488708e+00
3.099999999999999978e-01 3.919150155006017933e+00 3.995522811998758250e+00
3.200000000000000067e-01 3.918627947957923574e+00 3.995733334281037052e+00
3.300000000000000155e-01 3.918362432106353044e+00 3.995789512840889568e+00
3.400000000000000244e-01 3.918119163168549246e+00 3.995847118550658106e+00
3.500000000000000333e-01 3.917637606947887097e+00 3.996107619187367010e+00
3.599999999999999867e-01 3.914425568632346586e+00 3.997667274604576715e+00
3.699999999999999956e-01 3.656807330412726209e+00 4.139488083381791306e+00
3.800000000000000044e-01 3.084373152542250640e+00 4.115869011306626746e+00
3.900000000000000133e-01 2.607893898817408740e+00 3.540417180460583069e+00
4.000000000000000222e-01 2.681881658994353934e+00 2.998784769333206590e+00
4.100000000000000311e-01 2.769376487612881466e+00 2.868691782631717313e+00
4.199999999999999845e-01 2.769376487612881466e+00 2.868691782631717313e+00
4.299999999999999933e-01 2.769376487612881466e+00 2.868691782631717313e+00
4.400000000000000022e-01 2.769376487612881466e+00 2.868691782631717313e+00
4.500000000000000111e-01 2.769234932596576382e+00 2.868601531479466171e+00
4.600000000000000200e-01 2.768774545813671217e+00 2.868499828614123892e+00
4.700000000000000289e-01 2.767903453349353615e+00 2.868546501870869125e+00
4.799999999999999822e-01 2.767564189076708203e+00 2.868634154147817306e+00
4.899999999999999911e-01 2.767250436962414017e+00 2.868658338185977374e+00
5.000000000000000000e-01 2.766335890445416723e+00 2.868741939072901204e+00
5.100000000000000089e-01 2.765233303953466670e+00 2.868993445814790544e+00
5.200000000000000178e-01 2.757713227775731468e+00 2.880053888537249307e+00
5.300000000000000266e-01 2.729487666977620908e+00 2.925493822351717288e+00
5.400000000000000355e-01 2.692534626540068032e+00 3.008639422842141364e+00
5.500000000000000444e-01 2.674340549869475669e+00 3.107470903182091515e+00
5.600000000000000533e-01 2.736336771438016680e+00 3.363379902484522344e+00
5.700000000000000622e-01 2.917504792986191919e+00 3.531089649133406727e+00
5.799999999999999600e-01 3.200161441144238950e+00 3.591335636454332736e+00
5.899999999999999689e-01 3.343006116584274601e+00 3.552860795132186666e+00
5.999999999999999778e-01 3.376828918759096521e+00 3.536674256923924897e+00
6.099999999999999867e-01 3.389991124795341371e+00 3.530157554036712497e+00
6.199999999999999956e-01 3.407586126891676948e+00 3.520475813687736988e+00
6.300000000000000044e-01 3.409992773326690152e+00 3.519103740798180002e+00
6.400000000000000133e-01 3.411210132254977268e+00 3.518414253373722822e+00
6.500000000000000222e-01 3.411210132254977268e+00 3.518414253373722822e+00
6.600000000000000311e-01 3.411210132254977268e+00 3.518414253373722822e+00
6.700000000000000400e-01 3.411210132254977268e+00 3.518414253373722822e+00
6.800000000000000488e-01 3.411210132254977268e+00 3.518414253373722822e+00
6.900000000000000577e-01 3.411210132254977268e+00 3.518414253373722822e+00
7.000000000000000666e-01 3.411206381998432846e+00 3.518416309036838108e+00
7.099999999999999645e-01 3.411206381998432846e+00 3.518416309036838108e+00
7.199999999999999734e-01 3.411718202223294139e+00 3.518316034880168086e+00
7.299999999999999822e-01 3.411534513088733789e+00 3.517978294065922107e+00
7.399999999999999911e-01 3.413203389897514928e+00 3.519278244685958068e+00
7.500000000000000000e-01 3.415715775740784999e+00 3.520367745739775067e+00
7.600000000000000089e-01 3.419369472279524036e+00 3.522789830126786814e+00
7.700000000000000178e-01 3.419836641265667776e+00 3.522715340131007178e+00
7.800000000000000266e-01 3.418740186082930510e+00 3.523994469545273400e+00
7.900000000000000355e-01 3.417892340647700422e+00 3.525581880090710385e+00
8.000000000000000444e-01 3.417086130823375534e+00 3.525770751629589306e+00
8.100000000000000533e-01 3.416673696169300722e+00 3.525832958832339603e+00
8.200000000000000622e-01 3.415784738982136748e+00 3.525999950015131557e+00
8.300000000000000711e-01 3.415030388251490301e+00 3.526111816424184475e+00
8.399999999999999689e-01 3.412663007998467446e+00 3.526467621421813359e+00
8.499999999999999778e-01 3.410438135447915187e+00 3.526824129161421517e+00
8.599999999999999867e-01 3.406633317592149712e+00 3.527087848598951414e+00
8.699999999999999956e-01 3.398305768364076052e+00 3.529426417271491090e+00
8.800000000000000044e-01 3.386136144267252845e+00 3.534418152092762888e+00
8.900000000000000133e-01 3.367395700990877483e+00 3.544912613718785632e+00
9.000000000000000222e-01 3.351311126904192861e+00 3.548709430861768155e+00
9.100000000000000311e-01 3.333849087475132311e+00 3.548075822512317234e+00
9.200000000000000400e-01 3.309611320227397346e+00 3.553543691164242180e+00
9.300000000000000488e-01 3.287316709550409222e+00 3.558144749700041132e+00
9.400000000000000577e-01 3.273962816111084528e+00 3.557954940699104007e+00
9.500000000000000666e-01 3.258967024447820826e+00 3.554684625289537436e+00
9.599999999999999645e-01 3.246917657421757752e+00 3.541183610397647286e+00
9.699999999999999734e-01 3.236545842771848758e+00 3.529066363835016151e+00
9.799999999999999822e-01 3.225360936245427634e+00 3.513822574654116071e+00
9.899999999999999911e-01 3.219668315356990274e+00 3.489602263900021040e+00
1.000000000000000000e+00 3.223912881629626970e+00 3.476595593030292530e+00
1.010000000000000009e+00 3.228148682889235843e+00 3.456481130552994330e+00
1.020000000000000018e+00 3.227421222319653893e+00 3.435695842227884711e+00
1.030000000000000027e+00 3.224247282352921129e+00 3.427600681213859080e+00
1.040000000000000036e+00 3.216308931273099692e+00 3.419196401111010086e+00
1.050000000000000044e+00 3.207704011900502916e+00 3.414249564750116317e+00
1.060000000000000053e+00 3.201910626182993713e+00 3.409747444967786034e+00
1.070000000000000062e+00 3.210409474655461448e+00 3.400461212443041337e+00
1.080000000000000071e+00 3.209356815216195091e+00 3.396061745450843272e+00
1.090000000000000080e+00 3.210145514577806836e+00 3.389928384905873671e+00
1.100000000000000089e+00 3.219238049715230865e+00 3.370693296105195635e+00
1.110000000000000098e+00 3.228226380230324821e+00 3.354784901927573060e+00
1.120000000000000107e+00 3.233170130157228872e+00 3.344453233194592645e+00
1.130000000000000115e+00 3.237562303759563331e+00 3.336338119442951555e+00
1.140000000000000124e+00 3.248081565073408061e+00 3.320018768097483086e+00
1.150000000000000133e+00 3.252804762223060031e+00 3.312408963091080238e+00
1.159999999999999920e+00 3.255516418520643551e+00 3.307763521583841015e+00
1.169999999999999929e+00 3.256387370082218347e+00 3.305520957907360113e+00
1.179999999999999938e+00 3.257064881855709526e+00 3.303975141537921711e+00
1.189999999999999947e+00 3.258296545110689557e+00 3.301168210867894359e+00
1.199999999999999956e+00 3.258954196694348937e+00 3.299655155875231394e+00
1.209999999999999964e+00 3.259648524395645897e+00 3.297960358470259923e+00
1.219999999999999973e+00 3.259903993878776163e+00 3.297445876655166863e+00
1.229999999999999982e+00 3.260359752114718290e+00 3.296600259768063701e+00
1.239999999999999991e+00 3.260796372459681347e+00 3.295710716106145188e+00
1.250000000000000000e+00 3.261081293300906569e+00 3.295146862869938520e+00
1.260000000000000009e+00 3.261373553088562360e+00 3.294600811554534658e+00
1.270000000000000018e+00 3.261569611306058825e+00 3.294151525855196105e+00
1.280000000000000027e+00 3.262177230901424085e+00 3.292782083249386371e+00
1.290000000000000036e+00 3.262536558151365895e+00 3.292195634250520087e+00
1.300000000000000044e+00 3.263044190570417058e+00 3.291347498677668071e+00
1.310000000000000053e+00 3.263189568421148934e+00 3.291149555395341153e+00
1.320000000000000062e+00 3.263381107741072373e+00 3.290987906183526324e+00
1.330000000000000071e+00 3.263453930142948600e+00 3.290885342737605690e+00
1.340000000000000080e+00 3.263518080359062434e+00 3.290864867467323318e+00
1.350000000000000089e+00 3.263575566251231574e+00 3.290844845864819401e+00
1.360000000000000098e+00 3.263732075885805717e+00 3.290788597570386553e+00
1.370000000000000107e+00 3.263775540217503490e+00 3.290773904991999288e+00
1.380000000000000115e+00 3.263832387353157394e+00 3.290755580476546704e+00
1.390000000000000124e+00 3.263895150892818453e+00 3.290736533353244564e+00
1.400000000000000133e+00 3.263963480945001550e+00 3.290711801242459877e+00
1.409999999999999920e+00 3.264089091647655483e+00 3.290664502893894561e+00
1.419999999999999929e+00 3.264091961929252328e+00 3.290663305700371133e+00
1.429999999999999938e+00 3.264180047735097290e+00 3.290626909090159202e+00
1.439999999999999947e+00 3.264201951167311488e+00 3.290620422981057391e+00
1.449999999999999956e+00 3.264201951167311488e+00 3.290620422981057391e+00
1.459999999999999964e+00 3.264178670664040993e+00 3.290606651072295108e+00
1.469999999999999973e+00 3.264138463363960074e+00 3.290598211955711339e+00
1.479999999999999982e+00 3.264113774156695680e+00 3.290586802415722101e+00
1.489999999999999991e+00 3.264109399393340105e+00 3.290568366514901477e+00
1.500000000000000000e+00 3.264070314453441313e+00 3.290518464237850438e+00
1.510000000000000009e+00 3.263973081698635426e+00 3.290360722441455721e+00
1.520000000000000018e+00 3.263854284625635316e+00 3.290350005664243405e+00
1.530000000000000027e+00 3.263824878890528414e+00 3.290329041020856327e+00
1.540000000000000036e+00 3.263784047352345841e+00 3.290319121859995644e+00
1.550000000000000044e+00 3.263738719015468970e+00 3.290325598668704554e+00
1.560000000000000053e+00 3.263719367624758672e+00 3.290322656477452146e+00
1.570000000000000062e+00 3.263661937156014492e+00 3.290319816937155917e+00
1.580000000000000071e+00 3.263617599134618796e+00 3.290285985712831707e+00
1.590000000000000080e+00 3.263586423123299607e+00 3.290266844617903974e+00
1.600000000000000089e+00 3.263348754669310292e+00 3.290271183875916439e+00
1.610000000000000098e+00 3.263490565141270228e+00 3.290201294657161046e+00
1.620000000000000107e+00 3.263800132416092570e+00 3.290085554186500172e+00
1.630000000000000115e+00 3.264077379337220197e+00 3.289972499403090556e+00
1.640000000000000124e+00 3.264121010104787057e+00 3.289960859611857469e+00
1.650000000000000133e+00 3.263995766424664158e+00 3.290018006730548006e+00
1.660000000000000142e+00 3.263906628055411652e+00 3.290058710775536355e+00
1.669999999999999929e+00 3.263831937508261394e+00 3.290093696928346301e+00
1.679999999999999938e+00 3.263798864939379651e+00 3.290110197813344239e+00
1.689999999999999947e+00 3.263506699280965151e+00 3.290193605208170169e+00
1.699999999999999956e+00 3.263524983785216715e+00 3.290204738905365911e+00
1.709999999999999964e+00 3.263558054829482913e+00 3.290201526755447858e+00
1.719999999999999973e+00 3.263546127861842727e+00 3.290210035477771910e+00
1.729999999999999982e+00 3.263588101841802036e+00 3.290205517643099320e+00
1.739999999999999991e+00 3.263597749883410781e+00 3.290206066110851868e+00
1.750000000000000000e+00 3.263590953029610553e+00 3.290209296351454427e+00
1.760000000000000009e+00 3.263635554098644587e+00 3.290197962284526323e+00
1.770000000000000018e+00 3.263640024659039796e+00 3.290197198784944987e+00
1.780000000000000027e+00 3.263649590940083556e+00 3.290195573306475829e+00
1.790000000000000036e+00 3.263668708925369977e+00 3.290189287457343070e+00
1.800000000000000044e+00 3.263684326147384240e+00 3.290185569148712297e+00
1.810000000000000053e+00 3.263689424073122680e+00 3.290183942149258911e+00
1.820000000000000062e+00 3.263694399531092749e+00 3.290183628442082231e+00
1.830000000000000071e+00 3.263694916902628140e+00 3.290183626455221333e+00
1.840000000000000080e+00 3.263694916902628140e+00 3.290183626455221333e+00
1.850000000000000089e+00 3.263695123654036578e+00 3.290183620499940176e+00
1.860000000000000098e+00 3.263695289056322224e+00 3.290183615734555644e+00
1.870000000000000107e+00 3.263695289056322224e+00 3.290183615734555644e+00
1.880000000000000115e+00 3.263695330407057948e+00 3.290183614543046087e+00
1.890000000000000124e+00 3.263696064841000943e+00 3.290184265239985084e+00
1.900000000000000133e+00 3.263695858420746276e+00 3.290184157100303430e+00
1.910000000000000142e+00 3.263696298509714211e+00 3.290184477876546332e+00
1.919999999999999929e+00 3.263697882436230380e+00 3.290185714289233232e+00
1.929999999999999938e+00 3.263698218398359163e+00 3.290185704955789436e+00
1.939999999999999947e+00 3.263697851044737419e+00 3.290185626943505248e+00
1.949999999999999956e+00 3.263697858354842385e+00 3.290185656640732592e+00
1.959999999999999964e+00 3.263698346361656011e+00 3.290186268907051126e+00
1.969999999999999973e+00 3.263699872439160821e+00 3.290188142516360159e+00
1.979999999999999982e+00 3.263703971016147953e+00 3.290193152573367641e+00
1.989999999999999991e+00 3.263703926904658381e+00 3.290192448260326863e+00
2.000000000000000000e+00 3.263703649642597959e+00 3.290192251951563840e+00
2.010000000000000231e+00 3.263692163269948932e+00 3.290183085372019089e+00
2.020000000000000018e+00 3.263660065802769239e+00 3.290190711441798754e+00
2.030000000000000249e+00 3.263489381319233829e+00 3.290243717588237082e+00
2.040000000000000036e+00 3.263393932487095306e+00 3.290252611597453303e+00
2.049999999999999822e+00 3.263184143589854092e+00 3.290293802195668693e+00
2.060000000000000053e+00 3.263050763022792733e+00 3.290316177580463464e+00
2.069999999999999840e+00 3.262837755914118620e+00 3.290365555090520200e+00
2.080000000000000071e+00 3.262666242597439314e+00 3.290398866150042956e+00
2.089999999999999858e+00 3.262482818044424526e+00 3.290435876151322603e+00
2.100000000000000089e+00 3.262156144521289658e+00 3.290528605544513763e+00
2.109999999999999876e+00 3.261933056707441381e+00 3.290562435879648362e+00
2.120000000000000107e+00 3.261741394529892535e+00 3.290571416901992396e+00
2.129999999999999893e+00 3.261656121642966255e+00 3.290610969960312993e+00
2.140000000000000124e+00 3.261630180671144963e+00 3.290605400493214816e+00
2.149999999999999911e+00 3.261626773886993735e+00 3.290603766369506911e+00
2.160000000000000142e+00 3.261651672440856409e+00 3.290601692465454420e+00
2.169999999999999929e+00 3.261682210113673985e+00 3.290601972644657369e+00
2.180000000000000160e+00 3.261702465243502047e+00 3.290596593432264072e+00
2.189999999999999947e+00 3.261717288253939806e+00 3.290583112308346436e+00
2.200000000000000178e+00 3.261747656699320874e+00 3.290563014210560855e+00
2.209999999999999964e+00 3.261750182345633409e+00 3.290561490141625800e+00
2.220000000000000195e+00 3.261765172111150690e+00 3.290557240737322253e+00
2.229999999999999982e+00 3.261777813335723142e+00 3.290563745502167681e+00
2.240000000000000213e+00 3.261816916502258135e+00 3.290560687209823865e+00
2.250000000000000000e+00 3.261850396592581358e+00 3.290562309496438242e+00
2.260000000000000231e+00 3.261831750951307285e+00 3.290587674555284892e+00
2.270000000000000018e+00 3.261877414178651069e+00 3.290595464315611896e+00
2.280000000000000249e+00 3.261887296596787333e+00 3.290636025241591600e+00
2.290000000000000036e+00 3.261887801066908121e+00 3.290756280077424822e+00
2.300000000000000266e+00 3.261904938058688863e+00 3.290845676245854001e+00
2.310000000000000053e+00 3.261916287490695510e+00 3.290867210148006983e+00
2.319999999999999840e+00 3.261930022746218683e+00 3.290903794068204213e+00
2.330000000000000071e+00 3.261950855835987984e+00 3.290949418440745067e+00
2.339999999999999858e+00 3.262039295852736220e+00 3.291049159695549786e+00
2.350000000000000089e+00 3.262083911744350306e+00 3.291245118302112527e+00
2.359999999999999876e+00 3.262268725855428375e+00 3.291637446720522053e+00
2.370000000000000107e+00 3.262357340389101967e+00 3.291916683649212860e+00
2.379999999999999893e+00 3.262362775058633257e+00 3.292360635523909007e+00
2.390000000000000124e+00 3.262379220133287294e+00 3.292820326528089314e+00
2.399999999999999911e+00 3.262323853953061903e+00 3.293212422630609648e+00
2.410000000000000142e+00 3.262341894007963816e+00 3.293720289615349905e+00
2.419999999999999929e+00 3.262368222138980922e+00 3.294187675063510401e+00
2.430000000000000160e+00 3.262343297681248977e+00 3.294871366000735158e+00
2.439999999999999947e+00 3.262327687902921713e+00 3.295101787642961799e+00
2.450000000000000178e+00 3.262343458817838382e+00 3.295349814998270510e+00
2.459999999999999964e+00 3.262284044080781431e+00 3.295690324157667828e+00
2.470000000000000195e+00 3.262173207443854306e+00 3.296272977763512468e+00
2.479999999999999982e+00 3.262154823075506638e+00 3.296594600394990859e+00
2.490000000000000213e+00 3.262140224770549768e+00 3.296702189994808574e+00
2.500000000000000000e+00 3.262108946346940375e+00 3.296840046110449673e+00
2.510000000000000231e+00 3.262066958990923027e+00 3.296988303717740543e+00
2.520000000000000018e+00 3.262043414332310043e+00 3.297076258919795499e+00
2.530000000000000249e+00 3.261956766079407100e+00 3.297193408524055069e+00
2.540000000000000036e+00 3.261832663092576468e+00 3.297621898188627831e+00
2.550000000000000266e+00 3.261625847539532330e+00 3.297912859583270517e+00
2.560000000000000053e+00 3.261607391137020251e+00 3.297942565122707670e+00
2.569999999999999840e+00 3.261603591975951844e+00 3.298004992189620843e+00
2.580000000000000071e+00 3.261621361396747520e+00 3.297988928377193485e+00
2.589999999999999858e+00 3.261621497100021028e+00 3.298030285589073518e+00
2.600000000000000089e+00 3.261654608936913391e+00 3.297991637887351501e+00
2.609999999999999876e+00 3.261636194007140777e+00 3.298036417429703437e+00
2.620000000000000107e+00 3.261622119833843758e+00 3.298054336536509812e+00
2.629999999999999893e+00 3.261568325190259188e+00 3.298110264864252628e+00
2.640000000000000124e+00 3.261010056017648928e+00 3.298769810091245702e+00
2.649999999999999911e+00 3.260494078992352662e+00 3.299345254155650053e+00
2.660000000000000142e+00 3.259917482328172689e+00 3.299792873497251477e+00
2.669999999999999929e+00 3.258426068586456559e+00 3.301865235563171019e+00
2.680000000000000160e+00 3.256382254473612292e+00 3.305049550335957598e+00
2.689999999999999947e+00 3.254268766562409709e+00 3.308281170781187441e+00
2.700000000000000178e+00 3.252293893983702056e+00 3.311748855859895535e+00
2.709999999999999964e+00 3.249318256137031735e+00 3.317171185243469100e+00
2.720000000000000195e+00 3.245978222170986527e+00 3.324332337693057582e+00
2.729999999999999982e+00 3.242343802905387928e+00 3.332724430346183819e+00
2.740000000000000213e+00 3.239132302155520282e+00 3.342534898796056364e+00
2.750000000000000000e+00 3.236151713635144311e+00 3.352979112661661709e+00
2.760000000000000231e+00 3.234072872918303254e+00 3.361800398480241370e+00
2.770000000000000018e+00 3.231087594467273671e+00 3.372998551248440169e+00
2.780000000000000249e+00 3.228378355294277746e+00 3.384963053287456169e+00
2.790000000000000036e+00 3.226172476685510659e+00 3.398869622756971687e+00
2.800000000000000266e+00 3.225128662661401080e+00 3.410408712216528748e+00
2.810000000000000053e+00 3.223945558158250790e+00 3.424746850451139579e+00
2.819999999999999840e+00 3.224844471103490484e+00 3.438124198325335001e+00
2.830000000000000071e+00 3.226840212350853943e+00 3.453663300899496580e+00
2.839999999999999858e+00 3.231391072240410445e+00 3.472609612507285171e+00
2.850000000000000089e+00 3.241235424129671472e+00 3.489834751718335681e+00
2.859999999999999876e+00 3.249510601145844557e+00 3.506368118875403450e+00
2.870000000000000107e+00 3.256268540159428238e+00 3.523248416880405021e+00
2.879999999999999893e+00 3.276569837413664477e+00 3.536669009722832602e+00
2.890000000000000124e+00 3.304374220446258281e+00 3.546692043625206292e+00
2.899999999999999911e+00 3.327066335489557769e+00 3.555334787056638302e+00
2.910000000000000142e+00 3.349146775514232122e+00 3.560515872267140391e+00
2.919999999999999929e+00 3.366981016084996892e+00 3.564780452382715570e+00
2.930000000000000160e+00 3.381232957331559597e+00 3.567396176508047745e+00
2.939999999999999947e+00 3.398081665614261837e+00 3.569093876892909911e+00
2.950000000000000178e+00 3.414058345702994934e+00 3.569469475399147385e+00
2.959999999999999964e+00 3.427631376419734810e+00 3.568559439472485106e+00
2.970000000000000195e+00 3.439930117741461402e+00 3.567039936303261882e+00
2.979999999999999982e+00 3.454601372803699277e+00 3.564206800399769115e+00
2.990000000000000213e+00 3.475119324281757738e+00 3.557502398278171274e+00
3.000000000000000000e+00 3.502931476465209748e+00 3.542891147812858854e+00
