0.000000000000000000e+00 1.860517591190841424e-01 2.038988789137694824e-01
1.000000000000000021e-02 8.330371731475563202e-01 8.698109106620579567e-01
2.000000000000000042e-02 8.330466356935837258e-01 8.697926880964896856e-01
2.999999999999999889e-02 8.330661142312187906e-01 8.697852666021685941e-01
4.000000000000000083e-02 8.330491399782994355e-01 8.698096129101416940e-01
5.000000000000000278e-02 8.048861542575052042e-01 9.074584628422568411e-01
5.999999999999999778e-02 3.896823683494107016e+00 3.992164331399425059e+00
7.000000000000000666e-02 3.896822777924231929e+00 3.992159653969117095e+00
8.000000000000000167e-02 3.896590845903720179e+00 3.992323501511250150e+00
8.999999999999999667e-02 3.886678775967354671e+00 3.998755963140731229e+00
1.000000000000000056e-01 3.878858092300185412e+00 4.003646931751481119e+00
1.100000000000000006e-01 3.873941746341400538e+00 4.006500256999320442e+00
1.199999999999999956e-01 3.870770902915353862e+00 4.008183800882939352e+00
1.300000000000000044e-01 3.860218257172823630e+00 4.013638519512891634e+00
1.400000000000000133e-01 3.844280693090673218e+00 4.021355011336091856e+00
1.499999999999999944e-01 3.811327519816949838e+00 4.039107888293668402e+00
1.600000000000000033e-01 3.754519798733783276e+00 4.062580422933506519e+00
1.700000000000000122e-01 3.679282706855660390e+00 4.082830498539085085e+00
1.799999999999999933e-01 3.554770905092022204e+00 4.090070878979900293e+00
1.900000000000000022e-01 3.346159039673250568e+00 4.029380352202016624e+00
2.000000000000000111e-01 3.141395989904076202e+00 3.826683319464057043e+00
2.099999999999999922e-01 3.075441857784218413e+00 3.595710558044486582e+00
2.200000000000000011e-01 3.096005994856315446e+00 3.423687489082855251e+00
2.300000000000000100e-01 3.155072537879929140e+00 3.294061369071021428e+00
2.399999999999999911e-01 3.179309654765005266e+00 3.258845424409036351e+00
2.500000000000000000e-01 3.185639604332084485e+00 3.249906734836464306e+00
2.600000000000000089e-01 3.189542797868655910e+00 3.244216215126110470e+00
2.700000000000000178e-01 3.192929254150996599e+00 3.239396522087444552e+00
2.800000000000000266e-01 3.195045999455651486e+00 3.236534756469527263e+00
2.899999999999999800e-01 3.199036800038508765e+00 3.231305487649746233e+00
2.999999999999999889e-01 3.200941678510914379e+00 3.228847575982799256e+00
3.099999999999999978e-01 3.202179402362628657e+00 3.227277305153087639e+00
3.200000000000000067e-01 3.202819195155949483e+00 3.226472219286112608e+00
3.300000000000000155e-01 3.203289951598935925e+00 3.225892515775865999e+00
3.400000000000000244e-01 3.203902751360806711e+00 3.225146329578485904e+00
3.500000000000000333e-01 3.204160103065961884e+00 3.224833827202325587e+00
3.599999999999999867e-01 3.204160103065961884e+00 3.224833827202325587e+00
3.699999999999999956e-01 3.204160103065961884e+00 3.224833827202325587e+00
3.800000000000000044e-01 3.204160103065961884e+00 3.224833827202325587e+00
3.900000000000000133e-01 3.204160103065961884e+00 3.224833827202325587e+00
4.000000000000000222e-01 3.204160103065961884e+00 3.224833827202325587e+00
4.100000000000000311e-01 3.204160103065961884e+00 3.224833827202325587e+00
4.199999999999999845e-01 3.204160103065961884e+00 3.224833827202325587e+00
4.299999999999999933e-01 3.204160103065961884e+00 3.224833827202325587e+00
4.400000000000000022e-01 3.204160103065961884e+00 3.224833827202325587e+00
4.500000000000000111e-01 3.204160103065961884e+00 3.224833827202325587e+00
4.600000000000000200e-01 3.204161362657035994e+00 3.224833829608474645e+00
4.700000000000000289e-01 3.204166086807261227e+00 3.224833837947835402e+00
4.799999999999999822e-01 3.204170812037563820e+00 3.224833845207118799e+00
4.899999999999999911e-01 3.204170812037563820e+00 3.224833845207118799e+00
5.000000000000000000e-01 3.204172072281485040e+00 3.224833846960419859e+00
5.100000000000000089e-01 3.204184902854866568e+00 3.224834082664542745e+00
5.200000000000000178e-01 3.204186007694613370e+00 3.224834203272450406e+00
5.300000000000000266e-01 3.204187207953872019e+00 3.224834352214394073e+00
5.400000000000000355e-01 3.204187608056035419e+00 3.224834401845965370e+00
5.500000000000000444e-01 3.204186838596019271e+00 3.224831669475880069e+00
5.600000000000000533e-01 3.204186594025844048e+00 3.224830587713963137e+00
5.700000000000000622e-01 3.204165340206830859e+00 3.224837043268472758e+00
5.799999999999999600e-01 3.204129253236223995e+00 3.224855567105840315e+00
5.899999999999999689e-01 3.204082446921463490e+00 3.224871637584571626e+00
5.999999999999999778e-01 3.203726044704224396e+00 3.225111016195510327e+00
6.099999999999999867e-01 3.203379038931846612e+00 3.225327753398894881e+00
6.199999999999999956e-01 3.203203640035762412e+00 3.225433619566784316e+00
6.300000000000000044e-01 3.203293752335621747e+00 3.225398478856966733e+00
6.400000000000000133e-01 3.203661089629618708e+00 3.225176813293011868e+00
6.500000000000000222e-01 3.203706602216447763e+00 3.225153398579870156e+00
6.600000000000000311e-01 3.203852045704629337e+00 3.225044082983229199e+00
6.700000000000000400e-01 3.204015440631637901e+00 3.224942460149993195e+00
6.800000000000000488e-01 3.204013916097343984e+00 3.224932897600470749e+00
6.900000000000000577e-01 3.204001121948352626e+00 3.224931932885059638e+00
7.000000000000000666e-01 3.204032075395824464e+00 3.224909253849743251e+00
7.099999999999999645e-01 3.204105503558015489e+00 3.224867090912962642e+00
7.199999999999999734e-01 3.204211379867756726e+00 3.224789540423190104e+00
7.299999999999999822e-01 3.204202374401804221e+00 3.224786786832098073e+00
7.399999999999999911e-01 3.204191764114746377e+00 3.224784872943511793e+00
7.500000000000000000e-01 3.204190344448093697e+00 3.224783281383510669e+00
7.600000000000000089e-01 3.204176242831259458e+00 3.224779611355752529e+00
7.700000000000000178e-01 3.204174077469135629e+00 3.224779213970874192e+00
7.800000000000000266e-01 3.204151227820029924e+00 3.224774422275909380e+00
7.900000000000000355e-01 3.204136752463909055e+00 3.224772638610271969e+00
8.000000000000000444e-01 3.204124933759979310e+00 3.224773320496268969e+00
8.100000000000000533e-01 3.204123960122756909e+00 3.224771620345421308e+00
8.200000000000000622e-01 3.204122043005852127e+00 3.224770285680862436e+00
8.300000000000000711e-01 3.204122551230269345e+00 3.224770540352982273e+00
8.399999999999999689e-01 3.204122707610162823e+00 3.224770618710485426e+00
8.499999999999999778e-01 3.204121230550178279e+00 3.224770841717354397e+00
8.599999999999999867e-01 3.204120755326732350e+00 3.224770867712512867e+00
8.699999999999999956e-01 3.204120755326732350e+00 3.224770867712512867e+00
8.800000000000000044e-01 3.204120755326732350e+00 3.224770867712512867e+00
8.900000000000000133e-01 3.204120772531477535e+00 3.224771562788041557e+00
9.000000000000000222e-01 3.204120648205691424e+00 3.224771131360119725e+00
9.100000000000000311e-01 3.204120608400821801e+00 3.224771101699352549e+00
9.200000000000000400e-01 3.204118481959979725e+00 3.224771653352100920e+00
9.300000000000000488e-01 3.204117736832614138e+00 3.224771960862164111e+00
9.400000000000000577e-01 3.204113961177497583e+00 3.224772727422088980e+00
9.500000000000000666e-01 3.204114216258616477e+00 3.224772822906880609e+00
9.599999999999999645e-01 3.204081790300275845e+00 3.224778005866144159e+00
9.699999999999999734e-01 3.204080242450580318e+00 3.224777361466541148e+00
9.799999999999999822e-01 3.204078476502374873e+00 3.224777569578214820e+00
9.899999999999999911e-01 3.204071199195972053e+00 3.224778812410244111e+00
1.000000000000000000e+00 3.204069304560754450e+00 3.224779505129721446e+00
1.010000000000000009e+00 3.204063724905087174e+00 3.224780683278010596e+00
1.020000000000000018e+00 3.204060597675366218e+00 3.224781031505542295e+00
1.030000000000000027e+00 3.204057338166545588e+00 3.224787184128452555e+00
1.040000000000000036e+00 3.204048697007908952e+00 3.224791968103633000e+00
1.050000000000000044e+00 3.204047376412754833e+00 3.224792087131137297e+00
1.060000000000000053e+00 3.204037437707983660e+00 3.224799265201486076e+00
1.070000000000000062e+00 3.204025447123224346e+00 3.224809641897504520e+00
1.080000000000000071e+00 3.204023470713180721e+00 3.224811841915565580e+00
1.090000000000000080e+00 3.204014760892793579e+00 3.224838159324720177e+00
1.100000000000000089e+00 3.204003034113329651e+00 3.224845712095814942e+00
1.110000000000000098e+00 3.204001106011131750e+00 3.224855499461433350e+00
1.120000000000000107e+00 3.203987177364433947e+00 3.224866347062979699e+00
1.130000000000000115e+00 3.203984905887345302e+00 3.224873682464858060e+00
1.140000000000000124e+00 3.203978789736831256e+00 3.224875297286903919e+00
1.150000000000000133e+00 3.203967117734557668e+00 3.224879292053573820e+00
1.159999999999999920e+00 3.203934442403906679e+00 3.224892737633592077e+00
1.169999999999999929e+00 3.203915230242243339e+00 3.224900865362653413e+00
1.179999999999999938e+00 3.203895741011532738e+00 3.224915949633685219e+00
1.189999999999999947e+00 3.203858837074422983e+00 3.224937295156335981e+00
1.199999999999999956e+00 3.203751876865934989e+00 3.224998903110909865e+00
1.209999999999999964e+00 3.203624818909260430e+00 3.225075109298136677e+00
1.219999999999999973e+00 3.203425026204713699e+00 3.225185284530989183e+00
1.229999999999999982e+00 3.203404079493724854e+00 3.225194909711635471e+00
1.239999999999999991e+00 3.203316932627215063e+00 3.225242010410771965e+00
1.250000000000000000e+00 3.203202479055620611e+00 3.225300867311261310e+00
1.260000000000000009e+00 3.203055503779148605e+00 3.225377666138911525e+00
1.270000000000000018e+00 3.202842388992027445e+00 3.225489401059432382e+00
1.280000000000000027e+00 3.202815269730040715e+00 3.225495553543618055e+00
1.290000000000000036e+00 3.202315726727521294e+00 3.225923618441545848e+00
1.300000000000000044e+00 3.201064763329753760e+00 3.227472339216937769e+00
1.310000000000000053e+00 3.199683741763761802e+00 3.228921137968369770e+00
1.320000000000000062e+00 3.196641045710806761e+00 3.232980857026810373e+00
1.330000000000000071e+00 3.194601889096123859e+00 3.235686296919958682e+00
1.340000000000000080e+00 3.191999087636038457e+00 3.239131248181298606e+00
1.350000000000000089e+00 3.188098602175777341e+00 3.244935873370105472e+00
1.360000000000000098e+00 3.182152263239051315e+00 3.254516291539047756e+00
1.370000000000000107e+00 3.176018052220672239e+00 3.265198258871704340e+00
1.380000000000000115e+00 3.170060101229835059e+00 3.276557908847641531e+00
1.390000000000000124e+00 3.164564087878822818e+00 3.289562932995200306e+00
1.400000000000000133e+00 3.158311965273051136e+00 3.306582168404431421e+00
1.409999999999999920e+00 3.153404863059668273e+00 3.322574593031259127e+00
1.419999999999999929e+00 3.149178678185262648e+00 3.339111996911249491e+00
1.429999999999999938e+00 3.145958437425496967e+00 3.356872983258363696e+00
1.439999999999999947e+00 3.143802021428720117e+00 3.373115616286619378e+00
1.449999999999999956e+00 3.142047926607436370e+00 3.392377154307060660e+00
1.459999999999999964e+00 3.141734901643872035e+00 3.415755859025836116e+00
1.469999999999999973e+00 3.143605898177990632e+00 3.444957998864284221e+00
1.479999999999999982e+00 3.149225848178614395e+00 3.477925562010060201e+00
1.489999999999999991e+00 3.156800328843037740e+00 3.507375972340662784e+00
1.500000000000000000e+00 3.165873600872258109e+00 3.532887233649988801e+00
1.510000000000000009e+00 3.178995220326337634e+00 3.562737955914583754e+00
1.520000000000000018e+00 3.197490291222067960e+00 3.595556685201195535e+00
1.530000000000000027e+00 3.220304713982776068e+00 3.629103783450886578e+00
1.540000000000000036e+00 3.249539638545334341e+00 3.660513728792846422e+00
1.550000000000000044e+00 3.280735501708305524e+00 3.686442989469253195e+00
1.560000000000000053e+00 3.312691075180643097e+00 3.706197853227979344e+00
1.570000000000000062e+00 3.349021399300144974e+00 3.723173281037760685e+00
1.580000000000000071e+00 3.383508650426112929e+00 3.735371676936900975e+00
1.590000000000000080e+00 3.410508526920328354e+00 3.742475918789854195e+00
1.600000000000000089e+00 3.436154503503655366e+00 3.748014820784713041e+00
1.610000000000000098e+00 3.458004041581533627e+00 3.750215765518762012e+00
1.620000000000000107e+00 3.481387845898276545e+00 3.751686668314332174e+00
1.630000000000000115e+00 3.512621502981935429e+00 3.752137574986662116e+00
1.640000000000000124e+00 3.537894204926039343e+00 3.749579388862107621e+00
1.650000000000000133e+00 3.556029897771209036e+00 3.746384155835777996e+00
1.660000000000000142e+00 3.569364264128628506e+00 3.743237356988963427e+00
1.669999999999999929e+00 3.584152322182555306e+00 3.739188777179818235e+00
1.679999999999999938e+00 3.590106411306330347e+00 3.737489737675717461e+00
1.689999999999999947e+00 3.594003834785274076e+00 3.736226212502666844e+00
1.699999999999999956e+00 3.596182689897737816e+00 3.735798078601636263e+00
1.709999999999999964e+00 3.597853840661767499e+00 3.735325956691976756e+00
1.719999999999999973e+00 3.598810298911160999e+00 3.734928390802316756e+00
1.729999999999999982e+00 3.599598878396877311e+00 3.734901584311596245e+00
1.739999999999999991e+00 3.600153187696793378e+00 3.734447460363051530e+00
1.750000000000000000e+00 3.600541427778315207e+00 3.734081032524991794e+00
1.760000000000000009e+00 3.600901743309124381e+00 3.733853763878718812e+00
1.770000000000000018e+00 3.601187125843423598e+00 3.733684352289777575e+00
1.780000000000000027e+00 3.601464694522146459e+00 3.733675729519601916e+00
1.790000000000000036e+00 3.601962041112015012e+00 3.733580638650825012e+00
1.800000000000000044e+00 3.602106472051723074e+00 3.733364905135052148e+00
1.810000000000000053e+00 3.602353440141995655e+00 3.733336860570589444e+00
1.820000000000000062e+00 3.602486345178735228e+00 3.733095021074164244e+00
1.830000000000000071e+00 3.602453512806902403e+00 3.732751820802678644e+00
1.840000000000000080e+00 3.602485876738970472e+00 3.732567694971616223e+00
1.850000000000000089e+00 3.602600898481527647e+00 3.732553951481660359e+00
1.860000000000000098e+00 3.602704506512204308e+00 3.732532240781268218e+00
1.870000000000000107e+00 3.602810320440223091e+00 3.732535542649338733e+00
1.880000000000000115e+00 3.602824064816790184e+00 3.732538935599965413e+00
1.890000000000000124e+00 3.602850578236165724e+00 3.732575384321626721e+00
1.900000000000000133e+00 3.602909302465511665e+00 3.732598964384005846e+00
1.910000000000000142e+00 3.603040947458515664e+00 3.732621893937815738e+00
1.919999999999999929e+00 3.603107830281784718e+00 3.732640695366332029e+00
1.929999999999999938e+00 3.603300110441754356e+00 3.732683745530535724e+00
1.939999999999999947e+00 3.603471850791236886e+00 3.732749540600516891e+00
1.949999999999999956e+00 3.603509992775144610e+00 3.732765265532312249e+00
1.959999999999999964e+00 3.603650884588603720e+00 3.732811431132908364e+00
1.969999999999999973e+00 3.603792530035458519e+00 3.732844081974543649e+00
1.979999999999999982e+00 3.604046052775803144e+00 3.732918644008216713e+00
1.989999999999999991e+00 3.604496677832770501e+00 3.733189043459725021e+00
2.000000000000000000e+00 3.605019264206850593e+00 3.733324111871755058e+00
2.010000000000000231e+00 3.606445412953168450e+00 3.733752652442186459e+00
2.020000000000000018e+00 3.607446709404056318e+00 3.734202974538738840e+00
2.030000000000000249e+00 3.608000768961916904e+00 3.734291779646863318e+00
2.040000000000000036e+00 3.608809714214114450e+00 3.734583739798756241e+00
2.049999999999999822e+00 3.609441830242525739e+00 3.734736378633130016e+00
2.060000000000000053e+00 3.609868554481445280e+00 3.735073251544060113e+00
2.069999999999999840e+00 3.610275312730920394e+00 3.735209246032583419e+00
2.080000000000000071e+00 3.610733156800556287e+00 3.735293710312556748e+00
2.089999999999999858e+00 3.611052565759458766e+00 3.735329981423578083e+00
2.100000000000000089e+00 3.611113701288024114e+00 3.735336881879052218e+00
2.109999999999999876e+00 3.611120214716304400e+00 3.735356365231166986e+00
2.120000000000000107e+00 3.611128905634070740e+00 3.735461123929833427e+00
2.129999999999999893e+00 3.611092392163377518e+00 3.735631631312269718e+00
2.140000000000000124e+00 3.611064236116253046e+00 3.735857108125843151e+00
2.149999999999999911e+00 3.610834259713004535e+00 3.736838879739929453e+00
2.160000000000000142e+00 3.610698825654751865e+00 3.737485801906817784e+00
2.169999999999999929e+00 3.610138872334049953e+00 3.738354439118815709e+00
2.180000000000000160e+00 3.609341294336631645e+00 3.739098844399139754e+00
2.189999999999999947e+00 3.608043494124713479e+00 3.739787848190960329e+00
2.200000000000000178e+00 3.606631861659992389e+00 3.740722144983302577e+00
2.209999999999999964e+00 3.603618487341258003e+00 3.741892321279195244e+00
2.220000000000000195e+00 3.601397939246703483e+00 3.743806857334564864e+00
2.229999999999999982e+00 3.596919443093872015e+00 3.745889464329147156e+00
2.240000000000000213e+00 3.594362438871295584e+00 3.748182760737507113e+00
2.250000000000000000e+00 3.589995375129632293e+00 3.750878835266180822e+00
2.260000000000000231e+00 3.585830817123742520e+00 3.752522184604315747e+00
2.270000000000000018e+00 3.582738431559646219e+00 3.753973519085800792e+00
2.280000000000000249e+00 3.578354951130669814e+00 3.755748984258848733e+00
2.290000000000000036e+00 3.573644328252095548e+00 3.757328931545000472e+00
2.300000000000000266e+00 3.569654408584912009e+00 3.758879152387301747e+00
2.310000000000000053e+00 3.565373635677734576e+00 3.758620564103683392e+00
2.319999999999999840e+00 3.559649045686534841e+00 3.759203491692730381e+00
2.330000000000000071e+00 3.555334822982575638e+00 3.759314075113509013e+00
2.339999999999999858e+00 3.551068153041723185e+00 3.759840115376588798e+00
2.350000000000000089e+00 3.543786591525504015e+00 3.760871135482362071e+00
2.359999999999999876e+00 3.537004343503846293e+00 3.761190399714575250e+00
2.370000000000000107e+00 3.530568127660600908e+00 3.761859955930860089e+00
2.379999999999999893e+00 3.523358429015460036e+00 3.762905777837452614e+00
2.390000000000000124e+00 3.516409936924569379e+00 3.763573673586257051e+00
2.399999999999999911e+00 3.504380258497489464e+00 3.767068881817566606e+00
2.410000000000000142e+00 3.486945667112682390e+00 3.770465196501400218e+00
2.419999999999999929e+00 3.472253175134078607e+00 3.773034496150596606e+00
2.430000000000000160e+00 3.461189497132316273e+00 3.774277667989716090e+00
2.439999999999999947e+00 3.450192053637681777e+00 3.775823387703718392e+00
2.450000000000000178e+00 3.440512095327120878e+00 3.776228054318684801e+00
2.459999999999999964e+00 3.429400262472607430e+00 3.776458779070399174e+00
2.470000000000000195e+00 3.411934512579392731e+00 3.777186569507170688e+00
2.479999999999999982e+00 3.389088124745185837e+00 3.781122424900238421e+00
2.490000000000000213e+00 3.357056635667436062e+00 3.788184189971334881e+00
2.500000000000000000e+00 3.337184764212980159e+00 3.789880210300073937e+00
2.510000000000000231e+00 3.324694092830540182e+00 3.789110304547427699e+00
2.520000000000000018e+00 3.309442112113751833e+00 3.789815926130495782e+00
2.530000000000000249e+00 3.286378229198516632e+00 3.789620822353302554e+00
2.540000000000000036e+00 3.263341464079499321e+00 3.789132887936949690e+00
2.550000000000000266e+00 3.243106800394055966e+00 3.789273660674097322e+00
2.560000000000000053e+00 3.211412384124957331e+00 3.789587357310093996e+00
2.569999999999999840e+00 3.182573236722500809e+00 3.788142955046145843e+00
2.580000000000000071e+00 3.133661441857393815e+00 3.787110064199391335e+00
2.589999999999999858e+00 3.104881533181254927e+00 3.782990519364292314e+00
2.600000000000000089e+00 3.071966267086261304e+00 3.776492539380795321e+00
2.609999999999999876e+00 3.035065172314764581e+00 3.765405546054719110e+00
2.620000000000000107e+00 2.983741502796322553e+00 3.749207993706554110e+00
2.629999999999999893e+00 2.919646711266723926e+00 3.723636898857864530e+00
2.640000000000000124e+00 2.863070053612708055e+00 3.692021327760697691e+00
2.649999999999999911e+00 2.818288982367005868e+00 3.659455519199881213e+00
2.660000000000000142e+00 2.749175204581008281e+00 3.624895681923641533e+00
2.669999999999999929e+00 2.667780718074165058e+00 3.587090035402455079e+00
2.680000000000000160e+00 2.621284421965297096e+00 3.561946919992748928e+00
2.689999999999999947e+00 2.560296522270938180e+00 3.540219955521325179e+00
2.700000000000000178e+00 2.537977896691742785e+00 3.533057404011305636e+00
2.709999999999999964e+00 2.544745326456554935e+00 3.551456804414264035e+00
2.720000000000000195e+00 2.566395584892256387e+00 3.594179765110985691e+00
2.729999999999999982e+00 2.579314741462904959e+00 3.618304427321713757e+00
2.740000000000000213e+00 2.607134058871761972e+00 3.651751667150958447e+00
2.750000000000000000e+00 2.660310269650616455e+00 3.697878727384409814e+00
2.760000000000000231e+00 2.710098394774602681e+00 3.739405917459322382e+00
2.770000000000000018e+00 2.767339352659306861e+00 3.790024871838965304e+00
2.780000000000000249e+00 2.835090759743332356e+00 3.842106898254275649e+00
2.790000000000000036e+00 2.906214263909271622e+00 3.887620781344958587e+00
2.800000000000000266e+00 2.971523125373561669e+00 3.924723324065963581e+00
2.810000000000000053e+00 3.015219503672245782e+00 3.955013640358325144e+00
2.819999999999999840e+00 3.052095660987558023e+00 3.977604519349870582e+00
2.830000000000000071e+00 3.086390058373344125e+00 3.995639157456028379e+00
2.839999999999999858e+00 3.128852420537405532e+00 4.015718595495290089e+00
2.850000000000000089e+00 3.184189593256776973e+00 4.027263313280278645e+00
2.859999999999999876e+00 3.218988201205008615e+00 4.041004052274948855e+00
2.870000000000000107e+00 3.275051580413198771e+00 4.050202360555315018e+00
2.879999999999999893e+00 3.336051755526235230e+00 4.059796439316103900e+00
2.890000000000000124e+00 3.388247212383842744e+00 4.069320722329520912e+00
2.899999999999999911e+00 3.439144300173333502e+00 4.077341275488326033e+00
2.910000000000000142e+00 3.477539780128762636e+00 4.085073181592657754e+00
2.919999999999999929e+00 3.496563188923087040e+00 4.098595789045606175e+00
2.930000000000000160e+00 3.498242281239617668e+00 4.120501993073832026e+00
2.939999999999999947e+00 3.505191619708890371e+00 4.136412048368101502e+00
2.950000000000000178e+00 3.539203425303833583e+00 4.138602678772074661e+00
2.959999999999999964e+00 3.582365443403108252e+00 4.132329497106687732e+00
2.970000000000000195e+00 3.626540110123478655e+00 4.120997337395823301e+00
2.979999999999999982e+00 3.706096113844269180e+00 4.084272358536369829e+00
2.990000000000000213e+00 3.793214444351121539e+00 4.032701371989324102e+00
3.000000000000000000e+00 3.906336484171327950e+00 3.944769140671315899e+00
