0.000000000000000000e+00 9.613690220636129657e-01
1.000000000000000021e-02 9.613689559876918977e-01
2.000000000000000042e-02 9.613689559876918977e-01
2.999999999999999889e-02 1.002314167735576689e+00
4.000000000000000083e-02 3.893564294592142261e+00
5.000000000000000278e-02 3.947672849395275296e+00
5.999999999999999778e-02 3.947683753731250800e+00
7.000000000000000666e-02 3.947586730554103696e+00
8.000000000000000167e-02 3.947235709316730290e+00
8.999999999999999667e-02 3.946409071397781521e+00
1.000000000000000056e-01 3.945486889054775403e+00
1.100000000000000006e-01 3.945138138625621682e+00
1.199999999999999956e-01 3.944795792009830659e+00
1.300000000000000044e-01 3.943494568197727368e+00
1.400000000000000133e-01 3.939656660163402435e+00
1.499999999999999944e-01 3.913337313024997766e+00
1.600000000000000033e-01 3.834230931150913069e+00
1.700000000000000122e-01 3.662572789106369076e+00
1.799999999999999933e-01 3.447713757338523699e+00
1.900000000000000022e-01 3.283303552150726112e+00
2.000000000000000111e-01 3.181833288035392560e+00
2.099999999999999922e-01 3.147917539837360223e+00
2.200000000000000011e-01 3.132453405270576585e+00
2.300000000000000100e-01 3.128073131706714527e+00
2.399999999999999911e-01 3.127546107428073707e+00
2.500000000000000000e-01 3.080909538652897073e+00
2.600000000000000089e-01 3.080864793305396976e+00
2.700000000000000178e-01 3.080849829461574707e+00
2.800000000000000266e-01 3.080836069178581216e+00
2.899999999999999800e-01 3.080824742093086321e+00
2.999999999999999889e-01 3.080988960533141974e+00
3.099999999999999978e-01 3.100303048326969346e+00
3.200000000000000067e-01 3.103208899469375392e+00
3.300000000000000155e-01 3.103208822991847970e+00
3.400000000000000244e-01 3.103216424925327122e+00
3.500000000000000333e-01 3.103215325968265326e+00
3.599999999999999867e-01 3.103231436736583859e+00
3.699999999999999956e-01 3.103230018374919741e+00
3.800000000000000044e-01 3.103217683219909873e+00
3.900000000000000133e-01 3.103224944570064370e+00
4.000000000000000222e-01 3.103235699169635708e+00
4.100000000000000311e-01 3.103204718399047657e+00
4.199999999999999845e-01 3.103200046641826582e+00
4.299999999999999933e-01 3.103189547152519268e+00
4.400000000000000022e-01 3.103156012964248589e+00
4.500000000000000111e-01 3.103098127038478982e+00
4.600000000000000200e-01 3.103045234730243518e+00
4.700000000000000289e-01 3.103010521759987039e+00
4.799999999999999822e-01 3.102971613860130429e+00
4.899999999999999911e-01 3.102956074278354848e+00
5.000000000000000000e-01 3.102933021347522580e+00
5.100000000000000089e-01 3.102905089807510564e+00
5.200000000000000178e-01 3.102879008462429145e+00
5.300000000000000266e-01 3.102850478692054548e+00
5.400000000000000355e-01 3.102812461502551855e+00
5.500000000000000444e-01 3.102749614059924887e+00
5.600000000000000533e-01 3.102704229145050174e+00
5.700000000000000622e-01 3.102651912019252833e+00
5.799999999999999600e-01 3.102597405235767436e+00
5.899999999999999689e-01 3.102537183640003082e+00
5.999999999999999778e-01 3.102453954858779728e+00
6.099999999999999867e-01 3.102376978173255750e+00
6.199999999999999956e-01 3.102323074092864896e+00
6.300000000000000044e-01 3.102277144966125277e+00
6.400000000000000133e-01 3.102235751652717699e+00
6.500000000000000222e-01 3.102204472470283303e+00
6.600000000000000311e-01 3.102169015288352760e+00
6.700000000000000400e-01 3.102111506054401335e+00
6.800000000000000488e-01 3.102037658858299185e+00
6.900000000000000577e-01 3.101980641529559879e+00
7.000000000000000666e-01 3.101881149418354244e+00
7.099999999999999645e-01 3.101839901676178179e+00
7.199999999999999734e-01 3.101733461179733364e+00
7.299999999999999822e-01 3.101685267307758398e+00
7.399999999999999911e-01 3.101563607249259835e+00
7.500000000000000000e-01 3.101505691697597378e+00
7.600000000000000089e-01 3.101443777654171008e+00
7.700000000000000178e-01 3.101411761002540679e+00
7.800000000000000266e-01 3.101288023228645496e+00
7.900000000000000355e-01 3.101208525946140160e+00
8.000000000000000444e-01 3.101141543905734821e+00
8.100000000000000533e-01 3.101023249664306647e+00
8.200000000000000622e-01 3.100807611970901601e+00
8.300000000000000711e-01 3.100768051824569493e+00
8.399999999999999689e-01 3.100956685347556974e+00
8.499999999999999778e-01 3.101077177028655818e+00
8.599999999999999867e-01 3.101690753846168658e+00
8.699999999999999956e-01 3.103336502816677278e+00
8.800000000000000044e-01 3.105539402189254616e+00
8.900000000000000133e-01 3.106371380133628790e+00
9.000000000000000222e-01 3.112220136611461463e+00
9.100000000000000311e-01 3.117046939206123302e+00
9.200000000000000400e-01 3.119851787571906954e+00
9.300000000000000488e-01 3.121110361647605913e+00
9.400000000000000577e-01 3.121552786324023998e+00
9.500000000000000666e-01 3.118056964950561394e+00
9.599999999999999645e-01 3.115853629097938615e+00
9.699999999999999734e-01 3.106140107352733715e+00
9.799999999999999822e-01 3.132409689199924685e+00
9.899999999999999911e-01 3.136149021363258349e+00
1.000000000000000000e+00 3.138339395825862965e+00
1.010000000000000009e+00 3.140104518461227290e+00
1.020000000000000018e+00 3.142393086717128803e+00
1.030000000000000027e+00 3.145429559810161813e+00
1.040000000000000036e+00 3.149839812941551020e+00
1.050000000000000044e+00 3.157400048737525999e+00
1.060000000000000053e+00 3.166094786415099893e+00
1.070000000000000062e+00 3.174500246381759538e+00
1.080000000000000071e+00 3.183116440181732010e+00
1.090000000000000080e+00 3.194225922112464922e+00
1.100000000000000089e+00 3.208026030387878258e+00
1.110000000000000098e+00 3.224078969204425604e+00
1.120000000000000107e+00 3.240259695656299677e+00
1.130000000000000115e+00 3.253395591869354231e+00
1.140000000000000124e+00 3.265516688883304486e+00
1.150000000000000133e+00 3.278958064577579545e+00
1.159999999999999920e+00 3.292430384185314196e+00
1.169999999999999929e+00 3.303181549024581720e+00
1.179999999999999938e+00 3.312520273578166918e+00
1.189999999999999947e+00 3.322649125013351412e+00
1.199999999999999956e+00 3.332349654068946787e+00
1.209999999999999964e+00 3.338990957596302156e+00
1.219999999999999973e+00 3.344924714086055850e+00
1.229999999999999982e+00 3.350166430432796272e+00
1.239999999999999991e+00 3.353572042949199528e+00
1.250000000000000000e+00 3.357332521309852602e+00
1.260000000000000009e+00 3.359756055164337063e+00
1.270000000000000018e+00 3.361684021830558589e+00
1.280000000000000027e+00 3.363309656689167149e+00
1.290000000000000036e+00 3.365163010802268762e+00
1.300000000000000044e+00 3.366015608708858409e+00
1.310000000000000053e+00 3.366614780259132189e+00
1.320000000000000062e+00 3.367221870746612389e+00
1.330000000000000071e+00 3.367761082682609430e+00
1.340000000000000080e+00 3.367612370548248357e+00
1.350000000000000089e+00 3.367732861518859977e+00
1.360000000000000098e+00 3.367356663172245135e+00
1.370000000000000107e+00 3.367868577551841547e+00
1.380000000000000115e+00 3.369260231359004987e+00
1.390000000000000124e+00 3.371074183077812148e+00
1.400000000000000133e+00 3.371565894086360871e+00
1.409999999999999920e+00 3.371721191110610860e+00
1.419999999999999929e+00 3.372141596720218626e+00
1.429999999999999938e+00 3.373366788408756367e+00
1.439999999999999947e+00 3.373898123519420533e+00
1.449999999999999956e+00 3.374446433203220241e+00
1.459999999999999964e+00 3.375166294078826734e+00
1.469999999999999973e+00 3.376545214200019629e+00
1.479999999999999982e+00 3.378463507812023092e+00
1.489999999999999991e+00 3.379675515396594943e+00
1.500000000000000000e+00 3.382345780458450246e+00
1.510000000000000009e+00 3.384227444343566926e+00
1.520000000000000018e+00 3.385803556232452216e+00
1.530000000000000027e+00 3.387784098067283534e+00
1.540000000000000036e+00 3.389216555547714282e+00
1.550000000000000044e+00 3.390894920942783219e+00
1.560000000000000053e+00 3.392329204151630417e+00
1.570000000000000062e+00 3.393706150133609878e+00
1.580000000000000071e+00 3.394166325585842081e+00
1.590000000000000080e+00 3.394367889385223602e+00
1.600000000000000089e+00 3.394354206433296106e+00
1.610000000000000098e+00 3.394477048726082025e+00
1.620000000000000107e+00 3.394172329914570074e+00
1.630000000000000115e+00 3.394310855610370492e+00
1.640000000000000124e+00 3.394242233648300022e+00
1.650000000000000133e+00 3.394251430194378027e+00
1.660000000000000142e+00 3.394358702232837643e+00
1.669999999999999929e+00 3.394187456095218547e+00
1.679999999999999938e+00 3.393950868861675296e+00
1.689999999999999947e+00 3.393262083187103428e+00
1.699999999999999956e+00 3.392938335697651020e+00
1.709999999999999964e+00 3.391014471011161824e+00
1.719999999999999973e+00 3.386322906596660687e+00
1.729999999999999982e+00 3.382278475286960795e+00
1.739999999999999991e+00 3.380675003209113960e+00
1.750000000000000000e+00 3.380563205757141088e+00
1.760000000000000009e+00 3.380511497149467637e+00
1.770000000000000018e+00 3.380618028583526780e+00
1.780000000000000027e+00 3.381097431933879793e+00
1.790000000000000036e+00 3.381649170613288735e+00
1.800000000000000044e+00 3.382415726304054182e+00
1.810000000000000053e+00 3.383173791055679391e+00
1.820000000000000062e+00 3.384001742951869840e+00
1.830000000000000071e+00 3.384572757315635894e+00
1.840000000000000080e+00 3.385021660475731053e+00
1.850000000000000089e+00 3.385693504531383624e+00
1.860000000000000098e+00 3.386243250639438429e+00
1.870000000000000107e+00 3.386727212967872713e+00
1.880000000000000115e+00 3.387780533151626638e+00
1.890000000000000124e+00 3.389481124758720210e+00
1.900000000000000133e+00 3.391147415599823134e+00
1.910000000000000142e+00 3.392590877304077157e+00
1.919999999999999929e+00 3.395012876410484104e+00
1.929999999999999938e+00 3.397595106177329960e+00
1.939999999999999947e+00 3.400644826784133823e+00
1.949999999999999956e+00 3.405771287486553334e+00
1.959999999999999964e+00 3.411891156849861328e+00
1.969999999999999973e+00 3.419020825724601753e+00
1.979999999999999982e+00 3.423651856145858652e+00
1.989999999999999991e+00 3.436828811624049962e+00
2.000000000000000000e+00 3.446423103773593954e+00
2.010000000000000231e+00 3.451597734162807463e+00
2.020000000000000018e+00 3.465139660043716319e+00
2.030000000000000249e+00 3.476135600595474440e+00
2.040000000000000036e+00 3.483837110812664228e+00
2.049999999999999822e+00 3.494543258504867467e+00
2.060000000000000053e+00 3.507558502511978205e+00
2.069999999999999840e+00 3.521105121784210201e+00
2.080000000000000071e+00 3.533052494475841687e+00
2.089999999999999858e+00 3.548332312033176450e+00
2.100000000000000089e+00 3.563031595356464187e+00
2.109999999999999876e+00 3.577906272428035717e+00
2.120000000000000107e+00 3.594348278141021868e+00
2.129999999999999893e+00 3.609123271820545042e+00
2.140000000000000124e+00 3.624138788287639468e+00
2.149999999999999911e+00 3.639868154759406949e+00
2.160000000000000142e+00 3.655566176033020032e+00
2.169999999999999929e+00 3.668483262388706034e+00
2.180000000000000160e+00 3.679442823157310638e+00
2.189999999999999947e+00 3.689511556410789428e+00
2.200000000000000178e+00 3.698168530209064553e+00
2.209999999999999964e+00 3.706972943875789461e+00
2.220000000000000195e+00 3.714755867481231544e+00
2.229999999999999982e+00 3.722581246140003408e+00
2.240000000000000213e+00 3.729232844185829343e+00
2.250000000000000000e+00 3.734644384632110459e+00
2.260000000000000231e+00 3.739454373366832840e+00
2.270000000000000018e+00 3.743625236470699225e+00
2.280000000000000249e+00 3.747795472130775352e+00
2.290000000000000036e+00 3.751559625315666224e+00
2.300000000000000266e+00 3.754097534999847330e+00
2.310000000000000053e+00 3.756915240850448701e+00
2.319999999999999840e+00 3.759169538421630818e+00
2.330000000000000071e+00 3.761530897490978020e+00
2.339999999999999858e+00 3.763482514643669230e+00
2.350000000000000089e+00 3.765173657109737615e+00
2.359999999999999876e+00 3.766805157489776512e+00
2.370000000000000107e+00 3.768609662742614663e+00
2.379999999999999893e+00 3.770535677680969311e+00
2.390000000000000124e+00 3.772375822393894129e+00
2.399999999999999911e+00 3.774387666871547697e+00
2.410000000000000142e+00 3.775919534809589528e+00
2.419999999999999929e+00 3.777072164719104563e+00
2.430000000000000160e+00 3.778626504237651673e+00
2.439999999999999947e+00 3.779847122018337391e+00
2.450000000000000178e+00 3.780705339741706972e+00
2.459999999999999964e+00 3.781412374770641183e+00
2.470000000000000195e+00 3.782106859443187918e+00
2.479999999999999982e+00 3.782735559782981927e+00
2.490000000000000213e+00 3.783355603265762479e+00
2.500000000000000000e+00 3.783917266285419245e+00
2.510000000000000231e+00 3.784711241910457602e+00
2.520000000000000018e+00 3.785109409537315450e+00
2.530000000000000249e+00 3.785559046230316138e+00
2.540000000000000036e+00 3.785987336103916245e+00
2.550000000000000266e+00 3.786364135298728950e+00
2.560000000000000053e+00 3.786614850847721314e+00
2.569999999999999840e+00 3.786785592322349459e+00
2.580000000000000071e+00 3.786889480156898635e+00
2.589999999999999858e+00 3.787039158616066103e+00
2.600000000000000089e+00 3.787139899811744481e+00
2.609999999999999876e+00 3.787242147533893544e+00
2.620000000000000107e+00 3.787301261327266744e+00
2.629999999999999893e+00 3.787312884726524498e+00
2.640000000000000124e+00 3.787378186476230812e+00
2.649999999999999911e+00 3.787391246254444344e+00
2.660000000000000142e+00 3.787399907264709320e+00
2.669999999999999929e+00 3.787403270373344455e+00
2.680000000000000160e+00 3.787406974637508306e+00
2.689999999999999947e+00 3.787407129039764619e+00
2.700000000000000178e+00 3.787407330458164356e+00
2.709999999999999964e+00 3.787407969002723807e+00
2.720000000000000195e+00 3.787408078508377240e+00
2.729999999999999982e+00 3.787408078508377240e+00
2.740000000000000213e+00 3.787408059875965183e+00
2.750000000000000000e+00 3.787408059875965183e+00
2.760000000000000231e+00 3.787408059875965183e+00
2.770000000000000018e+00 3.787408063192367447e+00
2.780000000000000249e+00 3.787408063192367447e+00
2.790000000000000036e+00 3.787408077082634161e+00
2.800000000000000266e+00 3.787409105634689244e+00
2.810000000000000053e+00 3.787409105634689244e+00
2.819999999999999840e+00 3.787409105634689244e+00
2.830000000000000071e+00 3.787409605383873057e+00
2.839999999999999858e+00 3.787410461413860396e+00
2.850000000000000089e+00 3.787410461413860396e+00
2.859999999999999876e+00 3.787410762696266087e+00
2.870000000000000107e+00 3.787410788156986285e+00
2.879999999999999893e+00 3.787410730869769981e+00
2.890000000000000124e+00 3.787410730869769981e+00
2.899999999999999911e+00 3.787410730869769981e+00
2.910000000000000142e+00 3.787410730869769981e+00
2.919999999999999929e+00 3.787410730869769981e+00
2.930000000000000160e+00 3.787410730869769981e+00
2.939999999999999947e+00 3.787410730869769981e+00
2.950000000000000178e+00 3.787410730869769981e+00
2.959999999999999964e+00 3.787410730869769981e+00
2.970000000000000195e+00 3.787410730869769981e+00
2.979999999999999982e+00 3.787410730869769981e+00
2.990000000000000213e+00 3.787410730869769981e+00
3.000000000000000000e+00 3.787410730869769981e+00
