0.000000000000000000e+00 2.209043195934295767e+00
1.000000000000000021e-02 2.208029810203314014e+00
2.000000000000000042e-02 2.206094558038711462e+00
2.999999999999999889e-02 2.205704975908994836e+00
4.000000000000000083e-02 2.212986472265720206e+00
5.000000000000000278e-02 2.268563001793622913e+00
5.999999999999999778e-02 2.513156422173977056e+00
7.000000000000000666e-02 2.811193000301122513e+00
8.000000000000000167e-02 2.996441102349758356e+00
8.999999999999999667e-02 3.052950503256321113e+00
1.000000000000000056e-01 3.059087168316841243e+00
1.100000000000000006e-01 3.055133056044578410e+00
1.199999999999999956e-01 3.051419838473796720e+00
1.300000000000000044e-01 3.050388896973132979e+00
1.400000000000000133e-01 3.049836119198799267e+00
1.499999999999999944e-01 3.049274299583434988e+00
1.600000000000000033e-01 3.047963484702110204e+00
1.700000000000000122e-01 3.046171824855804289e+00
1.799999999999999933e-01 3.045251087386608102e+00
1.900000000000000022e-01 3.043920091309547438e+00
2.000000000000000111e-01 3.042898891046047272e+00
2.099999999999999922e-01 3.042570259644985065e+00
2.200000000000000011e-01 3.042193098723888323e+00
2.300000000000000100e-01 3.041728689513206518e+00
2.399999999999999911e-01 3.041564592123031652e+00
2.500000000000000000e-01 3.041433269631862668e+00
2.600000000000000089e-01 3.040924164752960124e+00
2.700000000000000178e-01 3.040560525581836870e+00
2.800000000000000266e-01 3.040300644943714214e+00
2.899999999999999800e-01 3.040227508816719215e+00
2.999999999999999889e-01 3.040021998276710491e+00
3.099999999999999978e-01 3.039853555734157720e+00
3.200000000000000067e-01 3.039721686890125341e+00
3.300000000000000155e-01 3.039597531900406047e+00
3.400000000000000244e-01 3.039384592061042945e+00
3.500000000000000333e-01 3.039268779723644176e+00
3.599999999999999867e-01 3.039213790764808465e+00
3.699999999999999956e-01 3.039269400608539673e+00
3.800000000000000044e-01 3.039470863201618300e+00
3.900000000000000133e-01 3.040029726536273902e+00
4.000000000000000222e-01 3.040677552843094045e+00
4.100000000000000311e-01 3.042361241493225066e+00
4.199999999999999845e-01 3.046347795414924509e+00
4.299999999999999933e-01 3.050429967339038928e+00
4.400000000000000022e-01 3.055724816198349014e+00
4.500000000000000111e-01 3.062601531951427258e+00
4.600000000000000200e-01 3.071383907275199832e+00
4.700000000000000289e-01 3.082119547696113404e+00
4.799999999999999822e-01 3.094649974730014907e+00
4.899999999999999911e-01 3.108556191358566423e+00
5.000000000000000000e-01 3.124393042390346320e+00
5.100000000000000089e-01 3.137703964304924042e+00
5.200000000000000178e-01 3.151602134673595401e+00
5.300000000000000266e-01 3.163950992743969071e+00
5.400000000000000355e-01 3.175281174283027585e+00
5.500000000000000444e-01 3.185027285027504096e+00
5.600000000000000533e-01 3.192702203557491458e+00
5.700000000000000622e-01 3.199612125113010297e+00
5.799999999999999600e-01 3.204750678791999707e+00
5.899999999999999689e-01 3.208771788372993594e+00
5.999999999999999778e-01 3.211138095979690465e+00
6.099999999999999867e-01 3.213523204979896519e+00
6.199999999999999956e-01 3.214885956618785734e+00
6.300000000000000044e-01 3.215681746773719762e+00
6.400000000000000133e-01 3.216013709852695523e+00
6.500000000000000222e-01 3.216158074274062972e+00
6.600000000000000311e-01 3.216245016734600171e+00
6.700000000000000400e-01 3.216371144382953684e+00
6.800000000000000488e-01 3.216438195800781052e+00
6.900000000000000577e-01 3.216484285426139955e+00
7.000000000000000666e-01 3.216494685113429952e+00
7.099999999999999645e-01 3.216503149571418696e+00
7.199999999999999734e-01 3.216503149571418696e+00
7.299999999999999822e-01 3.216503149571418696e+00
7.399999999999999911e-01 3.216503149571418696e+00
7.500000000000000000e-01 3.216503149571418696e+00
7.600000000000000089e-01 3.216503149571418696e+00
7.700000000000000178e-01 3.216503149571418696e+00
7.800000000000000266e-01 3.216503149571418696e+00
7.900000000000000355e-01 3.216503149571418696e+00
8.000000000000000444e-01 3.216503149571418696e+00
8.100000000000000533e-01 3.216503149571418696e+00
8.200000000000000622e-01 3.216503149571418696e+00
8.300000000000000711e-01 3.216503149571418696e+00
8.399999999999999689e-01 3.216503149571418696e+00
8.499999999999999778e-01 3.216503149571418696e+00
8.599999999999999867e-01 3.216503149571418696e+00
8.699999999999999956e-01 3.216505411972999440e+00
8.800000000000000044e-01 3.216505411972999440e+00
8.900000000000000133e-01 3.216508103270530494e+00
9.000000000000000222e-01 3.216508317718505872e+00
9.100000000000000311e-01 3.216509222679138080e+00
9.200000000000000400e-01 3.216508941106796193e+00
9.300000000000000488e-01 3.216511514482498058e+00
9.400000000000000577e-01 3.216511514482498058e+00
9.500000000000000666e-01 3.216530210692882363e+00
9.599999999999999645e-01 3.216529371478557664e+00
9.699999999999999734e-01 3.216530081002712205e+00
9.799999999999999822e-01 3.216536356143951281e+00
9.899999999999999911e-01 3.216550974221229708e+00
1.000000000000000000e+00 3.216553382866382815e+00
1.010000000000000009e+00 3.216554305789470547e+00
1.020000000000000018e+00 3.216557262215614443e+00
1.030000000000000027e+00 3.216556298794746471e+00
1.040000000000000036e+00 3.216553758599758339e+00
1.050000000000000044e+00 3.216553156461715801e+00
1.060000000000000053e+00 3.216551325328349975e+00
1.070000000000000062e+00 3.216550944507122090e+00
1.080000000000000071e+00 3.216549683463573395e+00
1.090000000000000080e+00 3.216548804759979063e+00
1.100000000000000089e+00 3.216546788671016621e+00
1.110000000000000098e+00 3.216540988669395418e+00
1.120000000000000107e+00 3.216540970377922193e+00
1.130000000000000115e+00 3.216540822954177870e+00
1.140000000000000124e+00 3.216539325156211770e+00
1.150000000000000133e+00 3.216535589838028120e+00
1.159999999999999920e+00 3.216522797763347707e+00
1.169999999999999929e+00 3.216508920307159514e+00
1.179999999999999938e+00 3.216483379085063987e+00
1.189999999999999947e+00 3.216474437212943904e+00
1.199999999999999956e+00 3.216467767071724104e+00
1.209999999999999964e+00 3.216428219611644934e+00
1.219999999999999973e+00 3.216392402880191792e+00
1.229999999999999982e+00 3.216300200898647432e+00
1.239999999999999991e+00 3.216246600914001608e+00
1.250000000000000000e+00 3.216188311448097359e+00
1.260000000000000009e+00 3.216089068105220772e+00
1.270000000000000018e+00 3.216015124001502912e+00
1.280000000000000027e+00 3.215938605418205309e+00
1.290000000000000036e+00 3.215868992099761847e+00
1.300000000000000044e+00 3.215775453317165411e+00
1.310000000000000053e+00 3.215660716612338987e+00
1.320000000000000062e+00 3.215533773918151983e+00
1.330000000000000071e+00 3.215368420460224197e+00
1.340000000000000080e+00 3.215238233976364324e+00
1.350000000000000089e+00 3.214927056384086601e+00
1.360000000000000098e+00 3.214767253494262622e+00
1.370000000000000107e+00 3.214507977271079842e+00
1.380000000000000115e+00 3.214387008862495509e+00
1.390000000000000124e+00 3.214245843424797133e+00
1.400000000000000133e+00 3.214166117563247660e+00
1.409999999999999920e+00 3.214124527037143686e+00
1.419999999999999929e+00 3.214063101539611722e+00
1.429999999999999938e+00 3.213908747708797531e+00
1.439999999999999947e+00 3.213804101791381651e+00
1.449999999999999956e+00 3.213672300407886429e+00
1.459999999999999964e+00 3.213552277665138401e+00
1.469999999999999973e+00 3.213343698427677086e+00
1.479999999999999982e+00 3.213133047907352324e+00
1.489999999999999991e+00 3.212937604422569482e+00
1.500000000000000000e+00 3.212771136431693986e+00
1.510000000000000009e+00 3.212549539883136962e+00
1.520000000000000018e+00 3.212426635191440560e+00
1.530000000000000027e+00 3.212194638602733576e+00
1.540000000000000036e+00 3.212063596248626585e+00
1.550000000000000044e+00 3.211870991463661174e+00
1.560000000000000053e+00 3.211791954021453677e+00
1.570000000000000062e+00 3.211708261945247500e+00
1.580000000000000071e+00 3.211530596380233860e+00
1.590000000000000080e+00 3.211396791419983021e+00
1.600000000000000089e+00 3.211343053522110136e+00
1.610000000000000098e+00 3.211186377148628424e+00
1.620000000000000107e+00 3.211070634033680093e+00
1.630000000000000115e+00 3.210853402049541394e+00
1.640000000000000124e+00 3.210705206704139503e+00
1.650000000000000133e+00 3.210572771210670417e+00
1.660000000000000142e+00 3.210397749910354648e+00
1.669999999999999929e+00 3.210265734906196489e+00
1.679999999999999938e+00 3.210185502982139560e+00
1.689999999999999947e+00 3.210170204403400618e+00
1.699999999999999956e+00 3.210126822211742503e+00
1.709999999999999964e+00 3.210083110644817328e+00
1.719999999999999973e+00 3.210107939507961472e+00
1.729999999999999982e+00 3.210118060631752090e+00
1.739999999999999991e+00 3.210192759454250311e+00
1.750000000000000000e+00 3.210235229310989258e+00
1.760000000000000009e+00 3.210369900727271908e+00
1.770000000000000018e+00 3.210530946674346797e+00
1.780000000000000027e+00 3.210595038814544555e+00
1.790000000000000036e+00 3.210672359426021583e+00
1.800000000000000044e+00 3.210798121390342708e+00
1.810000000000000053e+00 3.210821877920627454e+00
1.820000000000000062e+00 3.210802137701511239e+00
1.830000000000000071e+00 3.210743112959861811e+00
1.840000000000000080e+00 3.210706524167060927e+00
1.850000000000000089e+00 3.210667593321800073e+00
1.860000000000000098e+00 3.210726486794948542e+00
1.870000000000000107e+00 3.210731356720924357e+00
1.880000000000000115e+00 3.210769133512973994e+00
1.890000000000000124e+00 3.210763235547542394e+00
1.900000000000000133e+00 3.210754441895484756e+00
1.910000000000000142e+00 3.210741326324939582e+00
1.919999999999999929e+00 3.210736458516120884e+00
1.929999999999999938e+00 3.210734870176315425e+00
1.939999999999999947e+00 3.210727913553714785e+00
1.949999999999999956e+00 3.210766542534828183e+00
1.959999999999999964e+00 3.210824301760196509e+00
1.969999999999999973e+00 3.210868838245868773e+00
1.979999999999999982e+00 3.210917533133029966e+00
1.989999999999999991e+00 3.210933580741882398e+00
2.000000000000000000e+00 3.211043884999752240e+00
2.010000000000000231e+00 3.211077523365020614e+00
2.020000000000000018e+00 3.211388995270728852e+00
2.030000000000000249e+00 3.211883652486801299e+00
2.040000000000000036e+00 3.211981460852622927e+00
2.049999999999999822e+00 3.212094701066017244e+00
2.060000000000000053e+00 3.212241202569007914e+00
2.069999999999999840e+00 3.212603818986415671e+00
2.080000000000000071e+00 3.212878269450664348e+00
2.089999999999999858e+00 3.213231124286651585e+00
2.100000000000000089e+00 3.213653014295100974e+00
2.109999999999999876e+00 3.214001067340373829e+00
2.120000000000000107e+00 3.214777958590984142e+00
2.129999999999999893e+00 3.215587286937236833e+00
2.140000000000000124e+00 3.216866063714027391e+00
2.149999999999999911e+00 3.218078450419902925e+00
2.160000000000000142e+00 3.220608563256263768e+00
2.169999999999999929e+00 3.224500026731491165e+00
2.180000000000000160e+00 3.227957586901188058e+00
2.189999999999999947e+00 3.229267321133613589e+00
2.200000000000000178e+00 3.230446454441547210e+00
2.209999999999999964e+00 3.234206600956916589e+00
2.220000000000000195e+00 3.236104947571754487e+00
2.229999999999999982e+00 3.237938792450428149e+00
2.240000000000000213e+00 3.238931062636375646e+00
2.250000000000000000e+00 3.240068106453418917e+00
2.260000000000000231e+00 3.241897111802101161e+00
2.270000000000000018e+00 3.244241593174934213e+00
2.280000000000000249e+00 3.245545866239071042e+00
2.290000000000000036e+00 3.247723353877067787e+00
2.300000000000000266e+00 3.251936184914112182e+00
2.310000000000000053e+00 3.255932614157199811e+00
2.319999999999999840e+00 3.258578150413036223e+00
2.330000000000000071e+00 3.262638728909492691e+00
2.339999999999999858e+00 3.270888530213832635e+00
2.350000000000000089e+00 3.279495023741722193e+00
2.359999999999999876e+00 3.306952670903205771e+00
2.370000000000000107e+00 3.332965698671340959e+00
2.379999999999999893e+00 3.368173938558101543e+00
2.390000000000000124e+00 3.402539004924297394e+00
2.399999999999999911e+00 3.440589882109165387e+00
2.410000000000000142e+00 3.506130633385181383e+00
2.419999999999999929e+00 3.588240975689887868e+00
2.430000000000000160e+00 3.667191155390739254e+00
2.439999999999999947e+00 3.745617706913948020e+00
2.450000000000000178e+00 3.815358236100673484e+00
2.459999999999999964e+00 3.865805008041858670e+00
2.470000000000000195e+00 3.892774251384734985e+00
2.479999999999999982e+00 3.906750913150310645e+00
2.490000000000000213e+00 3.913142261900901975e+00
2.500000000000000000e+00 3.917933147835731322e+00
2.510000000000000231e+00 3.921346140363216382e+00
2.520000000000000018e+00 3.923432284801006364e+00
2.530000000000000249e+00 3.926502205309867932e+00
2.540000000000000036e+00 3.927478658485412666e+00
2.550000000000000266e+00 3.929865301172733361e+00
2.560000000000000053e+00 3.930934053421020646e+00
2.569999999999999840e+00 3.932348166108131426e+00
2.580000000000000071e+00 3.932707296819686782e+00
2.589999999999999858e+00 3.932980722761154180e+00
2.600000000000000089e+00 3.933565039780139827e+00
2.609999999999999876e+00 3.933702168433666380e+00
2.620000000000000107e+00 3.933732665646076043e+00
2.629999999999999893e+00 3.933846263782978081e+00
2.640000000000000124e+00 3.933951357045173847e+00
2.649999999999999911e+00 3.933918834559917421e+00
2.660000000000000142e+00 3.934058008460998401e+00
2.669999999999999929e+00 3.934192901978492696e+00
2.680000000000000160e+00 3.934404523801803499e+00
2.689999999999999947e+00 3.934608076775074181e+00
2.700000000000000178e+00 3.934818340954780780e+00
2.709999999999999964e+00 3.934920432977676352e+00
2.720000000000000195e+00 3.934807737984657106e+00
2.729999999999999982e+00 3.934833301897048941e+00
2.740000000000000213e+00 3.934723591647148133e+00
2.750000000000000000e+00 3.934578961336612668e+00
2.760000000000000231e+00 3.934027203421592844e+00
2.770000000000000018e+00 3.933911439659595555e+00
2.780000000000000249e+00 3.934021820304393735e+00
2.790000000000000036e+00 3.933925778656005789e+00
2.800000000000000266e+00 3.933605122873783166e+00
2.810000000000000053e+00 3.933339400587081869e+00
2.819999999999999840e+00 3.932881897819042294e+00
2.830000000000000071e+00 3.932515636863708419e+00
2.839999999999999858e+00 3.931487391953468524e+00
2.850000000000000089e+00 3.930085661830902133e+00
2.859999999999999876e+00 3.928642769184112371e+00
2.870000000000000107e+00 3.926858037974834570e+00
2.879999999999999893e+00 3.924427891373634125e+00
2.890000000000000124e+00 3.921485956280231555e+00
2.899999999999999911e+00 3.916726768569946504e+00
2.910000000000000142e+00 3.909936684017181197e+00
2.919999999999999929e+00 3.900414699692726028e+00
2.930000000000000160e+00 3.886842425227165165e+00
2.939999999999999947e+00 3.867371211135387288e+00
2.950000000000000178e+00 3.838274619100094043e+00
2.959999999999999964e+00 3.799279455494880775e+00
2.970000000000000195e+00 3.744723468661308452e+00
2.979999999999999982e+00 3.672385641436576975e+00
2.990000000000000213e+00 3.572856270093917708e+00
3.000000000000000000e+00 3.432629297080040054e+00
