0.000000000000000000e+00 7.199163998886942695e-01
1.000000000000000021e-02 7.233935294988751430e-01
2.000000000000000042e-02 7.286006649571656890e-01
2.999999999999999889e-02 7.286224434405564887e-01
4.000000000000000083e-02 1.453921277524828914e+00
5.000000000000000278e-02 1.728844299952983832e+00
5.999999999999999778e-02 1.728820215675830774e+00
7.000000000000000666e-02 1.729730595344304955e+00
8.000000000000000167e-02 1.730831842544078736e+00
8.999999999999999667e-02 1.735907433271408173e+00
1.000000000000000056e-01 1.745708820518255155e+00
1.100000000000000006e-01 1.767739555869102475e+00
1.199999999999999956e-01 2.123803955875635197e+00
1.300000000000000044e-01 2.642889394407272441e+00
1.400000000000000133e-01 2.703816173405647394e+00
1.499999999999999944e-01 2.704898644781112527e+00
1.600000000000000033e-01 2.704906242599487420e+00
1.700000000000000122e-01 2.706308949785232620e+00
1.799999999999999933e-01 2.712528665525913318e+00
1.900000000000000022e-01 2.718583216929435942e+00
2.000000000000000111e-01 2.729408118164539321e+00
2.099999999999999922e-01 2.800264287536144092e+00
2.200000000000000011e-01 3.002298710935115800e+00
2.300000000000000100e-01 3.338304079263210156e+00
2.399999999999999911e-01 3.696578734695911361e+00
2.500000000000000000e-01 3.828577918374538314e+00
2.600000000000000089e-01 3.879854439802169708e+00
2.700000000000000178e-01 3.906914635193348140e+00
2.800000000000000266e-01 3.915284455144405484e+00
2.899999999999999800e-01 3.917963327443599653e+00
2.999999999999999889e-01 3.920776484835148068e+00
3.099999999999999978e-01 3.921074428894519848e+00
3.200000000000000067e-01 3.921103794090747829e+00
3.300000000000000155e-01 3.921099952785968679e+00
3.400000000000000244e-01 3.921091728732585935e+00
3.500000000000000333e-01 3.920870443534850924e+00
3.599999999999999867e-01 3.918014349210262370e+00
3.699999999999999956e-01 3.914023358759880278e+00
3.800000000000000044e-01 3.903580201721191578e+00
3.900000000000000133e-01 3.864055827960967804e+00
4.000000000000000222e-01 3.738297359132766839e+00
4.100000000000000311e-01 3.614458051764965152e+00
4.199999999999999845e-01 3.519875912060737466e+00
4.299999999999999933e-01 3.427463076274395171e+00
4.400000000000000022e-01 3.384220560753345541e+00
4.500000000000000111e-01 3.356878243806362239e+00
4.600000000000000200e-01 3.328096793806552878e+00
4.700000000000000289e-01 3.313209250771999237e+00
4.799999999999999822e-01 3.302941476769447160e+00
4.899999999999999911e-01 3.298556231718063447e+00
5.000000000000000000e-01 3.296919960932731541e+00
5.100000000000000089e-01 3.295760372781753489e+00
5.200000000000000178e-01 3.294710180275440159e+00
5.300000000000000266e-01 3.294500655047893467e+00
5.400000000000000355e-01 3.294526754276752456e+00
5.500000000000000444e-01 3.294602827939987044e+00
5.600000000000000533e-01 3.295082032306194453e+00
5.700000000000000622e-01 3.295418807952403828e+00
5.799999999999999600e-01 3.295750050094127470e+00
5.899999999999999689e-01 3.296117750406265312e+00
5.999999999999999778e-01 3.296377876510620197e+00
6.099999999999999867e-01 3.296641460685730163e+00
6.199999999999999956e-01 3.296726008145808962e+00
6.300000000000000044e-01 3.296782542750835265e+00
6.400000000000000133e-01 3.296827753903865954e+00
6.500000000000000222e-01 3.296853239693641857e+00
6.600000000000000311e-01 3.296845236036777482e+00
6.700000000000000400e-01 3.296998868663310933e+00
6.800000000000000488e-01 3.297151500113010503e+00
6.900000000000000577e-01 3.297359987676143689e+00
7.000000000000000666e-01 3.297508537743091495e+00
7.099999999999999645e-01 3.297676718409061625e+00
7.199999999999999734e-01 3.297782135972976647e+00
7.299999999999999822e-01 3.297812861011028218e+00
7.399999999999999911e-01 3.297858360233306918e+00
7.500000000000000000e-01 3.297902491135597192e+00
7.600000000000000089e-01 3.297978870103359217e+00
7.700000000000000178e-01 3.298008470628261524e+00
7.800000000000000266e-01 3.298022993848323647e+00
7.900000000000000355e-01 3.297998011844158306e+00
8.000000000000000444e-01 3.298027598745822964e+00
8.100000000000000533e-01 3.298080004942417265e+00
8.200000000000000622e-01 3.298049179933071340e+00
8.300000000000000711e-01 3.297954070482254085e+00
8.399999999999999689e-01 3.297524906365871367e+00
8.499999999999999778e-01 3.297437272450923995e+00
8.599999999999999867e-01 3.297296225752830434e+00
8.699999999999999956e-01 3.297085749442577374e+00
8.800000000000000044e-01 3.297472781331538982e+00
8.900000000000000133e-01 3.298322049012184287e+00
9.000000000000000222e-01 3.298904481589794102e+00
9.100000000000000311e-01 3.299461723570823679e+00
9.200000000000000400e-01 3.300006189327239881e+00
9.300000000000000488e-01 3.300897705602646059e+00
9.400000000000000577e-01 3.302037888486385242e+00
9.500000000000000666e-01 3.303187517113685523e+00
9.599999999999999645e-01 3.304434766356945108e+00
9.699999999999999734e-01 3.305864455854892636e+00
9.799999999999999822e-01 3.308554149408340361e+00
9.899999999999999911e-01 3.311995049004554659e+00
1.000000000000000000e+00 3.315140908191203994e+00
1.010000000000000009e+00 3.318755021731853549e+00
1.020000000000000018e+00 3.322988330438136906e+00
1.030000000000000027e+00 3.328044086704254223e+00
1.040000000000000036e+00 3.333272797329425607e+00
1.050000000000000044e+00 3.344390366442203444e+00
1.060000000000000053e+00 3.354505668411254860e+00
1.070000000000000062e+00 3.364324763343334190e+00
1.080000000000000071e+00 3.367659329993724970e+00
1.090000000000000080e+00 3.370569437916278943e+00
1.100000000000000089e+00 3.374212120442390273e+00
1.110000000000000098e+00 3.380551081628799359e+00
1.120000000000000107e+00 3.381542788953781020e+00
1.130000000000000115e+00 3.385715395193099830e+00
1.140000000000000124e+00 3.394285952122211292e+00
1.150000000000000133e+00 3.400504193048476953e+00
1.159999999999999920e+00 3.407312504036426493e+00
1.169999999999999929e+00 3.410754886453151613e+00
1.179999999999999938e+00 3.413234038300514417e+00
1.189999999999999947e+00 3.419365942187309049e+00
1.199999999999999956e+00 3.424384690980911472e+00
1.209999999999999964e+00 3.429713353166579992e+00
1.219999999999999973e+00 3.438168033728599582e+00
1.229999999999999982e+00 3.448454780600071157e+00
1.239999999999999991e+00 3.452701859672069329e+00
1.250000000000000000e+00 3.450490974280834067e+00
1.260000000000000009e+00 3.452161668550968177e+00
1.270000000000000018e+00 3.448936987762451167e+00
1.280000000000000027e+00 3.450807421798705921e+00
1.290000000000000036e+00 3.455055677454471397e+00
1.300000000000000044e+00 3.455457908871173878e+00
1.310000000000000053e+00 3.455471494443416614e+00
1.320000000000000062e+00 3.447680384640693596e+00
1.330000000000000071e+00 3.431114985804557982e+00
1.340000000000000080e+00 3.407640973789691774e+00
1.350000000000000089e+00 3.378383573005199647e+00
1.360000000000000098e+00 3.336888692276477997e+00
1.370000000000000107e+00 3.311979572038650677e+00
1.380000000000000115e+00 3.289516928770542137e+00
1.390000000000000124e+00 3.269185376408100030e+00
1.400000000000000133e+00 3.255947056739330492e+00
1.409999999999999920e+00 3.242963195650577557e+00
1.419999999999999929e+00 3.219258104033470236e+00
1.429999999999999938e+00 3.196076865963935809e+00
1.439999999999999947e+00 3.174965651695728308e+00
1.449999999999999956e+00 3.159667089753150915e+00
1.459999999999999964e+00 3.142134808762073739e+00
1.469999999999999973e+00 3.123659650707244939e+00
1.479999999999999982e+00 3.107564795663356971e+00
1.489999999999999991e+00 3.093840815753936546e+00
1.500000000000000000e+00 3.085716121087074271e+00
1.510000000000000009e+00 3.079011329402923547e+00
1.520000000000000018e+00 3.072151276731490910e+00
1.530000000000000027e+00 3.063509177348613832e+00
1.540000000000000036e+00 3.058751933248042842e+00
1.550000000000000044e+00 3.056375530464649160e+00
1.560000000000000053e+00 3.055258544445037749e+00
1.570000000000000062e+00 3.055344227735996121e+00
1.580000000000000071e+00 3.056048059039115916e+00
1.590000000000000080e+00 3.056533527321815491e+00
1.600000000000000089e+00 3.055444912216663145e+00
1.610000000000000098e+00 3.055815341660976348e+00
1.620000000000000107e+00 3.056012107698917291e+00
1.630000000000000115e+00 3.049495534126758667e+00
1.640000000000000124e+00 3.046670980281829699e+00
1.650000000000000133e+00 3.043685430667400382e+00
1.660000000000000142e+00 3.042480561037063769e+00
1.669999999999999929e+00 3.041755560123920343e+00
1.679999999999999938e+00 3.039873696317672902e+00
1.689999999999999947e+00 3.039661950285434511e+00
1.699999999999999956e+00 3.039558275604247850e+00
1.709999999999999964e+00 3.039453965866565799e+00
1.719999999999999973e+00 3.039359864044189674e+00
1.729999999999999982e+00 3.039153961508274104e+00
1.739999999999999991e+00 3.039018136107921819e+00
1.750000000000000000e+00 3.038709667260646619e+00
1.760000000000000009e+00 3.038506196529865200e+00
1.770000000000000018e+00 3.038189350478649242e+00
1.780000000000000027e+00 3.038000873863697215e+00
1.790000000000000036e+00 3.037628423571586467e+00
1.800000000000000044e+00 3.037475805673599094e+00
1.810000000000000053e+00 3.037348105440139889e+00
1.820000000000000062e+00 3.037235556044578733e+00
1.830000000000000071e+00 3.037206968274116736e+00
1.840000000000000080e+00 3.037183583574294854e+00
1.850000000000000089e+00 3.037019697887897607e+00
1.860000000000000098e+00 3.036975934820175027e+00
1.870000000000000107e+00 3.037194252197742639e+00
1.880000000000000115e+00 3.037626937463283383e+00
1.890000000000000124e+00 3.038232389798164235e+00
1.900000000000000133e+00 3.038805069625377442e+00
1.910000000000000142e+00 3.038110092806816098e+00
1.919999999999999929e+00 3.037106608357429405e+00
1.929999999999999938e+00 3.037510468075275583e+00
1.939999999999999947e+00 3.036852359864711914e+00
1.949999999999999956e+00 3.036828154718875794e+00
1.959999999999999964e+00 3.038360835645198765e+00
1.969999999999999973e+00 3.042312345581054789e+00
1.979999999999999982e+00 3.053958202984333070e+00
1.989999999999999991e+00 3.062488405215740173e+00
2.000000000000000000e+00 3.080092546451091984e+00
2.010000000000000231e+00 3.109366980569362671e+00
2.020000000000000018e+00 3.147209202902316871e+00
2.030000000000000249e+00 3.188821106450557608e+00
2.040000000000000036e+00 3.242914614245891780e+00
2.049999999999999822e+00 3.337310895161628821e+00
2.060000000000000053e+00 3.437582203474044640e+00
2.069999999999999840e+00 3.517005288083553172e+00
2.080000000000000071e+00 3.598353091282844751e+00
2.089999999999999858e+00 3.673458625104427444e+00
2.100000000000000089e+00 3.733224294981956515e+00
2.109999999999999876e+00 3.776529001286029974e+00
2.120000000000000107e+00 3.802550018887519645e+00
2.129999999999999893e+00 3.820033827643394275e+00
2.140000000000000124e+00 3.836688471755981489e+00
2.149999999999999911e+00 3.850016757032871162e+00
2.160000000000000142e+00 3.863246523053645909e+00
2.169999999999999929e+00 3.866018431682586520e+00
2.180000000000000160e+00 3.868462043647765913e+00
2.189999999999999947e+00 3.869028247046470526e+00
2.200000000000000178e+00 3.869333243987560067e+00
2.209999999999999964e+00 3.869451788246631718e+00
2.220000000000000195e+00 3.869856542239189068e+00
2.229999999999999982e+00 3.870365500762462663e+00
2.240000000000000213e+00 3.871250385737419197e+00
2.250000000000000000e+00 3.872712270455360262e+00
2.260000000000000231e+00 3.873447982761859976e+00
2.270000000000000018e+00 3.873927211377620861e+00
2.280000000000000249e+00 3.874578141860961722e+00
2.290000000000000036e+00 3.874961257121563030e+00
2.300000000000000266e+00 3.875332835099697171e+00
2.310000000000000053e+00 3.875461946778297584e+00
2.319999999999999840e+00 3.875480506131649072e+00
2.330000000000000071e+00 3.875525082767009799e+00
2.339999999999999858e+00 3.875529030041694689e+00
2.350000000000000089e+00 3.875353625750541653e+00
2.359999999999999876e+00 3.875347477488517711e+00
2.370000000000000107e+00 3.875101680481433775e+00
2.379999999999999893e+00 3.875039034771919244e+00
2.390000000000000124e+00 3.874936337006091858e+00
2.399999999999999911e+00 3.874632339351177013e+00
2.410000000000000142e+00 3.874228558864593719e+00
2.419999999999999929e+00 3.873843684167861845e+00
2.430000000000000160e+00 3.873815538048744234e+00
2.439999999999999947e+00 3.873610529546737791e+00
2.450000000000000178e+00 3.873342866053581357e+00
2.459999999999999964e+00 3.873143591170311151e+00
2.470000000000000195e+00 3.872909177477359854e+00
2.479999999999999982e+00 3.872773633651733327e+00
2.490000000000000213e+00 3.872760694935321713e+00
2.500000000000000000e+00 3.872692537865638940e+00
2.510000000000000231e+00 3.872528876602649550e+00
2.520000000000000018e+00 3.872432518987655836e+00
2.530000000000000249e+00 3.872292761642933012e+00
2.540000000000000036e+00 3.872200917479991844e+00
2.550000000000000266e+00 3.872054355413913740e+00
2.560000000000000053e+00 3.872002939021587320e+00
2.569999999999999840e+00 3.871899662473201609e+00
2.580000000000000071e+00 3.871837092940807246e+00
2.589999999999999858e+00 3.871650501224994656e+00
2.600000000000000089e+00 3.871304588773250455e+00
2.609999999999999876e+00 3.871092404856681934e+00
2.620000000000000107e+00 3.870799070689677990e+00
2.629999999999999893e+00 3.870457897787094037e+00
2.640000000000000124e+00 3.870173581564426257e+00
2.649999999999999911e+00 3.869905913059711544e+00
2.660000000000000142e+00 3.869664348640442064e+00
2.669999999999999929e+00 3.869634891929626619e+00
2.680000000000000160e+00 3.869446996822357043e+00
2.689999999999999947e+00 3.869084058849811658e+00
2.700000000000000178e+00 3.868845207746028692e+00
2.709999999999999964e+00 3.868238070969581610e+00
2.720000000000000195e+00 3.867369567234516303e+00
2.729999999999999982e+00 3.866980290145873855e+00
2.740000000000000213e+00 3.866148422498703052e+00
2.750000000000000000e+00 3.865407826631069188e+00
2.760000000000000231e+00 3.864895984113216443e+00
2.770000000000000018e+00 3.864253886253833592e+00
2.780000000000000249e+00 3.863841390740871518e+00
2.790000000000000036e+00 3.863390000638961652e+00
2.800000000000000266e+00 3.863258714160919371e+00
2.810000000000000053e+00 3.863256236753463746e+00
2.819999999999999840e+00 3.863261570656299604e+00
2.830000000000000071e+00 3.863260048923492285e+00
2.839999999999999858e+00 3.863183235883712818e+00
2.850000000000000089e+00 3.863028815288543694e+00
2.859999999999999876e+00 3.849661515624523300e+00
2.870000000000000107e+00 3.821049651103019862e+00
2.879999999999999893e+00 3.746647965641021649e+00
2.890000000000000124e+00 3.559986522530317110e+00
2.899999999999999911e+00 2.739155620442032646e+00
2.910000000000000142e+00 1.537661765850186324e+00
2.919999999999999929e+00 1.421207099633216897e+00
2.930000000000000160e+00 1.427870565382242107e+00
2.939999999999999947e+00 1.514636766545772506e+00
2.950000000000000178e+00 2.809461975461244432e+00
2.959999999999999964e+00 3.531656813907623427e+00
2.970000000000000195e+00 3.632798693916797550e+00
2.979999999999999982e+00 3.704168818234205407e+00
2.990000000000000213e+00 3.705321358315944558e+00
3.000000000000000000e+00 3.704877195127010303e+00
