0.000000000000000000e+00 1.919664187468302641e-01 2.067817414181220281e-01
1.000000000000000021e-02 8.528721836662513933e-01 8.915319083201662664e-01
2.000000000000000042e-02 8.528721836662513933e-01 8.915319083201662664e-01
2.999999999999999889e-02 8.528721836662513933e-01 8.915319083201662664e-01
4.000000000000000083e-02 8.528721836662513933e-01 8.915319083201662664e-01
5.000000000000000278e-02 3.355254376062492216e+00 3.462144221163650837e+00
5.999999999999999778e-02 3.366275166470968472e+00 3.440708638675248565e+00
7.000000000000000666e-02 3.376074875699862421e+00 3.424947240727558739e+00
8.000000000000000167e-02 3.380090754506263284e+00 3.418568452575531769e+00
8.999999999999999667e-02 3.381879661986642027e+00 3.415867498371786937e+00
1.000000000000000056e-01 3.383088714697582766e+00 3.414047100388781786e+00
1.100000000000000006e-01 3.383524286053927188e+00 3.413436720587461171e+00
1.199999999999999956e-01 3.383676149533473065e+00 3.413367996093549017e+00
1.300000000000000044e-01 3.382665582478987076e+00 3.414134107772363258e+00
1.400000000000000133e-01 3.370073354184712766e+00 3.424092548563395066e+00
1.499999999999999944e-01 3.372293556836826856e+00 3.421022995010631451e+00
1.600000000000000033e-01 3.374766121616433079e+00 3.418967245235373209e+00
1.700000000000000122e-01 3.365821053150348074e+00 3.426651500231571834e+00
1.799999999999999933e-01 3.271277225863917781e+00 3.498585092020050968e+00
1.900000000000000022e-01 3.363911063187937867e+00 3.427615175620693844e+00
2.000000000000000111e-01 3.384817272146705136e+00 3.408907744332786649e+00
2.099999999999999922e-01 3.387166037706999422e+00 3.407044001598687810e+00
2.200000000000000011e-01 3.387330775938997895e+00 3.406933162507047363e+00
2.300000000000000100e-01 3.387332567132836925e+00 3.406912053400152463e+00
2.399999999999999911e-01 3.387307272120171575e+00 3.406926676387137753e+00
2.500000000000000000e-01 3.387310917653352238e+00 3.406971473170011588e+00
2.600000000000000089e-01 3.386957152453868414e+00 3.407214218910725290e+00
2.700000000000000178e-01 3.386969400293163623e+00 3.407251892817684258e+00
2.800000000000000266e-01 3.386968078693215034e+00 3.407238509894545686e+00
2.899999999999999800e-01 3.386815290476786533e+00 3.407295897124302808e+00
2.999999999999999889e-01 3.386555664347187911e+00 3.407423418289645678e+00
3.099999999999999978e-01 3.386515298224095805e+00 3.407413986863490063e+00
3.200000000000000067e-01 3.386504477683780490e+00 3.407365372002841841e+00
3.300000000000000155e-01 3.386438559015155558e+00 3.407371711899875866e+00
3.400000000000000244e-01 3.386396013730521570e+00 3.407378581916336469e+00
3.500000000000000333e-01 3.386235594697390994e+00 3.407445626868809363e+00
3.599999999999999867e-01 3.386195602616182576e+00 3.407474614812024960e+00
3.699999999999999956e-01 3.386186727207806335e+00 3.407474952141138935e+00
3.800000000000000044e-01 3.386180147126026885e+00 3.407476658637218048e+00
3.900000000000000133e-01 3.386142873933552178e+00 3.407478511955500888e+00
4.000000000000000222e-01 3.386132355053108611e+00 3.407488501508551870e+00
4.100000000000000311e-01 3.386139200618192291e+00 3.407467184670045945e+00
4.199999999999999845e-01 3.386135508216706391e+00 3.407473990484389148e+00
4.299999999999999933e-01 3.386136718225091435e+00 3.407468625717550381e+00
4.400000000000000022e-01 3.386282088491880948e+00 3.407322876746690099e+00
4.500000000000000111e-01 3.386229102726994178e+00 3.407346030143679982e+00
4.600000000000000200e-01 3.386339093251912402e+00 3.407249101304324235e+00
4.700000000000000289e-01 3.386099850554507906e+00 3.407381569533306287e+00
4.799999999999999822e-01 3.385723585621840392e+00 3.407637132800095614e+00
4.899999999999999911e-01 3.385395622337268762e+00 3.407751632806850672e+00
5.000000000000000000e-01 3.385098152662358029e+00 3.407891343230166736e+00
5.100000000000000089e-01 3.385093064280673136e+00 3.407869683355168267e+00
5.200000000000000178e-01 3.384957849085721726e+00 3.407895179135408625e+00
5.300000000000000266e-01 3.385011313998202098e+00 3.407816924002667669e+00
5.400000000000000355e-01 3.385010892174508346e+00 3.407803760812017746e+00
5.500000000000000444e-01 3.385503657433417413e+00 3.407331111009689995e+00
5.600000000000000533e-01 3.385937723061920313e+00 3.407005310900329764e+00
5.700000000000000622e-01 3.386174251888688591e+00 3.406833289944235066e+00
5.799999999999999600e-01 3.386275872779577867e+00 3.406760371069222693e+00
5.899999999999999689e-01 3.386558700352802376e+00 3.406545826367244345e+00
5.999999999999999778e-01 3.386570834428998200e+00 3.406537370641497642e+00
6.099999999999999867e-01 3.386575669373309783e+00 3.406537868801319480e+00
6.199999999999999956e-01 3.386618391548545937e+00 3.406500924209205472e+00
6.300000000000000044e-01 3.386639237929367496e+00 3.406496846527076627e+00
6.400000000000000133e-01 3.386697086021326353e+00 3.406456428988553942e+00
6.500000000000000222e-01 3.386736270118963610e+00 3.406443533595788331e+00
6.600000000000000311e-01 3.386795680910773765e+00 3.406404496162705353e+00
6.700000000000000400e-01 3.386783864814195688e+00 3.406424627741422739e+00
6.800000000000000488e-01 3.386798154566385222e+00 3.406427226626775884e+00
6.900000000000000577e-01 3.386790154602757230e+00 3.406431940953501769e+00
7.000000000000000666e-01 3.386786361912189403e+00 3.406441265183986378e+00
7.099999999999999645e-01 3.386786417123653692e+00 3.406441864274166065e+00
7.199999999999999734e-01 3.386782129231407978e+00 3.406449135216758073e+00
7.299999999999999822e-01 3.386782842171014440e+00 3.406462583353696782e+00
7.399999999999999911e-01 3.386782875681791261e+00 3.406462829283800176e+00
7.500000000000000000e-01 3.386781181036781607e+00 3.406462724431205569e+00
7.600000000000000089e-01 3.386781306618944498e+00 3.406466113887533176e+00
7.700000000000000178e-01 3.386781024502849569e+00 3.406465963874721226e+00
7.800000000000000266e-01 3.386773821887156366e+00 3.406467839384892393e+00
7.900000000000000355e-01 3.386769061284587767e+00 3.406470367516948539e+00
8.000000000000000444e-01 3.386758956102302154e+00 3.406480456887314379e+00
8.100000000000000533e-01 3.386755693928984012e+00 3.406486148288461191e+00
8.200000000000000622e-01 3.386755069045873423e+00 3.406499896297602081e+00
8.300000000000000711e-01 3.386731000718269602e+00 3.406497925105895330e+00
8.399999999999999689e-01 3.386722397157268194e+00 3.406504717372341506e+00
8.499999999999999778e-01 3.386714629160342938e+00 3.406508020042004148e+00
8.599999999999999867e-01 3.386688879696960086e+00 3.406524525077705867e+00
8.699999999999999956e-01 3.386589191434989488e+00 3.406571548683037243e+00
8.800000000000000044e-01 3.386552961090224745e+00 3.406583143579346551e+00
8.900000000000000133e-01 3.386366428030595621e+00 3.406690552827253526e+00
9.000000000000000222e-01 3.384504275308994004e+00 3.408304673303218735e+00
9.100000000000000311e-01 3.384177264108575223e+00 3.408546965661131800e+00
9.200000000000000400e-01 3.379953747833781552e+00 3.412050777007527014e+00
9.300000000000000488e-01 3.373899386001231182e+00 3.416797644490598085e+00
9.400000000000000577e-01 3.372637332525590725e+00 3.417569385032316109e+00
9.500000000000000666e-01 3.369001262774637961e+00 3.420193278188535135e+00
9.599999999999999645e-01 3.364606227520429371e+00 3.423219937922037381e+00
9.699999999999999734e-01 3.362941563235143150e+00 3.424317614034792179e+00
9.799999999999999822e-01 3.360910962288843340e+00 3.425472814199460370e+00
9.899999999999999911e-01 3.359334836364260557e+00 3.426304205932149127e+00
1.000000000000000000e+00 3.353951585526161239e+00 3.430034514541930868e+00
1.010000000000000009e+00 3.341208492587518730e+00 3.438241146999883480e+00
1.020000000000000018e+00 3.332137377546840806e+00 3.443424770876353680e+00
1.030000000000000027e+00 3.319521825619651700e+00 3.450994457696960893e+00
1.040000000000000036e+00 3.308485078204019825e+00 3.459237028576986450e+00
1.050000000000000044e+00 3.315108961692295519e+00 3.457639698528804484e+00
1.060000000000000053e+00 3.324058579065162888e+00 3.454565359051864348e+00
1.070000000000000062e+00 3.334021777615622018e+00 3.449535678377076753e+00
1.080000000000000071e+00 3.364809948147417629e+00 3.430169289184926029e+00
1.090000000000000080e+00 3.367148726802131176e+00 3.428950965409020224e+00
1.100000000000000089e+00 3.366947284570474430e+00 3.429383938149671351e+00
1.110000000000000098e+00 3.366347904769807275e+00 3.430015861428351354e+00
1.120000000000000107e+00 3.365342278890532945e+00 3.431136918134765956e+00
1.130000000000000115e+00 3.364670978713329319e+00 3.431817629432384109e+00
1.140000000000000124e+00 3.363666748900667969e+00 3.432297939119084873e+00
1.150000000000000133e+00 3.362317120635982093e+00 3.432843491794590030e+00
1.159999999999999920e+00 3.361465782311386263e+00 3.433250983087592800e+00
1.169999999999999929e+00 3.360019662001228369e+00 3.434299514639282513e+00
1.179999999999999938e+00 3.358472137677833924e+00 3.435290257484748810e+00
1.189999999999999947e+00 3.357342719598322756e+00 3.436443551921338102e+00
1.199999999999999956e+00 3.348275354698751816e+00 3.443745582529450733e+00
1.209999999999999964e+00 3.341923740861987291e+00 3.448647782794857619e+00
1.219999999999999973e+00 3.336307058480787457e+00 3.452765836888742168e+00
1.229999999999999982e+00 3.325788870006721076e+00 3.459984099496681509e+00
1.239999999999999991e+00 3.278250792055541041e+00 3.491012290367669024e+00
1.250000000000000000e+00 3.161279427728214131e+00 3.556171814654311980e+00
1.260000000000000009e+00 3.140241384791718549e+00 3.563748931120051200e+00
1.270000000000000018e+00 3.130643952763291438e+00 3.568010820090560031e+00
1.280000000000000027e+00 3.121639191660039891e+00 3.580279640322572732e+00
1.290000000000000036e+00 3.107129917895714577e+00 3.587848599903662894e+00
1.300000000000000044e+00 3.113012300178019665e+00 3.588805508984120429e+00
1.310000000000000053e+00 3.111315587183835607e+00 3.593295516837236914e+00
1.320000000000000062e+00 3.118705457243826640e+00 3.593619249591920362e+00
1.330000000000000071e+00 3.115249259880799926e+00 3.591864296733121797e+00
1.340000000000000080e+00 3.088361858678896343e+00 3.590023878578107119e+00
1.350000000000000089e+00 3.006153756229293705e+00 3.604737265389549528e+00
1.360000000000000098e+00 2.756531944405466561e+00 3.629185688651173969e+00
1.370000000000000107e+00 2.324417365099547439e+00 3.497831559520603761e+00
1.380000000000000115e+00 2.123848600219304217e+00 3.301941124664728555e+00
1.390000000000000124e+00 2.132345784725884208e+00 3.253441513796111018e+00
1.400000000000000133e+00 2.269980486609147974e+00 3.316336269155336858e+00
1.409999999999999920e+00 2.512769924754525874e+00 3.407328207986925150e+00
1.419999999999999929e+00 2.665831901835690410e+00 3.444794721728076325e+00
1.429999999999999938e+00 2.706919621573278256e+00 3.442554082845857621e+00
1.439999999999999947e+00 2.764285864331827103e+00 3.437981158521070224e+00
1.449999999999999956e+00 2.816899677236896604e+00 3.451258550511974388e+00
1.459999999999999964e+00 2.846652756179546273e+00 3.455105803791309604e+00
1.469999999999999973e+00 2.870414022333307891e+00 3.452803460095243082e+00
1.479999999999999982e+00 2.890192073869868761e+00 3.445338583316639447e+00
1.489999999999999991e+00 2.914804280109338563e+00 3.431554660835333337e+00
1.500000000000000000e+00 2.927166772752493262e+00 3.420337568930894800e+00
1.510000000000000009e+00 2.934576612156637676e+00 3.408787054172746078e+00
1.520000000000000018e+00 2.937952955029865532e+00 3.404523047501185840e+00
1.530000000000000027e+00 2.940521246146520884e+00 3.412478898540177941e+00
1.540000000000000036e+00 2.919458021883853505e+00 3.434925574970356443e+00
1.550000000000000044e+00 2.914539068092777185e+00 3.481034512134121073e+00
1.560000000000000053e+00 2.916128961900974481e+00 3.541268341775630546e+00
1.570000000000000062e+00 2.914178163623126316e+00 3.577733654356686444e+00
1.580000000000000071e+00 2.919162024394703625e+00 3.643212034948634770e+00
1.590000000000000080e+00 2.937363254378027477e+00 3.704337461120896791e+00
1.600000000000000089e+00 2.955189374048671880e+00 3.770448890130557729e+00
1.610000000000000098e+00 3.035388955999021032e+00 3.832025289229746168e+00
1.620000000000000107e+00 3.067117878230124273e+00 3.871861541783303107e+00
1.630000000000000115e+00 3.113528686154434233e+00 3.916076902234008728e+00
1.640000000000000124e+00 3.146722446822328045e+00 3.962534165597753955e+00
1.650000000000000133e+00 3.135765717986410461e+00 4.020953908769303808e+00
1.660000000000000142e+00 3.183633016915376146e+00 4.072867756814901874e+00
1.669999999999999929e+00 3.236703959188589330e+00 4.104160107726922746e+00
1.679999999999999938e+00 3.382480723539686540e+00 4.103613701923989332e+00
1.689999999999999947e+00 3.502974289730997448e+00 4.084465390645055649e+00
1.699999999999999956e+00 3.557786483668871735e+00 4.084084071364812552e+00
1.709999999999999964e+00 3.594423529621369795e+00 4.083436875933401211e+00
1.719999999999999973e+00 3.628185967071538176e+00 4.081745506469721008e+00
1.729999999999999982e+00 3.663885430651404818e+00 4.077093100408814230e+00
1.739999999999999991e+00 3.703433529452891282e+00 4.069299426660923480e+00
1.750000000000000000e+00 3.739282204245686358e+00 4.059696793647646906e+00
1.760000000000000009e+00 3.774860351927288971e+00 4.047082976672641053e+00
1.770000000000000018e+00 3.802409569211893103e+00 4.036083186306066217e+00
1.780000000000000027e+00 3.815778344816334933e+00 4.030233905950418638e+00
1.790000000000000036e+00 3.819895602502953125e+00 4.028970677418578283e+00
1.800000000000000044e+00 3.827987737384852540e+00 4.025895608257237690e+00
1.810000000000000053e+00 3.836102505856599176e+00 4.022436233457480803e+00
1.820000000000000062e+00 3.842856271318896066e+00 4.019451789885059689e+00
1.830000000000000071e+00 3.849825253586191653e+00 4.016156013575177930e+00
1.840000000000000080e+00 3.855080999063231317e+00 4.013542072922013482e+00
1.850000000000000089e+00 3.861450816311322143e+00 4.010353580527819872e+00
1.860000000000000098e+00 3.867074076349458878e+00 4.007448535168447457e+00
1.870000000000000107e+00 3.873352792014078005e+00 4.004177666674658020e+00
1.880000000000000115e+00 3.876009382061563535e+00 4.002769439821638464e+00
1.890000000000000124e+00 3.878773014753478243e+00 4.001419250642640257e+00
1.900000000000000133e+00 3.883051857777902072e+00 3.999263879088095663e+00
1.910000000000000142e+00 3.887782856362937078e+00 3.996811458226563030e+00
1.919999999999999929e+00 3.890936938523443800e+00 3.995105347867814238e+00
1.929999999999999938e+00 3.895553402135507159e+00 3.992460985061987433e+00
1.939999999999999947e+00 3.896470282184018696e+00 3.991926438339815864e+00
1.949999999999999956e+00 3.898002754037447559e+00 3.991083725750378619e+00
1.959999999999999964e+00 3.899336435339865847e+00 3.990313614689889210e+00
1.969999999999999973e+00 3.900872814569630531e+00 3.989443119449458397e+00
1.979999999999999982e+00 3.901368233508094363e+00 3.989168802734390340e+00
1.989999999999999991e+00 3.902850788815903194e+00 3.988340737749648923e+00
2.000000000000000000e+00 3.904297647316478770e+00 3.987539393384433861e+00
2.010000000000000231e+00 3.906365009635303309e+00 3.986401720396663961e+00
2.020000000000000018e+00 3.908580236082139336e+00 3.985131973833975216e+00
2.030000000000000249e+00 3.909736191765253999e+00 3.984425860084111370e+00
2.040000000000000036e+00 3.910184389533118754e+00 3.984144528499527382e+00
2.049999999999999822e+00 3.910171565228762081e+00 3.984122743891415741e+00
2.060000000000000053e+00 3.910159305740349645e+00 3.984102000631339457e+00
2.069999999999999840e+00 3.910140425332399250e+00 3.984059921156553497e+00
2.080000000000000071e+00 3.910133660854557824e+00 3.984053516755839297e+00
2.089999999999999858e+00 3.910135247121039104e+00 3.984069949588593840e+00
2.100000000000000089e+00 3.910130919730167243e+00 3.984052730281849364e+00
2.109999999999999876e+00 3.910117763412380487e+00 3.984054742714976616e+00
2.120000000000000107e+00 3.910063229337856772e+00 3.984006084011867177e+00
2.129999999999999893e+00 3.909979575580861066e+00 3.983923620558474710e+00
2.140000000000000124e+00 3.909799791375941247e+00 3.983826897915059284e+00
2.149999999999999911e+00 3.909782631235738659e+00 3.983773155769685825e+00
2.160000000000000142e+00 3.909742702063446984e+00 3.983744154983633656e+00
2.169999999999999929e+00 3.909722709997325740e+00 3.983718861705631387e+00
2.180000000000000160e+00 3.909568259029848836e+00 3.983639306292073190e+00
2.189999999999999947e+00 3.909442691674708481e+00 3.983590137671948472e+00
2.200000000000000178e+00 3.909399887692462716e+00 3.983582366536129182e+00
2.209999999999999964e+00 3.909405433180073164e+00 3.983582375386020669e+00
2.220000000000000195e+00 3.909480910947448873e+00 3.983555125844352229e+00
2.229999999999999982e+00 3.909550158248261020e+00 3.983518831658050097e+00
2.240000000000000213e+00 3.909539181321326939e+00 3.983508181406791859e+00
2.250000000000000000e+00 3.909500618001166661e+00 3.983468131398018475e+00
2.260000000000000231e+00 3.909530420371253978e+00 3.983423093403617887e+00
2.270000000000000018e+00 3.909509831604717434e+00 3.983399834232570491e+00
2.280000000000000249e+00 3.909510849378384556e+00 3.983363265249453278e+00
2.290000000000000036e+00 3.909540257931328089e+00 3.983378854326629526e+00
2.300000000000000266e+00 3.909550893405431271e+00 3.983357056123262740e+00
2.310000000000000053e+00 3.909428975607106782e+00 3.983354606927683061e+00
2.319999999999999840e+00 3.909354584183509118e+00 3.983396626377289529e+00
2.330000000000000071e+00 3.909220710581883029e+00 3.983473210168735346e+00
2.339999999999999858e+00 3.909155129619041880e+00 3.983500805968841263e+00
2.350000000000000089e+00 3.908896687412916293e+00 3.983575574926675245e+00
2.359999999999999876e+00 3.908661789018467392e+00 3.983609071791812450e+00
2.370000000000000107e+00 3.908505578264096059e+00 3.983618000889918243e+00
2.379999999999999893e+00 3.908328639011500183e+00 3.983648976240040884e+00
2.390000000000000124e+00 3.908212279239405174e+00 3.983655340198766215e+00
2.399999999999999911e+00 3.907743332305448458e+00 3.983806261248094227e+00
2.410000000000000142e+00 3.907483832078619823e+00 3.983884279155091246e+00
2.419999999999999929e+00 3.907268529658180611e+00 3.983933049216407341e+00
2.430000000000000160e+00 3.907029882301180201e+00 3.983971134186894858e+00
2.439999999999999947e+00 3.906471313344260121e+00 3.984178954700211772e+00
2.450000000000000178e+00 3.906468003039608394e+00 3.984178333248844073e+00
2.459999999999999964e+00 3.905947112136395560e+00 3.984321705240694733e+00
2.470000000000000195e+00 3.905670089558386682e+00 3.984341915274834722e+00
2.479999999999999982e+00 3.904821622838327677e+00 3.984604750075986246e+00
2.490000000000000213e+00 3.904594754075752849e+00 3.984617346592200793e+00
2.500000000000000000e+00 3.904510898047949929e+00 3.984620454276535995e+00
2.510000000000000231e+00 3.904397641926090845e+00 3.984584634642322154e+00
2.520000000000000018e+00 3.904119386377161938e+00 3.984636162429028516e+00
2.530000000000000249e+00 3.903856299929378881e+00 3.984752196994068019e+00
2.540000000000000036e+00 3.903729414117258045e+00 3.984772912561971303e+00
2.550000000000000266e+00 3.903691327836893876e+00 3.984756751806355801e+00
2.560000000000000053e+00 3.903460811871075631e+00 3.984798828059649356e+00
2.569999999999999840e+00 3.903452565474319513e+00 3.984798736381721440e+00
2.580000000000000071e+00 3.903450476886950238e+00 3.984798157885350189e+00
2.589999999999999858e+00 3.903449021683889075e+00 3.984797600530427975e+00
2.600000000000000089e+00 3.903449021683889075e+00 3.984797600530427975e+00
2.609999999999999876e+00 3.903435562534358194e+00 3.984796949057553217e+00
2.620000000000000107e+00 3.903432394914831960e+00 3.984795462550912326e+00
2.629999999999999893e+00 3.903442770757052482e+00 3.984799051218655297e+00
2.640000000000000124e+00 3.903441853134379969e+00 3.984798707483067304e+00
2.649999999999999911e+00 3.903456564959052244e+00 3.984801812745567773e+00
2.660000000000000142e+00 3.903461091900917168e+00 3.984802701119331658e+00
2.669999999999999929e+00 3.903152904525835076e+00 3.984963169278066708e+00
2.680000000000000160e+00 3.902457807538351808e+00 3.985278733713784050e+00
2.689999999999999947e+00 3.901614354994337397e+00 3.985707685744722006e+00
2.700000000000000178e+00 3.900619668337981238e+00 3.986211905377229137e+00
2.709999999999999964e+00 3.899218719333457095e+00 3.986978392358971668e+00
2.720000000000000195e+00 3.898535218039088424e+00 3.987363870262570220e+00
2.729999999999999982e+00 3.898173122451135786e+00 3.987587722561528825e+00
2.740000000000000213e+00 3.897584343614427738e+00 3.987831037540586543e+00
2.750000000000000000e+00 3.897107436127479119e+00 3.987945964832489310e+00
2.760000000000000231e+00 3.896788960250279654e+00 3.988091907989123275e+00
2.770000000000000018e+00 3.896112244875864494e+00 3.988261137086911656e+00
2.780000000000000249e+00 3.895283678506779257e+00 3.988483270445895901e+00
2.790000000000000036e+00 3.894065229075938550e+00 3.988765981394261306e+00
2.800000000000000266e+00 3.892934582323277493e+00 3.989130375672137685e+00
2.810000000000000053e+00 3.892427651513167497e+00 3.989167004062585065e+00
2.819999999999999840e+00 3.891947113924416612e+00 3.989259187860098699e+00
2.830000000000000071e+00 3.891551226181630962e+00 3.989448814401979515e+00
2.839999999999999858e+00 3.890681027967072048e+00 3.989819842093848656e+00
2.850000000000000089e+00 3.855248464507166073e+00 4.020652852958138901e+00
2.859999999999999876e+00 3.478260277917201826e+00 4.266495113845055087e+00
2.870000000000000107e+00 3.455997341197956541e+00 4.276327896638880688e+00
2.879999999999999893e+00 3.445532527977507975e+00 4.279789800804573829e+00
2.890000000000000124e+00 3.409072207998387061e+00 4.289739039116748032e+00
2.899999999999999911e+00 3.160799567764843943e+00 4.364785966257010763e+00
2.910000000000000142e+00 2.778464279773781520e+00 4.387416372739722625e+00
2.919999999999999929e+00 2.031604595046980322e+00 4.180947859119432231e+00
2.930000000000000160e+00 1.227009589094739894e+00 3.302672983322519684e+00
2.939999999999999947e+00 1.109426548704513626e+00 2.659424332240215350e+00
2.950000000000000178e+00 1.088828910501705938e+00 2.866947991869939205e+00
2.959999999999999964e+00 1.769787494123067351e+00 4.102233609613094245e+00
2.970000000000000195e+00 2.786781674495066863e+00 4.449807053079281260e+00
2.979999999999999982e+00 3.360537520695174862e+00 4.367924648453747061e+00
2.990000000000000213e+00 3.786624392890362678e+00 4.154668477748007405e+00
3.000000000000000000e+00 3.976998920854446062e+00 3.997488191472175600e+00
