0.000000000000000000e+00 9.218928010881620727e-01 1.000845243039063748e+00
1.000000000000000021e-02 9.218927580915246001e-01 1.000845153883859195e+00
2.000000000000000042e-02 9.218927580915246001e-01 1.000845153883859195e+00
2.999999999999999889e-02 6.604705364096405962e-01 1.344157799061512781e+00
4.000000000000000083e-02 3.501089780591397638e+00 4.286038808592886440e+00
5.000000000000000278e-02 3.901149648019181626e+00 3.994196050771368967e+00
5.999999999999999778e-02 3.901180821213716232e+00 3.994186686248785367e+00
7.000000000000000666e-02 3.900934979800035673e+00 3.994238481308171718e+00
8.000000000000000167e-02 3.899519890607220596e+00 3.994951528026239984e+00
8.999999999999999667e-02 3.895073758589265633e+00 3.997744384206297408e+00
1.000000000000000056e-01 3.891207249181344086e+00 3.999766528928206721e+00
1.100000000000000006e-01 3.890154903766271932e+00 4.000121373484970988e+00
1.199999999999999956e-01 3.888846611654042107e+00 4.000744972365619212e+00
1.300000000000000044e-01 3.883680458120622347e+00 4.003308678274832388e+00
1.400000000000000133e-01 3.860563546643206667e+00 4.018749773683598647e+00
1.499999999999999944e-01 3.751185462136851445e+00 4.075489163913144530e+00
1.600000000000000033e-01 3.553170223916816806e+00 4.115291638385009776e+00
1.700000000000000122e-01 3.271852122664700602e+00 4.053293455548037549e+00
1.799999999999999933e-01 3.040015893200709751e+00 3.855411621476337647e+00
1.900000000000000022e-01 2.943169427826781259e+00 3.623437676474670965e+00
2.000000000000000111e-01 2.939160053011343532e+00 3.424506523059441587e+00
2.099999999999999922e-01 2.958470287750375682e+00 3.337364791924344765e+00
2.200000000000000011e-01 2.973628147908246699e+00 3.291278662632906471e+00
2.300000000000000100e-01 2.978850330082561282e+00 3.277295933330867772e+00
2.399999999999999911e-01 2.979384709149337507e+00 3.275707505706809908e+00
2.500000000000000000e-01 2.967479141508569729e+00 3.194339935797224417e+00
2.600000000000000089e-01 2.967468958426237258e+00 3.194260628184556694e+00
2.700000000000000178e-01 2.967474810615991831e+00 3.194224848307157583e+00
2.800000000000000266e-01 2.967467440879348661e+00 3.194204697477813770e+00
2.899999999999999800e-01 2.967464213471621370e+00 3.194185270714551272e+00
2.999999999999999889e-01 2.968081047833495134e+00 3.193896873232788813e+00
3.099999999999999978e-01 3.055902413072542068e+00 3.144703683581396625e+00
3.200000000000000067e-01 3.083767346030929168e+00 3.122650452907821617e+00
3.300000000000000155e-01 3.083786279841092881e+00 3.122631366142603060e+00
3.400000000000000244e-01 3.083807376219102281e+00 3.122625473631551962e+00
3.500000000000000333e-01 3.083826048242963136e+00 3.122604603693567515e+00
3.599999999999999867e-01 3.083889186819971151e+00 3.122573686653196567e+00
3.699999999999999956e-01 3.083917954037513010e+00 3.122542082712326472e+00
3.800000000000000044e-01 3.083937105194418660e+00 3.122498261245401086e+00
3.900000000000000133e-01 3.083999435230659003e+00 3.122450453909469736e+00
4.000000000000000222e-01 3.084055751106282273e+00 3.122415647232989144e+00
4.100000000000000311e-01 3.084032519778723724e+00 3.122376917019371589e+00
4.199999999999999845e-01 3.084045495926315716e+00 3.122354597357337447e+00
4.299999999999999933e-01 3.084035873239875158e+00 3.122343221065163377e+00
4.400000000000000022e-01 3.083977263886988673e+00 3.122334762041508505e+00
4.500000000000000111e-01 3.083876881205843912e+00 3.122319372871114052e+00
4.600000000000000200e-01 3.083763726702006380e+00 3.122326742758480655e+00
4.700000000000000289e-01 3.083697524058744754e+00 3.122323519461229324e+00
4.799999999999999822e-01 3.083629075197787284e+00 3.122314152522473574e+00
4.899999999999999911e-01 3.083601691670524669e+00 3.122310456886185026e+00
5.000000000000000000e-01 3.083552473394429061e+00 3.122313569300616098e+00
5.100000000000000089e-01 3.083486312883939817e+00 3.122323866731081310e+00
5.200000000000000178e-01 3.083426809835167148e+00 3.122331207089691141e+00
5.300000000000000266e-01 3.083356607220738343e+00 3.122344350163370752e+00
5.400000000000000355e-01 3.083259874137165291e+00 3.122365048867938420e+00
5.500000000000000444e-01 3.083104340135668586e+00 3.122394887984181189e+00
5.600000000000000533e-01 3.082986442977880603e+00 3.122422015312219745e+00
5.700000000000000622e-01 3.082852714630916147e+00 3.122451109407589520e+00
5.799999999999999600e-01 3.082704784193743386e+00 3.122490026277791486e+00
5.899999999999999689e-01 3.082543069070938557e+00 3.122531298209067607e+00
5.999999999999999778e-01 3.082292872826950081e+00 3.122615036890609375e+00
6.099999999999999867e-01 3.082065943497279026e+00 3.122688012849232475e+00
6.199999999999999956e-01 3.081897862247282571e+00 3.122748285938447221e+00
6.300000000000000044e-01 3.081759344863221006e+00 3.122794945069029549e+00
6.400000000000000133e-01 3.081642039420131596e+00 3.122829463885303802e+00
6.500000000000000222e-01 3.081545648706857321e+00 3.122863296233709285e+00
6.600000000000000311e-01 3.081419134221056400e+00 3.122918896355649121e+00
6.700000000000000400e-01 3.081219039172597540e+00 3.123003972936205130e+00
6.800000000000000488e-01 3.080969402294627013e+00 3.123105915421971357e+00
6.900000000000000577e-01 3.080757454638797910e+00 3.123203828420321848e+00
7.000000000000000666e-01 3.080368253775020104e+00 3.123394045061688384e+00
7.099999999999999645e-01 3.080236493288708299e+00 3.123443310063648060e+00
7.199999999999999734e-01 3.079760654241287199e+00 3.123706268118179530e+00
7.299999999999999822e-01 3.079508072960206455e+00 3.123862461655310341e+00
7.399999999999999911e-01 3.078964854374027560e+00 3.124162360124492110e+00
7.500000000000000000e-01 3.078717082710931585e+00 3.124294300684263170e+00
7.600000000000000089e-01 3.078440383570592687e+00 3.124447171737749329e+00
7.700000000000000178e-01 3.078309467265765154e+00 3.124514054739316204e+00
7.800000000000000266e-01 3.077788291017840461e+00 3.124787755439450532e+00
7.900000000000000355e-01 3.077369608599779038e+00 3.125047443292501281e+00
8.000000000000000444e-01 3.077016861852158058e+00 3.125266225959311583e+00
8.100000000000000533e-01 3.076246294381472790e+00 3.125800204947140504e+00
8.200000000000000622e-01 3.074372201336093013e+00 3.127243022605710188e+00
8.300000000000000711e-01 3.073028760820171179e+00 3.128507342828967808e+00
8.399999999999999689e-01 3.072665839869261450e+00 3.129247530825852497e+00
8.499999999999999778e-01 3.072254162468012417e+00 3.129900191589299219e+00
8.599999999999999867e-01 3.071269980488061435e+00 3.132111527204275880e+00
8.699999999999999956e-01 3.069999971492138435e+00 3.136673034141216121e+00
8.800000000000000044e-01 3.059814824732649985e+00 3.151263979645859248e+00
8.900000000000000133e-01 3.046480046007685960e+00 3.166262714259571620e+00
9.000000000000000222e-01 3.058095950543680441e+00 3.166344322679242484e+00
9.100000000000000311e-01 3.062471839230592963e+00 3.171622039181653641e+00
9.200000000000000400e-01 3.061441177278251047e+00 3.178262397865562860e+00
9.300000000000000488e-01 3.060061726213654243e+00 3.182158997081557583e+00
9.400000000000000577e-01 3.057049534545679847e+00 3.186056038102368149e+00
9.500000000000000666e-01 3.029861628983683719e+00 3.206252300917439069e+00
9.599999999999999645e-01 3.008705793821642160e+00 3.223001464374235070e+00
9.699999999999999734e-01 2.932925050376526954e+00 3.279355164328940475e+00
9.799999999999999822e-01 3.044801936457222080e+00 3.220017441942627290e+00
9.899999999999999911e-01 3.052792846038040686e+00 3.219505196688476012e+00
1.000000000000000000e+00 3.052941554297801119e+00 3.223737237353924812e+00
1.010000000000000009e+00 3.053032466425920965e+00 3.227176570496533614e+00
1.020000000000000018e+00 3.053291630216784736e+00 3.231494543217472870e+00
1.030000000000000027e+00 3.052824199555173923e+00 3.238034920065149702e+00
1.040000000000000036e+00 3.052691285979300950e+00 3.246988339903801091e+00
1.050000000000000044e+00 3.052952929097885626e+00 3.261847168377166373e+00
1.060000000000000053e+00 3.054922775870380747e+00 3.277266796959819040e+00
1.070000000000000062e+00 3.059138351462148186e+00 3.289862141301370890e+00
1.080000000000000071e+00 3.064005847218672862e+00 3.302227033144791157e+00
1.090000000000000080e+00 3.068746303101070882e+00 3.319705541123858961e+00
1.100000000000000089e+00 3.075202472888500793e+00 3.340849587887255723e+00
1.110000000000000098e+00 3.084227291161216744e+00 3.363930647247634464e+00
1.120000000000000107e+00 3.096208370670069154e+00 3.384311020642530199e+00
1.130000000000000115e+00 3.107595064902639148e+00 3.399196118836069314e+00
1.140000000000000124e+00 3.120144593053429727e+00 3.410888784713179245e+00
1.150000000000000133e+00 3.135174752264428655e+00 3.422741376890730436e+00
1.159999999999999920e+00 3.153060306558539860e+00 3.431800461812088532e+00
1.169999999999999929e+00 3.166942097271270296e+00 3.439421000777893145e+00
1.179999999999999938e+00 3.179883278966197491e+00 3.445157268190136346e+00
1.189999999999999947e+00 3.194341284143675352e+00 3.450956965883027472e+00
1.199999999999999956e+00 3.208769490353386988e+00 3.455929817784506586e+00
1.209999999999999964e+00 3.220412771810978292e+00 3.457569143381626020e+00
1.219999999999999973e+00 3.235077666805888708e+00 3.454771761366222993e+00
1.229999999999999982e+00 3.247478787322069849e+00 3.452854073543522695e+00
1.239999999999999991e+00 3.258183206219018135e+00 3.448960879679380920e+00
1.250000000000000000e+00 3.265317474839715572e+00 3.449347567779989632e+00
1.260000000000000009e+00 3.270779008030118451e+00 3.448733102298555675e+00
1.270000000000000018e+00 3.274832966418934621e+00 3.448535077242182556e+00
1.280000000000000027e+00 3.278462317897000933e+00 3.448156995481333364e+00
1.290000000000000036e+00 3.283504229808006158e+00 3.446821791796531365e+00
1.300000000000000044e+00 3.286503302371785562e+00 3.445527915045931255e+00
1.310000000000000053e+00 3.288955818818445564e+00 3.444273741699818814e+00
1.320000000000000062e+00 3.290976417225526696e+00 3.443467324267698082e+00
1.330000000000000071e+00 3.293333210820295953e+00 3.442188954544922908e+00
1.340000000000000080e+00 3.294589149594873145e+00 3.440635591501623569e+00
1.350000000000000089e+00 3.295315049943816188e+00 3.440150673093903766e+00
1.360000000000000098e+00 3.295296747799931758e+00 3.439416578544558512e+00
1.370000000000000107e+00 3.294989301017629213e+00 3.440747854086053881e+00
1.380000000000000115e+00 3.294170946460271310e+00 3.444349516257738664e+00
1.390000000000000124e+00 3.292913306888842762e+00 3.449235059266781533e+00
1.400000000000000133e+00 3.292172894346002909e+00 3.450958893826718832e+00
1.409999999999999920e+00 3.291466304020825628e+00 3.451976078200396092e+00
1.419999999999999929e+00 3.290748215984562908e+00 3.453534977455874344e+00
1.429999999999999938e+00 3.289730772935699932e+00 3.457002803881812802e+00
1.439999999999999947e+00 3.289731229327880868e+00 3.458065017710960198e+00
1.449999999999999956e+00 3.290326833170461818e+00 3.458566033235978665e+00
1.459999999999999964e+00 3.291013181390066045e+00 3.459319406767587424e+00
1.469999999999999973e+00 3.292374272051342921e+00 3.460716156348696337e+00
1.479999999999999982e+00 3.294232816194274438e+00 3.462694199429771746e+00
1.489999999999999991e+00 3.295407211670930092e+00 3.463943819122259793e+00
1.500000000000000000e+00 3.298303603745336599e+00 3.466387957171563894e+00
1.510000000000000009e+00 3.300375357244134999e+00 3.468079531442998853e+00
1.520000000000000018e+00 3.301711191482048502e+00 3.469895920982855930e+00
1.530000000000000027e+00 3.303609952073773393e+00 3.471958244060793675e+00
1.540000000000000036e+00 3.305297954137584426e+00 3.473135156957844139e+00
1.550000000000000044e+00 3.307230661975841812e+00 3.474559179909724627e+00
1.560000000000000053e+00 3.308964252770160819e+00 3.475694155533100016e+00
1.570000000000000062e+00 3.310663089790961244e+00 3.476749210476258511e+00
1.580000000000000071e+00 3.311124499713999914e+00 3.477208151457684249e+00
1.590000000000000080e+00 3.311130363795188991e+00 3.477605414975258213e+00
1.600000000000000089e+00 3.310899367022846373e+00 3.477809045843745839e+00
1.610000000000000098e+00 3.310781163645378999e+00 3.478172933806785050e+00
1.620000000000000107e+00 3.309929900256841417e+00 3.478414759572298731e+00
1.630000000000000115e+00 3.309878181286209031e+00 3.478743529934531953e+00
1.640000000000000124e+00 3.309566830678758897e+00 3.478917636617841147e+00
1.650000000000000133e+00 3.309313615995769897e+00 3.479189244392986158e+00
1.660000000000000142e+00 3.309252262734591277e+00 3.479465141731084010e+00
1.669999999999999929e+00 3.308756599733265080e+00 3.479618312457172014e+00
1.679999999999999938e+00 3.308048104102639275e+00 3.479853633620711317e+00
1.689999999999999947e+00 3.306714810394443038e+00 3.479809355979763819e+00
1.699999999999999956e+00 3.306184798620069198e+00 3.479691872775232842e+00
1.709999999999999964e+00 3.303881776744694854e+00 3.478147165277628794e+00
1.719999999999999973e+00 3.299318478366661811e+00 3.473327334826659563e+00
1.729999999999999982e+00 3.296209722113923934e+00 3.468347228459997655e+00
1.739999999999999991e+00 3.294573373299737984e+00 3.466776633118489936e+00
1.750000000000000000e+00 3.293959649531536193e+00 3.467166761982745982e+00
1.760000000000000009e+00 3.293256801494716779e+00 3.467766192804218495e+00
1.770000000000000018e+00 3.292765172225988302e+00 3.468470884941065258e+00
1.780000000000000027e+00 3.292984271494837412e+00 3.469210592372922175e+00
1.790000000000000036e+00 3.293308415149630797e+00 3.469989926076946674e+00
1.800000000000000044e+00 3.293727443256145637e+00 3.471104009351962727e+00
1.810000000000000053e+00 3.294163810507875212e+00 3.472183771603483571e+00
1.820000000000000062e+00 3.294637316043193653e+00 3.473366169860546027e+00
1.830000000000000071e+00 3.294988333068435526e+00 3.474157181562836261e+00
1.840000000000000080e+00 3.295228947061623170e+00 3.474814373889838937e+00
1.850000000000000089e+00 3.295598850318361084e+00 3.475788158744406164e+00
1.860000000000000098e+00 3.295848095363965502e+00 3.476638405914911356e+00
1.870000000000000107e+00 3.296047241224182134e+00 3.477407184711563293e+00
1.880000000000000115e+00 3.296515075938811989e+00 3.479045990364441288e+00
1.890000000000000124e+00 3.297212878151928983e+00 3.481749371365511436e+00
1.900000000000000133e+00 3.297865576170491142e+00 3.484429255029155126e+00
1.910000000000000142e+00 3.298494494391362331e+00 3.486687260216791984e+00
1.919999999999999929e+00 3.299085012433498498e+00 3.490940740387469710e+00
1.929999999999999938e+00 3.299159308622892084e+00 3.496030903731767836e+00
1.939999999999999947e+00 3.298942288809663559e+00 3.502347364758604087e+00
1.949999999999999956e+00 3.300547188420464462e+00 3.510995386552642206e+00
1.959999999999999964e+00 3.304098191100417026e+00 3.519684122599305631e+00
1.969999999999999973e+00 3.304373863819631385e+00 3.533667787629572121e+00
1.979999999999999982e+00 3.277302592841966788e+00 3.570001119449750515e+00
1.989999999999999991e+00 3.279110413987345041e+00 3.594547209260754883e+00
2.000000000000000000e+00 3.290438655981612559e+00 3.602407551565575350e+00
2.010000000000000231e+00 3.280580074126925982e+00 3.622615394198688943e+00
2.020000000000000018e+00 3.308875989000296780e+00 3.621403331087135857e+00
2.030000000000000249e+00 3.327890301567090869e+00 3.624380899623858010e+00
2.040000000000000036e+00 3.330622080657537065e+00 3.637052140967791392e+00
2.049999999999999822e+00 3.335171250899223949e+00 3.653915266110510984e+00
2.060000000000000053e+00 3.341836152390953885e+00 3.673280852633002524e+00
2.069999999999999840e+00 3.350266655829566176e+00 3.691943587738854227e+00
2.080000000000000071e+00 3.358154416548535082e+00 3.707950572403148293e+00
2.089999999999999858e+00 3.369104137268963406e+00 3.727560486797389494e+00
2.100000000000000089e+00 3.380970672841455471e+00 3.745092517871472904e+00
2.109999999999999876e+00 3.394195664851214378e+00 3.761616880004857055e+00
2.120000000000000107e+00 3.410818798611777503e+00 3.777877757670266234e+00
2.129999999999999893e+00 3.425910033292686840e+00 3.792336510348403245e+00
2.140000000000000124e+00 3.442829706599980888e+00 3.805447869975298048e+00
2.149999999999999911e+00 3.461551792272926864e+00 3.818184517245887033e+00
2.160000000000000142e+00 3.484763797979551825e+00 3.826368554086488238e+00
2.169999999999999929e+00 3.505954132925127364e+00 3.831012391852284704e+00
2.180000000000000160e+00 3.522745740419366278e+00 3.836139905895254998e+00
2.189999999999999947e+00 3.537841855268349711e+00 3.841181257553229145e+00
2.200000000000000178e+00 3.551225621736333604e+00 3.845111438681795502e+00
2.209999999999999964e+00 3.565653617806600284e+00 3.848292269944978639e+00
2.220000000000000195e+00 3.579248526016908460e+00 3.850263208945554627e+00
2.229999999999999982e+00 3.593799992768917040e+00 3.851362499511089776e+00
2.240000000000000213e+00 3.606469305608338338e+00 3.851996382763320348e+00
2.250000000000000000e+00 3.617129116890001495e+00 3.852159652374219423e+00
2.260000000000000231e+00 3.627228397066700971e+00 3.851680349666964709e+00
2.270000000000000018e+00 3.635989189252074372e+00 3.851261283689324078e+00
2.280000000000000249e+00 3.645262132574614622e+00 3.850328811686936081e+00
2.290000000000000036e+00 3.653783182412071895e+00 3.849336068219260554e+00
2.300000000000000266e+00 3.659661995493304065e+00 3.848533074506390594e+00
2.310000000000000053e+00 3.666340727057750826e+00 3.847489754643146576e+00
2.319999999999999840e+00 3.671917938146097793e+00 3.846421138697163844e+00
2.330000000000000071e+00 3.678275505067086115e+00 3.844786289914869926e+00
2.339999999999999858e+00 3.683413599864664878e+00 3.843551429422673582e+00
2.350000000000000089e+00 3.687827587258851292e+00 3.842519726960623938e+00
2.359999999999999876e+00 3.692166061032261304e+00 3.841444253947291720e+00
2.370000000000000107e+00 3.697255857556666303e+00 3.839963467928563023e+00
2.379999999999999893e+00 3.702620542434849948e+00 3.838450812927088673e+00
2.390000000000000124e+00 3.707243664347926515e+00 3.837507980439861743e+00
2.399999999999999911e+00 3.715178780105269585e+00 3.833596553637825810e+00
2.410000000000000142e+00 3.720206233229101489e+00 3.831632836390077568e+00
2.419999999999999929e+00 3.724276438278905310e+00 3.829867891159303817e+00
2.430000000000000160e+00 3.729861139676758253e+00 3.827391868798545094e+00
2.439999999999999947e+00 3.734545123598979721e+00 3.825149120437695061e+00
2.450000000000000178e+00 3.737666995297863615e+00 3.823743684185550329e+00
2.459999999999999964e+00 3.740311999142775345e+00 3.822512750398507020e+00
2.470000000000000195e+00 3.742956979311033550e+00 3.821256739575342287e+00
2.479999999999999982e+00 3.745290049968059698e+00 3.820181069597904155e+00
2.490000000000000213e+00 3.747398675695439163e+00 3.819312530836085795e+00
2.500000000000000000e+00 3.749483805347189946e+00 3.818350727223648544e+00
2.510000000000000231e+00 3.752890290492412184e+00 3.816532193328503020e+00
2.520000000000000018e+00 3.754640812445846354e+00 3.815578006628784546e+00
2.530000000000000249e+00 3.756549118092946227e+00 3.814568974367686049e+00
2.540000000000000036e+00 3.758388114426224558e+00 3.813586557781607933e+00
2.550000000000000266e+00 3.760024206564510418e+00 3.812704064032947482e+00
2.560000000000000053e+00 3.761132398624764228e+00 3.812097303070678400e+00
2.569999999999999840e+00 3.761883888380939123e+00 3.811687296263759794e+00
2.580000000000000071e+00 3.762346933022128415e+00 3.811432027291668856e+00
2.589999999999999858e+00 3.763006926591198287e+00 3.811071390640933920e+00
2.600000000000000089e+00 3.763450153995682168e+00 3.810829645627806794e+00
2.609999999999999876e+00 3.763897426596132689e+00 3.810586868471654398e+00
2.620000000000000107e+00 3.764197367645666148e+00 3.810405155008867339e+00
2.629999999999999893e+00 3.764247986705774540e+00 3.810377782747274455e+00
2.640000000000000124e+00 3.764522928913861310e+00 3.810233444038600314e+00
2.649999999999999911e+00 3.764588116063099399e+00 3.810194376445789288e+00
2.660000000000000142e+00 3.764630932533944208e+00 3.810168881995474433e+00
2.669999999999999929e+00 3.764644932939974709e+00 3.810161607806714201e+00
2.680000000000000160e+00 3.764658667364166877e+00 3.810155281910849734e+00
2.689999999999999947e+00 3.764658967692336322e+00 3.810155290387192917e+00
2.700000000000000178e+00 3.764659411020029101e+00 3.810155249896299612e+00
2.709999999999999964e+00 3.764660649422346683e+00 3.810155288583100930e+00
2.720000000000000195e+00 3.764660912236180046e+00 3.810155244780574435e+00
2.729999999999999982e+00 3.764660912236180046e+00 3.810155244780574435e+00
2.740000000000000213e+00 3.764660892869803543e+00 3.810155226882126822e+00
2.750000000000000000e+00 3.764660892869803543e+00 3.810155226882126822e+00
2.760000000000000231e+00 3.764660892869803543e+00 3.810155226882126822e+00
2.770000000000000018e+00 3.764660892911822820e+00 3.810155233472912073e+00
2.780000000000000249e+00 3.764660892911822820e+00 3.810155233472912073e+00
2.790000000000000036e+00 3.764660909860413796e+00 3.810155244304854527e+00
2.800000000000000266e+00 3.764662677495205223e+00 3.810155533774173264e+00
2.810000000000000053e+00 3.764662677495205223e+00 3.810155533774173264e+00
2.819999999999999840e+00 3.764662677495205223e+00 3.810155533774173264e+00
2.830000000000000071e+00 3.764663527053691006e+00 3.810155683714055108e+00
2.839999999999999858e+00 3.764664978616993896e+00 3.810155944210726897e+00
2.850000000000000089e+00 3.764664978616993896e+00 3.810155944210726897e+00
2.859999999999999876e+00 3.764665458885561033e+00 3.810156066506971140e+00
2.870000000000000107e+00 3.764665491057203273e+00 3.810156085256769298e+00
2.879999999999999893e+00 3.764665503439852401e+00 3.810155958299687562e+00
2.890000000000000124e+00 3.764665503439852401e+00 3.810155958299687562e+00
2.899999999999999911e+00 3.764665503439852401e+00 3.810155958299687562e+00
2.910000000000000142e+00 3.764665503439852401e+00 3.810155958299687562e+00
2.919999999999999929e+00 3.764665503439852401e+00 3.810155958299687562e+00
2.930000000000000160e+00 3.764665503439852401e+00 3.810155958299687562e+00
2.939999999999999947e+00 3.764665503439852401e+00 3.810155958299687562e+00
2.950000000000000178e+00 3.764665503439852401e+00 3.810155958299687562e+00
2.959999999999999964e+00 3.764665503439852401e+00 3.810155958299687562e+00
2.970000000000000195e+00 3.764665503439852401e+00 3.810155958299687562e+00
2.979999999999999982e+00 3.764665503439852401e+00 3.810155958299687562e+00
2.990000000000000213e+00 3.764665503439852401e+00 3.810155958299687562e+00
3.000000000000000000e+00 3.764665503439852401e+00 3.810155958299687562e+00
