0.000000000000000000e+00 1.086065481194853799e+00
1.000000000000000021e-02 1.085380179461240768e+00
2.000000000000000042e-02 2.690837299056052956e+00
2.999999999999999889e-02 2.984259135067462765e+00
4.000000000000000083e-02 2.984246083123684112e+00
5.000000000000000278e-02 2.984229206752777142e+00
5.999999999999999778e-02 2.984218708820343124e+00
7.000000000000000666e-02 2.984216838963031915e+00
8.000000000000000167e-02 2.984217247269153717e+00
8.999999999999999667e-02 2.984209735856056422e+00
1.000000000000000056e-01 2.984200712406635425e+00
1.100000000000000006e-01 2.984188995881080775e+00
1.199999999999999956e-01 2.984158073029518299e+00
1.300000000000000044e-01 2.984147272229194847e+00
1.400000000000000133e-01 2.984100056848526084e+00
1.499999999999999944e-01 2.984075183227062222e+00
1.600000000000000033e-01 2.984038379156589649e+00
1.700000000000000122e-01 2.984009223129749255e+00
1.799999999999999933e-01 2.983979704527854881e+00
1.900000000000000022e-01 2.983960389552116510e+00
2.000000000000000111e-01 2.983945674440860785e+00
2.099999999999999922e-01 2.983929672641754127e+00
2.200000000000000011e-01 2.983901365044117071e+00
2.300000000000000100e-01 2.983863780465126236e+00
2.399999999999999911e-01 2.983838489303588748e+00
2.500000000000000000e-01 2.983823729908466227e+00
2.600000000000000089e-01 2.983833742566108782e+00
2.700000000000000178e-01 2.983828445770740689e+00
2.800000000000000266e-01 2.983839896948337511e+00
2.899999999999999800e-01 2.983838834023475606e+00
2.999999999999999889e-01 2.983817345895767303e+00
3.099999999999999978e-01 2.983819715759754132e+00
3.200000000000000067e-01 2.983787546153068515e+00
3.300000000000000155e-01 2.983750277276039142e+00
3.400000000000000244e-01 2.983743108415603640e+00
3.500000000000000333e-01 2.983705200729370066e+00
3.599999999999999867e-01 2.983683403143882806e+00
3.699999999999999956e-01 2.983621319522857807e+00
3.800000000000000044e-01 2.983460095684528302e+00
3.900000000000000133e-01 2.983431515955925040e+00
4.000000000000000222e-01 2.983429151098728305e+00
4.100000000000000311e-01 2.983441220774650571e+00
4.199999999999999845e-01 2.983440691182613236e+00
4.299999999999999933e-01 2.983449149875641027e+00
4.400000000000000022e-01 2.983456817872524258e+00
4.500000000000000111e-01 2.983476726903915299e+00
4.600000000000000200e-01 2.983513016462326028e+00
4.700000000000000289e-01 2.983562299344539426e+00
4.799999999999999822e-01 2.983648072345256974e+00
4.899999999999999911e-01 2.983772495124339841e+00
5.000000000000000000e-01 2.983856813752651327e+00
5.100000000000000089e-01 2.983980763676166603e+00
5.200000000000000178e-01 2.984088663225173743e+00
5.300000000000000266e-01 2.984190661256313160e+00
5.400000000000000355e-01 2.984319372725486641e+00
5.500000000000000444e-01 2.984422244014739878e+00
5.600000000000000533e-01 2.984628744304180348e+00
5.700000000000000622e-01 2.984836320242881591e+00
5.799999999999999600e-01 2.985037150771618020e+00
5.899999999999999689e-01 2.985278056480884512e+00
5.999999999999999778e-01 2.985617022302150758e+00
6.099999999999999867e-01 2.985857362895012024e+00
6.199999999999999956e-01 2.985980479488372641e+00
6.300000000000000044e-01 2.986085086915493125e+00
6.400000000000000133e-01 2.986140781693458646e+00
6.500000000000000222e-01 2.986223736364841397e+00
6.600000000000000311e-01 2.986290041599273692e+00
6.700000000000000400e-01 2.986417450065612655e+00
6.800000000000000488e-01 2.986583834254741721e+00
6.900000000000000577e-01 2.986460392537117148e+00
7.000000000000000666e-01 2.986298737955093596e+00
7.099999999999999645e-01 2.985710755784511505e+00
7.199999999999999734e-01 2.985509066920280397e+00
7.299999999999999822e-01 2.985061737554073336e+00
7.399999999999999911e-01 2.984865125019550369e+00
7.500000000000000000e-01 2.984914517600536499e+00
7.600000000000000089e-01 2.985242237799167420e+00
7.700000000000000178e-01 2.985122161293029652e+00
7.800000000000000266e-01 2.985708831176757894e+00
7.900000000000000355e-01 2.990431615202426840e+00
8.000000000000000444e-01 2.994158867826461901e+00
8.100000000000000533e-01 2.999674795703887842e+00
8.200000000000000622e-01 3.010275278778076213e+00
8.300000000000000711e-01 3.024060558624267703e+00
8.399999999999999689e-01 3.046362415354251674e+00
8.499999999999999778e-01 3.078834471483230750e+00
8.599999999999999867e-01 3.115193597247600366e+00
8.699999999999999956e-01 3.144351865003109037e+00
8.800000000000000044e-01 3.169206487627029389e+00
8.900000000000000133e-01 3.189590081481933570e+00
9.000000000000000222e-01 3.203363195595741342e+00
9.100000000000000311e-01 3.212595674245357635e+00
9.200000000000000400e-01 3.216419872949123349e+00
9.300000000000000488e-01 3.217553551795482747e+00
9.400000000000000577e-01 3.217868719370365227e+00
9.500000000000000666e-01 3.218440299935340754e+00
9.599999999999999645e-01 3.216969343304634243e+00
9.699999999999999734e-01 3.214972952759266089e+00
9.799999999999999822e-01 3.212564198491573375e+00
9.899999999999999911e-01 3.211944322197437085e+00
1.000000000000000000e+00 3.211648093302249762e+00
1.010000000000000009e+00 3.211595735437870136e+00
1.020000000000000018e+00 3.211777313013076895e+00
1.030000000000000027e+00 3.211861331193447189e+00
1.040000000000000036e+00 3.212095473730564255e+00
1.050000000000000044e+00 3.212281744191646471e+00
1.060000000000000053e+00 3.212420543005466644e+00
1.070000000000000062e+00 3.212599616301059502e+00
1.080000000000000071e+00 3.212823787212371940e+00
1.090000000000000080e+00 3.213134876189231992e+00
1.100000000000000089e+00 3.213552432115077906e+00
1.110000000000000098e+00 3.214119831738472044e+00
1.120000000000000107e+00 3.214496356441974623e+00
1.130000000000000115e+00 3.214651082053184616e+00
1.140000000000000124e+00 3.214807408764362329e+00
1.150000000000000133e+00 3.215035028073787604e+00
1.159999999999999920e+00 3.215412235400676888e+00
1.169999999999999929e+00 3.215803416697978978e+00
1.179999999999999938e+00 3.216212683188915289e+00
1.189999999999999947e+00 3.216786666634082970e+00
1.199999999999999956e+00 3.217163973543644140e+00
1.209999999999999964e+00 3.217600489368438677e+00
1.219999999999999973e+00 3.217836951386928490e+00
1.229999999999999982e+00 3.218044169774055607e+00
1.239999999999999991e+00 3.218248887293338800e+00
1.250000000000000000e+00 3.218417668642997942e+00
1.260000000000000009e+00 3.218497401146888759e+00
1.270000000000000018e+00 3.218628519692420920e+00
1.280000000000000027e+00 3.218681435427665605e+00
1.290000000000000036e+00 3.218701461069584102e+00
1.300000000000000044e+00 3.218742347626686318e+00
1.310000000000000053e+00 3.218738479518890472e+00
1.320000000000000062e+00 3.218769375717640102e+00
1.330000000000000071e+00 3.218864723091125590e+00
1.340000000000000080e+00 3.218941590516567253e+00
1.350000000000000089e+00 3.219080503244399871e+00
1.360000000000000098e+00 3.219124297761917219e+00
1.370000000000000107e+00 3.219135720498561781e+00
1.380000000000000115e+00 3.219170814208984321e+00
1.390000000000000124e+00 3.219133933670520697e+00
1.400000000000000133e+00 3.219105183146000027e+00
1.409999999999999920e+00 3.219089348497390812e+00
1.419999999999999929e+00 3.219106335754394532e+00
1.429999999999999938e+00 3.219098712487220570e+00
1.439999999999999947e+00 3.219061987385750001e+00
1.449999999999999956e+00 3.219012478137016409e+00
1.459999999999999964e+00 3.218980602300167249e+00
1.469999999999999973e+00 3.218950224337577826e+00
1.479999999999999982e+00 3.218919510869979739e+00
1.489999999999999991e+00 3.218904404149055321e+00
1.500000000000000000e+00 3.218889298791885345e+00
1.510000000000000009e+00 3.218880185317993359e+00
1.520000000000000018e+00 3.218865274193286830e+00
1.530000000000000027e+00 3.218837046105861521e+00
1.540000000000000036e+00 3.218820613090991767e+00
1.550000000000000044e+00 3.218812408213615583e+00
1.560000000000000053e+00 3.218796309320926863e+00
1.570000000000000062e+00 3.218782262685298878e+00
1.580000000000000071e+00 3.218780305826664190e+00
1.590000000000000080e+00 3.218772881777286710e+00
1.600000000000000089e+00 3.218778652129173246e+00
1.610000000000000098e+00 3.218764786541461920e+00
1.620000000000000107e+00 3.218753682172298625e+00
1.630000000000000115e+00 3.218752728891372872e+00
1.640000000000000124e+00 3.218757473883628872e+00
1.650000000000000133e+00 3.218759961078166754e+00
1.660000000000000142e+00 3.218744327983856124e+00
1.669999999999999929e+00 3.218735301587581699e+00
1.679999999999999938e+00 3.218721505472660116e+00
1.689999999999999947e+00 3.218708327820301029e+00
1.699999999999999956e+00 3.218695567071437669e+00
1.709999999999999964e+00 3.218690592586994192e+00
1.719999999999999973e+00 3.218680539302825938e+00
1.729999999999999982e+00 3.218673028154372950e+00
1.739999999999999991e+00 3.218671871969700060e+00
1.750000000000000000e+00 3.218658865399360636e+00
1.760000000000000009e+00 3.218657087969779784e+00
1.770000000000000018e+00 3.218657376356124811e+00
1.780000000000000027e+00 3.218667235577106656e+00
1.790000000000000036e+00 3.218673917236328119e+00
1.800000000000000044e+00 3.218687596940994045e+00
1.810000000000000053e+00 3.218684428448677082e+00
1.820000000000000062e+00 3.218676071221828305e+00
1.830000000000000071e+00 3.218688522453307943e+00
1.840000000000000080e+00 3.218694652392864342e+00
1.850000000000000089e+00 3.218711736958026925e+00
1.860000000000000098e+00 3.218729662621021337e+00
1.870000000000000107e+00 3.218755452151298435e+00
1.880000000000000115e+00 3.218766419491768005e+00
1.890000000000000124e+00 3.218789956948757247e+00
1.900000000000000133e+00 3.218822802028656227e+00
1.910000000000000142e+00 3.218862708897590519e+00
1.919999999999999929e+00 3.218933459980487743e+00
1.929999999999999938e+00 3.218993289451598905e+00
1.939999999999999947e+00 3.219004161019325405e+00
1.949999999999999956e+00 3.219130261468887255e+00
1.959999999999999964e+00 3.219243661749362939e+00
1.969999999999999973e+00 3.219296168022155680e+00
1.979999999999999982e+00 3.219279821298122624e+00
1.989999999999999991e+00 3.219181372475623970e+00
2.000000000000000000e+00 3.218484564983844720e+00
2.010000000000000231e+00 3.217600952422619009e+00
2.020000000000000018e+00 3.216885836293697398e+00
2.030000000000000249e+00 3.216091129546165384e+00
2.040000000000000036e+00 3.215227992043494964e+00
2.049999999999999822e+00 3.214684727945327669e+00
2.060000000000000053e+00 3.214200000019073578e+00
2.069999999999999840e+00 3.213794376602173042e+00
2.080000000000000071e+00 3.213210486264229004e+00
2.089999999999999858e+00 3.212646155211925425e+00
2.100000000000000089e+00 3.211845656502247071e+00
2.109999999999999876e+00 3.209466372759341990e+00
2.120000000000000107e+00 3.206938746287822717e+00
2.129999999999999893e+00 3.206364052927494157e+00
2.140000000000000124e+00 3.206185139429569286e+00
2.149999999999999911e+00 3.207539849796295250e+00
2.160000000000000142e+00 3.210827002124786222e+00
2.169999999999999929e+00 3.212642875013351329e+00
2.180000000000000160e+00 3.213852026836871989e+00
2.189999999999999947e+00 3.215244154398441356e+00
2.200000000000000178e+00 3.216584090261459306e+00
2.209999999999999964e+00 3.218160982434749684e+00
2.220000000000000195e+00 3.219896252110004298e+00
2.229999999999999982e+00 3.222606280004978174e+00
2.240000000000000213e+00 3.224705353939533392e+00
2.250000000000000000e+00 3.225185559918880340e+00
2.260000000000000231e+00 3.226225243897438144e+00
2.270000000000000018e+00 3.226667829358577766e+00
2.280000000000000249e+00 3.226941541700363292e+00
2.290000000000000036e+00 3.227385005009174357e+00
2.300000000000000266e+00 3.228091979079246610e+00
2.310000000000000053e+00 3.229363580920696197e+00
2.319999999999999840e+00 3.231177953436374484e+00
2.330000000000000071e+00 3.235722844369411266e+00
2.339999999999999858e+00 3.240599143543243521e+00
2.350000000000000089e+00 3.247482508542537616e+00
2.359999999999999876e+00 3.253387407007217291e+00
2.370000000000000107e+00 3.259105283427238486e+00
2.379999999999999893e+00 3.266580734527110952e+00
2.390000000000000124e+00 3.278276242964267784e+00
2.399999999999999911e+00 3.292927991809845079e+00
2.410000000000000142e+00 3.311386494901180200e+00
2.419999999999999929e+00 3.333998550372123670e+00
2.430000000000000160e+00 3.359355059752464179e+00
2.439999999999999947e+00 3.385444621565341983e+00
2.450000000000000178e+00 3.410224199175834858e+00
2.459999999999999964e+00 3.435175936772823402e+00
2.470000000000000195e+00 3.454872857382297546e+00
2.479999999999999982e+00 3.472956069567203485e+00
2.490000000000000213e+00 3.484499418072700472e+00
2.500000000000000000e+00 3.492958465950489089e+00
2.510000000000000231e+00 3.498989457471370912e+00
2.520000000000000018e+00 3.504458515548706021e+00
2.530000000000000249e+00 3.507642421643733854e+00
2.540000000000000036e+00 3.510761059522628624e+00
2.550000000000000266e+00 3.512621681990623301e+00
2.560000000000000053e+00 3.514281026818752096e+00
2.569999999999999840e+00 3.515725965516567353e+00
2.580000000000000071e+00 3.516907135708331911e+00
2.589999999999999858e+00 3.517776355221271523e+00
2.600000000000000089e+00 3.518536612234115513e+00
2.609999999999999876e+00 3.519322133631706429e+00
2.620000000000000107e+00 3.519906993520260041e+00
2.629999999999999893e+00 3.520280684010982597e+00
2.640000000000000124e+00 3.520591828680038393e+00
2.649999999999999911e+00 3.520825297238826757e+00
2.660000000000000142e+00 3.521133701198101207e+00
2.669999999999999929e+00 3.521346923015117536e+00
2.680000000000000160e+00 3.521500675873756592e+00
2.689999999999999947e+00 3.521593501574993290e+00
2.700000000000000178e+00 3.521650961718559181e+00
2.709999999999999964e+00 3.521672810993194513e+00
2.720000000000000195e+00 3.521696043407917198e+00
2.729999999999999982e+00 3.521792381873130928e+00
2.740000000000000213e+00 3.521893566932678077e+00
2.750000000000000000e+00 3.521921633429527354e+00
2.760000000000000231e+00 3.521995879728794243e+00
2.770000000000000018e+00 3.522052014703750622e+00
2.780000000000000249e+00 3.522121970627307697e+00
2.790000000000000036e+00 3.522195571382045642e+00
2.800000000000000266e+00 3.522266654868126068e+00
2.810000000000000053e+00 3.522368231410980322e+00
2.819999999999999840e+00 3.522471358869075697e+00
2.830000000000000071e+00 3.522543481051922054e+00
2.839999999999999858e+00 3.522608816223144590e+00
2.850000000000000089e+00 3.522723908224105749e+00
2.859999999999999876e+00 3.522786045358181184e+00
2.870000000000000107e+00 3.522832831971645540e+00
2.879999999999999893e+00 3.522970434687137775e+00
2.890000000000000124e+00 3.523065046694278557e+00
2.899999999999999911e+00 3.523132239902019514e+00
2.910000000000000142e+00 3.523179237139224984e+00
2.919999999999999929e+00 3.523266247599124767e+00
2.930000000000000160e+00 3.523369221088886061e+00
2.939999999999999947e+00 3.523458624856472099e+00
2.950000000000000178e+00 3.523580600628852810e+00
2.959999999999999964e+00 3.523675755548477007e+00
2.970000000000000195e+00 3.523791480569839596e+00
2.979999999999999982e+00 3.523878693041801569e+00
2.990000000000000213e+00 3.523932648327350758e+00
3.000000000000000000e+00 3.523963954143524369e+00
