0.000000000000000000e+00 1.949753190164268124e-01
1.000000000000000021e-02 8.514240419048071384e-01
2.000000000000000042e-02 8.514196618950367057e-01
2.999999999999999889e-02 8.514256904166936923e-01
4.000000000000000083e-02 8.514293764442205648e-01
5.000000000000000278e-02 8.561723085498810226e-01
5.999999999999999778e-02 3.944494007446766037e+00
7.000000000000000666e-02 3.944491215946674512e+00
8.000000000000000167e-02 3.944457173707485165e+00
8.999999999999999667e-02 3.942717369554042950e+00
1.000000000000000056e-01 3.941252512025833266e+00
1.100000000000000006e-01 3.940221001670360490e+00
1.199999999999999956e-01 3.939477351899146829e+00
1.300000000000000044e-01 3.936928388342857410e+00
1.400000000000000133e-01 3.932817852213382537e+00
1.499999999999999944e-01 3.925217704055309120e+00
1.600000000000000033e-01 3.908550110833644897e+00
1.700000000000000122e-01 3.881056602697372515e+00
1.799999999999999933e-01 3.822420892035961248e+00
1.900000000000000022e-01 3.687769695937633596e+00
2.000000000000000111e-01 3.484039654684066623e+00
2.099999999999999922e-01 3.335576207914352498e+00
2.200000000000000011e-01 3.259846741969585349e+00
2.300000000000000100e-01 3.224566953475475284e+00
2.399999999999999911e-01 3.219077539587020809e+00
2.500000000000000000e-01 3.217773169584274395e+00
2.600000000000000089e-01 3.216879506497383190e+00
2.700000000000000178e-01 3.216162888119220575e+00
2.800000000000000266e-01 3.215790377962589375e+00
2.899999999999999800e-01 3.215171143844127499e+00
2.999999999999999889e-01 3.214894627246856817e+00
3.099999999999999978e-01 3.214728353757858148e+00
3.200000000000000067e-01 3.214645707221031046e+00
3.300000000000000155e-01 3.214591233687400962e+00
3.400000000000000244e-01 3.214524540469646308e+00
3.500000000000000333e-01 3.214496965134143736e+00
3.599999999999999867e-01 3.214496965134143736e+00
3.699999999999999956e-01 3.214496965134143736e+00
3.800000000000000044e-01 3.214496965134143736e+00
3.900000000000000133e-01 3.214496965134143736e+00
4.000000000000000222e-01 3.214496965134143736e+00
4.100000000000000311e-01 3.214496965134143736e+00
4.199999999999999845e-01 3.214496965134143736e+00
4.299999999999999933e-01 3.214496965134143736e+00
4.400000000000000022e-01 3.214496965134143736e+00
4.500000000000000111e-01 3.214496965134143736e+00
4.600000000000000200e-01 3.214497596132755319e+00
4.700000000000000289e-01 3.214499962377548314e+00
4.799999999999999822e-01 3.214502328622341309e+00
4.899999999999999911e-01 3.214502328622341309e+00
5.000000000000000000e-01 3.214502959620952449e+00
5.100000000000000089e-01 3.214509492759704656e+00
5.200000000000000178e-01 3.214510105483531888e+00
5.300000000000000266e-01 3.214510780084133046e+00
5.400000000000000355e-01 3.214511004951000395e+00
5.500000000000000444e-01 3.214509254035949670e+00
5.600000000000000533e-01 3.214508590869903593e+00
5.700000000000000622e-01 3.214501191737651808e+00
5.799999999999999600e-01 3.214492410171032155e+00
5.899999999999999689e-01 3.214477042253017558e+00
5.999999999999999778e-01 3.214418530449867362e+00
6.099999999999999867e-01 3.214353396165370746e+00
6.199999999999999956e-01 3.214318629801273364e+00
6.300000000000000044e-01 3.214346115596294240e+00
6.400000000000000133e-01 3.214418951461315288e+00
6.500000000000000222e-01 3.214430000398158960e+00
6.600000000000000311e-01 3.214448064343929268e+00
6.700000000000000400e-01 3.214478950390815548e+00
6.800000000000000488e-01 3.214473406848907366e+00
6.900000000000000577e-01 3.214466527416706132e+00
7.000000000000000666e-01 3.214470664622783858e+00
7.099999999999999645e-01 3.214486297235489065e+00
7.199999999999999734e-01 3.214500460145473415e+00
7.299999999999999822e-01 3.214494580616951147e+00
7.399999999999999911e-01 3.214488318529129085e+00
7.500000000000000000e-01 3.214486812915802183e+00
7.600000000000000089e-01 3.214477927093505993e+00
7.700000000000000178e-01 3.214476645720004910e+00
7.800000000000000266e-01 3.214462825047969652e+00
7.900000000000000355e-01 3.214454695537090512e+00
8.000000000000000444e-01 3.214449127128124140e+00
8.100000000000000533e-01 3.214447790234089108e+00
8.200000000000000622e-01 3.214446164343357282e+00
8.300000000000000711e-01 3.214446545791625809e+00
8.399999999999999689e-01 3.214446663160324125e+00
8.499999999999999778e-01 3.214446036133766338e+00
8.599999999999999867e-01 3.214445811519622609e+00
8.699999999999999956e-01 3.214445811519622609e+00
8.800000000000000044e-01 3.214445811519622609e+00
8.900000000000000133e-01 3.214446167659759546e+00
9.000000000000000222e-01 3.214445889782905574e+00
9.100000000000000311e-01 3.214445855050087175e+00
9.200000000000000400e-01 3.214445067656040322e+00
9.300000000000000488e-01 3.214444848847389125e+00
9.400000000000000577e-01 3.214443344299793281e+00
9.500000000000000666e-01 3.214443519582748543e+00
9.599999999999999645e-01 3.214429898083210002e+00
9.699999999999999734e-01 3.214428801958560733e+00
9.799999999999999822e-01 3.214428023040294846e+00
9.899999999999999911e-01 3.214425005803108082e+00
1.000000000000000000e+00 3.214424404845237948e+00
1.010000000000000009e+00 3.214422204091548885e+00
1.020000000000000018e+00 3.214420814590454256e+00
1.030000000000000027e+00 3.214422261147499071e+00
1.040000000000000036e+00 3.214420332555770976e+00
1.050000000000000044e+00 3.214419731771946065e+00
1.060000000000000053e+00 3.214418351454734868e+00
1.070000000000000062e+00 3.214417544510364433e+00
1.080000000000000071e+00 3.214417656314373151e+00
1.090000000000000080e+00 3.214426460108756878e+00
1.100000000000000089e+00 3.214424373104572297e+00
1.110000000000000098e+00 3.214428302736282550e+00
1.120000000000000107e+00 3.214426762213706823e+00
1.130000000000000115e+00 3.214429294176101681e+00
1.140000000000000124e+00 3.214427043511867588e+00
1.150000000000000133e+00 3.214423204894065744e+00
1.159999999999999920e+00 3.214413590018749378e+00
1.169999999999999929e+00 3.214408047802448376e+00
1.179999999999999938e+00 3.214405845322608979e+00
1.189999999999999947e+00 3.214398066115379482e+00
1.199999999999999956e+00 3.214375389988422427e+00
1.209999999999999964e+00 3.214349964103698554e+00
1.219999999999999973e+00 3.214305155367851441e+00
1.229999999999999982e+00 3.214299494602680163e+00
1.239999999999999991e+00 3.214279471518993514e+00
1.250000000000000000e+00 3.214251673183440960e+00
1.260000000000000009e+00 3.214216584959030065e+00
1.270000000000000018e+00 3.214165895025729913e+00
1.280000000000000027e+00 3.214155411636829385e+00
1.290000000000000036e+00 3.214119672584533571e+00
1.300000000000000044e+00 3.214268551273345764e+00
1.310000000000000053e+00 3.214302439866065786e+00
1.320000000000000062e+00 3.214810951368808567e+00
1.330000000000000071e+00 3.215144093008041271e+00
1.340000000000000080e+00 3.215565167908668531e+00
1.350000000000000089e+00 3.216517237772941407e+00
1.360000000000000098e+00 3.218334277389049536e+00
1.370000000000000107e+00 3.220608155546188289e+00
1.380000000000000115e+00 3.223309005038738295e+00
1.390000000000000124e+00 3.227063510437011562e+00
1.400000000000000133e+00 3.232447066838741279e+00
1.409999999999999920e+00 3.237989728045463700e+00
1.419999999999999929e+00 3.244145337548256069e+00
1.429999999999999938e+00 3.251415710341930332e+00
1.439999999999999947e+00 3.258458818857669748e+00
1.449999999999999956e+00 3.267212540457248515e+00
1.459999999999999964e+00 3.278745380334854076e+00
1.469999999999999973e+00 3.294281948521137426e+00
1.479999999999999982e+00 3.313575705094337298e+00
1.489999999999999991e+00 3.332088150591850262e+00
1.500000000000000000e+00 3.349380417261123455e+00
1.510000000000000009e+00 3.370866588120460694e+00
1.520000000000000018e+00 3.396523488211631747e+00
1.530000000000000027e+00 3.424704248716831323e+00
1.540000000000000036e+00 3.455026683669090382e+00
1.550000000000000044e+00 3.483589245588779360e+00
1.560000000000000053e+00 3.509444464204311220e+00
1.570000000000000062e+00 3.536097340168952829e+00
1.580000000000000071e+00 3.559440163681506952e+00
1.590000000000000080e+00 3.576492222855091274e+00
1.600000000000000089e+00 3.592084662144184204e+00
1.610000000000000098e+00 3.604109903550147820e+00
1.620000000000000107e+00 3.616537257106304359e+00
1.630000000000000115e+00 3.632379538984298772e+00
1.640000000000000124e+00 3.643736796894073482e+00
1.650000000000000133e+00 3.651207026803493516e+00
1.660000000000000142e+00 3.656300810558795966e+00
1.669999999999999929e+00 3.661670549681186770e+00
1.679999999999999938e+00 3.663798074491023904e+00
1.689999999999999947e+00 3.665115023643970460e+00
1.699999999999999956e+00 3.665990384249687040e+00
1.709999999999999964e+00 3.666589898676872128e+00
1.719999999999999973e+00 3.666869344856738877e+00
1.729999999999999982e+00 3.667250231354236778e+00
1.739999999999999991e+00 3.667300324029922454e+00
1.750000000000000000e+00 3.667311230151653501e+00
1.760000000000000009e+00 3.667377753593921597e+00
1.770000000000000018e+00 3.667435739066600586e+00
1.780000000000000027e+00 3.667570212020874187e+00
1.790000000000000036e+00 3.667771339881420012e+00
1.800000000000000044e+00 3.667735688593387611e+00
1.810000000000000053e+00 3.667845150356292550e+00
1.820000000000000062e+00 3.667790683126449736e+00
1.830000000000000071e+00 3.667602666804790523e+00
1.840000000000000080e+00 3.667526785855293348e+00
1.850000000000000089e+00 3.667577424981594003e+00
1.860000000000000098e+00 3.667618373646736263e+00
1.870000000000000107e+00 3.667672931544780912e+00
1.880000000000000115e+00 3.667681500208377798e+00
1.890000000000000124e+00 3.667712981278896223e+00
1.900000000000000133e+00 3.667754133424758756e+00
1.910000000000000142e+00 3.667831420698165701e+00
1.919999999999999929e+00 3.667874262824058373e+00
1.929999999999999938e+00 3.667991927986145040e+00
1.939999999999999947e+00 3.668110695695876888e+00
1.949999999999999956e+00 3.668137629153728430e+00
1.959999999999999964e+00 3.668231157860756042e+00
1.969999999999999973e+00 3.668318306005001084e+00
1.979999999999999982e+00 3.668482348392009929e+00
1.989999999999999991e+00 3.668842860646247761e+00
2.000000000000000000e+00 3.669171688039302826e+00
2.010000000000000231e+00 3.670099032697677455e+00
2.020000000000000018e+00 3.670824841971397579e+00
2.030000000000000249e+00 3.671146274304390111e+00
2.040000000000000036e+00 3.671696727006435346e+00
2.049999999999999822e+00 3.672089104437827878e+00
2.060000000000000053e+00 3.672470903012752697e+00
2.069999999999999840e+00 3.672742279381751906e+00
2.080000000000000071e+00 3.673013433556556517e+00
2.089999999999999858e+00 3.673191273591518424e+00
2.100000000000000089e+00 3.673225291583538166e+00
2.109999999999999876e+00 3.673238289973735693e+00
2.120000000000000107e+00 3.673295014781952084e+00
2.129999999999999893e+00 3.673362011737823618e+00
2.140000000000000124e+00 3.673460672121048098e+00
2.149999999999999911e+00 3.673836569726466994e+00
2.160000000000000142e+00 3.674092313780784824e+00
2.169999999999999929e+00 3.674246655726432831e+00
2.180000000000000160e+00 3.674220069367885699e+00
2.189999999999999947e+00 3.673915671157836904e+00
2.200000000000000178e+00 3.673677003321647483e+00
2.209999999999999964e+00 3.672755404310226623e+00
2.220000000000000195e+00 3.672602398290634174e+00
2.229999999999999982e+00 3.671404453711509586e+00
2.240000000000000213e+00 3.671272599804401349e+00
2.250000000000000000e+00 3.670437105197906558e+00
2.260000000000000231e+00 3.669176500864029133e+00
2.270000000000000018e+00 3.668355975322723506e+00
2.280000000000000249e+00 3.667051967694759274e+00
2.290000000000000036e+00 3.665486629898548010e+00
2.300000000000000266e+00 3.664266780486106878e+00
2.310000000000000053e+00 3.661997099890708984e+00
2.319999999999999840e+00 3.659426268689632611e+00
2.330000000000000071e+00 3.657324449048042325e+00
2.339999999999999858e+00 3.655454134209155992e+00
2.350000000000000089e+00 3.652328863503933043e+00
2.359999999999999876e+00 3.649097371609210771e+00
2.370000000000000107e+00 3.646214041795730498e+00
2.379999999999999893e+00 3.643132103426456325e+00
2.390000000000000124e+00 3.639991805255413215e+00
2.399999999999999911e+00 3.635724570157528035e+00
2.410000000000000142e+00 3.628705431807041304e+00
2.419999999999999929e+00 3.622643835642337606e+00
2.430000000000000160e+00 3.617733582561016181e+00
2.439999999999999947e+00 3.613007720670700085e+00
2.450000000000000178e+00 3.608370074822902840e+00
2.459999999999999964e+00 3.602929520771503302e+00
2.470000000000000195e+00 3.594560541043281710e+00
2.479999999999999982e+00 3.585105274822712129e+00
2.490000000000000213e+00 3.572620412819385471e+00
2.500000000000000000e+00 3.563532487256527048e+00
2.510000000000000231e+00 3.556902198688983940e+00
2.520000000000000018e+00 3.549629019122123808e+00
2.530000000000000249e+00 3.537999525775909593e+00
2.540000000000000036e+00 3.526237176008224505e+00
2.550000000000000266e+00 3.516190230534076644e+00
2.560000000000000053e+00 3.500499870717525663e+00
2.569999999999999840e+00 3.485358095884323326e+00
2.580000000000000071e+00 3.460385753028392575e+00
2.589999999999999858e+00 3.443936026272773621e+00
2.600000000000000089e+00 3.424229403233528313e+00
2.609999999999999876e+00 3.400235359184741846e+00
2.620000000000000107e+00 3.366474748251438331e+00
2.629999999999999893e+00 3.321641805062294228e+00
2.640000000000000124e+00 3.277545690686702873e+00
2.649999999999999911e+00 3.238872250783443540e+00
2.660000000000000142e+00 3.187035443252324907e+00
2.669999999999999929e+00 3.127435376738310069e+00
2.680000000000000160e+00 3.091615670979023012e+00
2.689999999999999947e+00 3.050258238896131679e+00
2.700000000000000178e+00 3.035517650351524210e+00
2.709999999999999964e+00 3.048101065435409485e+00
2.720000000000000195e+00 3.080287675001621039e+00
2.729999999999999982e+00 3.098809584392309358e+00
2.740000000000000213e+00 3.129442863011360210e+00
2.750000000000000000e+00 3.179094498517513134e+00
2.760000000000000231e+00 3.224752156116962531e+00
2.770000000000000018e+00 3.278682112249136082e+00
2.780000000000000249e+00 3.338598828998804002e+00
2.790000000000000036e+00 3.396917522627115105e+00
2.800000000000000266e+00 3.448123224719762625e+00
2.810000000000000053e+00 3.485116572015285463e+00
2.819999999999999840e+00 3.514850090168714303e+00
2.830000000000000071e+00 3.541014607914686252e+00
2.839999999999999858e+00 3.572285508016348032e+00
2.850000000000000089e+00 3.605726453268527809e+00
2.859999999999999876e+00 3.629996126739978735e+00
2.870000000000000107e+00 3.662626970484256894e+00
2.879999999999999893e+00 3.697924097421169343e+00
2.890000000000000124e+00 3.728783967356681828e+00
2.899999999999999911e+00 3.758242787830829545e+00
2.910000000000000142e+00 3.781306480860710195e+00
2.919999999999999929e+00 3.797579488984346607e+00
2.930000000000000160e+00 3.809372137156724847e+00
2.939999999999999947e+00 3.820801834038495937e+00
2.950000000000000178e+00 3.838903052037954122e+00
2.959999999999999964e+00 3.857347470254897992e+00
2.970000000000000195e+00 3.873768723759650978e+00
2.979999999999999982e+00 3.895184236190319282e+00
2.990000000000000213e+00 3.912957908170223043e+00
3.000000000000000000e+00 3.925552812421321924e+00
