0.000000000000000000e+00 6.544624738914592288e-02 1.891289165083535340e-01
1.000000000000000021e-02 1.313704939328819821e+00 1.593447313445418567e+00
2.000000000000000042e-02 1.293360203950517207e+00 1.588130554493553781e+00
2.999999999999999889e-02 1.139523004026975705e+00 1.627641805582079826e+00
4.000000000000000083e-02 8.206584732753123834e-01 1.871985815705648593e+00
5.000000000000000278e-02 5.169053976592152821e-01 2.514035175684419254e+00
5.999999999999999778e-02 8.314627116220290048e-01 3.888694284007341295e+00
7.000000000000000666e-02 2.647794249980782944e+00 4.466201795857811518e+00
8.000000000000000167e-02 3.407628173464173571e+00 4.236755476278429633e+00
8.999999999999999667e-02 3.782434055104523907e+00 3.981554053964346807e+00
1.000000000000000056e-01 3.749587128889985355e+00 4.002571916539244157e+00
1.100000000000000006e-01 3.665194784097263181e+00 4.044537528114727110e+00
1.199999999999999956e-01 3.556794717890735757e+00 4.077865027907376039e+00
1.300000000000000044e-01 3.391372859885650737e+00 4.092065288641495435e+00
1.400000000000000133e-01 3.196238532836605639e+00 4.058106246259044703e+00
1.499999999999999944e-01 3.027978018673514349e+00 3.974401159492875202e+00
1.600000000000000033e-01 2.911408421811753300e+00 3.876566522102660173e+00
1.700000000000000122e-01 2.815886112443157341e+00 3.757753169649891145e+00
1.799999999999999933e-01 2.749430785036496072e+00 3.620236487059183883e+00
1.900000000000000022e-01 2.719273203287155827e+00 3.507533423075644752e+00
2.000000000000000111e-01 2.708601772855089074e+00 3.406757109429075392e+00
2.099999999999999922e-01 2.709063520324909380e+00 3.323528192359721967e+00
2.200000000000000011e-01 2.714827887450151245e+00 3.262809656423635296e+00
2.300000000000000100e-01 2.724136053883340569e+00 3.206954495580884856e+00
2.399999999999999911e-01 2.740227342324331516e+00 3.147486882581636003e+00
2.500000000000000000e-01 2.749993245790630425e+00 3.114029573790401351e+00
2.600000000000000089e-01 2.658702522009651403e+00 3.089901443096358946e+00
2.700000000000000178e-01 2.836514065030955933e+00 2.958437691932774172e+00
2.800000000000000266e-01 2.848202943566615186e+00 2.941555906259244235e+00
2.899999999999999800e-01 2.851136525759337736e+00 2.937058571448685207e+00
2.999999999999999889e-01 2.852795493106902391e+00 2.933832152223526890e+00
3.099999999999999978e-01 2.853632073660247404e+00 2.932040958737976322e+00
3.200000000000000067e-01 2.854385205720181951e+00 2.930818887459520461e+00
3.300000000000000155e-01 2.854697617409512667e+00 2.929952011267855205e+00
3.400000000000000244e-01 2.855085343594230718e+00 2.929117500543914954e+00
3.500000000000000333e-01 2.855520043279640596e+00 2.928054260261542474e+00
3.599999999999999867e-01 2.856237180522256836e+00 2.925947964107221466e+00
3.699999999999999956e-01 2.856608702816008982e+00 2.923902777219772542e+00
3.800000000000000044e-01 2.856996030346556914e+00 2.922089594896630338e+00
3.900000000000000133e-01 2.857536518825279259e+00 2.921014819117798034e+00
4.000000000000000222e-01 2.857815245813879912e+00 2.920467334509339707e+00
4.100000000000000311e-01 2.858015200188346316e+00 2.920235894868187909e+00
4.199999999999999845e-01 2.858047385428841736e+00 2.920069658123557232e+00
4.299999999999999933e-01 2.857887122076681052e+00 2.919969661780664971e+00
4.400000000000000022e-01 2.858070762428852607e+00 2.919744147344020657e+00
4.500000000000000111e-01 2.858281326040543302e+00 2.919584176808081910e+00
4.600000000000000200e-01 2.858215010227450392e+00 2.919516040917149446e+00
4.700000000000000289e-01 2.858334856946860736e+00 2.919459713356102437e+00
4.799999999999999822e-01 2.858456663428704747e+00 2.919417273734647988e+00
4.899999999999999911e-01 2.858848799088096637e+00 2.919264350168609301e+00
5.000000000000000000e-01 2.859036108279806587e+00 2.919313420004266302e+00
5.100000000000000089e-01 2.859309500187495967e+00 2.919427353655239532e+00
5.200000000000000178e-01 2.859465753477371308e+00 2.919665383311950357e+00
5.300000000000000266e-01 2.859525525749948560e+00 2.919789159418317848e+00
5.400000000000000355e-01 2.859646568553206425e+00 2.920007525751831867e+00
5.500000000000000444e-01 2.859668800985011750e+00 2.920107803824749659e+00
5.600000000000000533e-01 2.859680647551819277e+00 2.920217119963362862e+00
5.700000000000000622e-01 2.859594936153619926e+00 2.920273387801915810e+00
5.799999999999999600e-01 2.859578108355441017e+00 2.920319358704648316e+00
5.899999999999999689e-01 2.859615238366784329e+00 2.920555820154486337e+00
5.999999999999999778e-01 2.859639818580284487e+00 2.920676801502570807e+00
6.099999999999999867e-01 2.859635710762748140e+00 2.920911125074615811e+00
6.199999999999999956e-01 2.859618873168751740e+00 2.921144352048114179e+00
6.300000000000000044e-01 2.859523843834628209e+00 2.921442454044591130e+00
6.400000000000000133e-01 2.859478812388095648e+00 2.921994017616596828e+00
6.500000000000000222e-01 2.859398628820915889e+00 2.922622752237777455e+00
6.600000000000000311e-01 2.859187110659608511e+00 2.923362065566053491e+00
6.700000000000000400e-01 2.859169326413327994e+00 2.924016431085413537e+00
6.800000000000000488e-01 2.859392725968064486e+00 2.924674514928160551e+00
6.900000000000000577e-01 2.859594048908307595e+00 2.926114806634828813e+00
7.000000000000000666e-01 2.859656177597151849e+00 2.927113675689591243e+00
7.099999999999999645e-01 2.859878407223951147e+00 2.927829221154917061e+00
7.199999999999999734e-01 2.859761980297433670e+00 2.928494280231130897e+00
7.299999999999999822e-01 2.860076405560593393e+00 2.929722269409079871e+00
7.399999999999999911e-01 2.860444858863485873e+00 2.931379069740640109e+00
7.500000000000000000e-01 2.861429071608973640e+00 2.932700414799259914e+00
7.600000000000000089e-01 2.862144103796996575e+00 2.934515970303498200e+00
7.700000000000000178e-01 2.862999442538110451e+00 2.936448371945532543e+00
7.800000000000000266e-01 2.862941329747077379e+00 2.939164788579109899e+00
7.900000000000000355e-01 2.858741953695873139e+00 2.947095463954350070e+00
8.000000000000000444e-01 2.841999147259909542e+00 2.962999318170827401e+00
8.100000000000000533e-01 2.817257125214073898e+00 2.985119682015444642e+00
8.200000000000000622e-01 2.752044892284152500e+00 3.030603640557053335e+00
8.300000000000000711e-01 2.811998831346664396e+00 2.998404808389510734e+00
8.399999999999999689e-01 2.857423501481938022e+00 2.966590074253154352e+00
8.499999999999999778e-01 2.857291797700787672e+00 2.968378674596880540e+00
8.599999999999999867e-01 2.857067922793933512e+00 2.969918933213642198e+00
8.699999999999999956e-01 2.856763367287821431e+00 2.971716592567258175e+00
8.800000000000000044e-01 2.856510135601100675e+00 2.973471203739109558e+00
8.900000000000000133e-01 2.855471984031697108e+00 2.975348678662280033e+00
9.000000000000000222e-01 2.855081667595063433e+00 2.976930161523665408e+00
9.100000000000000311e-01 2.854751016166490185e+00 2.978337850677686749e+00
9.200000000000000400e-01 2.854180180016967938e+00 2.979686506360557097e+00
9.300000000000000488e-01 2.853337774623269762e+00 2.980573940626745522e+00
9.400000000000000577e-01 2.852113144419521351e+00 2.982206240379482676e+00
9.500000000000000666e-01 2.850782286732215454e+00 2.983737095563393282e+00
9.599999999999999645e-01 2.849877362424648730e+00 2.985072285879336818e+00
9.699999999999999734e-01 2.849275545854070391e+00 2.986400410800478245e+00
9.799999999999999822e-01 2.848787327274345582e+00 2.987596523238158941e+00
9.899999999999999911e-01 2.848093953850076687e+00 2.989134696023656446e+00
1.000000000000000000e+00 2.846882634660403699e+00 2.990824706648190112e+00
1.010000000000000009e+00 2.846190985942287366e+00 2.991689009322719972e+00
1.020000000000000018e+00 2.844625312859641486e+00 2.992507342603576870e+00
1.030000000000000027e+00 2.843462209551546938e+00 2.993775663778569740e+00
1.040000000000000036e+00 2.841676311218259254e+00 2.994766740963938023e+00
1.050000000000000044e+00 2.840376136561633569e+00 2.995299575923680013e+00
1.060000000000000053e+00 2.838845414781876464e+00 2.995522542285613099e+00
1.070000000000000062e+00 2.837315270205824191e+00 2.995967771686227188e+00
1.080000000000000071e+00 2.833553553002986725e+00 2.996922529860820639e+00
1.090000000000000080e+00 2.825795342656466591e+00 2.999590249942448938e+00
1.100000000000000089e+00 2.823335297080427519e+00 3.000563471892923051e+00
1.110000000000000098e+00 2.821519620213250867e+00 3.000799747238416693e+00
1.120000000000000107e+00 2.820513124061195143e+00 3.001479167036445794e+00
1.130000000000000115e+00 2.819770964387551704e+00 3.002572889176710280e+00
1.140000000000000124e+00 2.819258244350985709e+00 3.004590468927784475e+00
1.150000000000000133e+00 2.818720144382909076e+00 3.005243118871256947e+00
1.159999999999999920e+00 2.817897315154528570e+00 3.006359998096966635e+00
1.169999999999999929e+00 2.816809120013179957e+00 3.008712809312877212e+00
1.179999999999999938e+00 2.815984306038755491e+00 3.008936321297746908e+00
1.189999999999999947e+00 2.814888361913839621e+00 3.010422629287561325e+00
1.199999999999999956e+00 2.813650089343568084e+00 3.010851561089972428e+00
1.209999999999999964e+00 2.812518673401599667e+00 3.012630932406658690e+00
1.219999999999999973e+00 2.809462236725497331e+00 3.018221172378849904e+00
1.229999999999999982e+00 2.798514198808741860e+00 3.034551185221600278e+00
1.239999999999999991e+00 2.775655649553814719e+00 3.069812053738554702e+00
1.250000000000000000e+00 2.768866742513373058e+00 3.089211977681920462e+00
1.260000000000000009e+00 2.769201520726999544e+00 3.110040954301038330e+00
1.270000000000000018e+00 2.706024936789131807e+00 3.162669809066199988e+00
1.280000000000000027e+00 2.747584131992713452e+00 3.179285581268413985e+00
1.290000000000000036e+00 2.764740930493030380e+00 3.185514895875301900e+00
1.300000000000000044e+00 2.753935150441778390e+00 3.194519421809064674e+00
1.310000000000000053e+00 2.732156594074587996e+00 3.209107787682194957e+00
1.320000000000000062e+00 2.617876244067662839e+00 3.264580071409231898e+00
1.330000000000000071e+00 2.686350309164995842e+00 3.254413430168156651e+00
1.340000000000000080e+00 2.723894175181264199e+00 3.257079428892259987e+00
1.350000000000000089e+00 2.751710375706991396e+00 3.261401855778851999e+00
1.360000000000000098e+00 2.759847962482451678e+00 3.270115282978535376e+00
1.370000000000000107e+00 2.776801346556063699e+00 3.285257211159351876e+00
1.380000000000000115e+00 2.779800311793166223e+00 3.303639299651306871e+00
1.390000000000000124e+00 2.782750796320060171e+00 3.335091008203407537e+00
1.400000000000000133e+00 2.788358808074955508e+00 3.371103641470905021e+00
1.409999999999999920e+00 2.795677685898407372e+00 3.409245443569556944e+00
1.419999999999999929e+00 2.806403575858581689e+00 3.451022573900710988e+00
1.429999999999999938e+00 2.821960999345678012e+00 3.486529246530634119e+00
1.439999999999999947e+00 2.839948963404102855e+00 3.517233421597079968e+00
1.449999999999999956e+00 2.856553143609990464e+00 3.542733188038836190e+00
1.459999999999999964e+00 2.872992022091901188e+00 3.564458443792307474e+00
1.469999999999999973e+00 2.887883162770408685e+00 3.582425295576911584e+00
1.479999999999999982e+00 2.903870165443381168e+00 3.601554004721680968e+00
1.489999999999999991e+00 2.924622127340431810e+00 3.625878188063506258e+00
1.500000000000000000e+00 2.944045869846608543e+00 3.649984112629625965e+00
1.510000000000000009e+00 2.959136355464898838e+00 3.671245214893377184e+00
1.520000000000000018e+00 2.974982733139403202e+00 3.690606423931710012e+00
1.530000000000000027e+00 2.992659856504408022e+00 3.707119804397615237e+00
1.540000000000000036e+00 3.015524008668336364e+00 3.725252236062613242e+00
1.550000000000000044e+00 3.036158721650230152e+00 3.742370436794174804e+00
1.560000000000000053e+00 3.056835544613278000e+00 3.757232321206652959e+00
1.570000000000000062e+00 3.083088681847213852e+00 3.774591248200775073e+00
1.580000000000000071e+00 3.118542565054928328e+00 3.793582207322085953e+00
1.590000000000000080e+00 3.152562825736562324e+00 3.809482482405146087e+00
1.600000000000000089e+00 3.181349207826115855e+00 3.819645724825404098e+00
1.610000000000000098e+00 3.212107360084480057e+00 3.828685032116943887e+00
1.620000000000000107e+00 3.247061569998114017e+00 3.838932066891343808e+00
1.630000000000000115e+00 3.282980462389743614e+00 3.846974402708255525e+00
1.640000000000000124e+00 3.299717376257350399e+00 3.847976462186406099e+00
1.650000000000000133e+00 3.310285514952664876e+00 3.848799160893435101e+00
1.660000000000000142e+00 3.322359059910393597e+00 3.850462826671980920e+00
1.669999999999999929e+00 3.332185311035158914e+00 3.851661460896489420e+00
1.679999999999999938e+00 3.335224092191408474e+00 3.851834237862874488e+00
1.689999999999999947e+00 3.339163338385718660e+00 3.852588336523872670e+00
1.699999999999999956e+00 3.344009098341098607e+00 3.852933347752460769e+00
1.709999999999999964e+00 3.345885676229636285e+00 3.853051481601555306e+00
1.719999999999999973e+00 3.353230521208508730e+00 3.853315098627345225e+00
1.729999999999999982e+00 3.360487023194599576e+00 3.853868481117916023e+00
1.739999999999999991e+00 3.361540372770754903e+00 3.852364104296238434e+00
1.750000000000000000e+00 3.359165971011679908e+00 3.851660222650010290e+00
1.760000000000000009e+00 3.356734737996147633e+00 3.851108568888618411e+00
1.770000000000000018e+00 3.353621259277923983e+00 3.851359745556250935e+00
1.780000000000000027e+00 3.348412750202318211e+00 3.849931645706991201e+00
1.790000000000000036e+00 3.341850636382855733e+00 3.848905503172121989e+00
1.800000000000000044e+00 3.323236937756441467e+00 3.851976835370160668e+00
1.810000000000000053e+00 3.264067531197802907e+00 3.865765384871227894e+00
1.820000000000000062e+00 3.220478973555525037e+00 3.875521416564027710e+00
1.830000000000000071e+00 3.218869242830906696e+00 3.878461307205523401e+00
1.840000000000000080e+00 3.219225253229130335e+00 3.878344656181346384e+00
1.850000000000000089e+00 3.219689366009447440e+00 3.878077232901837590e+00
1.860000000000000098e+00 3.219705051844290900e+00 3.877841366679497526e+00
1.870000000000000107e+00 3.218490863263730795e+00 3.876762631885881660e+00
1.880000000000000115e+00 3.219307024547283458e+00 3.876801687973315591e+00
1.890000000000000124e+00 3.218914711679472074e+00 3.876114185687051350e+00
1.900000000000000133e+00 3.216469817021856414e+00 3.874781457964410869e+00
1.910000000000000142e+00 3.216017156316692827e+00 3.873420262406413350e+00
1.919999999999999929e+00 3.224766516496853974e+00 3.866961542690081188e+00
1.929999999999999938e+00 3.234973417396706630e+00 3.860541981005507495e+00
1.939999999999999947e+00 3.264174830041235875e+00 3.850480492715531167e+00
1.949999999999999956e+00 3.294243712979538330e+00 3.840308485487716084e+00
1.959999999999999964e+00 3.299737833112467378e+00 3.835751854959736917e+00
1.969999999999999973e+00 3.308705356515044826e+00 3.832501987988357506e+00
1.979999999999999982e+00 3.309530441635158304e+00 3.831291312081310352e+00
1.989999999999999991e+00 3.322275964429642681e+00 3.828471243436072147e+00
2.000000000000000000e+00 3.319733687208621831e+00 3.829841886993915701e+00
2.010000000000000231e+00 3.235973827657396829e+00 3.868398368854825353e+00
2.020000000000000018e+00 3.233485405675754265e+00 3.869392609933033356e+00
2.030000000000000249e+00 3.228514743586067048e+00 3.869893849133964281e+00
2.040000000000000036e+00 3.241896285409295864e+00 3.860373960815107530e+00
2.049999999999999822e+00 3.287770120455042022e+00 3.837187684253438480e+00
2.060000000000000053e+00 3.278360614758364378e+00 3.839175053328641063e+00
2.069999999999999840e+00 3.275093757691942553e+00 3.840413316769040630e+00
2.080000000000000071e+00 3.272972024318614448e+00 3.839895436308941701e+00
2.089999999999999858e+00 3.268067266378975599e+00 3.839773680343055329e+00
2.100000000000000089e+00 3.266913876639270686e+00 3.839268131679629992e+00
2.109999999999999876e+00 3.265653404821700079e+00 3.837874518747979025e+00
2.120000000000000107e+00 3.266156761715107493e+00 3.835961458695239301e+00
2.129999999999999893e+00 3.249149413365580497e+00 3.833013566365979674e+00
2.140000000000000124e+00 3.238279955976054225e+00 3.831547884314015384e+00
2.149999999999999911e+00 3.232856145053371488e+00 3.827875466331974064e+00
2.160000000000000142e+00 3.234318910623777299e+00 3.827434042943727910e+00
2.169999999999999929e+00 3.243559440129411442e+00 3.822893412143575809e+00
2.180000000000000160e+00 3.241202592160914442e+00 3.822475652630116016e+00
2.189999999999999947e+00 3.250801097462039824e+00 3.816896235854763564e+00
2.200000000000000178e+00 3.257752879694569614e+00 3.813482636934649506e+00
2.209999999999999964e+00 3.263664636475519742e+00 3.808476404240651370e+00
2.220000000000000195e+00 3.271670142671893267e+00 3.804822996151616010e+00
2.229999999999999982e+00 3.276808829538773615e+00 3.801301441824485039e+00
2.240000000000000213e+00 3.288242689172766742e+00 3.795622222855545846e+00
2.250000000000000000e+00 3.292680246732499150e+00 3.793061328770850338e+00
2.260000000000000231e+00 3.291030508774697605e+00 3.792243936139166660e+00
2.270000000000000018e+00 3.289316027971957102e+00 3.790972575948979628e+00
2.280000000000000249e+00 3.284021406360746465e+00 3.789837609690545950e+00
2.290000000000000036e+00 3.281360066865572023e+00 3.788333710428586798e+00
2.300000000000000266e+00 3.275193639482473440e+00 3.788394518195177252e+00
2.310000000000000053e+00 3.264420837893057481e+00 3.788542048330735490e+00
2.319999999999999840e+00 3.165172210227019445e+00 3.804951810742848384e+00
2.330000000000000071e+00 3.143849944457614676e+00 3.801871908724701044e+00
2.339999999999999858e+00 3.130618298709201053e+00 3.797113479018402682e+00
2.350000000000000089e+00 3.116391288774316592e+00 3.794272537774736165e+00
2.359999999999999876e+00 3.094256630272041786e+00 3.792432400093902256e+00
2.370000000000000107e+00 3.067508697965826592e+00 3.787695347949776803e+00
2.379999999999999893e+00 3.022942975048216407e+00 3.788018300655690229e+00
2.390000000000000124e+00 2.958522591040956495e+00 3.790663445827138656e+00
2.399999999999999911e+00 2.926462718376888095e+00 3.789512456262337015e+00
2.410000000000000142e+00 2.912246680390647047e+00 3.788703520083614773e+00
2.419999999999999929e+00 2.905831559345025905e+00 3.786514263263444757e+00
2.430000000000000160e+00 2.896425681805636643e+00 3.780264381136868579e+00
2.439999999999999947e+00 2.891267271031207731e+00 3.774662439867191299e+00
2.450000000000000178e+00 2.939120506925395837e+00 3.768584258511253893e+00
2.459999999999999964e+00 2.937766742431984657e+00 3.768426240611209455e+00
2.470000000000000195e+00 2.894155683435098325e+00 3.777878525003298016e+00
2.479999999999999982e+00 2.851294010162590986e+00 3.785948417646647357e+00
2.490000000000000213e+00 2.810820946567944567e+00 3.789292501863547713e+00
2.500000000000000000e+00 2.797774058507845663e+00 3.789476111405922776e+00
2.510000000000000231e+00 2.797227015321150478e+00 3.791725312647923563e+00
2.520000000000000018e+00 2.799642941241839544e+00 3.794619447011372770e+00
2.530000000000000249e+00 2.807471306439693670e+00 3.799398580285255456e+00
2.540000000000000036e+00 2.818076675777236417e+00 3.802350267298420405e+00
2.550000000000000266e+00 2.856570051069531324e+00 3.801704945339884567e+00
2.560000000000000053e+00 2.966568735256893685e+00 3.787386022085444726e+00
2.569999999999999840e+00 3.049693276596990188e+00 3.775809352740320257e+00
2.580000000000000071e+00 3.123060813908121514e+00 3.760811541791417856e+00
2.589999999999999858e+00 3.194263756531699805e+00 3.742435895753875919e+00
2.600000000000000089e+00 3.181920818310724375e+00 3.743133091191304995e+00
2.609999999999999876e+00 3.151445127081944353e+00 3.746408906469271383e+00
2.620000000000000107e+00 3.130804543389279271e+00 3.747885576954882669e+00
2.629999999999999893e+00 3.104817070342104302e+00 3.749193047331769613e+00
2.640000000000000124e+00 3.069891458644936844e+00 3.749293446159292831e+00
2.649999999999999911e+00 3.049981794580827632e+00 3.747694209676374122e+00
2.660000000000000142e+00 3.040994862209715155e+00 3.747525160192094251e+00
2.669999999999999929e+00 3.036833415640361356e+00 3.748100336228839868e+00
2.680000000000000160e+00 3.036734120056320485e+00 3.749370042832206096e+00
2.689999999999999947e+00 3.041891587510482609e+00 3.752673396114929005e+00
2.700000000000000178e+00 3.043710484974375241e+00 3.755418517477521867e+00
2.709999999999999964e+00 3.049602633473082580e+00 3.759164444249467163e+00
2.720000000000000195e+00 3.053549116495987370e+00 3.761953663993934605e+00
2.729999999999999982e+00 3.057461087911273356e+00 3.764673673031186052e+00
2.740000000000000213e+00 3.059648164564328532e+00 3.766962392720026642e+00
2.750000000000000000e+00 3.061904638112110444e+00 3.769582481476741354e+00
2.760000000000000231e+00 3.068271818700510689e+00 3.771839468268674000e+00
2.770000000000000018e+00 3.080565367173305091e+00 3.772162303272136974e+00
2.780000000000000249e+00 3.102286952190642211e+00 3.771459157976861043e+00
2.790000000000000036e+00 3.113055921174341378e+00 3.772427950032895438e+00
2.800000000000000266e+00 3.153910730148067554e+00 3.767344118913898310e+00
2.810000000000000053e+00 3.211630254627891201e+00 3.755626914289764695e+00
2.819999999999999840e+00 3.261817628527377444e+00 3.741538223075177250e+00
2.830000000000000071e+00 3.291764744693653100e+00 3.733614354074581421e+00
2.839999999999999858e+00 3.310418989076468588e+00 3.728502977695610898e+00
2.850000000000000089e+00 3.335747017225523248e+00 3.721580957132081924e+00
2.859999999999999876e+00 3.351378585664079868e+00 3.716804693268491722e+00
2.870000000000000107e+00 3.360490307212019356e+00 3.714801841535424476e+00
2.879999999999999893e+00 3.368040838388144387e+00 3.714282321974099688e+00
2.890000000000000124e+00 3.371969676092048118e+00 3.715351037656883904e+00
2.899999999999999911e+00 3.378554014770718261e+00 3.716225870864657388e+00
2.910000000000000142e+00 3.383032013073685729e+00 3.717411887587782626e+00
2.919999999999999929e+00 3.378089654222426574e+00 3.725673904096188593e+00
2.930000000000000160e+00 3.384245286996125923e+00 3.726666018560171434e+00
2.939999999999999947e+00 3.386403359091779475e+00 3.729894010030725848e+00
2.950000000000000178e+00 3.392638314483807260e+00 3.732018743821933437e+00
2.959999999999999964e+00 3.393781451735730315e+00 3.735022885195975029e+00
2.970000000000000195e+00 3.348903457014527518e+00 3.767758048374686197e+00
2.979999999999999982e+00 3.341987619934805309e+00 3.776813226610890695e+00
2.990000000000000213e+00 3.371346990471684624e+00 3.766016996151603013e+00
3.000000000000000000e+00 3.548029526189486305e+00 3.643711593538601967e+00
