0.000000000000000000e+00 5.243201448479853921e-01 6.674640916683710623e-01
1.000000000000000021e-02 5.243192398577389834e-01 6.674480690718236353e-01
2.000000000000000042e-02 5.243062805278573268e-01 6.674248525391544007e-01
2.999999999999999889e-02 5.673628743736426339e-01 1.230796193800719696e+00
4.000000000000000083e-02 1.110401104541670403e+00 1.525427602767098989e+00
5.000000000000000278e-02 1.160221407028114937e+00 1.555663573122346266e+00
5.999999999999999778e-02 1.168895751814182260e+00 1.546087586717073359e+00
7.000000000000000666e-02 9.150629362415607648e-01 2.011483280497855297e+00
8.000000000000000167e-02 1.352930530889454586e+00 3.945554409642991089e+00
8.999999999999999667e-02 3.113045535051557344e+00 4.438075906120803715e+00
1.000000000000000056e-01 3.418651604546995237e+00 4.341784966383485767e+00
1.100000000000000006e-01 3.919518228921640812e+00 3.996276210923443983e+00
1.199999999999999956e-01 3.919698357755127205e+00 3.996236726606903211e+00
1.300000000000000044e-01 3.920052838294158626e+00 3.996185124161590885e+00
1.400000000000000133e-01 3.920400030580807549e+00 3.996140004256914846e+00
1.499999999999999944e-01 3.920718489069422219e+00 3.996074780755559885e+00
1.600000000000000033e-01 3.920984111704931774e+00 3.996014542474641384e+00
1.700000000000000122e-01 3.921199086638514242e+00 3.995980496453221509e+00
1.799999999999999933e-01 3.921484845622870807e+00 3.995927959729340451e+00
1.900000000000000022e-01 3.921877585777115982e+00 3.995815770746397710e+00
2.000000000000000111e-01 3.922200230948638122e+00 3.995710531318474423e+00
2.099999999999999922e-01 3.922743834069417623e+00 3.995541234714342416e+00
2.200000000000000011e-01 3.923121796154878549e+00 3.995438848819830024e+00
2.300000000000000100e-01 3.923460903413559908e+00 3.995349714982245448e+00
2.399999999999999911e-01 3.923685921151216061e+00 3.995308696935599091e+00
2.500000000000000000e-01 3.923865995854246780e+00 3.995283338342797474e+00
2.600000000000000089e-01 3.923971849493082420e+00 3.995268629527989557e+00
2.700000000000000178e-01 3.924295287925367859e+00 3.995174035437936588e+00
2.800000000000000266e-01 3.924470873745694366e+00 3.995139774099574215e+00
2.899999999999999800e-01 3.924577640101377884e+00 3.995102957199151650e+00
2.999999999999999889e-01 3.924606517561633812e+00 3.995108233028690226e+00
3.099999999999999978e-01 3.924044948611946637e+00 3.995443270077018383e+00
3.200000000000000067e-01 3.923721359493382188e+00 3.995651834061495933e+00
3.300000000000000155e-01 3.923436106652244071e+00 3.995763716403023302e+00
3.400000000000000244e-01 3.923180397759998606e+00 3.995878116501247135e+00
3.500000000000000333e-01 3.922590953294373239e+00 3.996115646422766954e+00
3.599999999999999867e-01 3.919908414239006600e+00 3.997978569928092529e+00
3.699999999999999956e-01 3.917357497190124160e+00 3.999688060227745812e+00
3.800000000000000044e-01 3.904285476683431622e+00 4.009469269100374156e+00
3.900000000000000133e-01 3.885707792585244569e+00 4.022203175594458280e+00
4.000000000000000222e-01 3.851754498262955018e+00 4.042872995318816720e+00
4.100000000000000311e-01 3.795280067952520930e+00 4.071013430301301028e+00
4.199999999999999845e-01 3.720648135936930334e+00 4.099902051784322765e+00
4.299999999999999933e-01 3.633492525700651399e+00 4.121577243142999336e+00
4.400000000000000022e-01 3.463143366390617928e+00 4.129826376021949130e+00
4.500000000000000111e-01 3.298401025772734307e+00 4.095402933120087852e+00
4.600000000000000200e-01 3.197536742099625684e+00 4.054227928143637527e+00
4.700000000000000289e-01 3.074952471791581043e+00 3.981889050434752608e+00
4.799999999999999822e-01 2.957834711793786209e+00 3.881862447463148680e+00
4.899999999999999911e-01 2.845547384188502171e+00 3.771410473439366307e+00
5.000000000000000000e-01 2.730246385651034835e+00 3.615310042004185043e+00
5.100000000000000089e-01 2.628706896112526614e+00 3.406402668005858558e+00
5.200000000000000178e-01 2.623144094333875742e+00 3.314593763012658734e+00
5.300000000000000266e-01 2.649887421553905220e+00 3.259051101690952912e+00
5.400000000000000355e-01 2.650541980805326325e+00 3.181424433217119763e+00
5.500000000000000444e-01 2.657495480651940856e+00 3.161424245653067455e+00
5.600000000000000533e-01 2.674377270851158617e+00 3.142753591012931391e+00
5.700000000000000622e-01 2.691827007464835386e+00 3.149051112556984666e+00
5.799999999999999600e-01 2.717274649175441148e+00 3.180511486879551875e+00
5.899999999999999689e-01 2.730474907225874937e+00 3.194651737833710925e+00
5.999999999999999778e-01 2.753045443106225676e+00 3.207719489602514962e+00
6.099999999999999867e-01 2.764431558517590926e+00 3.206122415757997945e+00
6.199999999999999956e-01 2.774764456365033105e+00 3.207621323812083425e+00
6.300000000000000044e-01 2.817861928842655406e+00 3.209651159984477697e+00
6.400000000000000133e-01 2.836988800955010603e+00 3.215005245179938242e+00
6.500000000000000222e-01 2.848632614440958388e+00 3.222565674266774760e+00
6.600000000000000311e-01 2.865040573071099050e+00 3.241447737790488670e+00
6.700000000000000400e-01 2.889081779729394395e+00 3.265021430467100583e+00
6.800000000000000488e-01 2.904445938912098679e+00 3.280787634486491466e+00
6.900000000000000577e-01 2.922314498225327295e+00 3.295823988703612262e+00
7.000000000000000666e-01 2.940587405947459487e+00 3.310270001288639463e+00
7.099999999999999645e-01 2.957591224313219858e+00 3.323258024591961846e+00
7.199999999999999734e-01 2.972221464577507799e+00 3.334076722921538671e+00
7.299999999999999822e-01 2.990842649505878192e+00 3.348017978431438557e+00
7.399999999999999911e-01 3.017767164517383804e+00 3.364501556290645290e+00
7.500000000000000000e-01 3.037983226587429364e+00 3.375798278110369921e+00
7.600000000000000089e-01 3.054568786915136336e+00 3.384107016727136319e+00
7.700000000000000178e-01 3.067155756335770977e+00 3.391936119074309364e+00
7.800000000000000266e-01 3.079225191098240444e+00 3.399517732829067107e+00
7.900000000000000355e-01 3.090146625289964977e+00 3.406215492362928199e+00
8.000000000000000444e-01 3.100993613574100305e+00 3.413395780375408695e+00
8.100000000000000533e-01 3.112538791791563675e+00 3.421365290921563052e+00
8.200000000000000622e-01 3.124216318421504823e+00 3.428513547286846652e+00
8.300000000000000711e-01 3.138428358205237689e+00 3.436721393605789654e+00
8.399999999999999689e-01 3.149412824438966307e+00 3.442568316656195559e+00
8.499999999999999778e-01 3.158070013247979535e+00 3.447396365989195299e+00
8.599999999999999867e-01 3.164541866730162578e+00 3.452335885469010268e+00
8.699999999999999956e-01 3.172042334987041023e+00 3.455964221666935288e+00
8.800000000000000044e-01 3.182100140431905366e+00 3.460635868064379395e+00
8.900000000000000133e-01 3.190641692534812002e+00 3.464697730125061881e+00
9.000000000000000222e-01 3.199810386595084655e+00 3.470717773090049807e+00
9.100000000000000311e-01 3.207455713947712006e+00 3.476955201446116916e+00
9.200000000000000400e-01 3.216216897087355697e+00 3.486003705262879393e+00
9.300000000000000488e-01 3.226604913679685271e+00 3.495664454387102271e+00
9.400000000000000577e-01 3.238075322361735786e+00 3.507082039064617796e+00
9.500000000000000666e-01 3.247145160829499666e+00 3.521412465608641185e+00
9.599999999999999645e-01 3.257764886933517623e+00 3.534402722977447731e+00
9.699999999999999734e-01 3.266076922872152899e+00 3.539109957821282570e+00
9.799999999999999822e-01 3.274183374058100782e+00 3.542368885539677770e+00
9.899999999999999911e-01 3.283291680083793018e+00 3.545554637245613705e+00
1.000000000000000000e+00 3.289214955919962158e+00 3.546995670696516001e+00
1.010000000000000009e+00 3.295711376816744309e+00 3.548972693927769928e+00
1.020000000000000018e+00 3.299891024326656819e+00 3.551159866519595809e+00
1.030000000000000027e+00 3.303191737855303511e+00 3.552480362493169341e+00
1.040000000000000036e+00 3.305743970188363967e+00 3.553285306640401764e+00
1.050000000000000044e+00 3.309311687445729344e+00 3.554388204078585911e+00
1.060000000000000053e+00 3.312075252540893633e+00 3.554929088598899778e+00
1.070000000000000062e+00 3.314321137903001979e+00 3.556424637620183571e+00
1.080000000000000071e+00 3.316326592524152073e+00 3.558279115345377885e+00
1.090000000000000080e+00 3.317663605926145731e+00 3.558848328111062553e+00
1.100000000000000089e+00 3.319287073062635596e+00 3.558674334741853240e+00
1.110000000000000098e+00 3.321938135627224398e+00 3.557976383220241345e+00
1.120000000000000107e+00 3.324646656102196562e+00 3.557272620416625397e+00
1.130000000000000115e+00 3.325228453381410709e+00 3.556444683200964185e+00
1.140000000000000124e+00 3.327082743433203316e+00 3.551860403258119359e+00
1.150000000000000133e+00 3.328091731155021105e+00 3.549009860823052254e+00
1.159999999999999920e+00 3.329394026551179664e+00 3.545271298198766630e+00
1.169999999999999929e+00 3.330462236648465080e+00 3.542286689371203501e+00
1.179999999999999938e+00 3.330903205557173230e+00 3.539915811395341727e+00
1.189999999999999947e+00 3.331752696027337368e+00 3.537173557453573647e+00
1.199999999999999956e+00 3.332669713437317771e+00 3.534843546126128278e+00
1.209999999999999964e+00 3.333117940202131813e+00 3.533324298042878731e+00
1.219999999999999973e+00 3.334965810792882124e+00 3.528736754385988661e+00
1.229999999999999982e+00 3.336174581666056849e+00 3.524830095643932903e+00
1.239999999999999991e+00 3.338300482670240044e+00 3.520382452791757544e+00
1.250000000000000000e+00 3.340824885864671856e+00 3.515729743609014690e+00
1.260000000000000009e+00 3.342440221592160920e+00 3.512381336582925950e+00
1.270000000000000018e+00 3.342939847324602809e+00 3.511346893679387016e+00
1.280000000000000027e+00 3.343350302950591324e+00 3.511224876907616643e+00
1.290000000000000036e+00 3.343073515769980908e+00 3.511794246032692079e+00
1.300000000000000044e+00 3.342982419172161102e+00 3.510507435702449719e+00
1.310000000000000053e+00 3.343048930147328957e+00 3.509136535083613229e+00
1.320000000000000062e+00 3.343050260925244377e+00 3.508851294689227185e+00
1.330000000000000071e+00 3.342421107994564267e+00 3.509148407295696437e+00
1.340000000000000080e+00 3.341827577030253238e+00 3.509079079077649155e+00
1.350000000000000089e+00 3.341011747032049062e+00 3.509113962148782573e+00
1.360000000000000098e+00 3.340405343448624720e+00 3.509030491183295020e+00
1.370000000000000107e+00 3.339753212832416551e+00 3.508870086670909494e+00
1.380000000000000115e+00 3.339213370150405424e+00 3.508858551288765781e+00
1.390000000000000124e+00 3.338660628012513953e+00 3.508075721784734924e+00
1.400000000000000133e+00 3.338214081134820432e+00 3.507126155896162167e+00
1.409999999999999920e+00 3.337534892172890899e+00 3.506551549973410786e+00
1.419999999999999929e+00 3.336727758557282097e+00 3.506479342916526409e+00
1.429999999999999938e+00 3.335636895124717061e+00 3.506312367565827426e+00
1.439999999999999947e+00 3.332213647594286066e+00 3.506356858945058441e+00
1.449999999999999956e+00 3.330327387894327362e+00 3.502537993403737726e+00
1.459999999999999964e+00 3.326429427693584184e+00 3.501529493123790804e+00
1.469999999999999973e+00 3.326885975552535069e+00 3.491707776812577269e+00
1.479999999999999982e+00 3.324621985095121524e+00 3.488224052407167264e+00
1.489999999999999991e+00 3.319377942339041265e+00 3.482151805447480708e+00
1.500000000000000000e+00 3.316011624242556355e+00 3.478650978930699633e+00
1.510000000000000009e+00 3.313434227023189571e+00 3.476004177999431732e+00
1.520000000000000018e+00 3.310618119518946578e+00 3.472645030638982000e+00
1.530000000000000027e+00 3.306672871416154624e+00 3.469769591953215215e+00
1.540000000000000036e+00 3.300727629605511027e+00 3.468182293380519532e+00
1.550000000000000044e+00 3.294236364070074696e+00 3.466698452872140290e+00
1.560000000000000053e+00 3.289486485579103725e+00 3.464670970113187476e+00
1.570000000000000062e+00 3.279806817443030820e+00 3.464244868390899956e+00
1.580000000000000071e+00 3.269026517194868031e+00 3.463485354777216418e+00
1.590000000000000080e+00 3.254097644093005393e+00 3.464258500177891165e+00
1.600000000000000089e+00 3.244530416855876620e+00 3.462417568011219249e+00
1.610000000000000098e+00 3.238302369873469200e+00 3.460394088132435986e+00
1.620000000000000107e+00 3.231230298049442951e+00 3.458814889023311245e+00
1.630000000000000115e+00 3.226432478214189992e+00 3.457143597015455150e+00
1.640000000000000124e+00 3.222729260690690101e+00 3.455365673624991363e+00
1.650000000000000133e+00 3.220277712697930728e+00 3.453758308363012564e+00
1.660000000000000142e+00 3.217018822188738358e+00 3.452535339069005449e+00
1.669999999999999929e+00 3.215464840262113544e+00 3.450872426173509755e+00
1.679999999999999938e+00 3.215168341876114333e+00 3.448547993692313796e+00
1.689999999999999947e+00 3.215292756504517957e+00 3.446667118602293467e+00
1.699999999999999956e+00 3.215255254347853864e+00 3.444898853127426719e+00
1.709999999999999964e+00 3.215568052064751825e+00 3.442676242893362826e+00
1.719999999999999973e+00 3.217577946502261810e+00 3.439361695221371029e+00
1.729999999999999982e+00 3.217134023099358586e+00 3.437868262676779807e+00
1.739999999999999991e+00 3.217067334045652593e+00 3.436434990702387005e+00
1.750000000000000000e+00 3.215316973772801568e+00 3.435180669140063259e+00
1.760000000000000009e+00 3.215187959718806443e+00 3.433977175459759668e+00
1.770000000000000018e+00 3.213273969435780586e+00 3.433297216553599540e+00
1.780000000000000027e+00 3.211722818603590657e+00 3.432896629776879482e+00
1.790000000000000036e+00 3.209064271184796091e+00 3.432535690658694350e+00
1.800000000000000044e+00 3.205084472228620029e+00 3.432747177179720666e+00
1.810000000000000053e+00 3.200597648604396550e+00 3.433379431216236011e+00
1.820000000000000062e+00 3.196654647443230690e+00 3.433660020272796043e+00
1.830000000000000071e+00 3.193280334197595050e+00 3.434175028718397638e+00
1.840000000000000080e+00 3.185867989956310709e+00 3.435470987175532898e+00
1.850000000000000089e+00 3.180492290548169176e+00 3.436431910711444271e+00
1.860000000000000098e+00 3.176548018373287263e+00 3.436932410474978994e+00
1.870000000000000107e+00 3.174020646844331939e+00 3.437361004523809438e+00
1.880000000000000115e+00 3.171145245219483932e+00 3.438594787157758681e+00
1.890000000000000124e+00 3.158081325496690184e+00 3.445244446860296961e+00
1.900000000000000133e+00 3.082976035019082683e+00 3.481330160321074008e+00
1.910000000000000142e+00 3.034535278395976921e+00 3.495513625293407589e+00
1.919999999999999929e+00 3.025264972097116090e+00 3.497292860248846669e+00
1.929999999999999938e+00 3.022825293328196938e+00 3.499350042203037692e+00
1.939999999999999947e+00 3.021841346279785956e+00 3.501409438484504033e+00
1.949999999999999956e+00 2.992911861721623268e+00 3.509506902678858786e+00
1.959999999999999964e+00 2.997358950283872225e+00 3.512373876254213378e+00
1.969999999999999973e+00 2.990451907297943190e+00 3.519950097649719556e+00
1.979999999999999982e+00 3.005034800898628955e+00 3.529503817713660840e+00
1.989999999999999991e+00 3.021511266612448843e+00 3.535048280921539998e+00
2.000000000000000000e+00 3.038827394872518628e+00 3.541795455445436058e+00
2.010000000000000231e+00 3.083803987208761921e+00 3.538763789108834157e+00
2.020000000000000018e+00 3.130486700258019894e+00 3.534358730235334534e+00
2.030000000000000249e+00 3.182335447278388685e+00 3.524168981980911219e+00
2.040000000000000036e+00 3.199120885748781618e+00 3.525072990331731049e+00
2.049999999999999822e+00 3.205619391840940136e+00 3.528375254164690222e+00
2.060000000000000053e+00 3.211907570250327915e+00 3.531358045508567578e+00
2.069999999999999840e+00 3.217585538560876035e+00 3.534520529902449137e+00
2.080000000000000071e+00 3.222541056149157424e+00 3.537636863396016462e+00
2.089999999999999858e+00 3.228765862033768030e+00 3.541214740721778220e+00
2.100000000000000089e+00 3.233724826444951184e+00 3.544576292224558500e+00
2.109999999999999876e+00 3.238520493913174203e+00 3.549171459240435755e+00
2.120000000000000107e+00 3.242226577642762564e+00 3.553326930977499742e+00
2.129999999999999893e+00 3.247535836609213966e+00 3.558713724028260472e+00
2.140000000000000124e+00 3.250385106272386526e+00 3.562045604534459731e+00
2.149999999999999911e+00 3.254184023310497498e+00 3.566233976753399038e+00
2.160000000000000142e+00 3.257935851898672297e+00 3.571043703279015880e+00
2.169999999999999929e+00 3.261746505586510914e+00 3.575805016449088214e+00
2.180000000000000160e+00 3.266205917328603547e+00 3.580630499898187935e+00
2.189999999999999947e+00 3.270070131254731116e+00 3.585657825827063938e+00
2.200000000000000178e+00 3.274298585576403742e+00 3.589860973230015961e+00
2.209999999999999964e+00 3.277903515676623858e+00 3.593463096414440283e+00
2.220000000000000195e+00 3.281046586308423940e+00 3.597475678505952956e+00
2.229999999999999982e+00 3.285248576044242697e+00 3.603092396655876328e+00
2.240000000000000213e+00 3.288691835331413404e+00 3.607910474682357371e+00
2.250000000000000000e+00 3.292980796735129889e+00 3.614547279355682985e+00
2.260000000000000231e+00 3.297561263844439150e+00 3.620882894046834277e+00
2.270000000000000018e+00 3.301703510467444591e+00 3.627083873518075041e+00
2.280000000000000249e+00 3.306562270860849306e+00 3.633998602790655230e+00
2.290000000000000036e+00 3.312210381478110754e+00 3.641289989458282861e+00
2.300000000000000266e+00 3.317124446751504863e+00 3.647362927821249379e+00
2.310000000000000053e+00 3.322868501788671214e+00 3.653634445622865545e+00
2.319999999999999840e+00 3.328572977953520695e+00 3.659534089664849166e+00
2.330000000000000071e+00 3.333984078540868090e+00 3.665205970649653366e+00
2.339999999999999858e+00 3.339729052275738574e+00 3.671506082907595392e+00
2.350000000000000089e+00 3.345988922394905973e+00 3.678315013552512003e+00
2.359999999999999876e+00 3.353476577100448441e+00 3.685612439432449872e+00
2.370000000000000107e+00 3.360256184212565778e+00 3.692242514703869105e+00
2.379999999999999893e+00 3.367479594542971633e+00 3.699210821998128118e+00
2.390000000000000124e+00 3.377819868030097705e+00 3.707439117813561058e+00
2.399999999999999911e+00 3.389581828105990180e+00 3.715810239126141834e+00
2.410000000000000142e+00 3.402094872119068469e+00 3.723545500119090690e+00
2.419999999999999929e+00 3.414153939789853709e+00 3.730661704145349589e+00
2.430000000000000160e+00 3.427560593308175640e+00 3.737288998190199329e+00
2.439999999999999947e+00 3.440355554828748552e+00 3.743160438308611226e+00
2.450000000000000178e+00 3.454259174509176855e+00 3.748379285669197980e+00
2.459999999999999964e+00 3.467825189941126318e+00 3.752432220632832660e+00
2.470000000000000195e+00 3.482049659970171795e+00 3.756022554347150155e+00
2.479999999999999982e+00 3.498553781882212554e+00 3.758551825594022233e+00
2.490000000000000213e+00 3.513413586640087072e+00 3.760065004077228767e+00
2.500000000000000000e+00 3.529267582689391780e+00 3.760441995509994584e+00
2.510000000000000231e+00 3.545178319872630990e+00 3.760208994241939440e+00
2.520000000000000018e+00 3.559789531844778310e+00 3.759098139010744077e+00
2.530000000000000249e+00 3.572870345280452664e+00 3.757618643362240274e+00
2.540000000000000036e+00 3.586231600205803449e+00 3.755150501754378478e+00
2.550000000000000266e+00 3.596832845564233772e+00 3.752684551233899768e+00
2.560000000000000053e+00 3.606709312261179967e+00 3.749807923036977186e+00
2.569999999999999840e+00 3.615587770202339790e+00 3.746916328656493711e+00
2.580000000000000071e+00 3.622542160334562666e+00 3.744413058791185023e+00
2.589999999999999858e+00 3.629202657337027738e+00 3.741883087721031842e+00
2.600000000000000089e+00 3.633990612025609579e+00 3.740197830161699599e+00
2.609999999999999876e+00 3.636391464033290610e+00 3.739938408813312520e+00
2.620000000000000107e+00 3.637896063640879696e+00 3.739924139429760430e+00
2.629999999999999893e+00 3.637736005433509057e+00 3.740673027860214717e+00
2.640000000000000124e+00 3.640292673507429466e+00 3.739461193517945592e+00
2.649999999999999911e+00 3.643604458861879003e+00 3.737709844741293530e+00
2.660000000000000142e+00 3.646155050671238573e+00 3.736245174991946971e+00
2.669999999999999929e+00 3.649021387743910161e+00 3.734503638334314424e+00
2.680000000000000160e+00 3.652015339881102829e+00 3.732647103604156857e+00
2.689999999999999947e+00 3.656671931666296338e+00 3.729258561492997615e+00
2.700000000000000178e+00 3.659476741394484200e+00 3.727504023619210294e+00
2.709999999999999964e+00 3.660590241200174955e+00 3.726840838740620665e+00
2.720000000000000195e+00 3.663000007125402302e+00 3.725115444515680441e+00
2.729999999999999982e+00 3.662830347846359746e+00 3.725401493407874742e+00
2.740000000000000213e+00 3.660134846953470689e+00 3.727721784273068995e+00
2.750000000000000000e+00 3.665757439610064061e+00 3.723151816271245806e+00
2.760000000000000231e+00 3.667481884659001601e+00 3.721749180042078997e+00
2.770000000000000018e+00 3.670685001963733818e+00 3.719060114103198700e+00
2.780000000000000249e+00 3.671498522818236854e+00 3.718392666661590962e+00
2.790000000000000036e+00 3.671709310861358766e+00 3.718213801087608239e+00
2.800000000000000266e+00 3.671890785554256187e+00 3.718082463771496204e+00
2.810000000000000053e+00 3.672278311330033240e+00 3.717816613525198655e+00
2.819999999999999840e+00 3.672592537468677865e+00 3.717598587628596629e+00
2.830000000000000071e+00 3.672714029306152650e+00 3.717526961780806882e+00
2.839999999999999858e+00 3.672909614035254844e+00 3.717404871257179888e+00
2.850000000000000089e+00 3.673046266448633190e+00 3.717325241052969353e+00
2.859999999999999876e+00 3.673180029798143398e+00 3.717240946206457064e+00
2.870000000000000107e+00 3.673366309864946722e+00 3.717137286340764568e+00
2.879999999999999893e+00 3.673463319601986576e+00 3.717043502087618911e+00
2.890000000000000124e+00 3.673530597817362242e+00 3.717002637637197182e+00
2.899999999999999911e+00 3.673545688441865575e+00 3.716996153451330276e+00
2.910000000000000142e+00 3.673560623375040635e+00 3.716963591932195499e+00
2.919999999999999929e+00 3.673591175355248595e+00 3.716880991607374618e+00
2.930000000000000160e+00 3.673667535978231147e+00 3.716715473655786806e+00
2.939999999999999947e+00 3.673753634112458144e+00 3.716548553058523829e+00
2.950000000000000178e+00 3.673796860216853144e+00 3.716437428766492079e+00
2.959999999999999964e+00 3.673926672841655083e+00 3.716196006267918683e+00
2.970000000000000195e+00 3.673976944905216424e+00 3.716098466366832387e+00
2.979999999999999982e+00 3.674150675659674459e+00 3.715843785962563484e+00
2.990000000000000213e+00 3.674325425835632597e+00 3.715504346670127855e+00
3.000000000000000000e+00 3.674396050670306391e+00 3.715312703173001108e+00
