0.000000000000000000e+00 6.121655400909303824e-01 6.863998713149309649e-01
1.000000000000000021e-02 6.370430849047322708e-01 6.693339532725196550e-01
2.000000000000000042e-02 6.383721962453827725e-01 6.686832529149546733e-01
2.999999999999999889e-02 6.383720191473188921e-01 6.686782331960973158e-01
4.000000000000000083e-02 1.057634593192453121e+00 3.435693534326439202e+00
5.000000000000000278e-02 3.134077416850434172e+00 3.150051859077109828e+00
5.999999999999999778e-02 3.134077416850434172e+00 3.150051859077109828e+00
7.000000000000000666e-02 3.134075994728631187e+00 3.150049872838430964e+00
8.000000000000000167e-02 3.134126728414281082e+00 3.149972723633067240e+00
8.999999999999999667e-02 3.134145818029627328e+00 3.149937148646131391e+00
1.000000000000000056e-01 3.134163436736957298e+00 3.149904315195187099e+00
1.100000000000000006e-01 3.134230923782792111e+00 3.149810113261732880e+00
1.199999999999999956e-01 3.134265405148116468e+00 3.149727805825623062e+00
1.300000000000000044e-01 3.134349430448187590e+00 3.149573597677575165e+00
1.400000000000000133e-01 3.134442984579383307e+00 3.149403434492767495e+00
1.499999999999999944e-01 3.134690636244518824e+00 3.148975780548350922e+00
1.600000000000000033e-01 3.134888416976820746e+00 3.148611449070084500e+00
1.700000000000000122e-01 3.135361133875842921e+00 3.147829560251240277e+00
1.799999999999999933e-01 3.135767680177048433e+00 3.147238942285223828e+00
1.900000000000000022e-01 3.135970416262951144e+00 3.146882246448192699e+00
2.000000000000000111e-01 3.136040325806617624e+00 3.146743395859718184e+00
2.099999999999999922e-01 3.136263272428858606e+00 3.146395308928143564e+00
2.200000000000000011e-01 3.136349889417719528e+00 3.146242288822102662e+00
2.300000000000000100e-01 3.136431791920908374e+00 3.146100040964833866e+00
2.399999999999999911e-01 3.136435086751267587e+00 3.146093172397330218e+00
2.500000000000000000e-01 3.136446390944974461e+00 3.146063902400476842e+00
2.600000000000000089e-01 3.136446557713568062e+00 3.146063485964715412e+00
2.700000000000000178e-01 3.136448757255928754e+00 3.146052566558463326e+00
2.800000000000000266e-01 3.136451222537799399e+00 3.146041991211132594e+00
2.899999999999999800e-01 3.136444820192940242e+00 3.146029134508482983e+00
2.999999999999999889e-01 3.136445012201993787e+00 3.146016317577630783e+00
3.099999999999999978e-01 3.136442658396177752e+00 3.146011472572869838e+00
3.200000000000000067e-01 3.136437324222840495e+00 3.146009273567877962e+00
3.300000000000000155e-01 3.136433173977766664e+00 3.146007312796678335e+00
3.400000000000000244e-01 3.136426400577643214e+00 3.146005558569809679e+00
3.500000000000000333e-01 3.136418148473786083e+00 3.146006299758864699e+00
3.599999999999999867e-01 3.136411645484447064e+00 3.145998521193981823e+00
3.699999999999999956e-01 3.136403709677062945e+00 3.145996647049583483e+00
3.800000000000000044e-01 3.136401885519453092e+00 3.145995016693643453e+00
3.900000000000000133e-01 3.136387081741534022e+00 3.145996236720837391e+00
4.000000000000000222e-01 3.136371661044434322e+00 3.145987365277930881e+00
4.100000000000000311e-01 3.136366339855112706e+00 3.145986232752881584e+00
4.199999999999999845e-01 3.136353164384944936e+00 3.145974229208843287e+00
4.299999999999999933e-01 3.136341353789582787e+00 3.145973515776380847e+00
4.400000000000000022e-01 3.136339969745553624e+00 3.145973111986243076e+00
4.500000000000000111e-01 3.136329184549107474e+00 3.145966556331858399e+00
4.600000000000000200e-01 3.136317330526371183e+00 3.145959466062526300e+00
4.700000000000000289e-01 3.136305450256143157e+00 3.145945299846853782e+00
4.799999999999999822e-01 3.136303803713726968e+00 3.145945359317850798e+00
4.899999999999999911e-01 3.136296755386499768e+00 3.145944305352063708e+00
5.000000000000000000e-01 3.136293995234831655e+00 3.145941054732934283e+00
5.100000000000000089e-01 3.136291895777260308e+00 3.145939315694297633e+00
5.200000000000000178e-01 3.136291411370386584e+00 3.145938738852391836e+00
5.300000000000000266e-01 3.136290700117887909e+00 3.145938314822373627e+00
5.400000000000000355e-01 3.136286759997607643e+00 3.145936144665478107e+00
5.500000000000000444e-01 3.136271763249494970e+00 3.145936054271599946e+00
5.600000000000000533e-01 3.136271435225055804e+00 3.145936000044300407e+00
5.700000000000000622e-01 3.136265760270403380e+00 3.145936942752553644e+00
5.799999999999999600e-01 3.136262746297002302e+00 3.145936794804453207e+00
5.899999999999999689e-01 3.136262325509727500e+00 3.145942917953788776e+00
5.999999999999999778e-01 3.136261944454760808e+00 3.145943383981136598e+00
6.099999999999999867e-01 3.136260119901987053e+00 3.145943475249914023e+00
6.199999999999999956e-01 3.136243482116971570e+00 3.145967977915491431e+00
6.300000000000000044e-01 3.136219206582709251e+00 3.145981714938477669e+00
6.400000000000000133e-01 3.136184491530090490e+00 3.146006038555473339e+00
6.500000000000000222e-01 3.136075134022223931e+00 3.146064128015053196e+00
6.600000000000000311e-01 3.136020712322371118e+00 3.146103003159386624e+00
6.700000000000000400e-01 3.135976237136059996e+00 3.146122935875719673e+00
6.800000000000000488e-01 3.135933469871670987e+00 3.146157936788409160e+00
6.900000000000000577e-01 3.135541842010990621e+00 3.146438319341166689e+00
7.000000000000000666e-01 3.135457689540885440e+00 3.146492773553825728e+00
7.099999999999999645e-01 3.135349984467473483e+00 3.146567524153742745e+00
7.199999999999999734e-01 3.135231382694202207e+00 3.146642871928257090e+00
7.299999999999999822e-01 3.135100925300249752e+00 3.146722150375714566e+00
7.399999999999999911e-01 3.135058257969329798e+00 3.146740519982864637e+00
7.500000000000000000e-01 3.134832665150537157e+00 3.146861993062124885e+00
7.600000000000000089e-01 3.134810458217247131e+00 3.146871568073646763e+00
7.700000000000000178e-01 3.134552718884438871e+00 3.147039645522146767e+00
7.800000000000000266e-01 3.134536565995772683e+00 3.147046016888062070e+00
7.900000000000000355e-01 3.134506118261429997e+00 3.147059464853193766e+00
8.000000000000000444e-01 3.134470645710304648e+00 3.147079735959693370e+00
8.100000000000000533e-01 3.134443469080878231e+00 3.147099443764733273e+00
8.200000000000000622e-01 3.134405394769733011e+00 3.147120926035816613e+00
8.300000000000000711e-01 3.134340577209873135e+00 3.147145015713291638e+00
8.399999999999999689e-01 3.134217186067171479e+00 3.147224928095273544e+00
8.499999999999999778e-01 3.134111831797983250e+00 3.147292403412435213e+00
8.599999999999999867e-01 3.134020472662311096e+00 3.147368687780041530e+00
8.699999999999999956e-01 3.133862293128599763e+00 3.147468004517922413e+00
8.800000000000000044e-01 3.133791478494547089e+00 3.147509847165204544e+00
8.900000000000000133e-01 3.132681556163487091e+00 3.148323657793345998e+00
9.000000000000000222e-01 3.132177634100610675e+00 3.148689485493009421e+00
9.100000000000000311e-01 3.131158362710395604e+00 3.149411740906318702e+00
9.200000000000000400e-01 3.130284868352836369e+00 3.150046644918495176e+00
9.300000000000000488e-01 3.130019878833589342e+00 3.150223226949873112e+00
9.400000000000000577e-01 3.129995788053367090e+00 3.150229601503518051e+00
9.500000000000000666e-01 3.127659080237708444e+00 3.152985154371895860e+00
9.599999999999999645e-01 3.123656445576144414e+00 3.158316112183140234e+00
9.699999999999999734e-01 3.120654673452182948e+00 3.162612080068782916e+00
9.799999999999999822e-01 3.115729585211810981e+00 3.170248024384441532e+00
9.899999999999999911e-01 3.111434411664344424e+00 3.177423530983589650e+00
1.000000000000000000e+00 3.105478432312716919e+00 3.188785441307316226e+00
1.010000000000000009e+00 3.098128945030536929e+00 3.205986504874858145e+00
1.020000000000000018e+00 3.091922639673057471e+00 3.223618610951599184e+00
1.030000000000000027e+00 3.087280519636231624e+00 3.243188712169569499e+00
1.040000000000000036e+00 3.082990032064179431e+00 3.274839515970488613e+00
1.050000000000000044e+00 3.085017396433069159e+00 3.315637286069677003e+00
1.060000000000000053e+00 3.101912219716417507e+00 3.365952222942006689e+00
1.070000000000000062e+00 3.130769172399074041e+00 3.414425884048908788e+00
1.080000000000000071e+00 3.172593150465031098e+00 3.454055638106326764e+00
1.090000000000000080e+00 3.220023290450604314e+00 3.479514233276812973e+00
1.100000000000000089e+00 3.268190208804132357e+00 3.491992806046483988e+00
1.110000000000000098e+00 3.307849736522440853e+00 3.493559797660107602e+00
1.120000000000000107e+00 3.342688571911027751e+00 3.488711770119497402e+00
1.130000000000000115e+00 3.365885148187652831e+00 3.482016297167762175e+00
1.140000000000000124e+00 3.377352444690679079e+00 3.477490684329057835e+00
1.150000000000000133e+00 3.394017053266567885e+00 3.469420374258952222e+00
1.159999999999999920e+00 3.404618726871333045e+00 3.463094382149853878e+00
1.169999999999999929e+00 3.412052293721955287e+00 3.458131405575949557e+00
1.179999999999999938e+00 3.415579371670846243e+00 3.455572904363508613e+00
1.189999999999999947e+00 3.416349822991913587e+00 3.455061827455931489e+00
1.199999999999999956e+00 3.416611606824622616e+00 3.454851468980087770e+00
1.209999999999999964e+00 3.417172660564397724e+00 3.454357669383074203e+00
1.219999999999999973e+00 3.417584314287835934e+00 3.453869895049398675e+00
1.229999999999999982e+00 3.417837445641602745e+00 3.453626760419760355e+00
1.239999999999999991e+00 3.417938691721815303e+00 3.453481015061479198e+00
1.250000000000000000e+00 3.418062883385990514e+00 3.453389948774005180e+00
1.260000000000000009e+00 3.418161680957943371e+00 3.453311918890804133e+00
1.270000000000000018e+00 3.418254079331533024e+00 3.453228515740260018e+00
1.280000000000000027e+00 3.418341418910363583e+00 3.453109592675825734e+00
1.290000000000000036e+00 3.418347413927135925e+00 3.453086280378284023e+00
1.300000000000000044e+00 3.418395468385689195e+00 3.453034532787329969e+00
1.310000000000000053e+00 3.418531105907195222e+00 3.452966355521447372e+00
1.320000000000000062e+00 3.418639011446111375e+00 3.452886364883310577e+00
1.330000000000000071e+00 3.418686654619590648e+00 3.452864232621772445e+00
1.340000000000000080e+00 3.418735189272616992e+00 3.452843248890186345e+00
1.350000000000000089e+00 3.418753533816492052e+00 3.452832882861936348e+00
1.360000000000000098e+00 3.418764951828876519e+00 3.452828007894596318e+00
1.370000000000000107e+00 3.418762291870413694e+00 3.452818781823815630e+00
1.380000000000000115e+00 3.418850103996946554e+00 3.452795847998902712e+00
1.390000000000000124e+00 3.418862137594599115e+00 3.452806160788159939e+00
1.400000000000000133e+00 3.418866317574135394e+00 3.452811015690215868e+00
1.409999999999999920e+00 3.418872334213409303e+00 3.452814305610504064e+00
1.419999999999999929e+00 3.418876897345811017e+00 3.452819607704848082e+00
1.429999999999999938e+00 3.418897075731953006e+00 3.452818359634677758e+00
1.439999999999999947e+00 3.418923864953396841e+00 3.452839836156489373e+00
1.449999999999999956e+00 3.418941963303292031e+00 3.452865454342162632e+00
1.459999999999999964e+00 3.418998481140267831e+00 3.452871976003515808e+00
1.469999999999999973e+00 3.419035514285512445e+00 3.452871647608331873e+00
1.479999999999999982e+00 3.419059988746201650e+00 3.452873741727316759e+00
1.489999999999999991e+00 3.419080945172201957e+00 3.452895448117364374e+00
1.500000000000000000e+00 3.419102369622267545e+00 3.452898815365754714e+00
1.510000000000000009e+00 3.419116708498100454e+00 3.452907750658889885e+00
1.520000000000000018e+00 3.419139365171007583e+00 3.452904623705335574e+00
1.530000000000000027e+00 3.419206244052535482e+00 3.452923817588203548e+00
1.540000000000000036e+00 3.419230346530267806e+00 3.452921585785558189e+00
1.550000000000000044e+00 3.419315647626929966e+00 3.452937389339393981e+00
1.560000000000000053e+00 3.419348799133751449e+00 3.452963705405738715e+00
1.570000000000000062e+00 3.419404212449792979e+00 3.452975994788404002e+00
1.580000000000000071e+00 3.419438138632745705e+00 3.452978090853719983e+00
1.590000000000000080e+00 3.419518443544736996e+00 3.452990231148370448e+00
1.600000000000000089e+00 3.419580352659306488e+00 3.453018327159800283e+00
1.610000000000000098e+00 3.419657191563617804e+00 3.453046356924998950e+00
1.620000000000000107e+00 3.419833777542177433e+00 3.453222999544080185e+00
1.630000000000000115e+00 3.419948382317588464e+00 3.453289969933464487e+00
1.640000000000000124e+00 3.420082993312570263e+00 3.453457833370473740e+00
1.650000000000000133e+00 3.420141149010258896e+00 3.453537180815142715e+00
1.660000000000000142e+00 3.420202567897498991e+00 3.453632177175819162e+00
1.669999999999999929e+00 3.420325936683933588e+00 3.453788463497836414e+00
1.679999999999999938e+00 3.420459031951713413e+00 3.453915015098762531e+00
1.689999999999999947e+00 3.420535687320156892e+00 3.454006098153666660e+00
1.699999999999999956e+00 3.420796723123820993e+00 3.454324732936588926e+00
1.709999999999999964e+00 3.420949055790971638e+00 3.454439313139844980e+00
1.719999999999999973e+00 3.421104969197197754e+00 3.454631495956496323e+00
1.729999999999999982e+00 3.421299527015281949e+00 3.454810562277244035e+00
1.739999999999999991e+00 3.421402381190130626e+00 3.454960952993562096e+00
1.750000000000000000e+00 3.421541652245549958e+00 3.455111079645128758e+00
1.760000000000000009e+00 3.421640258920176425e+00 3.455328734838979177e+00
1.770000000000000018e+00 3.421717345029933188e+00 3.455445755217450010e+00
1.780000000000000027e+00 3.421764136928186151e+00 3.455585644580259963e+00
1.790000000000000036e+00 3.421770121844136536e+00 3.455628282105600579e+00
1.800000000000000044e+00 3.421785458306187078e+00 3.455713785525447168e+00
1.810000000000000053e+00 3.421794913131033233e+00 3.455812937177385358e+00
1.820000000000000062e+00 3.421837439062472619e+00 3.456071215846661104e+00
1.830000000000000071e+00 3.421854085009793600e+00 3.456215780751009881e+00
1.840000000000000080e+00 3.421873066693761789e+00 3.456511779106638205e+00
1.850000000000000089e+00 3.421930509117325769e+00 3.456799911023894722e+00
1.860000000000000098e+00 3.421965246077042000e+00 3.457034823884506114e+00
1.870000000000000107e+00 3.421975546155869186e+00 3.457128913802207659e+00
1.880000000000000115e+00 3.421984864118091885e+00 3.457202694180018909e+00
1.890000000000000124e+00 3.422012920812734116e+00 3.457433636251322717e+00
1.900000000000000133e+00 3.422013986364045302e+00 3.457632243003210704e+00
1.910000000000000142e+00 3.422022413510221295e+00 3.457693537818056218e+00
1.919999999999999929e+00 3.422026433264784284e+00 3.457817886336274515e+00
1.929999999999999938e+00 3.422036599610015717e+00 3.458065778481796304e+00
1.939999999999999947e+00 3.422026401778921478e+00 3.458184554126992882e+00
1.949999999999999956e+00 3.422014250760707643e+00 3.458388785428371914e+00
1.959999999999999964e+00 3.422026784779589992e+00 3.458645035975414839e+00
1.969999999999999973e+00 3.422028541257827516e+00 3.458757272479088041e+00
1.979999999999999982e+00 3.422016433286360293e+00 3.458844812689134240e+00
1.989999999999999991e+00 3.422026443160803844e+00 3.458900045386521072e+00
2.000000000000000000e+00 3.422021240643424722e+00 3.459030365253525030e+00
2.010000000000000231e+00 3.422020967014292037e+00 3.459162871477147849e+00
2.020000000000000018e+00 3.421985410274262396e+00 3.459392535372976862e+00
2.030000000000000249e+00 3.421984920620720239e+00 3.459434113888938178e+00
2.040000000000000036e+00 3.421919801047279996e+00 3.459691956779525235e+00
2.049999999999999822e+00 3.421862106050034491e+00 3.459978087135771929e+00
2.060000000000000053e+00 3.421838705185452856e+00 3.460000421434839435e+00
2.069999999999999840e+00 3.421775684734273071e+00 3.460071338352275205e+00
2.080000000000000071e+00 3.421715444461832512e+00 3.460346279032696870e+00
2.089999999999999858e+00 3.421542193053080272e+00 3.460472561809705194e+00
2.100000000000000089e+00 3.421596345842971676e+00 3.460584015203818975e+00
2.109999999999999876e+00 3.421578107847928596e+00 3.460647448930978864e+00
2.120000000000000107e+00 3.421719494724236199e+00 3.460561392622031107e+00
2.129999999999999893e+00 3.421678562656129241e+00 3.460737917107855832e+00
2.140000000000000124e+00 3.421690288871168661e+00 3.460764288322091708e+00
2.149999999999999911e+00 3.421687175084280774e+00 3.460784080427957043e+00
2.160000000000000142e+00 3.421620403191985016e+00 3.461019685204087093e+00
2.169999999999999929e+00 3.421618541665337521e+00 3.461019659819343008e+00
2.180000000000000160e+00 3.421606230220710199e+00 3.461164192342842671e+00
2.189999999999999947e+00 3.421615268199563520e+00 3.461174841034293070e+00
2.200000000000000178e+00 3.421618262590051529e+00 3.461199926477789290e+00
2.209999999999999964e+00 3.421625005385180440e+00 3.461218994734982513e+00
2.220000000000000195e+00 3.421628303565342755e+00 3.461262384401003978e+00
2.229999999999999982e+00 3.421608337823075274e+00 3.461313077429609919e+00
2.240000000000000213e+00 3.421590920195735297e+00 3.461375311255299625e+00
2.250000000000000000e+00 3.421586631288504599e+00 3.461395115056062011e+00
2.260000000000000231e+00 3.421555072751592874e+00 3.461470083083558968e+00
2.270000000000000018e+00 3.421556336540009902e+00 3.461473742557737765e+00
2.280000000000000249e+00 3.421534295740304543e+00 3.461528553232970040e+00
2.290000000000000036e+00 3.421533123460049008e+00 3.461532303967242985e+00
2.300000000000000266e+00 3.421513689692345483e+00 3.461614833643111400e+00
2.310000000000000053e+00 3.421512666199445718e+00 3.461616089784860684e+00
2.319999999999999840e+00 3.421492977525667722e+00 3.461656794231458445e+00
2.330000000000000071e+00 3.421460390424119868e+00 3.461710458045614391e+00
2.339999999999999858e+00 3.421418631616760742e+00 3.461805411237548036e+00
2.350000000000000089e+00 3.421248886768271547e+00 3.461963163455078707e+00
2.359999999999999876e+00 3.421218222188852742e+00 3.462051600389577821e+00
2.370000000000000107e+00 3.420871247210267363e+00 3.462550749984022680e+00
2.379999999999999893e+00 3.420303509229977834e+00 3.462966426811854070e+00
2.390000000000000124e+00 3.420249447244308794e+00 3.463082568174697951e+00
2.399999999999999911e+00 3.420195226626075335e+00 3.463239222288452712e+00
2.410000000000000142e+00 3.420097766422930174e+00 3.463493527736959177e+00
2.419999999999999929e+00 3.419872244673943129e+00 3.463957987679266992e+00
2.430000000000000160e+00 3.419673349985985045e+00 3.464334001007171704e+00
2.439999999999999947e+00 3.418911206730231633e+00 3.465422266432419462e+00
2.450000000000000178e+00 3.418486048148511092e+00 3.466033655435206473e+00
2.459999999999999964e+00 3.417188745721029708e+00 3.468397053639245886e+00
2.470000000000000195e+00 3.416274978650147620e+00 3.469887718522017384e+00
2.479999999999999982e+00 3.414631846322509823e+00 3.472712580791022852e+00
2.490000000000000213e+00 3.411167790261142141e+00 3.478497691597111530e+00
2.500000000000000000e+00 3.409319228339246166e+00 3.481892282624193591e+00
2.510000000000000231e+00 3.406065592257552233e+00 3.487804013698525551e+00
2.520000000000000018e+00 3.402318710264077506e+00 3.495578459044585085e+00
2.530000000000000249e+00 3.398707521444298774e+00 3.503651018833182196e+00
2.540000000000000036e+00 3.394349079594477736e+00 3.514884472446576424e+00
2.550000000000000266e+00 3.391010912398324084e+00 3.524762778059020274e+00
2.560000000000000053e+00 3.387591051839017986e+00 3.537250896007394729e+00
2.569999999999999840e+00 3.384248911767784307e+00 3.554352605799850018e+00
2.580000000000000071e+00 3.382175016757091424e+00 3.575399721125522401e+00
2.589999999999999858e+00 3.382400597499648942e+00 3.597126121932228582e+00
2.600000000000000089e+00 3.384321829936477677e+00 3.619394508087661499e+00
2.609999999999999876e+00 3.389163708899078475e+00 3.644973411462249846e+00
2.620000000000000107e+00 3.396951449161845105e+00 3.670184437512082454e+00
2.629999999999999893e+00 3.408490822980918988e+00 3.696064269411048375e+00
2.640000000000000124e+00 3.422317052671381088e+00 3.719045366433194832e+00
2.649999999999999911e+00 3.438822170040150450e+00 3.740071326945284991e+00
2.660000000000000142e+00 3.456435079370221430e+00 3.757846459745683987e+00
2.669999999999999929e+00 3.477054295896410796e+00 3.774421030079007533e+00
2.680000000000000160e+00 3.497229855523732223e+00 3.787282740187022601e+00
2.689999999999999947e+00 3.518900706589486838e+00 3.798245664770337982e+00
2.700000000000000178e+00 3.540092844568709651e+00 3.806142759879608484e+00
2.709999999999999964e+00 3.561690397208769898e+00 3.811856677600304888e+00
2.720000000000000195e+00 3.581559218606808148e+00 3.815108973064563092e+00
2.729999999999999982e+00 3.596652445001156995e+00 3.816532660003153499e+00
2.740000000000000213e+00 3.610239449733777750e+00 3.816988773680642932e+00
2.750000000000000000e+00 3.623094492574390646e+00 3.816658149465861793e+00
2.760000000000000231e+00 3.634527782799924722e+00 3.815713617561136139e+00
2.770000000000000018e+00 3.646694529177838984e+00 3.814193425281351413e+00
2.780000000000000249e+00 3.656757597636055568e+00 3.812315987716841992e+00
2.790000000000000036e+00 3.665562617506977094e+00 3.810280751047138370e+00
2.800000000000000266e+00 3.673991671023394634e+00 3.807977024993870696e+00
2.810000000000000053e+00 3.681140400126277967e+00 3.805729999553859599e+00
2.819999999999999840e+00 3.686898416379121635e+00 3.803740880071493358e+00
2.830000000000000071e+00 3.691317688743729786e+00 3.802072742002348793e+00
2.839999999999999858e+00 3.696124326591054832e+00 3.800239350948770856e+00
2.850000000000000089e+00 3.700811994345244216e+00 3.798325326287690373e+00
2.859999999999999876e+00 3.704918733797761821e+00 3.796654722742345722e+00
2.870000000000000107e+00 3.708727660709520535e+00 3.794930993083814208e+00
2.879999999999999893e+00 3.712667108494244861e+00 3.793065730360545285e+00
2.890000000000000124e+00 3.715377822341694003e+00 3.791719601340518775e+00
2.899999999999999911e+00 3.718828795318371849e+00 3.789991775017016007e+00
2.910000000000000142e+00 3.721155667466241823e+00 3.788750611124914514e+00
2.919999999999999929e+00 3.723102028457878188e+00 3.787708901250602889e+00
2.930000000000000160e+00 3.725091001953659386e+00 3.786609814200820878e+00
2.939999999999999947e+00 3.726979330069457585e+00 3.785521124852265107e+00
2.950000000000000178e+00 3.731157026672351495e+00 3.783024385094654551e+00
2.959999999999999964e+00 3.734291158021079138e+00 3.781012622539414725e+00
2.970000000000000195e+00 3.735553933605441301e+00 3.780191427989712416e+00
2.979999999999999982e+00 3.738679704946521465e+00 3.778111223884578873e+00
2.990000000000000213e+00 3.741106545888432500e+00 3.776452796519747857e+00
3.000000000000000000e+00 3.743329731162316598e+00 3.774877969733946514e+00
