0.000000000000000000e+00 2.893775158810615311e-01
1.000000000000000021e-02 8.813641644340753922e-01
2.000000000000000042e-02 8.815633784681559115e-01
2.999999999999999889e-02 9.534891000664234006e-01
4.000000000000000083e-02 3.195327119345665157e+00
5.000000000000000278e-02 3.195327119345665157e+00
5.999999999999999778e-02 3.195327119345665157e+00
7.000000000000000666e-02 3.195330657150745601e+00
8.000000000000000167e-02 3.195332014119625086e+00
8.999999999999999667e-02 3.195325703203677925e+00
1.000000000000000056e-01 3.195324839537143635e+00
1.100000000000000006e-01 3.195340314178466645e+00
1.199999999999999956e-01 3.195337672779559934e+00
1.300000000000000044e-01 3.195333120791912229e+00
1.400000000000000133e-01 3.195333366844653966e+00
1.499999999999999944e-01 3.195327290508747087e+00
1.600000000000000033e-01 3.195315622217655083e+00
1.700000000000000122e-01 3.195319279937744117e+00
1.799999999999999933e-01 3.195304149849414799e+00
1.900000000000000022e-01 3.195303394613266068e+00
2.000000000000000111e-01 3.195303173913955685e+00
2.099999999999999922e-01 3.195294860081672628e+00
2.200000000000000011e-01 3.195296781523227825e+00
2.300000000000000100e-01 3.195304921400547116e+00
2.399999999999999911e-01 3.195306822614669695e+00
2.500000000000000000e-01 3.195332055592536857e+00
2.600000000000000089e-01 3.195373033285140885e+00
2.700000000000000178e-01 3.195427919702529707e+00
2.800000000000000266e-01 3.195453346781730541e+00
2.899999999999999800e-01 3.195483390071391927e+00
2.999999999999999889e-01 3.195531037583350997e+00
3.099999999999999978e-01 3.195570270352363629e+00
3.200000000000000067e-01 3.195604082944393021e+00
3.300000000000000155e-01 3.195612623896598947e+00
3.400000000000000244e-01 3.195616142053604225e+00
3.500000000000000333e-01 3.195618838024139485e+00
3.599999999999999867e-01 3.195620282576084215e+00
3.699999999999999956e-01 3.195625714800357731e+00
3.800000000000000044e-01 3.195625847175121326e+00
3.900000000000000133e-01 3.195639805235862774e+00
4.000000000000000222e-01 3.195644661822318877e+00
4.100000000000000311e-01 3.195647097229957545e+00
4.199999999999999845e-01 3.195641459436416643e+00
4.299999999999999933e-01 3.195645060381889557e+00
4.400000000000000022e-01 3.195651901755332869e+00
4.500000000000000111e-01 3.195675535044669946e+00
4.600000000000000200e-01 3.195683348062038576e+00
4.700000000000000289e-01 3.195713713641166631e+00
4.799999999999999822e-01 3.195744137723445899e+00
4.899999999999999911e-01 3.195779606804847628e+00
5.000000000000000000e-01 3.195831691737175184e+00
5.100000000000000089e-01 3.195858088006973130e+00
5.200000000000000178e-01 3.195955106964111447e+00
5.300000000000000266e-01 3.196006685340404552e+00
5.400000000000000355e-01 3.196078238146304873e+00
5.500000000000000444e-01 3.196150305426120664e+00
5.600000000000000533e-01 3.196275041198730626e+00
5.700000000000000622e-01 3.196511022789478407e+00
5.799999999999999600e-01 3.196779863030910551e+00
5.899999999999999689e-01 3.197020340907573921e+00
5.999999999999999778e-01 3.197297064709663239e+00
6.099999999999999867e-01 3.197506429963111962e+00
6.199999999999999956e-01 3.197929891183376228e+00
6.300000000000000044e-01 3.198338985638618404e+00
6.400000000000000133e-01 3.198651935017108983e+00
6.500000000000000222e-01 3.199005994250774254e+00
6.600000000000000311e-01 3.199375902431011109e+00
6.700000000000000400e-01 3.199551533291340011e+00
6.800000000000000488e-01 3.199920955896377706e+00
6.900000000000000577e-01 3.200218975644111730e+00
7.000000000000000666e-01 3.200445253016948488e+00
7.099999999999999645e-01 3.200698763096332389e+00
7.199999999999999734e-01 3.200929534029960610e+00
7.299999999999999822e-01 3.201123934950828698e+00
7.399999999999999911e-01 3.201142897834778012e+00
7.500000000000000000e-01 3.200854673748016577e+00
7.600000000000000089e-01 3.201232390639781933e+00
7.700000000000000178e-01 3.202123751022815767e+00
7.800000000000000266e-01 3.202914867434501822e+00
7.900000000000000355e-01 3.203943848166465713e+00
8.000000000000000444e-01 3.204832308938503349e+00
8.100000000000000533e-01 3.205965136437415985e+00
8.200000000000000622e-01 3.207422684597969198e+00
8.300000000000000711e-01 3.209391780400276062e+00
8.399999999999999689e-01 3.211887131068706491e+00
8.499999999999999778e-01 3.213618610811233456e+00
8.599999999999999867e-01 3.215121777217388122e+00
8.699999999999999956e-01 3.216157801449298859e+00
8.800000000000000044e-01 3.217320222406387487e+00
8.900000000000000133e-01 3.218294951508045010e+00
9.000000000000000222e-01 3.219338270874023245e+00
9.100000000000000311e-01 3.219772045524120330e+00
9.200000000000000400e-01 3.220048445513248314e+00
9.300000000000000488e-01 3.219826480979919303e+00
9.400000000000000577e-01 3.220080822288990063e+00
9.500000000000000666e-01 3.222351079986095268e+00
9.599999999999999645e-01 3.223241243422031221e+00
9.699999999999999734e-01 3.223944561612606119e+00
9.799999999999999822e-01 3.224558410899639238e+00
9.899999999999999911e-01 3.225244057126045227e+00
1.000000000000000000e+00 3.226182629489898535e+00
1.010000000000000009e+00 3.227183338675498891e+00
1.020000000000000018e+00 3.228205964384078808e+00
1.030000000000000027e+00 3.229183595778942095e+00
1.040000000000000036e+00 3.230078532657623125e+00
1.050000000000000044e+00 3.231185339226722686e+00
1.060000000000000053e+00 3.232423456966877051e+00
1.070000000000000062e+00 3.233465150756836159e+00
1.080000000000000071e+00 3.234451812503337909e+00
1.090000000000000080e+00 3.235701533873081015e+00
1.100000000000000089e+00 3.236910034430027228e+00
1.110000000000000098e+00 3.237806298651695336e+00
1.120000000000000107e+00 3.238570986161231957e+00
1.130000000000000115e+00 3.239342601711749925e+00
1.140000000000000124e+00 3.240230769505500596e+00
1.150000000000000133e+00 3.241123543167114374e+00
1.159999999999999920e+00 3.241918611423969310e+00
1.169999999999999929e+00 3.242675859799385218e+00
1.179999999999999938e+00 3.243242176182270065e+00
1.189999999999999947e+00 3.243779216721057956e+00
1.199999999999999956e+00 3.244116684110164517e+00
1.209999999999999964e+00 3.244632449269294838e+00
1.219999999999999973e+00 3.245135323543548722e+00
1.229999999999999982e+00 3.245701994769573329e+00
1.239999999999999991e+00 3.246239305694103461e+00
1.250000000000000000e+00 3.246754282135963621e+00
1.260000000000000009e+00 3.247388890430927155e+00
1.270000000000000018e+00 3.248020165956020389e+00
1.280000000000000027e+00 3.248531685209274489e+00
1.290000000000000036e+00 3.249080591361522607e+00
1.300000000000000044e+00 3.249557199466228674e+00
1.310000000000000053e+00 3.249888977463245343e+00
1.320000000000000062e+00 3.250524571740627255e+00
1.330000000000000071e+00 3.251922876861095268e+00
1.340000000000000080e+00 3.253366439044475644e+00
1.350000000000000089e+00 3.254684097115993602e+00
1.360000000000000098e+00 3.256928814723491605e+00
1.370000000000000107e+00 3.258404253756999935e+00
1.380000000000000115e+00 3.259893860738277471e+00
1.390000000000000124e+00 3.261325753078460732e+00
1.400000000000000133e+00 3.262228096785545262e+00
1.409999999999999920e+00 3.263094765748977721e+00
1.419999999999999929e+00 3.263673377413749854e+00
1.429999999999999938e+00 3.264750894033908946e+00
1.439999999999999947e+00 3.265336880652904394e+00
1.449999999999999956e+00 3.265910360803604195e+00
1.459999999999999964e+00 3.266637441008091169e+00
1.469999999999999973e+00 3.266821327931880958e+00
1.479999999999999982e+00 3.266626908636093063e+00
1.489999999999999991e+00 3.266736484403610419e+00
1.500000000000000000e+00 3.266480573947429633e+00
1.510000000000000009e+00 3.266204851346016014e+00
1.520000000000000018e+00 3.265992704508304811e+00
1.530000000000000027e+00 3.265785343792438677e+00
1.540000000000000036e+00 3.265811840136051192e+00
1.550000000000000044e+00 3.265621641435623168e+00
1.560000000000000053e+00 3.265319499218463761e+00
1.570000000000000062e+00 3.264147388961315066e+00
1.580000000000000071e+00 3.263446255867481050e+00
1.590000000000000080e+00 3.263049956111907957e+00
1.600000000000000089e+00 3.263142769880294836e+00
1.610000000000000098e+00 3.262989532525539360e+00
1.620000000000000107e+00 3.263110584089755850e+00
1.630000000000000115e+00 3.263145254933834227e+00
1.640000000000000124e+00 3.263289530162811314e+00
1.650000000000000133e+00 3.263477927772998832e+00
1.660000000000000142e+00 3.263513905267715565e+00
1.669999999999999929e+00 3.263518358907699479e+00
1.679999999999999938e+00 3.263486693229675328e+00
1.689999999999999947e+00 3.263464795753955983e+00
1.699999999999999956e+00 3.263530049519538956e+00
1.709999999999999964e+00 3.263542788467407085e+00
1.719999999999999973e+00 3.263581346423626073e+00
1.729999999999999982e+00 3.263677454974651226e+00
1.739999999999999991e+00 3.263684211666583845e+00
1.750000000000000000e+00 3.263750350604057271e+00
1.760000000000000009e+00 3.263883544216156007e+00
1.770000000000000018e+00 3.263907360997199802e+00
1.780000000000000027e+00 3.263888692808151415e+00
1.790000000000000036e+00 3.263901234936714246e+00
1.800000000000000044e+00 3.263915295083522849e+00
1.810000000000000053e+00 3.263957587065696497e+00
1.820000000000000062e+00 3.263951206967830476e+00
1.830000000000000071e+00 3.264007533688545237e+00
1.840000000000000080e+00 3.264407643184661811e+00
1.850000000000000089e+00 3.264703128752708405e+00
1.860000000000000098e+00 3.265456828603744643e+00
1.870000000000000107e+00 3.266786732532978021e+00
1.880000000000000115e+00 3.267888066525459489e+00
1.890000000000000124e+00 3.270262714943885651e+00
1.900000000000000133e+00 3.272984537196159227e+00
1.910000000000000142e+00 3.275273217811584647e+00
1.919999999999999929e+00 3.277976852357387560e+00
1.929999999999999938e+00 3.282612247271537775e+00
1.939999999999999947e+00 3.288632157034873771e+00
1.949999999999999956e+00 3.293118576347827897e+00
1.959999999999999964e+00 3.299319203896522446e+00
1.969999999999999973e+00 3.312069097516536775e+00
1.979999999999999982e+00 3.317915341742038837e+00
1.989999999999999991e+00 3.336441887990236221e+00
2.000000000000000000e+00 3.388940527834892080e+00
2.010000000000000231e+00 3.443131306388377944e+00
2.020000000000000018e+00 3.484795124843120373e+00
2.030000000000000249e+00 3.522824986991882401e+00
2.040000000000000036e+00 3.559716177437305618e+00
2.049999999999999822e+00 3.604217512054443517e+00
2.060000000000000053e+00 3.648473395185470647e+00
2.069999999999999840e+00 3.694004431905746344e+00
2.080000000000000071e+00 3.733046549906730682e+00
2.089999999999999858e+00 3.764841973705291611e+00
2.100000000000000089e+00 3.795494527866840162e+00
2.109999999999999876e+00 3.826736106674671234e+00
2.120000000000000107e+00 3.850544346790313543e+00
2.129999999999999893e+00 3.868823087747097045e+00
2.140000000000000124e+00 3.879280630161762389e+00
2.149999999999999911e+00 3.889512297699451615e+00
2.160000000000000142e+00 3.895864582607746041e+00
2.169999999999999929e+00 3.903271364548206446e+00
2.180000000000000160e+00 3.909038365166187301e+00
2.189999999999999947e+00 3.915296210436820967e+00
2.200000000000000178e+00 3.918680925350189082e+00
2.209999999999999964e+00 3.920038415017128131e+00
2.220000000000000195e+00 3.921597567701339937e+00
2.229999999999999982e+00 3.921858292775154187e+00
2.240000000000000213e+00 3.923006437053680351e+00
2.250000000000000000e+00 3.923427852709293173e+00
2.260000000000000231e+00 3.924341652946472081e+00
2.270000000000000018e+00 3.924585690467357502e+00
2.280000000000000249e+00 3.924523296465873834e+00
2.290000000000000036e+00 3.924558055818081037e+00
2.300000000000000266e+00 3.924447810339927845e+00
2.310000000000000053e+00 3.924454886245727359e+00
2.319999999999999840e+00 3.924348950636386668e+00
2.330000000000000071e+00 3.924646404278278489e+00
2.339999999999999858e+00 3.924863273160457577e+00
2.350000000000000089e+00 3.924784402253627569e+00
2.359999999999999876e+00 3.924843170521259417e+00
2.370000000000000107e+00 3.925207096707820753e+00
2.379999999999999893e+00 3.925513868112564086e+00
2.390000000000000124e+00 3.925672449579238776e+00
2.399999999999999911e+00 3.925846741764545289e+00
2.410000000000000142e+00 3.925988707544803447e+00
2.419999999999999929e+00 3.926137134871482637e+00
2.430000000000000160e+00 3.926185341920852778e+00
2.439999999999999947e+00 3.926254689350128224e+00
2.450000000000000178e+00 3.926504233810901745e+00
2.459999999999999964e+00 3.926492095410823779e+00
2.470000000000000195e+00 3.926496564204692952e+00
2.479999999999999982e+00 3.926374305903911566e+00
2.490000000000000213e+00 3.926335707728862978e+00
2.500000000000000000e+00 3.926297891154289399e+00
2.510000000000000231e+00 3.926205800254344958e+00
2.520000000000000018e+00 3.926062058277130173e+00
2.530000000000000249e+00 3.925909167716503223e+00
2.540000000000000036e+00 3.925690591762065917e+00
2.550000000000000266e+00 3.925526740779876622e+00
2.560000000000000053e+00 3.925312285246849164e+00
2.569999999999999840e+00 3.925275053269863257e+00
2.580000000000000071e+00 3.925219954326153005e+00
2.589999999999999858e+00 3.924940306954384006e+00
2.600000000000000089e+00 3.924753611452579616e+00
2.609999999999999876e+00 3.924678504228591880e+00
2.620000000000000107e+00 3.924392756247520264e+00
2.629999999999999893e+00 3.924175195753574208e+00
2.640000000000000124e+00 3.923961345643997234e+00
2.649999999999999911e+00 3.923983974897861327e+00
2.660000000000000142e+00 3.923991056435108149e+00
2.669999999999999929e+00 3.923775119571685899e+00
2.680000000000000160e+00 3.923713535645008132e+00
2.689999999999999947e+00 3.923616424059867658e+00
2.700000000000000178e+00 3.923156772851943863e+00
2.709999999999999964e+00 3.922935289406776604e+00
2.720000000000000195e+00 3.922450373227596376e+00
2.729999999999999982e+00 3.922179876246452146e+00
2.740000000000000213e+00 3.921624139313697910e+00
2.750000000000000000e+00 3.920001343491077428e+00
2.760000000000000231e+00 3.919479208981990759e+00
2.770000000000000018e+00 3.919268116691112525e+00
2.780000000000000249e+00 3.918172660055160517e+00
2.790000000000000036e+00 3.915782565619945643e+00
2.800000000000000266e+00 3.913500336647033784e+00
2.810000000000000053e+00 3.910631096918582905e+00
2.819999999999999840e+00 3.909322127425670423e+00
2.830000000000000071e+00 3.907671008806228752e+00
2.839999999999999858e+00 3.906921730022430594e+00
2.850000000000000089e+00 3.906337053945064586e+00
2.859999999999999876e+00 3.905779643256664269e+00
2.870000000000000107e+00 3.903780207002162772e+00
2.879999999999999893e+00 3.900242775447368526e+00
2.890000000000000124e+00 3.892638341634273580e+00
2.899999999999999911e+00 3.851426873804926654e+00
2.910000000000000142e+00 3.845674173846840738e+00
2.919999999999999929e+00 3.849193448826074615e+00
2.930000000000000160e+00 3.842966334188580468e+00
2.939999999999999947e+00 3.788127218779325567e+00
2.950000000000000178e+00 3.707833145306110190e+00
2.959999999999999964e+00 3.729046459580660056e+00
2.970000000000000195e+00 3.815769484966993197e+00
2.979999999999999982e+00 1.925005225348472626e+00
2.990000000000000213e+00 1.203728469410538571e+00
3.000000000000000000e+00 3.930138525865078059e+00
