0.000000000000000000e+00 9.566129845783113983e-02
1.000000000000000021e-02 1.977064177738130091e-01
2.000000000000000042e-02 7.797982266843318522e-01
2.999999999999999889e-02 7.797449419456720099e-01
4.000000000000000083e-02 7.797163549405335958e-01
5.000000000000000278e-02 7.797163161605596970e-01
5.999999999999999778e-02 3.947924154187441026e+00
7.000000000000000666e-02 3.975217484781742083e+00
8.000000000000000167e-02 3.975217484781742083e+00
8.999999999999999667e-02 3.975217484781742083e+00
1.000000000000000056e-01 3.975217484781742083e+00
1.100000000000000006e-01 3.975217484781742083e+00
1.199999999999999956e-01 3.975217484781742083e+00
1.300000000000000044e-01 3.975217484781742083e+00
1.400000000000000133e-01 3.975217484781742083e+00
1.499999999999999944e-01 3.975217230246066880e+00
1.600000000000000033e-01 3.975216310057640090e+00
1.700000000000000122e-01 3.975212672345638243e+00
1.799999999999999933e-01 3.975212304270267616e+00
1.900000000000000022e-01 3.975202245745658836e+00
2.000000000000000111e-01 3.975197269001006894e+00
2.099999999999999922e-01 3.975194960131645416e+00
2.200000000000000011e-01 3.975185653202533587e+00
2.300000000000000100e-01 3.975160107018947730e+00
2.399999999999999911e-01 3.975141141295432945e+00
2.500000000000000000e-01 3.975133886117935056e+00
2.600000000000000089e-01 3.975100184078216525e+00
2.700000000000000178e-01 3.975001189973354165e+00
2.800000000000000266e-01 3.974964644126892210e+00
2.899999999999999800e-01 3.974836112451553216e+00
2.999999999999999889e-01 3.974807390365600490e+00
3.099999999999999978e-01 3.974766006686687447e+00
3.200000000000000067e-01 3.974648892140388412e+00
3.300000000000000155e-01 3.974553735749721373e+00
3.400000000000000244e-01 3.974457023622989471e+00
3.500000000000000333e-01 3.974345041766166542e+00
3.599999999999999867e-01 3.974163781418800223e+00
3.699999999999999956e-01 3.973886758017540100e+00
3.800000000000000044e-01 3.973592402627468267e+00
3.900000000000000133e-01 3.973232733278274420e+00
4.000000000000000222e-01 3.972786705791950368e+00
4.100000000000000311e-01 3.972083845002651437e+00
4.199999999999999845e-01 3.968799518892764944e+00
4.299999999999999933e-01 3.964944581115245725e+00
4.400000000000000022e-01 3.958139877400398188e+00
4.500000000000000111e-01 3.931242088186740702e+00
4.600000000000000200e-01 3.863422484865188800e+00
4.700000000000000289e-01 3.697022594735622558e+00
4.799999999999999822e-01 3.462449954316615841e+00
4.899999999999999911e-01 3.208066640465259578e+00
5.000000000000000000e-01 3.006804858791828128e+00
5.100000000000000089e-01 2.886056501712799260e+00
5.200000000000000178e-01 2.827430881483554703e+00
5.300000000000000266e-01 2.814235632295608358e+00
5.400000000000000355e-01 2.808500931637287312e+00
5.500000000000000444e-01 2.807261442186832490e+00
5.600000000000000533e-01 2.806801953651905102e+00
5.700000000000000622e-01 2.806634037606716259e+00
5.799999999999999600e-01 2.806597034626006959e+00
5.899999999999999689e-01 2.806488708271980492e+00
5.999999999999999778e-01 2.806419528396129515e+00
6.099999999999999867e-01 2.806354729399680892e+00
6.199999999999999956e-01 2.806542242672443344e+00
6.300000000000000044e-01 2.808202404644489114e+00
6.400000000000000133e-01 2.810479391889572298e+00
6.500000000000000222e-01 2.818796049859523922e+00
6.600000000000000311e-01 2.840849576749801653e+00
6.700000000000000400e-01 2.867267673892974766e+00
6.800000000000000488e-01 2.894133260939121044e+00
6.900000000000000577e-01 2.920389109756946766e+00
7.000000000000000666e-01 2.958928472521304975e+00
7.099999999999999645e-01 3.000859582526683944e+00
7.199999999999999734e-01 3.060176868643760706e+00
7.299999999999999822e-01 3.120663204085826870e+00
7.399999999999999911e-01 3.187206557660102746e+00
7.500000000000000000e-01 3.233558619737625150e+00
7.600000000000000089e-01 3.279171056532860007e+00
7.700000000000000178e-01 3.313499094946384282e+00
7.800000000000000266e-01 3.342067925732135958e+00
7.900000000000000355e-01 3.363875242123604004e+00
8.000000000000000444e-01 3.379447135858535844e+00
8.100000000000000533e-01 3.387418086509704551e+00
8.200000000000000622e-01 3.396296176548004198e+00
8.300000000000000711e-01 3.404107639021873410e+00
8.399999999999999689e-01 3.411647953672408917e+00
8.499999999999999778e-01 3.416029178366660979e+00
8.599999999999999867e-01 3.421149034774303654e+00
8.699999999999999956e-01 3.425311456081867156e+00
8.800000000000000044e-01 3.432457148356437671e+00
8.900000000000000133e-01 3.437427207922935324e+00
9.000000000000000222e-01 3.439639254879951480e+00
9.100000000000000311e-01 3.439688579957485004e+00
9.200000000000000400e-01 3.439692277016639821e+00
9.300000000000000488e-01 3.439647647471427927e+00
9.400000000000000577e-01 3.439589386434555252e+00
9.500000000000000666e-01 3.439549170994758764e+00
9.599999999999999645e-01 3.439528104717731516e+00
9.699999999999999734e-01 3.439530254535675180e+00
9.799999999999999822e-01 3.439481567966938158e+00
9.899999999999999911e-01 3.439477027778625295e+00
1.000000000000000000e+00 3.439382224066257265e+00
1.010000000000000009e+00 3.439313924782275933e+00
1.020000000000000018e+00 3.439314846599101916e+00
1.030000000000000027e+00 3.439315859222412008e+00
1.040000000000000036e+00 3.439318343222141472e+00
1.050000000000000044e+00 3.439318610613346205e+00
1.060000000000000053e+00 3.439318421843051699e+00
1.070000000000000062e+00 3.439315786347389103e+00
1.080000000000000071e+00 3.439313439128398819e+00
1.090000000000000080e+00 3.439313396370411002e+00
1.100000000000000089e+00 3.439313396370411002e+00
1.110000000000000098e+00 3.439309487843513313e+00
1.120000000000000107e+00 3.439309399096965869e+00
1.130000000000000115e+00 3.439309880282878762e+00
1.140000000000000124e+00 3.439279567427635076e+00
1.150000000000000133e+00 3.439262880434990066e+00
1.159999999999999920e+00 3.439161871635914025e+00
1.169999999999999929e+00 3.439083317854404243e+00
1.179999999999999938e+00 3.439021118969917357e+00
1.189999999999999947e+00 3.438947767920494059e+00
1.199999999999999956e+00 3.438865574207305986e+00
1.209999999999999964e+00 3.438746817948818091e+00
1.219999999999999973e+00 3.438633994808196981e+00
1.229999999999999982e+00 3.438606627590656384e+00
1.239999999999999991e+00 3.438552358171939716e+00
1.250000000000000000e+00 3.438538004055023301e+00
1.260000000000000009e+00 3.438366205184459901e+00
1.270000000000000018e+00 3.438337597920894773e+00
1.280000000000000027e+00 3.438326341660022933e+00
1.290000000000000036e+00 3.438317606678009231e+00
1.300000000000000044e+00 3.438280950219631205e+00
1.310000000000000053e+00 3.438280950219631205e+00
1.320000000000000062e+00 3.438280950219631205e+00
1.330000000000000071e+00 3.438280950219631205e+00
1.340000000000000080e+00 3.438280950219631205e+00
1.350000000000000089e+00 3.438232088530063457e+00
1.360000000000000098e+00 3.438226487991809854e+00
1.370000000000000107e+00 3.438059987542629425e+00
1.380000000000000115e+00 3.437767583885192657e+00
1.390000000000000124e+00 3.437556427230834988e+00
1.400000000000000133e+00 3.437451129326820176e+00
1.409999999999999920e+00 3.437220453243255758e+00
1.419999999999999929e+00 3.436969825692176794e+00
1.429999999999999938e+00 3.436524506335258522e+00
1.439999999999999947e+00 3.436136685512066080e+00
1.449999999999999956e+00 3.435947410616874809e+00
1.459999999999999964e+00 3.435797325646877454e+00
1.469999999999999973e+00 3.435549073700904898e+00
1.479999999999999982e+00 3.435436719248294857e+00
1.489999999999999991e+00 3.435363571772575231e+00
1.500000000000000000e+00 3.435329460096359089e+00
1.510000000000000009e+00 3.435161129610538655e+00
1.520000000000000018e+00 3.435053497347831719e+00
1.530000000000000027e+00 3.434762933840751487e+00
1.540000000000000036e+00 3.434631129126548554e+00
1.550000000000000044e+00 3.434534742014407893e+00
1.560000000000000053e+00 3.434284652259349979e+00
1.570000000000000062e+00 3.434054641256332197e+00
1.580000000000000071e+00 3.433671723172664780e+00
1.590000000000000080e+00 3.433451723134517852e+00
1.600000000000000089e+00 3.433241153616905184e+00
1.610000000000000098e+00 3.433083132874965582e+00
1.620000000000000107e+00 3.433012469604015404e+00
1.630000000000000115e+00 3.432848568799495848e+00
1.640000000000000124e+00 3.432737414500713236e+00
1.650000000000000133e+00 3.432466111710071655e+00
1.660000000000000142e+00 3.432147501461505712e+00
1.669999999999999929e+00 3.431852082533836334e+00
1.679999999999999938e+00 3.431599326920509174e+00
1.689999999999999947e+00 3.431510126295089780e+00
1.699999999999999956e+00 3.431241251277923787e+00
1.709999999999999964e+00 3.431128424944877686e+00
1.719999999999999973e+00 3.431025940387248951e+00
1.729999999999999982e+00 3.430686108589172445e+00
1.739999999999999991e+00 3.430361385722160428e+00
1.750000000000000000e+00 3.430087155203819460e+00
1.760000000000000009e+00 3.429715167107582285e+00
1.770000000000000018e+00 3.429511086103916195e+00
1.780000000000000027e+00 3.429182828691005547e+00
1.790000000000000036e+00 3.428924890186786811e+00
1.800000000000000044e+00 3.428787661902904293e+00
1.810000000000000053e+00 3.428530740864276893e+00
1.820000000000000062e+00 3.428284397690296359e+00
1.830000000000000071e+00 3.427970743210315696e+00
1.840000000000000080e+00 3.427753430628776687e+00
1.850000000000000089e+00 3.427486258225441063e+00
1.860000000000000098e+00 3.427216035463810151e+00
1.870000000000000107e+00 3.427006721355914998e+00
1.880000000000000115e+00 3.426804803004265043e+00
1.890000000000000124e+00 3.426471997206211206e+00
1.900000000000000133e+00 3.426203678860664237e+00
1.910000000000000142e+00 3.425998452360630164e+00
1.919999999999999929e+00 3.425985154235362984e+00
1.929999999999999938e+00 3.426036741187572510e+00
1.939999999999999947e+00 3.426343632705211473e+00
1.949999999999999956e+00 3.426541684358119788e+00
1.959999999999999964e+00 3.426786728510856417e+00
1.969999999999999973e+00 3.426894945895671896e+00
1.979999999999999982e+00 3.427111002340316848e+00
1.989999999999999991e+00 3.427200155737399889e+00
2.000000000000000000e+00 3.427276604638099577e+00
2.010000000000000231e+00 3.427186743378639378e+00
2.020000000000000018e+00 3.427128340859413314e+00
2.030000000000000249e+00 3.427008893415927737e+00
2.040000000000000036e+00 3.426827870154380840e+00
2.049999999999999822e+00 3.426795360708236871e+00
2.060000000000000053e+00 3.427254915666580359e+00
2.069999999999999840e+00 3.427393202221393764e+00
2.080000000000000071e+00 3.428124918086528972e+00
2.089999999999999858e+00 3.428856773791313373e+00
2.100000000000000089e+00 3.429357875390052879e+00
2.109999999999999876e+00 3.429564281570911533e+00
2.120000000000000107e+00 3.429628495910167718e+00
2.129999999999999893e+00 3.429674944589137908e+00
2.140000000000000124e+00 3.429699957435131008e+00
2.149999999999999911e+00 3.429744705390930015e+00
2.160000000000000142e+00 3.429808178899288240e+00
2.169999999999999929e+00 3.430154763181209709e+00
2.180000000000000160e+00 3.430882931537628355e+00
2.189999999999999947e+00 3.431579407050609376e+00
2.200000000000000178e+00 3.432252663896083966e+00
2.209999999999999964e+00 3.432575070714950716e+00
2.220000000000000195e+00 3.432680304417610184e+00
2.229999999999999982e+00 3.432787411952018530e+00
2.240000000000000213e+00 3.432761438972950163e+00
2.250000000000000000e+00 3.433024940669536562e+00
2.260000000000000231e+00 3.433264741222858518e+00
2.270000000000000018e+00 3.433196640489101448e+00
2.280000000000000249e+00 3.433056094386577772e+00
2.290000000000000036e+00 3.433117209067344522e+00
2.300000000000000266e+00 3.433093650853634049e+00
2.310000000000000053e+00 3.433069645195007347e+00
2.319999999999999840e+00 3.433302786803245521e+00
2.330000000000000071e+00 3.433465991284847085e+00
2.339999999999999858e+00 3.433870453763008257e+00
2.350000000000000089e+00 3.434461616089344194e+00
2.359999999999999876e+00 3.435074918432235780e+00
2.370000000000000107e+00 3.435731433105468913e+00
2.379999999999999893e+00 3.437095575530528802e+00
2.390000000000000124e+00 3.438389659309387003e+00
2.399999999999999911e+00 3.439296619772910901e+00
2.410000000000000142e+00 3.439533191251754829e+00
2.419999999999999929e+00 3.439634118995666512e+00
2.430000000000000160e+00 3.439378504111766599e+00
2.439999999999999947e+00 3.439281253507137315e+00
2.450000000000000178e+00 3.439174693195819810e+00
2.459999999999999964e+00 3.439420784783363327e+00
2.470000000000000195e+00 3.438932503297329024e+00
2.479999999999999982e+00 3.437888048505783001e+00
2.490000000000000213e+00 3.436365696501731737e+00
2.500000000000000000e+00 3.435139870688915131e+00
2.510000000000000231e+00 3.433771129229068908e+00
2.520000000000000018e+00 3.432537944281101261e+00
2.530000000000000249e+00 3.431856651728153018e+00
2.540000000000000036e+00 3.429864693801403241e+00
2.550000000000000266e+00 3.427218985867500400e+00
2.560000000000000053e+00 3.424946980381011752e+00
2.569999999999999840e+00 3.420615837590694319e+00
2.580000000000000071e+00 3.417946054887771812e+00
2.589999999999999858e+00 3.415408234069347237e+00
2.600000000000000089e+00 3.414658737037181702e+00
2.609999999999999876e+00 3.415528457765579340e+00
2.620000000000000107e+00 3.415734068646430810e+00
2.629999999999999893e+00 3.417339972717762020e+00
2.640000000000000124e+00 3.418311925621032810e+00
2.649999999999999911e+00 3.418368033659457961e+00
2.660000000000000142e+00 3.419687464287281209e+00
2.669999999999999929e+00 3.421991010174751491e+00
2.680000000000000160e+00 3.423379140043258495e+00
2.689999999999999947e+00 3.426712183859348393e+00
2.700000000000000178e+00 3.428941898248195841e+00
2.709999999999999964e+00 3.432302761290073612e+00
2.720000000000000195e+00 3.430744476361274664e+00
2.729999999999999982e+00 3.430368005571365231e+00
2.740000000000000213e+00 3.423242057476043598e+00
2.750000000000000000e+00 3.411380048761367689e+00
2.760000000000000231e+00 3.408539382190704181e+00
2.770000000000000018e+00 3.410824270966053007e+00
2.780000000000000249e+00 3.412249792134761872e+00
2.790000000000000036e+00 3.415958289201259657e+00
2.800000000000000266e+00 3.423857181615829415e+00
2.810000000000000053e+00 3.432984935886859823e+00
2.819999999999999840e+00 3.454717317345142202e+00
2.830000000000000071e+00 3.477610405251979842e+00
2.839999999999999858e+00 3.506114372999668216e+00
2.850000000000000089e+00 3.519574516863822833e+00
2.859999999999999876e+00 3.532517839887141964e+00
2.870000000000000107e+00 3.546847068216800736e+00
2.879999999999999893e+00 3.562201270613670534e+00
2.890000000000000124e+00 3.580325058302879171e+00
2.899999999999999911e+00 3.595785449116230215e+00
2.910000000000000142e+00 3.613144555270671798e+00
2.919999999999999929e+00 3.631118289897441898e+00
2.930000000000000160e+00 3.652312016096115332e+00
2.939999999999999947e+00 3.676608479137420726e+00
2.950000000000000178e+00 3.698380620217323500e+00
2.959999999999999964e+00 3.723393347349166937e+00
2.970000000000000195e+00 3.748752748005390156e+00
2.979999999999999982e+00 3.776669409792423160e+00
2.990000000000000213e+00 3.808876763401031429e+00
3.000000000000000000e+00 3.845765674633979891e+00
