0.000000000000000000e+00 3.655403349267478119e-01 3.845575108266834907e-01
1.000000000000000021e-02 2.556547765844296993e-01 5.755814419842529839e-01
2.000000000000000042e-02 1.033680443845558461e+00 1.074537410840224805e+00
2.999999999999999889e-02 1.033544589497062960e+00 1.074971770993259357e+00
4.000000000000000083e-02 1.024938430039987969e+00 1.088963076674833053e+00
5.000000000000000278e-02 2.034005766988676189e+00 2.164734753820020341e+00
5.999999999999999778e-02 2.048268773593778125e+00 2.154991292562609129e+00
7.000000000000000666e-02 2.048357914591341089e+00 2.154604651383847713e+00
8.000000000000000167e-02 2.048432891226895425e+00 2.154272663244120256e+00
8.999999999999999667e-02 2.048557512169001171e+00 2.153810982203366642e+00
1.000000000000000056e-01 2.048669193794980803e+00 2.153512290870889689e+00
1.100000000000000006e-01 2.048696477005252703e+00 2.153521985366573688e+00
1.199999999999999956e-01 2.048855643213916888e+00 2.153537011720012995e+00
1.300000000000000044e-01 2.048857969531106438e+00 2.153569197374296973e+00
1.400000000000000133e-01 2.048867984208675441e+00 2.153849461703685630e+00
1.499999999999999944e-01 1.969664480800462636e+00 2.280475375371145308e+00
1.600000000000000033e-01 2.083910370161697667e+00 3.151417380716636796e+00
1.700000000000000122e-01 2.837143208264081284e+00 3.384172916322977454e+00
1.799999999999999933e-01 3.099410673015983608e+00 3.266696721769897227e+00
1.900000000000000022e-01 3.120986110376805733e+00 3.252359647694140321e+00
2.000000000000000111e-01 3.158197844836682755e+00 3.225112913620501232e+00
2.099999999999999922e-01 3.173746171349813405e+00 3.213810022755334561e+00
2.200000000000000011e-01 3.181051260391199786e+00 3.208037326697385172e+00
2.300000000000000100e-01 3.182947331170487892e+00 3.206544440103124671e+00
2.399999999999999911e-01 3.184277412650186267e+00 3.205536234133642193e+00
2.500000000000000000e-01 3.185044284258172542e+00 3.204935937599852291e+00
2.600000000000000089e-01 3.186694517904069102e+00 3.203574564418051551e+00
2.700000000000000178e-01 3.186720173171960102e+00 3.203554747353590582e+00
2.800000000000000266e-01 3.186720173171960102e+00 3.203554747353590582e+00
2.899999999999999800e-01 3.186751462170461124e+00 3.203532545459887082e+00
2.999999999999999889e-01 3.187065294987400321e+00 3.203288771084110031e+00
3.099999999999999978e-01 3.187268945576163137e+00 3.203141914900330622e+00
3.200000000000000067e-01 3.187268945576163137e+00 3.203141914900330622e+00
3.300000000000000155e-01 3.187268945576163137e+00 3.203141914900330622e+00
3.400000000000000244e-01 3.187268945576163137e+00 3.203141914900330622e+00
3.500000000000000333e-01 3.187268945576163137e+00 3.203141914900330622e+00
3.599999999999999867e-01 3.187268945576163137e+00 3.203141914900330622e+00
3.699999999999999956e-01 3.187268945576163137e+00 3.203141914900330622e+00
3.800000000000000044e-01 3.187268945576163137e+00 3.203141914900330622e+00
3.900000000000000133e-01 3.187268945576163137e+00 3.203141914900330622e+00
4.000000000000000222e-01 3.187268945576163137e+00 3.203141914900330622e+00
4.100000000000000311e-01 3.187268945576163137e+00 3.203141914900330622e+00
4.199999999999999845e-01 3.187268945576163137e+00 3.203141914900330622e+00
4.299999999999999933e-01 3.187268945576163137e+00 3.203141914900330622e+00
4.400000000000000022e-01 3.187268945576163137e+00 3.203141914900330622e+00
4.500000000000000111e-01 3.187268945576163137e+00 3.203141914900330622e+00
4.600000000000000200e-01 3.187268945576163137e+00 3.203141914900330622e+00
4.700000000000000289e-01 3.187268945576163137e+00 3.203141914900330622e+00
4.799999999999999822e-01 3.187268945576163137e+00 3.203141914900330622e+00
4.899999999999999911e-01 3.187269445300678683e+00 3.203141852235217968e+00
5.000000000000000000e-01 3.187269445300678683e+00 3.203141852235217968e+00
5.100000000000000089e-01 3.187269695168929662e+00 3.203141820896667991e+00
5.200000000000000178e-01 3.187270899314853079e+00 3.203141400213268764e+00
5.300000000000000266e-01 3.187297504386562785e+00 3.203129089374881389e+00
5.400000000000000355e-01 3.187336643636417666e+00 3.203109961683559437e+00
5.500000000000000444e-01 3.187366649051230905e+00 3.203099209804016301e+00
5.600000000000000533e-01 3.187387210962117745e+00 3.203094642537295034e+00
5.700000000000000622e-01 3.187425871353339435e+00 3.203078928055572927e+00
5.799999999999999600e-01 3.187454350408435833e+00 3.203067561646579353e+00
5.899999999999999689e-01 3.187621251293034419e+00 3.202982645215182167e+00
5.999999999999999778e-01 3.187761329765005591e+00 3.202910122967080220e+00
6.099999999999999867e-01 3.187893801068661936e+00 3.202841940780283281e+00
6.199999999999999956e-01 3.188101252411103204e+00 3.202735806352400516e+00
6.300000000000000044e-01 3.188284337805606938e+00 3.202638680273197203e+00
6.400000000000000133e-01 3.188480327864633423e+00 3.202533169874204333e+00
6.500000000000000222e-01 3.188677405238610874e+00 3.202421959151762643e+00
6.600000000000000311e-01 3.188764647831220156e+00 3.202374609928827720e+00
6.700000000000000400e-01 3.188879790092917332e+00 3.202315314615754360e+00
6.800000000000000488e-01 3.188982761851974601e+00 3.202260302890113763e+00
6.900000000000000577e-01 3.189236073022112095e+00 3.202117524857297504e+00
7.000000000000000666e-01 3.189366346943452779e+00 3.202048073441907672e+00
7.099999999999999645e-01 3.189447945116631544e+00 3.202006631904967371e+00
7.199999999999999734e-01 3.189486933065143859e+00 3.201986391543658605e+00
7.299999999999999822e-01 3.189537834953136919e+00 3.201959705244235455e+00
7.399999999999999911e-01 3.189562526682907961e+00 3.201949350224440938e+00
7.500000000000000000e-01 3.189623112282248485e+00 3.201919600067642868e+00
7.600000000000000089e-01 3.189666784683764078e+00 3.201897289474904262e+00
7.700000000000000178e-01 3.189691706674541827e+00 3.201886912695918852e+00
7.800000000000000266e-01 3.189709835871643140e+00 3.201878256054931260e+00
7.900000000000000355e-01 3.189737226781487411e+00 3.201864483766913683e+00
8.000000000000000444e-01 3.189745487513897970e+00 3.201862023300768634e+00
8.100000000000000533e-01 3.189752030076907996e+00 3.201858341054988788e+00
8.200000000000000622e-01 3.189782662731239338e+00 3.201846769226958767e+00
8.300000000000000711e-01 3.189814077799375980e+00 3.201833039243165757e+00
8.399999999999999689e-01 3.189849789852293060e+00 3.201816832695810522e+00
8.499999999999999778e-01 3.189863216851385186e+00 3.201809991261331145e+00
8.599999999999999867e-01 3.189905079135665567e+00 3.201790675988426926e+00
8.699999999999999956e-01 3.189953445677014887e+00 3.201767116637971977e+00
8.800000000000000044e-01 3.189990702866403183e+00 3.201748510800512371e+00
8.900000000000000133e-01 3.190015071067520580e+00 3.201737558808615880e+00
9.000000000000000222e-01 3.190015071067520580e+00 3.201737558808615880e+00
9.100000000000000311e-01 3.190035504403792466e+00 3.201727344760216809e+00
9.200000000000000400e-01 3.190039811678065718e+00 3.201725624527798075e+00
9.300000000000000488e-01 3.190039778459885955e+00 3.201725703722617222e+00
9.400000000000000577e-01 3.190040791957288846e+00 3.201725095708459534e+00
9.500000000000000666e-01 3.190037800323192396e+00 3.201725690005595926e+00
9.599999999999999645e-01 3.190037525839925614e+00 3.201725717239259694e+00
9.699999999999999734e-01 3.190037533608848008e+00 3.201725556505745196e+00
9.799999999999999822e-01 3.190036801683806544e+00 3.201725629098511661e+00
9.899999999999999911e-01 3.190035816462580609e+00 3.201725721852238582e+00
1.000000000000000000e+00 3.190034331164883774e+00 3.201725862264109601e+00
1.010000000000000009e+00 3.190033900086093333e+00 3.201725959194493321e+00
1.020000000000000018e+00 3.190033900086093333e+00 3.201725959194493321e+00
1.030000000000000027e+00 3.190033955851548697e+00 3.201725987752920943e+00
1.040000000000000036e+00 3.190033955851548697e+00 3.201725987752920943e+00
1.050000000000000044e+00 3.190033955851548697e+00 3.201725987752920943e+00
1.060000000000000053e+00 3.190033953701435276e+00 3.201725964044154882e+00
1.070000000000000062e+00 3.190033953701435276e+00 3.201725964044154882e+00
1.080000000000000071e+00 3.190033972038532006e+00 3.201725961786006991e+00
1.090000000000000080e+00 3.190034008712812508e+00 3.201725957269625056e+00
1.100000000000000089e+00 3.190034008712812508e+00 3.201725957269625056e+00
1.110000000000000098e+00 3.190034008712812508e+00 3.201725957269625056e+00
1.120000000000000107e+00 3.190034008712812508e+00 3.201725957269625056e+00
1.130000000000000115e+00 3.190033949976491812e+00 3.201726122965288468e+00
1.140000000000000124e+00 3.190033868130611960e+00 3.201726014791560271e+00
1.150000000000000133e+00 3.190033868130611960e+00 3.201726014791560271e+00
1.159999999999999920e+00 3.190033868130611960e+00 3.201726014791560271e+00
1.169999999999999929e+00 3.190033789818133236e+00 3.201726235716496838e+00
1.179999999999999938e+00 3.190033789818133236e+00 3.201726235716496838e+00
1.189999999999999947e+00 3.190033059045135122e+00 3.201725493758857954e+00
1.199999999999999956e+00 3.190033059045135122e+00 3.201725493758857954e+00
1.209999999999999964e+00 3.190033124141371079e+00 3.201725541043603851e+00
1.219999999999999973e+00 3.190032655805310924e+00 3.201725171090402888e+00
1.229999999999999982e+00 3.190030534035112719e+00 3.201723413923833750e+00
1.239999999999999991e+00 3.190030620274954209e+00 3.201723526639527861e+00
1.250000000000000000e+00 3.190030583734425385e+00 3.201723501591769327e+00
1.260000000000000009e+00 3.190030583734425385e+00 3.201723501591769327e+00
1.270000000000000018e+00 3.190030583734425385e+00 3.201723501591769327e+00
1.280000000000000027e+00 3.190030510653871776e+00 3.201723451495748218e+00
1.290000000000000036e+00 3.190030496399078430e+00 3.201723356707420365e+00
1.300000000000000044e+00 3.190030496399078430e+00 3.201723356707420365e+00
1.310000000000000053e+00 3.190030495445638437e+00 3.201722913124650738e+00
1.320000000000000062e+00 3.190030495445638437e+00 3.201722913124650738e+00
1.330000000000000071e+00 3.190030449219380504e+00 3.201723150972689336e+00
1.340000000000000080e+00 3.190030449219380504e+00 3.201723150972689336e+00
1.350000000000000089e+00 3.190030449219380504e+00 3.201723150972689336e+00
1.360000000000000098e+00 3.190029083371385799e+00 3.201723653735891073e+00
1.370000000000000107e+00 3.190029083371385799e+00 3.201723653735891073e+00
1.380000000000000115e+00 3.189999549497086306e+00 3.201735498401205859e+00
1.390000000000000124e+00 3.189998641661490275e+00 3.201735830846939912e+00
1.400000000000000133e+00 3.189985101957978575e+00 3.201737142924604651e+00
1.409999999999999920e+00 3.189985101957978575e+00 3.201737142924604651e+00
1.419999999999999929e+00 3.189963283983667797e+00 3.201736788757840291e+00
1.429999999999999938e+00 3.189963283983667797e+00 3.201736788757840291e+00
1.439999999999999947e+00 3.189943642368293641e+00 3.201744516301177956e+00
1.449999999999999956e+00 3.189939805395769490e+00 3.201745888054204237e+00
1.459999999999999964e+00 3.189924495669548499e+00 3.201751253942306086e+00
1.469999999999999973e+00 3.189922319172868281e+00 3.201751768313398916e+00
1.479999999999999982e+00 3.189922319172868281e+00 3.201751768313398916e+00
1.489999999999999991e+00 3.189831712270470909e+00 3.201859303368833842e+00
1.500000000000000000e+00 3.189622644024454612e+00 3.202114963521398128e+00
1.510000000000000009e+00 3.189456417665685439e+00 3.202320655798708504e+00
1.520000000000000018e+00 3.189036639142667440e+00 3.202828628582323311e+00
1.530000000000000027e+00 3.188943584738516801e+00 3.202926531385636100e+00
1.540000000000000036e+00 3.187875322072991846e+00 3.204244016015044050e+00
1.550000000000000044e+00 3.187000864533902966e+00 3.205348204041002180e+00
1.560000000000000053e+00 3.187000732079534604e+00 3.205347288416833695e+00
1.570000000000000062e+00 3.186878693925705885e+00 3.205504615977438743e+00
1.580000000000000071e+00 3.183390171459260287e+00 3.209719936601576507e+00
1.590000000000000080e+00 3.178091928755433671e+00 3.216435051568358183e+00
1.600000000000000089e+00 3.170824601912094476e+00 3.226731788173125448e+00
1.610000000000000098e+00 3.169019745625833995e+00 3.229472000132223020e+00
1.620000000000000107e+00 3.166771651475501326e+00 3.233003375208305830e+00
1.630000000000000115e+00 3.160228398866860466e+00 3.244080267061979939e+00
1.640000000000000124e+00 3.152416487607094364e+00 3.259009057155517031e+00
1.650000000000000133e+00 3.147107231861427490e+00 3.271273056262657075e+00
1.660000000000000142e+00 3.137786724274953087e+00 3.299464308807054991e+00
1.669999999999999929e+00 3.130888515544357098e+00 3.336139401878891242e+00
1.679999999999999938e+00 3.130363686086847785e+00 3.379673933460995983e+00
1.689999999999999947e+00 3.138723358705171051e+00 3.424250376980177535e+00
1.699999999999999956e+00 3.156440407668938963e+00 3.468969818800100580e+00
1.709999999999999964e+00 3.189716850951216376e+00 3.518437483589150983e+00
1.719999999999999973e+00 3.232265923272972685e+00 3.557012996433371654e+00
1.729999999999999982e+00 3.285554060572691615e+00 3.586511736761025748e+00
1.739999999999999991e+00 3.331864606040757515e+00 3.599773377791601447e+00
1.750000000000000000e+00 3.374976848897272674e+00 3.603577783122723588e+00
1.760000000000000009e+00 3.420556435933529649e+00 3.599393575543940571e+00
1.770000000000000018e+00 3.446297591055919263e+00 3.593041586304615009e+00
1.780000000000000027e+00 3.461018800872789569e+00 3.587920853668226329e+00
1.790000000000000036e+00 3.483019050186005661e+00 3.578621251227530831e+00
1.800000000000000044e+00 3.496160454643264970e+00 3.571896934401496360e+00
1.810000000000000053e+00 3.500131372087653236e+00 3.569620724298302239e+00
1.820000000000000062e+00 3.503001931063736141e+00 3.568221404312049483e+00
1.830000000000000071e+00 3.507878554134048255e+00 3.565735233412109739e+00
1.840000000000000080e+00 3.509240262473240612e+00 3.565199592692240849e+00
1.850000000000000089e+00 3.510492975358636691e+00 3.565112875757543875e+00
1.860000000000000098e+00 3.512029797828328803e+00 3.564665188634264403e+00
1.870000000000000107e+00 3.514203551443312534e+00 3.563774419323708642e+00
1.880000000000000115e+00 3.515353746565808013e+00 3.563361050072681113e+00
1.890000000000000124e+00 3.516198210192702067e+00 3.563090039786316776e+00
1.900000000000000133e+00 3.516817122151673747e+00 3.562816207544981406e+00
1.910000000000000142e+00 3.517168456068770599e+00 3.562822976950867027e+00
1.919999999999999929e+00 3.517458447327742821e+00 3.562924199123253199e+00
1.929999999999999938e+00 3.517574876984794763e+00 3.562964479070465096e+00
1.939999999999999947e+00 3.517581544726117837e+00 3.563125487334505070e+00
1.949999999999999956e+00 3.517684261406214041e+00 3.563310570341794659e+00
1.959999999999999964e+00 3.517765609173903130e+00 3.563414058213105307e+00
1.969999999999999973e+00 3.517762513023508397e+00 3.563424651702749024e+00
1.979999999999999982e+00 3.517763356323748258e+00 3.563422195472211396e+00
1.989999999999999991e+00 3.517755053453360592e+00 3.563422894315804168e+00
2.000000000000000000e+00 3.517755967169801767e+00 3.563422665409048395e+00
2.010000000000000231e+00 3.517753723947767863e+00 3.563422625072236283e+00
2.020000000000000018e+00 3.517754918612353787e+00 3.563418949590809515e+00
2.030000000000000249e+00 3.517755276848079760e+00 3.563417337955234743e+00
2.040000000000000036e+00 3.517747206385132497e+00 3.563416089746955340e+00
2.049999999999999822e+00 3.517746182460365745e+00 3.563417902532043158e+00
2.060000000000000053e+00 3.517760398015623124e+00 3.563418301916475350e+00
2.069999999999999840e+00 3.517767526111720500e+00 3.563421373591305397e+00
2.080000000000000071e+00 3.517795985696759775e+00 3.563421223732980980e+00
2.089999999999999858e+00 3.517833967641568638e+00 3.563422498408578942e+00
2.100000000000000089e+00 3.517920365152805040e+00 3.563423518046886507e+00
2.109999999999999876e+00 3.517974724487413329e+00 3.563428966365705275e+00
2.120000000000000107e+00 3.518003341895131530e+00 3.563432278107615314e+00
2.129999999999999893e+00 3.518041869505556196e+00 3.563432871252385947e+00
2.140000000000000124e+00 3.518118668600271004e+00 3.563437441686442053e+00
2.149999999999999911e+00 3.518157648140302740e+00 3.563439948705323879e+00
2.160000000000000142e+00 3.518163228703477863e+00 3.563443453687688667e+00
2.169999999999999929e+00 3.518166797856394190e+00 3.563443228484090675e+00
2.180000000000000160e+00 3.518155732342166608e+00 3.563442670000629420e+00
2.189999999999999947e+00 3.518148866901521732e+00 3.563443186302060806e+00
2.200000000000000178e+00 3.518089940006102978e+00 3.563443985646401302e+00
2.209999999999999964e+00 3.517984397809247987e+00 3.563447363374490529e+00
2.220000000000000195e+00 3.517930478622620427e+00 3.563446648714835518e+00
2.229999999999999982e+00 3.517894448788137840e+00 3.563445532853631637e+00
2.240000000000000213e+00 3.517823877838809121e+00 3.563446289225857821e+00
2.250000000000000000e+00 3.517791942638221148e+00 3.563448278347191245e+00
2.260000000000000231e+00 3.517772030559797702e+00 3.563451502608041555e+00
2.270000000000000018e+00 3.517761649574338456e+00 3.563449389563501768e+00
2.280000000000000249e+00 3.517741557441026234e+00 3.563452357978551976e+00
2.290000000000000036e+00 3.517740259075000875e+00 3.563451691494151863e+00
2.300000000000000266e+00 3.517739033605858268e+00 3.563452216503814718e+00
2.310000000000000053e+00 3.517738201636304129e+00 3.563451346083651661e+00
2.319999999999999840e+00 3.517728644373474545e+00 3.563451507122459283e+00
2.330000000000000071e+00 3.517671146481223587e+00 3.563457282573990526e+00
2.339999999999999858e+00 3.517659196429117507e+00 3.563451781225339232e+00
2.350000000000000089e+00 3.517636662105796397e+00 3.563453206721069577e+00
2.359999999999999876e+00 3.517621890398828555e+00 3.563451144827039840e+00
2.370000000000000107e+00 3.517577296996634573e+00 3.563457526721436786e+00
2.379999999999999893e+00 3.517547042292641812e+00 3.563457550068808821e+00
2.390000000000000124e+00 3.517540033974588365e+00 3.563453130178511064e+00
2.399999999999999911e+00 3.517536020741265368e+00 3.563450438904959938e+00
2.410000000000000142e+00 3.517479448877440795e+00 3.563544474948776575e+00
2.419999999999999929e+00 3.517405798159996877e+00 3.563739581717093152e+00
2.430000000000000160e+00 3.517355030502843150e+00 3.563853269324732231e+00
2.439999999999999947e+00 3.517180354195306613e+00 3.564276204275419246e+00
2.450000000000000178e+00 3.517087108063261081e+00 3.564496174536187834e+00
2.459999999999999964e+00 3.517053875496632287e+00 3.564578956615680028e+00
2.470000000000000195e+00 3.517034826392690938e+00 3.564642255139787608e+00
2.479999999999999982e+00 3.516349222206942571e+00 3.565567382025845333e+00
2.490000000000000213e+00 3.514339734867297782e+00 3.568275284387386836e+00
2.500000000000000000e+00 3.513836384546031422e+00 3.568872410434017706e+00
2.510000000000000231e+00 3.511870557160990280e+00 3.571536119341237381e+00
2.520000000000000018e+00 3.510362907707073266e+00 3.573834498103283241e+00
2.530000000000000249e+00 3.508599257567429408e+00 3.576554597589468809e+00
2.540000000000000036e+00 3.504886925445673374e+00 3.582825190028074314e+00
2.550000000000000266e+00 3.499583796654437418e+00 3.592083399147297573e+00
2.560000000000000053e+00 3.497585553247839485e+00 3.595790451324075043e+00
2.569999999999999840e+00 3.495287990363684649e+00 3.600848525868806327e+00
2.580000000000000071e+00 3.493736167468322940e+00 3.605043281889663831e+00
2.589999999999999858e+00 3.492654036354641889e+00 3.607924806905169923e+00
2.600000000000000089e+00 3.491616155554629675e+00 3.611273146927975741e+00
2.609999999999999876e+00 3.489825132635640870e+00 3.616298561917734133e+00
2.620000000000000107e+00 3.488424257336808942e+00 3.620015017541692970e+00
2.629999999999999893e+00 3.486730873204737513e+00 3.625137402389973396e+00
2.640000000000000124e+00 3.485571795293195940e+00 3.628734793442384365e+00
2.649999999999999911e+00 3.484471437032005348e+00 3.632200989334800845e+00
2.660000000000000142e+00 3.483730917561389528e+00 3.634512909733913499e+00
2.669999999999999929e+00 3.483175913610606411e+00 3.636341060280651849e+00
2.680000000000000160e+00 3.477601900013259861e+00 3.640656569730468473e+00
2.689999999999999947e+00 3.469386329057785101e+00 3.646850232397941927e+00
2.700000000000000178e+00 3.455016475549598898e+00 3.656298604625801030e+00
2.709999999999999964e+00 3.448248239850089991e+00 3.660001359401656718e+00
2.720000000000000195e+00 3.444212550512169457e+00 3.662748037475730634e+00
2.729999999999999982e+00 3.433900247881099599e+00 3.668601612351253483e+00
2.740000000000000213e+00 3.430029067996279490e+00 3.670279139549001091e+00
2.750000000000000000e+00 3.429921287241620043e+00 3.670217860602694948e+00
2.760000000000000231e+00 3.422433085354824822e+00 3.673334795928935304e+00
2.770000000000000018e+00 3.420050701485338962e+00 3.674245649885472531e+00
2.780000000000000249e+00 3.419252059415572642e+00 3.673697115532166269e+00
2.790000000000000036e+00 3.396707097519584551e+00 3.684378412886909260e+00
2.800000000000000266e+00 3.387838462832038822e+00 3.687954498836929496e+00
2.810000000000000053e+00 3.382157626609568979e+00 3.690430747094387343e+00
2.819999999999999840e+00 3.381087387357112561e+00 3.690774952897671213e+00
2.830000000000000071e+00 3.377222079947450162e+00 3.692211078469298080e+00
2.839999999999999858e+00 3.341553067613133976e+00 3.707101000513544520e+00
2.850000000000000089e+00 3.071888042218377635e+00 3.798834066214869409e+00
2.859999999999999876e+00 2.578690144817266550e+00 3.812418510552014972e+00
2.870000000000000107e+00 2.027967483579327990e+00 3.544516232982465986e+00
2.879999999999999893e+00 1.583976629955961224e+00 2.737836319711015598e+00
2.890000000000000124e+00 1.609794661365845814e+00 2.391071645623346953e+00
2.899999999999999911e+00 1.602950567590267106e+00 2.387727045274703919e+00
2.910000000000000142e+00 1.595234488819492480e+00 2.836670198086844952e+00
2.919999999999999929e+00 2.045847424707178952e+00 3.567717708192104986e+00
2.930000000000000160e+00 2.625016284055955218e+00 3.801134297744982682e+00
2.939999999999999947e+00 2.915657929046046259e+00 3.807917952985870880e+00
2.950000000000000178e+00 3.100806306650473410e+00 3.778978641495870150e+00
2.959999999999999964e+00 3.189930922188793261e+00 3.753976028788055253e+00
2.970000000000000195e+00 3.271580147624141066e+00 3.721316223564022696e+00
2.979999999999999982e+00 3.353247411235265485e+00 3.680337396530218630e+00
2.990000000000000213e+00 3.429692365707286417e+00 3.632490737839809913e+00
3.000000000000000000e+00 3.519916027847964646e+00 3.560733187444965697e+00
