0.000000000000000000e+00 8.362377469719076140e-02 1.076988222184715183e-01
1.000000000000000021e-02 1.576224653973386791e-01 2.377903701502873390e-01
2.000000000000000042e-02 7.654892950010211417e-01 7.941071583676425627e-01
2.999999999999999889e-02 7.654580715475360897e-01 7.940318123438079301e-01
4.000000000000000083e-02 7.654237449826881701e-01 7.940089648983790216e-01
5.000000000000000278e-02 7.654236535726332002e-01 7.940089787484861938e-01
5.999999999999999778e-02 3.655233731689095933e+00 4.240614576685786119e+00
7.000000000000000666e-02 3.951283740334510242e+00 3.999151229228973925e+00
8.000000000000000167e-02 3.951283740334510242e+00 3.999151229228973925e+00
8.999999999999999667e-02 3.951283740334510242e+00 3.999151229228973925e+00
1.000000000000000056e-01 3.951283740334510242e+00 3.999151229228973925e+00
1.100000000000000006e-01 3.951283740334510242e+00 3.999151229228973925e+00
1.199999999999999956e-01 3.951283740334510242e+00 3.999151229228973925e+00
1.300000000000000044e-01 3.951283740334510242e+00 3.999151229228973925e+00
1.400000000000000133e-01 3.951283740334510242e+00 3.999151229228973925e+00
1.499999999999999944e-01 3.951283614008317624e+00 3.999150846483816135e+00
1.600000000000000033e-01 3.951283266482001899e+00 3.999149353633278281e+00
1.700000000000000122e-01 3.951281832730622945e+00 3.999143511960653541e+00
1.799999999999999933e-01 3.951281693810890783e+00 3.999142914729644449e+00
1.900000000000000022e-01 3.951274496782074319e+00 3.999129994709243352e+00
2.000000000000000111e-01 3.951269957423733103e+00 3.999124580578280685e+00
2.099999999999999922e-01 3.951267659066276750e+00 3.999122261197014083e+00
2.200000000000000011e-01 3.951261084391663125e+00 3.999110222013404048e+00
2.300000000000000100e-01 3.951238663588054312e+00 3.999081550449841149e+00
2.399999999999999911e-01 3.951175012661115371e+00 3.999107269929750519e+00
2.500000000000000000e-01 3.951167880164817792e+00 3.999099892071052320e+00
2.600000000000000089e-01 3.951082790233744202e+00 3.999117577922688849e+00
2.700000000000000178e-01 3.950768405299924346e+00 3.999233974646783984e+00
2.800000000000000266e-01 3.950653957702072727e+00 3.999275330551711694e+00
2.899999999999999800e-01 3.950244096472961708e+00 3.999428128430144724e+00
2.999999999999999889e-01 3.950176237811586777e+00 3.999438542919614203e+00
3.099999999999999978e-01 3.950032993152873928e+00 3.999499020220500967e+00
3.200000000000000067e-01 3.949666190173417579e+00 3.999631594107359245e+00
3.300000000000000155e-01 3.949368471878353937e+00 3.999738999621088809e+00
3.400000000000000244e-01 3.949085826783587105e+00 3.999828220462391837e+00
3.500000000000000333e-01 3.948717895386031795e+00 3.999972188146301288e+00
3.599999999999999867e-01 3.948026912424692725e+00 4.000300650412907721e+00
3.699999999999999956e-01 3.946990792589540220e+00 4.000782723445539979e+00
3.800000000000000044e-01 3.945891958184759574e+00 4.001292847070176961e+00
3.900000000000000133e-01 3.943781413017882098e+00 4.002684053538666298e+00
4.000000000000000222e-01 3.941764738988067229e+00 4.003808672595833507e+00
4.100000000000000311e-01 3.937469830557339900e+00 4.006697859447962529e+00
4.199999999999999845e-01 3.916970424031879450e+00 4.020628613753650882e+00
4.299999999999999933e-01 3.892242009389745405e+00 4.037647152840746045e+00
4.400000000000000022e-01 3.853398856572601616e+00 4.062880898228194759e+00
4.500000000000000111e-01 3.743912238071702703e+00 4.118571938301778701e+00
4.600000000000000200e-01 3.560174152908466727e+00 4.166670816821911316e+00
4.700000000000000289e-01 3.241302949535308286e+00 4.152742239935936830e+00
4.799999999999999822e-01 2.923476960369642441e+00 4.001422948263589241e+00
4.899999999999999911e-01 2.691778344635191278e+00 3.724354936295327878e+00
5.000000000000000000e-01 2.595797563918563089e+00 3.417812153665093167e+00
5.100000000000000089e-01 2.608292117365444529e+00 3.163820886060153992e+00
5.200000000000000178e-01 2.668318995468300869e+00 2.986542767498808537e+00
5.300000000000000266e-01 2.694789966723035057e+00 2.933681297868181659e+00
5.400000000000000355e-01 2.706796788956640221e+00 2.910205074317934404e+00
5.500000000000000444e-01 2.708814298600993098e+00 2.905708585772671881e+00
5.600000000000000533e-01 2.709428450132807420e+00 2.904175457171002783e+00
5.700000000000000622e-01 2.709733255837305954e+00 2.903534819376126563e+00
5.799999999999999600e-01 2.709694147933434216e+00 2.903499921318579702e+00
5.899999999999999689e-01 2.709476361402677114e+00 2.903501055141283871e+00
5.999999999999999778e-01 2.709305849078059492e+00 2.903533207714199538e+00
6.099999999999999867e-01 2.709199292737215714e+00 2.903510166062146070e+00
6.199999999999999956e-01 2.708748669584004620e+00 2.904335815760882067e+00
6.300000000000000044e-01 2.706227803279264599e+00 2.910177006009713629e+00
6.400000000000000133e-01 2.703859438214808009e+00 2.917099345564336588e+00
6.500000000000000222e-01 2.698526870035391045e+00 2.939065229683656799e+00
6.600000000000000311e-01 2.688577960102797704e+00 2.993121193396805602e+00
6.700000000000000400e-01 2.684983429766070184e+00 3.049551918019879349e+00
6.800000000000000488e-01 2.687880025024067976e+00 3.100386496854174112e+00
6.900000000000000577e-01 2.695971739955128399e+00 3.144806479558765133e+00
7.000000000000000666e-01 2.712903736195947602e+00 3.204953208846662349e+00
7.099999999999999645e-01 2.737163937739286013e+00 3.264555227314081876e+00
7.199999999999999734e-01 2.781852370808449937e+00 3.338501366479071475e+00
7.299999999999999822e-01 2.838734776526843806e+00 3.402591631644809933e+00
7.399999999999999911e-01 2.913597657154192611e+00 3.460815458166012881e+00
7.500000000000000000e-01 2.973765587625357920e+00 3.493351651849892381e+00
7.600000000000000089e-01 3.040175163459558405e+00 3.518166949606161609e+00
7.700000000000000178e-01 3.094920635274556187e+00 3.532077554618212378e+00
7.800000000000000266e-01 3.145472122425464701e+00 3.538663729038807215e+00
7.900000000000000355e-01 3.188213490003069861e+00 3.539536994244138146e+00
8.000000000000000444e-01 3.221663741556540561e+00 3.537230530160531128e+00
8.100000000000000533e-01 3.239546661990690524e+00 3.535289511028718579e+00
8.200000000000000622e-01 3.260360196931351595e+00 3.532232156164656800e+00
8.300000000000000711e-01 3.280019170751426572e+00 3.528196107292320249e+00
8.399999999999999689e-01 3.300495536790537976e+00 3.522800370554279858e+00
8.499999999999999778e-01 3.313208318938027919e+00 3.518850037795294039e+00
8.599999999999999867e-01 3.329014358838373155e+00 3.513283710710234153e+00
8.699999999999999956e-01 3.343080329996895195e+00 3.507542582166839118e+00
8.800000000000000044e-01 3.369863998021046303e+00 3.495050298691829038e+00
8.900000000000000133e-01 3.394006212280602508e+00 3.480848203565268140e+00
9.000000000000000222e-01 3.408400084399021868e+00 3.470878425360881092e+00
9.100000000000000311e-01 3.408919163514154249e+00 3.470457996400815759e+00
9.200000000000000400e-01 3.408934009127366771e+00 3.470450544905912871e+00
9.300000000000000488e-01 3.408955395750232320e+00 3.470339899192623534e+00
9.400000000000000577e-01 3.408991015606209096e+00 3.470187757262901407e+00
9.500000000000000666e-01 3.409016113445633600e+00 3.470082228543883929e+00
9.599999999999999645e-01 3.409007374579556604e+00 3.470048834855906428e+00
9.699999999999999734e-01 3.409021219146438408e+00 3.470039289924911952e+00
9.799999999999999822e-01 3.408975787512369404e+00 3.469987348421506912e+00
9.899999999999999911e-01 3.408975293077827207e+00 3.469978762479423384e+00
1.000000000000000000e+00 3.409100638008086825e+00 3.469663810124427705e+00
1.010000000000000009e+00 3.409189262573193435e+00 3.469438586991358431e+00
1.020000000000000018e+00 3.409193769074899016e+00 3.469435924123304815e+00
1.030000000000000027e+00 3.409196332703747334e+00 3.469435385741076683e+00
1.040000000000000036e+00 3.409202554871848534e+00 3.469434131572434410e+00
1.050000000000000044e+00 3.409203098670137155e+00 3.469434122556555256e+00
1.060000000000000053e+00 3.409202763918757650e+00 3.469434079767345747e+00
1.070000000000000062e+00 3.409197718066215632e+00 3.469433854628562575e+00
1.080000000000000071e+00 3.409194855094930254e+00 3.469432023161867384e+00
1.090000000000000080e+00 3.409194578977913892e+00 3.469432213762908113e+00
1.100000000000000089e+00 3.409194578977913892e+00 3.469432213762908113e+00
1.110000000000000098e+00 3.409187662808470964e+00 3.469431312878555662e+00
1.120000000000000107e+00 3.409187483822364140e+00 3.469431314371567598e+00
1.130000000000000115e+00 3.409188263151111453e+00 3.469431497414646071e+00
1.140000000000000124e+00 3.409145966458599908e+00 3.469413168396670244e+00
1.150000000000000133e+00 3.409116753627743357e+00 3.469409007242236775e+00
1.159999999999999920e+00 3.408978103340664756e+00 3.469345639931163294e+00
1.169999999999999929e+00 3.408874460563990905e+00 3.469292175144817580e+00
1.179999999999999938e+00 3.408774345704789432e+00 3.469267892235045281e+00
1.189999999999999947e+00 3.408652852505347219e+00 3.469242683335640898e+00
1.199999999999999956e+00 3.408549057339557820e+00 3.469182091075054153e+00
1.209999999999999964e+00 3.408386148898884915e+00 3.469107486998751266e+00
1.219999999999999973e+00 3.408259675641307496e+00 3.469008313975086466e+00
1.229999999999999982e+00 3.408226292777717603e+00 3.468986962403595165e+00
1.239999999999999991e+00 3.408168524958126611e+00 3.468936191385752821e+00
1.250000000000000000e+00 3.408145651771868678e+00 3.468930356338177923e+00
1.260000000000000009e+00 3.407980037419752861e+00 3.468752372949166940e+00
1.270000000000000018e+00 3.407942746594967431e+00 3.468732449246822114e+00
1.280000000000000027e+00 3.407932749518737481e+00 3.468719933801308386e+00
1.290000000000000036e+00 3.407924314511385333e+00 3.468710898844633128e+00
1.300000000000000044e+00 3.407856881529907511e+00 3.468705018909354898e+00
1.310000000000000053e+00 3.407856881529907511e+00 3.468705018909354898e+00
1.320000000000000062e+00 3.407856881529907511e+00 3.468705018909354898e+00
1.330000000000000071e+00 3.407856881529907511e+00 3.468705018909354898e+00
1.340000000000000080e+00 3.407856881529907511e+00 3.468705018909354898e+00
1.350000000000000089e+00 3.407877728297511233e+00 3.468586448762615682e+00
1.360000000000000098e+00 3.407880073216669192e+00 3.468572902766950516e+00
1.370000000000000107e+00 3.407885436556815861e+00 3.468234538528442990e+00
1.380000000000000115e+00 3.407892421341997213e+00 3.467642746428388101e+00
1.390000000000000124e+00 3.407828625729819816e+00 3.467284228731850160e+00
1.400000000000000133e+00 3.407800283652867357e+00 3.467101975000772995e+00
1.409999999999999920e+00 3.407640260328424819e+00 3.466800646158086696e+00
1.419999999999999929e+00 3.407465341910774992e+00 3.466474309473578597e+00
1.429999999999999938e+00 3.407350507108165782e+00 3.465698505562351261e+00
1.439999999999999947e+00 3.407211932846564650e+00 3.465061438177567510e+00
1.449999999999999956e+00 3.407129640057213749e+00 3.464765181176535869e+00
1.459999999999999964e+00 3.407034338501925941e+00 3.464560312791828967e+00
1.469999999999999973e+00 3.406848024983446521e+00 3.464250122418363276e+00
1.479999999999999982e+00 3.406774424665686141e+00 3.464099013830903573e+00
1.489999999999999991e+00 3.406687506773305785e+00 3.464039636771844677e+00
1.500000000000000000e+00 3.406635566449704555e+00 3.464023353743013622e+00
1.510000000000000009e+00 3.406451598350313414e+00 3.463870660870763896e+00
1.520000000000000018e+00 3.406346957538061382e+00 3.463760037157602056e+00
1.530000000000000027e+00 3.406011935380793165e+00 3.463513932300709808e+00
1.540000000000000036e+00 3.405813250634511125e+00 3.463449007618585984e+00
1.550000000000000044e+00 3.405661388928279631e+00 3.463408095100536155e+00
1.560000000000000053e+00 3.405247939917704247e+00 3.463321364600995711e+00
1.570000000000000062e+00 3.404851394648468421e+00 3.463257887864195972e+00
1.580000000000000071e+00 3.404183251000240329e+00 3.463160195345089232e+00
1.590000000000000080e+00 3.403837266749578205e+00 3.463066179519457499e+00
1.600000000000000089e+00 3.403476399870156932e+00 3.463005907363653435e+00
1.610000000000000098e+00 3.403259264004719675e+00 3.462907001745211488e+00
1.620000000000000107e+00 3.403170193807240285e+00 3.462854745400790524e+00
1.630000000000000115e+00 3.402925093751919317e+00 3.462772043847072378e+00
1.640000000000000124e+00 3.402776758966960635e+00 3.462698070034465836e+00
1.650000000000000133e+00 3.402414843539477207e+00 3.462517379880666102e+00
1.660000000000000142e+00 3.402009254622743395e+00 3.462285748300268029e+00
1.669999999999999929e+00 3.401569543613745861e+00 3.462134621453926808e+00
1.679999999999999938e+00 3.401244272839122562e+00 3.461954381001895786e+00
1.689999999999999947e+00 3.401173336886364140e+00 3.461846915703815419e+00
1.699999999999999956e+00 3.400883904156130733e+00 3.461598598399716842e+00
1.709999999999999964e+00 3.400745419465229791e+00 3.461511430424525582e+00
1.719999999999999973e+00 3.400666724540791108e+00 3.461385156233706795e+00
1.729999999999999982e+00 3.400404428236668775e+00 3.460967788941676115e+00
1.739999999999999991e+00 3.400133500259303609e+00 3.460589271185017246e+00
1.750000000000000000e+00 3.399903000811514531e+00 3.460271309596124389e+00
1.760000000000000009e+00 3.399570586226210889e+00 3.459859747988953682e+00
1.770000000000000018e+00 3.399549962814504500e+00 3.459472209393327891e+00
1.780000000000000027e+00 3.399337881364923764e+00 3.459027776017087330e+00
1.790000000000000036e+00 3.399124235927646343e+00 3.458725544445927280e+00
1.800000000000000044e+00 3.399051816101521517e+00 3.458523507704287070e+00
1.810000000000000053e+00 3.398856016501686561e+00 3.458205465226867226e+00
1.820000000000000062e+00 3.398661553609413133e+00 3.457907241771179585e+00
1.830000000000000071e+00 3.398294179240421098e+00 3.457647307180210294e+00
1.840000000000000080e+00 3.398035763836004808e+00 3.457471097421548567e+00
1.850000000000000089e+00 3.397554322661718196e+00 3.457418193789163929e+00
1.860000000000000098e+00 3.397031609662657825e+00 3.457400461264962477e+00
1.870000000000000107e+00 3.396599226164243479e+00 3.457414216547586516e+00
1.880000000000000115e+00 3.396140684709691993e+00 3.457468921298838094e+00
1.890000000000000124e+00 3.395567686861150847e+00 3.457376307551271566e+00
1.900000000000000133e+00 3.394592490066662638e+00 3.457814867654665836e+00
1.910000000000000142e+00 3.393501302891432037e+00 3.458495601829828292e+00
1.919999999999999929e+00 3.392976741289732256e+00 3.458993567180993711e+00
1.929999999999999938e+00 3.391926437871745303e+00 3.460147044503399716e+00
1.939999999999999947e+00 3.391064791468898942e+00 3.461622473941524003e+00
1.949999999999999956e+00 3.390421471598621395e+00 3.462661897117618182e+00
1.959999999999999964e+00 3.389881091312820782e+00 3.463692365708892051e+00
1.969999999999999973e+00 3.389487015582953955e+00 3.464302876208389836e+00
1.979999999999999982e+00 3.388972371182626286e+00 3.465249633498007409e+00
1.989999999999999991e+00 3.388923856617890085e+00 3.465476454856909694e+00
2.000000000000000000e+00 3.388720524083669972e+00 3.465832685192529183e+00
2.010000000000000231e+00 3.388389700669196980e+00 3.465983786088081775e+00
2.020000000000000018e+00 3.388004659401528507e+00 3.466252022317298120e+00
2.030000000000000249e+00 3.387617489179238550e+00 3.466400297652616924e+00
2.040000000000000036e+00 3.387106070335584196e+00 3.466549669973177483e+00
2.049999999999999822e+00 3.386906340786210112e+00 3.466684380630263629e+00
2.060000000000000053e+00 3.386352674350040282e+00 3.468157156983120437e+00
2.069999999999999840e+00 3.385818305117976657e+00 3.468968099324810872e+00
2.080000000000000071e+00 3.384128226115041382e+00 3.472121610058016561e+00
2.089999999999999858e+00 3.382552339832570976e+00 3.475161207750055770e+00
2.100000000000000089e+00 3.381084114958422759e+00 3.477631635821682998e+00
2.109999999999999876e+00 3.379788350447592293e+00 3.479340212694230772e+00
2.120000000000000107e+00 3.378948345659378294e+00 3.480308646160957142e+00
2.129999999999999893e+00 3.378118007728553529e+00 3.481231881449722287e+00
2.140000000000000124e+00 3.377224883371156228e+00 3.482175031499105788e+00
2.149999999999999911e+00 3.375860827236580874e+00 3.483628583545279156e+00
2.160000000000000142e+00 3.375075480186490839e+00 3.484540877612085641e+00
2.169999999999999929e+00 3.374151419287801268e+00 3.486158107074618151e+00
2.180000000000000160e+00 3.371993387474554904e+00 3.489772475600701807e+00
2.189999999999999947e+00 3.370424289101249915e+00 3.492734524999968837e+00
2.200000000000000178e+00 3.369363730876700380e+00 3.495141596915467552e+00
2.209999999999999964e+00 3.368792083048175900e+00 3.496358058381725531e+00
2.220000000000000195e+00 3.368654714667300709e+00 3.496705894167919659e+00
2.229999999999999982e+00 3.368014630270407928e+00 3.497560193633629133e+00
2.240000000000000213e+00 3.367948819086084455e+00 3.497574058859815871e+00
2.250000000000000000e+00 3.367408063405095575e+00 3.498641817933977549e+00
2.260000000000000231e+00 3.366575391338090473e+00 3.499954091107626564e+00
2.270000000000000018e+00 3.366257030817959350e+00 3.500136250160243545e+00
2.280000000000000249e+00 3.366038631326034203e+00 3.500073557447121342e+00
2.290000000000000036e+00 3.366203451206248864e+00 3.500030966928440179e+00
2.300000000000000266e+00 3.366192260587619334e+00 3.499995041119648764e+00
2.310000000000000053e+00 3.366144998159850132e+00 3.499994292230164561e+00
2.319999999999999840e+00 3.365170271096459054e+00 3.501435302510031988e+00
2.330000000000000071e+00 3.364731381038732039e+00 3.502200601530962132e+00
2.339999999999999858e+00 3.363879013505277182e+00 3.503861894020739332e+00
2.350000000000000089e+00 3.362700510758500627e+00 3.506222721420187760e+00
2.359999999999999876e+00 3.361493984862185425e+00 3.508655852002286135e+00
2.370000000000000107e+00 3.360178588725326598e+00 3.511284277485611227e+00
2.379999999999999893e+00 3.357832452421896097e+00 3.516358698639161506e+00
2.390000000000000124e+00 3.356013065603423939e+00 3.520766253015350067e+00
2.399999999999999911e+00 3.355350296625728035e+00 3.523242942920093768e+00
2.410000000000000142e+00 3.355042397948817978e+00 3.524023984554691680e+00
2.419999999999999929e+00 3.354756880578192213e+00 3.524511357413140811e+00
2.430000000000000160e+00 3.354521855844661893e+00 3.524235152378871305e+00
2.439999999999999947e+00 3.354371628557857310e+00 3.524190878456417320e+00
2.450000000000000178e+00 3.353948525249938584e+00 3.524400861141701036e+00
2.459999999999999964e+00 3.352660304244275302e+00 3.526181265322451353e+00
2.470000000000000195e+00 3.352733016878247874e+00 3.525131989716410175e+00
2.479999999999999982e+00 3.353142667849686731e+00 3.522633429161879270e+00
2.490000000000000213e+00 3.352643490063027976e+00 3.520087902940435498e+00
2.500000000000000000e+00 3.351977690784979202e+00 3.518302050592851060e+00
2.510000000000000231e+00 3.347777430796207376e+00 3.519764827661930440e+00
2.520000000000000018e+00 3.345422936529221847e+00 3.519652952032980675e+00
2.530000000000000249e+00 3.341219365980243161e+00 3.522493937476062875e+00
2.540000000000000036e+00 3.332333725786131406e+00 3.527395661816675076e+00
2.550000000000000266e+00 3.319629343035010560e+00 3.534808628699990241e+00
2.560000000000000053e+00 3.311088265512444284e+00 3.538805695249579220e+00
2.569999999999999840e+00 3.296397142045752293e+00 3.544834533135636345e+00
2.580000000000000071e+00 3.285382497511946553e+00 3.550509612263597070e+00
2.589999999999999858e+00 3.275729136119806650e+00 3.555087332018887825e+00
2.600000000000000089e+00 3.268788517569794383e+00 3.560528956504569020e+00
2.609999999999999876e+00 3.267166315103493535e+00 3.563890600427665145e+00
2.620000000000000107e+00 3.263963445656919760e+00 3.567504691635941860e+00
2.629999999999999893e+00 3.262493677260512648e+00 3.572186268175011392e+00
2.640000000000000124e+00 3.259639176870029686e+00 3.576984674372035933e+00
2.649999999999999911e+00 3.256247006692218449e+00 3.580489060626697473e+00
2.660000000000000142e+00 3.255944589396805977e+00 3.583430339177756441e+00
2.669999999999999929e+00 3.256210771186920372e+00 3.587771249162582610e+00
2.680000000000000160e+00 3.254730348098023640e+00 3.592027931988493350e+00
2.689999999999999947e+00 3.257628521973018998e+00 3.595795845745677788e+00
2.700000000000000178e+00 3.258716341935228300e+00 3.599167454561163382e+00
2.709999999999999964e+00 3.259222043162609328e+00 3.605383479417537895e+00
2.720000000000000195e+00 3.246887312932138947e+00 3.614601639790410381e+00
2.729999999999999982e+00 3.238315461119374739e+00 3.622420550023355723e+00
2.740000000000000213e+00 3.205741436468704020e+00 3.640742678483383177e+00
2.750000000000000000e+00 3.165423268914745680e+00 3.657336828607989698e+00
2.760000000000000231e+00 3.151273806485593632e+00 3.665804957895814731e+00
2.770000000000000018e+00 3.146824165259213046e+00 3.674824376672892967e+00
2.780000000000000249e+00 3.140457662203290923e+00 3.684041922066232821e+00
2.790000000000000036e+00 3.135856746854507549e+00 3.696059831548011765e+00
2.800000000000000266e+00 3.138280172732366147e+00 3.709434190499292683e+00
2.810000000000000053e+00 3.146214569863645671e+00 3.719755301910073975e+00
2.819999999999999840e+00 3.180740697770508163e+00 3.728693936919776242e+00
2.830000000000000071e+00 3.221400267343813351e+00 3.733820543160146332e+00
2.839999999999999858e+00 3.279311276301553058e+00 3.732917469697783375e+00
2.850000000000000089e+00 3.300097623438802863e+00 3.739051410288842803e+00
2.859999999999999876e+00 3.316738491312017700e+00 3.748297188462266227e+00
2.870000000000000107e+00 3.331441678055560018e+00 3.762252458378041453e+00
2.879999999999999893e+00 3.345180869884252672e+00 3.779221671343088396e+00
2.890000000000000124e+00 3.365191325383873888e+00 3.795458791221884454e+00
2.899999999999999911e+00 3.379724313442643790e+00 3.811846584789816639e+00
2.910000000000000142e+00 3.396810007100959261e+00 3.829479103440384335e+00
2.919999999999999929e+00 3.414824440273625861e+00 3.847412139521257934e+00
2.930000000000000160e+00 3.437598342204691626e+00 3.867025689987539039e+00
2.939999999999999947e+00 3.466379082714664328e+00 3.886837875560177125e+00
2.950000000000000178e+00 3.493782486589236846e+00 3.902978753845410154e+00
2.959999999999999964e+00 3.528832152834213698e+00 3.917954541864120177e+00
2.970000000000000195e+00 3.567860425372247679e+00 3.929645070638532633e+00
2.979999999999999982e+00 3.616431891185640346e+00 3.936906928399205974e+00
2.990000000000000213e+00 3.685610164340069161e+00 3.932143362461993696e+00
3.000000000000000000e+00 3.824850746982427996e+00 3.866680602285531787e+00
