0.000000000000000000e+00 2.185544640460610477e-01
1.000000000000000021e-02 7.857548202121257264e-01
2.000000000000000042e-02 7.857548202121257264e-01
2.999999999999999889e-02 7.857548202121257264e-01
4.000000000000000083e-02 1.884910359562635529e+00
5.000000000000000278e-02 1.884779057677984149e+00
5.999999999999999778e-02 1.884672498840093580e+00
7.000000000000000666e-02 1.884515786970853757e+00
8.000000000000000167e-02 1.884394187190532755e+00
8.999999999999999667e-02 1.884544451422691447e+00
1.000000000000000056e-01 1.884953292200565400e+00
1.100000000000000006e-01 1.885788504705429025e+00
1.199999999999999956e-01 1.886180497133731926e+00
1.300000000000000044e-01 1.886230976793765945e+00
1.400000000000000133e-01 1.886241419643163608e+00
1.499999999999999944e-01 1.943015229933261923e+00
1.600000000000000033e-01 3.036913543579578434e+00
1.700000000000000122e-01 3.545397496399879333e+00
1.799999999999999933e-01 3.556573859503269208e+00
1.900000000000000022e-01 3.556618556439876677e+00
2.000000000000000111e-01 3.555251590070724443e+00
2.099999999999999922e-01 3.553093674640655397e+00
2.200000000000000011e-01 3.552420194001197906e+00
2.300000000000000100e-01 3.551545172622204039e+00
2.399999999999999911e-01 3.551356157050132634e+00
2.500000000000000000e-01 3.550984690485000428e+00
2.600000000000000089e-01 3.551094357936382284e+00
2.700000000000000178e-01 3.553109945464134167e+00
2.800000000000000266e-01 3.555721119003295794e+00
2.899999999999999800e-01 3.560597864289283709e+00
2.999999999999999889e-01 3.562259759995937358e+00
3.099999999999999978e-01 3.560932839741707046e+00
3.200000000000000067e-01 3.557789008677005871e+00
3.300000000000000155e-01 3.553248328948020784e+00
3.400000000000000244e-01 3.548223975539207320e+00
3.500000000000000333e-01 3.538022161157130974e+00
3.599999999999999867e-01 3.525098051743507543e+00
3.699999999999999956e-01 3.496516281111240243e+00
3.800000000000000044e-01 3.453950916290283057e+00
3.900000000000000133e-01 3.375334006035327850e+00
4.000000000000000222e-01 3.317764366536140486e+00
4.100000000000000311e-01 3.254563663902282578e+00
4.199999999999999845e-01 3.202665261011123476e+00
4.299999999999999933e-01 3.181975947520732984e+00
4.400000000000000022e-01 3.172298279314041292e+00
4.500000000000000111e-01 3.166846888742446797e+00
4.600000000000000200e-01 3.164614591550826805e+00
4.700000000000000289e-01 3.160563883008956854e+00
4.799999999999999822e-01 3.160105024282932273e+00
4.899999999999999911e-01 3.161684975714683432e+00
5.000000000000000000e-01 3.162676543703079268e+00
5.100000000000000089e-01 3.164284585022926422e+00
5.200000000000000178e-01 3.167416503911018477e+00
5.300000000000000266e-01 3.169882283446788573e+00
5.400000000000000355e-01 3.173179590229988190e+00
5.500000000000000444e-01 3.177262298159599485e+00
5.600000000000000533e-01 3.181237416245937144e+00
5.700000000000000622e-01 3.186713139171600151e+00
5.799999999999999600e-01 3.193067266807556148e+00
5.899999999999999689e-01 3.198270878968239028e+00
5.999999999999999778e-01 3.202432166852950957e+00
6.099999999999999867e-01 3.206784341130256788e+00
6.199999999999999956e-01 3.211650660879612040e+00
6.300000000000000044e-01 3.215876655685901753e+00
6.400000000000000133e-01 3.219771955478191394e+00
6.500000000000000222e-01 3.223155234332084618e+00
6.600000000000000311e-01 3.225494300720691765e+00
6.700000000000000400e-01 3.227060803167820069e+00
6.800000000000000488e-01 3.228566955409049921e+00
6.900000000000000577e-01 3.229725660295486467e+00
7.000000000000000666e-01 3.230806000456809990e+00
7.099999999999999645e-01 3.232039287922382265e+00
7.199999999999999734e-01 3.232922830605506892e+00
7.299999999999999822e-01 3.233797634105682217e+00
7.399999999999999911e-01 3.234509451997280127e+00
7.500000000000000000e-01 3.235109371249675903e+00
7.600000000000000089e-01 3.235512769174575975e+00
7.700000000000000178e-01 3.235820124588012714e+00
7.800000000000000266e-01 3.236088952405452801e+00
7.900000000000000355e-01 3.236278629214763836e+00
8.000000000000000444e-01 3.236463495905399501e+00
8.100000000000000533e-01 3.236568180875778022e+00
8.200000000000000622e-01 3.236778164877891495e+00
8.300000000000000711e-01 3.237006756882667702e+00
8.399999999999999689e-01 3.237247788207530785e+00
8.499999999999999778e-01 3.237571697111129687e+00
8.599999999999999867e-01 3.237838610491752700e+00
8.699999999999999956e-01 3.238131955373287241e+00
8.800000000000000044e-01 3.238399626624584027e+00
8.900000000000000133e-01 3.238520805149078363e+00
9.000000000000000222e-01 3.238673229155540678e+00
9.100000000000000311e-01 3.238899297213554185e+00
9.200000000000000400e-01 3.239055933880806037e+00
9.300000000000000488e-01 3.239463843576908086e+00
9.400000000000000577e-01 3.239889296863079249e+00
9.500000000000000666e-01 3.240270257434844758e+00
9.599999999999999645e-01 3.240637554581165425e+00
9.699999999999999734e-01 3.241092373566627494e+00
9.799999999999999822e-01 3.241377019128799386e+00
9.899999999999999911e-01 3.241710285305976935e+00
1.000000000000000000e+00 3.241963250477314151e+00
1.010000000000000009e+00 3.242203507690429642e+00
1.020000000000000018e+00 3.242407055859565901e+00
1.030000000000000027e+00 3.242558676507472981e+00
1.040000000000000036e+00 3.242661845042705604e+00
1.050000000000000044e+00 3.242745761599540533e+00
1.060000000000000053e+00 3.242860120592117479e+00
1.070000000000000062e+00 3.242912930438518693e+00
1.080000000000000071e+00 3.243014424014091457e+00
1.090000000000000080e+00 3.243054298303127414e+00
1.100000000000000089e+00 3.243131441464424114e+00
1.110000000000000098e+00 3.243163702666759463e+00
1.120000000000000107e+00 3.243190488114357173e+00
1.130000000000000115e+00 3.243230101647376795e+00
1.140000000000000124e+00 3.243242309391498601e+00
1.150000000000000133e+00 3.243247983081340990e+00
1.159999999999999920e+00 3.243254366395473376e+00
1.169999999999999929e+00 3.243255433671474286e+00
1.179999999999999938e+00 3.243249742860794260e+00
1.189999999999999947e+00 3.243240929942130979e+00
1.199999999999999956e+00 3.243234946513176009e+00
1.209999999999999964e+00 3.243231436512470367e+00
1.219999999999999973e+00 3.243218659114837532e+00
1.229999999999999982e+00 3.243183744902610854e+00
1.239999999999999991e+00 3.243151749997139177e+00
1.250000000000000000e+00 3.243084304802417606e+00
1.260000000000000009e+00 3.243047425560951158e+00
1.270000000000000018e+00 3.242976817290783131e+00
1.280000000000000027e+00 3.242914558162689254e+00
1.290000000000000036e+00 3.242845352063179032e+00
1.300000000000000044e+00 3.242795872788429179e+00
1.310000000000000053e+00 3.242784419143200036e+00
1.320000000000000062e+00 3.242771975769996651e+00
1.330000000000000071e+00 3.242754618124962018e+00
1.340000000000000080e+00 3.242752625806331501e+00
1.350000000000000089e+00 3.242722701742648983e+00
1.360000000000000098e+00 3.242711364061832580e+00
1.370000000000000107e+00 3.242672570090293860e+00
1.380000000000000115e+00 3.242630796730518128e+00
1.390000000000000124e+00 3.242618423633575553e+00
1.400000000000000133e+00 3.242614564154147949e+00
1.409999999999999920e+00 3.242614564154147949e+00
1.419999999999999929e+00 3.242615536580085944e+00
1.429999999999999938e+00 3.242615531010627716e+00
1.439999999999999947e+00 3.242613666298389319e+00
1.449999999999999956e+00 3.242613860783576829e+00
1.459999999999999964e+00 3.242612858207226001e+00
1.469999999999999973e+00 3.242617841804027456e+00
1.479999999999999982e+00 3.242616704270839811e+00
1.489999999999999991e+00 3.242618122155666249e+00
1.500000000000000000e+00 3.242615893914699399e+00
1.510000000000000009e+00 3.242612669165134243e+00
1.520000000000000018e+00 3.242604976730346866e+00
1.530000000000000027e+00 3.242590835647582992e+00
1.540000000000000036e+00 3.242578909397125120e+00
1.550000000000000044e+00 3.242565132734775535e+00
1.560000000000000053e+00 3.242554281830787755e+00
1.570000000000000062e+00 3.242548776698112700e+00
1.580000000000000071e+00 3.242547746701240463e+00
1.590000000000000080e+00 3.242546777565479488e+00
1.600000000000000089e+00 3.242548591229915456e+00
1.610000000000000098e+00 3.242554186670780325e+00
1.620000000000000107e+00 3.242557506957054247e+00
1.630000000000000115e+00 3.242558656504154424e+00
1.640000000000000124e+00 3.242559631478786564e+00
1.650000000000000133e+00 3.242569724159240607e+00
1.660000000000000142e+00 3.242571340074539066e+00
1.669999999999999929e+00 3.242574179334640316e+00
1.679999999999999938e+00 3.242579836857319098e+00
1.689999999999999947e+00 3.242579874594211375e+00
1.699999999999999956e+00 3.242585511987209124e+00
1.709999999999999964e+00 3.242599676270484732e+00
1.719999999999999973e+00 3.242607672388553741e+00
1.729999999999999982e+00 3.242618438618183330e+00
1.739999999999999991e+00 3.242636250634193473e+00
1.750000000000000000e+00 3.242659088687896762e+00
1.760000000000000009e+00 3.242669161329269301e+00
1.770000000000000018e+00 3.242695191454887382e+00
1.780000000000000027e+00 3.242714121129512961e+00
1.790000000000000036e+00 3.242777856178283624e+00
1.800000000000000044e+00 3.242831064958572540e+00
1.810000000000000053e+00 3.242970532031059339e+00
1.820000000000000062e+00 3.243177637286186243e+00
1.830000000000000071e+00 3.243346793661117555e+00
1.840000000000000080e+00 3.243578208143711006e+00
1.850000000000000089e+00 3.243776429567337249e+00
1.860000000000000098e+00 3.243967542653083846e+00
1.870000000000000107e+00 3.244215227882861985e+00
1.880000000000000115e+00 3.244413416841029907e+00
1.890000000000000124e+00 3.244594696366787101e+00
1.900000000000000133e+00 3.244804062252044652e+00
1.910000000000000142e+00 3.245115830426215986e+00
1.919999999999999929e+00 3.245253052439689423e+00
1.929999999999999938e+00 3.245362886528968982e+00
1.939999999999999947e+00 3.245506584107875625e+00
1.949999999999999956e+00 3.245638496749401192e+00
1.959999999999999964e+00 3.245768306267261316e+00
1.969999999999999973e+00 3.245895197863578829e+00
1.979999999999999982e+00 3.245917452638149125e+00
1.989999999999999991e+00 3.245860541632175522e+00
2.000000000000000000e+00 3.245960833177566673e+00
2.010000000000000231e+00 3.246070462310314042e+00
2.020000000000000018e+00 3.246249577994346769e+00
2.030000000000000249e+00 3.246309410555362707e+00
2.040000000000000036e+00 3.246119777154922392e+00
2.049999999999999822e+00 3.245992651317119559e+00
2.060000000000000053e+00 3.245986959073543510e+00
2.069999999999999840e+00 3.245979323856830412e+00
2.080000000000000071e+00 3.246228312110901015e+00
2.089999999999999858e+00 3.246442886497974190e+00
2.100000000000000089e+00 3.249730000965595167e+00
2.109999999999999876e+00 3.252850076389312672e+00
2.120000000000000107e+00 3.256720363688468733e+00
2.129999999999999893e+00 3.263205665769576935e+00
2.140000000000000124e+00 3.267750282495021974e+00
2.149999999999999911e+00 3.277222961125374034e+00
2.160000000000000142e+00 3.298902106418609481e+00
2.169999999999999929e+00 3.319256615729332172e+00
2.180000000000000160e+00 3.341207282574176762e+00
2.189999999999999947e+00 3.374880987794399267e+00
2.200000000000000178e+00 3.422970142157077955e+00
2.209999999999999964e+00 3.468289009082317520e+00
2.220000000000000195e+00 3.527439765837192542e+00
2.229999999999999982e+00 3.604243401370048616e+00
2.240000000000000213e+00 3.689245178830623750e+00
2.250000000000000000e+00 3.759998143467903287e+00
2.260000000000000231e+00 3.815602306773662633e+00
2.270000000000000018e+00 3.858345488021373892e+00
2.280000000000000249e+00 3.889181220312118548e+00
2.290000000000000036e+00 3.905540660665035357e+00
2.300000000000000266e+00 3.912111598720550365e+00
2.310000000000000053e+00 3.915031117544174322e+00
2.319999999999999840e+00 3.916972283828258572e+00
2.330000000000000071e+00 3.919131005680561053e+00
2.339999999999999858e+00 3.921241440374851006e+00
2.350000000000000089e+00 3.922349510560035668e+00
2.359999999999999876e+00 3.922336882803440172e+00
2.370000000000000107e+00 3.922920025136470645e+00
2.379999999999999893e+00 3.923767317583561010e+00
2.390000000000000124e+00 3.924002864842414784e+00
2.399999999999999911e+00 3.924321509971618660e+00
2.410000000000000142e+00 3.924570847060680379e+00
2.419999999999999929e+00 3.924822579050064153e+00
2.430000000000000160e+00 3.925733122370242967e+00
2.439999999999999947e+00 3.926228042640686144e+00
2.450000000000000178e+00 3.926566464030742498e+00
2.459999999999999964e+00 3.926624821486472960e+00
2.470000000000000195e+00 3.926725709221363214e+00
2.479999999999999982e+00 3.927094935743808968e+00
2.490000000000000213e+00 3.927207677328586666e+00
2.500000000000000000e+00 3.927303730890750799e+00
2.510000000000000231e+00 3.927328550531864249e+00
2.520000000000000018e+00 3.927316881217956634e+00
2.530000000000000249e+00 3.927244975419044604e+00
2.540000000000000036e+00 3.926825095674991495e+00
2.550000000000000266e+00 3.926762912993431165e+00
2.560000000000000053e+00 3.926714309887886056e+00
2.569999999999999840e+00 3.926575188367366742e+00
2.580000000000000071e+00 3.926422244296074116e+00
2.589999999999999858e+00 3.926323940801620616e+00
2.600000000000000089e+00 3.926130834600925379e+00
2.609999999999999876e+00 3.926036455473899789e+00
2.620000000000000107e+00 3.925925471339225759e+00
2.629999999999999893e+00 3.925718410465717234e+00
2.640000000000000124e+00 3.925576355350017366e+00
2.649999999999999911e+00 3.925460419640541154e+00
2.660000000000000142e+00 3.925327391786575415e+00
2.669999999999999929e+00 3.925233646404743038e+00
2.680000000000000160e+00 3.925058211150169285e+00
2.689999999999999947e+00 3.924829141190051995e+00
2.700000000000000178e+00 3.924695189197063616e+00
2.709999999999999964e+00 3.924335597133636444e+00
2.720000000000000195e+00 3.924292061495780803e+00
2.729999999999999982e+00 3.924258317894935733e+00
2.740000000000000213e+00 3.924084689998626807e+00
2.750000000000000000e+00 3.923935146572589794e+00
2.760000000000000231e+00 3.923517393441200429e+00
2.770000000000000018e+00 3.922994928512573143e+00
2.780000000000000249e+00 3.922737488081455393e+00
2.790000000000000036e+00 3.922652321782112317e+00
2.800000000000000266e+00 3.922294896388053953e+00
2.810000000000000053e+00 3.922138728859424717e+00
2.819999999999999840e+00 3.921480024015903343e+00
2.830000000000000071e+00 3.920805089406967259e+00
2.839999999999999858e+00 3.917630430359840599e+00
2.850000000000000089e+00 3.914851117427349259e+00
2.859999999999999876e+00 3.913377165107727151e+00
2.870000000000000107e+00 3.911650199620723800e+00
2.879999999999999893e+00 3.910437790157795135e+00
2.890000000000000124e+00 3.908921387257576097e+00
2.899999999999999911e+00 3.905346549537181744e+00
2.910000000000000142e+00 3.872129832034111097e+00
2.919999999999999929e+00 3.694029646301269398e+00
2.930000000000000160e+00 3.287316155894994818e+00
2.939999999999999947e+00 2.101504750057459070e+00
2.950000000000000178e+00 1.605479058525562275e+00
2.959999999999999964e+00 1.556243109800815594e+00
2.970000000000000195e+00 1.569704632548093892e+00
2.979999999999999982e+00 1.677988349014520653e+00
2.990000000000000213e+00 2.421130917676687311e+00
3.000000000000000000e+00 3.696573687660694052e+00
