0.000000000000000000e+00 2.120368769214636129e-01 2.250720511706584825e-01
1.000000000000000021e-02 7.712013492093231504e-01 8.003082912149283024e-01
2.000000000000000042e-02 7.712013492093231504e-01 8.003082912149283024e-01
2.999999999999999889e-02 7.712013492093231504e-01 8.003082912149283024e-01
4.000000000000000083e-02 1.825905144677177017e+00 1.943915574448094041e+00
5.000000000000000278e-02 1.825841954418063962e+00 1.943716160937904336e+00
5.999999999999999778e-02 1.825712342281803124e+00 1.943632655398384035e+00
7.000000000000000666e-02 1.825491402560635690e+00 1.943540171381071824e+00
8.000000000000000167e-02 1.825173770066518042e+00 1.943614604314547467e+00
8.999999999999999667e-02 1.825153847271338226e+00 1.943935055574044668e+00
1.000000000000000056e-01 1.824956543675076315e+00 1.944950040726054485e+00
1.100000000000000006e-01 1.824594549348959927e+00 1.946982460061898124e+00
1.199999999999999956e-01 1.824457109104122843e+00 1.947903885163341009e+00
1.300000000000000044e-01 1.824488827412336756e+00 1.947973126175195135e+00
1.400000000000000133e-01 1.824481087008913871e+00 1.948001752277413345e+00
1.499999999999999944e-01 1.642718629815415721e+00 2.243311830051108124e+00
1.600000000000000033e-01 2.254820617750698197e+00 3.819006469408458671e+00
1.700000000000000122e-01 3.373006621779370828e+00 3.717788371020387839e+00
1.799999999999999933e-01 3.445392604175662399e+00 3.667755114830876018e+00
1.900000000000000022e-01 3.445512086288852416e+00 3.667725026590900939e+00
2.000000000000000111e-01 3.445847784793251378e+00 3.664655395348197509e+00
2.099999999999999922e-01 3.446379831780617131e+00 3.659807517500693663e+00
2.200000000000000011e-01 3.448060196996880489e+00 3.656780191005515324e+00
2.300000000000000100e-01 3.448764947810357029e+00 3.654325397434051048e+00
2.399999999999999911e-01 3.449909158810557042e+00 3.652803155289708226e+00
2.500000000000000000e-01 3.452035684145393191e+00 3.649933696824607665e+00
2.600000000000000089e-01 3.456265108451264556e+00 3.645923607421500012e+00
2.700000000000000178e-01 3.459641756279554059e+00 3.646578134648714276e+00
2.800000000000000266e-01 3.462328981284934937e+00 3.649113256721656651e+00
2.899999999999999800e-01 3.467116055436749722e+00 3.654079673141817697e+00
2.999999999999999889e-01 3.468183062075900214e+00 3.656336457915974503e+00
3.099999999999999978e-01 3.465007246257137297e+00 3.656858433226276794e+00
3.200000000000000067e-01 3.456951629337821075e+00 3.658626388016190667e+00
3.300000000000000155e-01 3.444737968673076356e+00 3.661758689222965213e+00
3.400000000000000244e-01 3.427511931759567254e+00 3.668936019318847386e+00
3.500000000000000333e-01 3.402036069904295079e+00 3.674008252409966868e+00
3.599999999999999867e-01 3.372625411094746450e+00 3.677570692392268636e+00
3.699999999999999956e-01 3.324991140761561326e+00 3.668041421460919160e+00
3.800000000000000044e-01 3.265001359476347176e+00 3.642900473104218939e+00
3.900000000000000133e-01 3.173155727612142041e+00 3.577512284458513658e+00
4.000000000000000222e-01 3.119799131475109455e+00 3.515729601597171516e+00
4.100000000000000311e-01 3.082114037181260535e+00 3.427013290623304620e+00
4.199999999999999845e-01 3.064518656554753306e+00 3.340811865467493647e+00
4.299999999999999933e-01 3.066385447255939756e+00 3.297566447785526211e+00
4.400000000000000022e-01 3.070108797810293222e+00 3.274487760817789361e+00
4.500000000000000111e-01 3.073484499788194935e+00 3.260209277696698660e+00
4.600000000000000200e-01 3.076842885093997282e+00 3.252386298007656329e+00
4.700000000000000289e-01 3.081648758385928222e+00 3.239479007631985485e+00
4.799999999999999822e-01 3.084808293539952118e+00 3.235401755025912429e+00
4.899999999999999911e-01 3.090815694726354312e+00 3.232554256703012552e+00
5.000000000000000000e-01 3.102973769680703597e+00 3.222379317725454939e+00
5.100000000000000089e-01 3.110165834211571223e+00 3.218403335834281620e+00
5.200000000000000178e-01 3.116760833662867825e+00 3.218072174159169130e+00
5.300000000000000266e-01 3.121182183678754996e+00 3.218582383214822151e+00
5.400000000000000355e-01 3.125023380976938991e+00 3.221335799483037388e+00
5.500000000000000444e-01 3.129413334905900346e+00 3.225111261413298624e+00
5.600000000000000533e-01 3.133486666543804144e+00 3.228988165948070144e+00
5.700000000000000622e-01 3.139514166766185888e+00 3.233912111577014414e+00
5.799999999999999600e-01 3.147090369312074198e+00 3.239044164303038098e+00
5.899999999999999689e-01 3.153545741730379603e+00 3.242996016206098453e+00
5.999999999999999778e-01 3.159207642535814653e+00 3.245656691170087260e+00
6.099999999999999867e-01 3.165242985643397233e+00 3.248325696617116343e+00
6.199999999999999956e-01 3.172597030670178953e+00 3.250704291089045128e+00
6.300000000000000044e-01 3.179354329868058660e+00 3.252398981503744846e+00
6.400000000000000133e-01 3.186030866120158844e+00 3.253513044836223944e+00
6.500000000000000222e-01 3.192398380398282054e+00 3.253912088265887181e+00
6.600000000000000311e-01 3.197035996245641609e+00 3.253952605195741921e+00
6.700000000000000400e-01 3.200220776366526465e+00 3.253900829969113673e+00
6.800000000000000488e-01 3.203193678493196916e+00 3.253940232324902926e+00
6.900000000000000577e-01 3.205744612133559102e+00 3.253706708457413832e+00
7.000000000000000666e-01 3.208144529265332778e+00 3.253467471648287201e+00
7.099999999999999645e-01 3.211107930942621369e+00 3.252970644902143160e+00
7.199999999999999734e-01 3.213121682857637218e+00 3.252723978353376566e+00
7.299999999999999822e-01 3.215111351232259551e+00 3.252483916979104883e+00
7.399999999999999911e-01 3.216838623229370420e+00 3.252180280765189835e+00
7.500000000000000000e-01 3.218523922215184019e+00 3.251694820284167786e+00
7.600000000000000089e-01 3.219410125012622803e+00 3.251615413336529148e+00
7.700000000000000178e-01 3.220083868826167706e+00 3.251556380349857722e+00
7.800000000000000266e-01 3.220640483850435665e+00 3.251537420960469937e+00
7.900000000000000355e-01 3.221030007831161335e+00 3.251527250598366336e+00
8.000000000000000444e-01 3.221376673062375851e+00 3.251550318748423152e+00
8.100000000000000533e-01 3.221572198713775315e+00 3.251564163037780730e+00
8.200000000000000622e-01 3.222000728269345249e+00 3.251555601486437741e+00
8.300000000000000711e-01 3.222479257470382219e+00 3.251534256294953185e+00
8.399999999999999689e-01 3.222964727654389794e+00 3.251530848760671777e+00
8.499999999999999778e-01 3.223629111848872686e+00 3.251514282373386688e+00
8.599999999999999867e-01 3.224231341100106452e+00 3.251445879883398948e+00
8.699999999999999956e-01 3.224899339258630704e+00 3.251364571487943778e+00
8.800000000000000044e-01 3.225358768672362597e+00 3.251440484576805456e+00
8.900000000000000133e-01 3.225614578579678593e+00 3.251427031718478133e+00
9.000000000000000222e-01 3.225946166174129992e+00 3.251400292136951364e+00
9.100000000000000311e-01 3.226223298888407864e+00 3.251575295538700505e+00
9.200000000000000400e-01 3.226310727256350930e+00 3.251801140505261145e+00
9.300000000000000488e-01 3.226820721497094091e+00 3.252106965656722082e+00
9.400000000000000577e-01 3.227299264733570539e+00 3.252479328992587959e+00
9.500000000000000666e-01 3.227568131243754745e+00 3.252972383625934771e+00
9.599999999999999645e-01 3.228123250032736369e+00 3.253151859129594481e+00
9.699999999999999734e-01 3.229022902983552434e+00 3.253161844149702553e+00
9.799999999999999822e-01 3.229653144478065396e+00 3.253100893779533376e+00
9.899999999999999911e-01 3.230441248037664526e+00 3.252979322574289345e+00
1.000000000000000000e+00 3.230995557394060302e+00 3.252930943560568000e+00
1.010000000000000009e+00 3.231464493564607743e+00 3.252942521816251542e+00
1.020000000000000018e+00 3.231867596417959287e+00 3.252946515301172514e+00
1.030000000000000027e+00 3.232191705814793536e+00 3.252925647200152426e+00
1.040000000000000036e+00 3.232408319598378377e+00 3.252915370487032831e+00
1.050000000000000044e+00 3.232585281444527059e+00 3.252906241754554006e+00
1.060000000000000053e+00 3.232849607031027084e+00 3.252870634153207874e+00
1.070000000000000062e+00 3.232987459688564158e+00 3.252838401188473227e+00
1.080000000000000071e+00 3.233267233926731432e+00 3.252761614101451482e+00
1.090000000000000080e+00 3.233369146896349910e+00 3.252739449709904918e+00
1.100000000000000089e+00 3.233591282704998182e+00 3.252671600223850046e+00
1.110000000000000098e+00 3.233679497856120744e+00 3.252647907477398181e+00
1.120000000000000107e+00 3.233752018457495936e+00 3.252628957771218410e+00
1.130000000000000115e+00 3.233872505762986904e+00 3.252587697531766686e+00
1.140000000000000124e+00 3.233894454537879604e+00 3.252590164245117599e+00
1.150000000000000133e+00 3.233905051040622425e+00 3.252590915122059556e+00
1.159999999999999920e+00 3.233916760430302073e+00 3.252591972360644679e+00
1.169999999999999929e+00 3.233918551219226334e+00 3.252592316123722238e+00
1.179999999999999938e+00 3.233933980812480069e+00 3.252565504909108451e+00
1.189999999999999947e+00 3.233975580793051474e+00 3.252506279091210484e+00
1.199999999999999956e+00 3.233995729382352913e+00 3.252474163643999105e+00
1.209999999999999964e+00 3.234010532111281755e+00 3.252452340913658979e+00
1.219999999999999973e+00 3.234066023087627695e+00 3.252371295142047369e+00
1.229999999999999982e+00 3.234168953694330551e+00 3.252198536110891158e+00
1.239999999999999991e+00 3.234249604349840990e+00 3.252053895644437365e+00
1.250000000000000000e+00 3.234410617839112767e+00 3.251757991765722444e+00
1.260000000000000009e+00 3.234501332058241641e+00 3.251593519063660676e+00
1.270000000000000018e+00 3.234724559101551211e+00 3.251229075480015052e+00
1.280000000000000027e+00 3.234894690125192263e+00 3.250934426200186245e+00
1.290000000000000036e+00 3.235099092085191863e+00 3.250591612041166201e+00
1.300000000000000044e+00 3.235237528209023328e+00 3.250354217367835030e+00
1.310000000000000053e+00 3.235251010108022740e+00 3.250317828178377333e+00
1.320000000000000062e+00 3.235270737086340276e+00 3.250273214453653026e+00
1.330000000000000071e+00 3.235302515217707509e+00 3.250206721032216528e+00
1.340000000000000080e+00 3.235304607533771470e+00 3.250200644078891532e+00
1.350000000000000089e+00 3.235352892455874319e+00 3.250092511029423648e+00
1.360000000000000098e+00 3.235371235398778023e+00 3.250051492724887137e+00
1.370000000000000107e+00 3.235452973884239025e+00 3.249892166296348694e+00
1.380000000000000115e+00 3.235507269952249132e+00 3.249754323508787124e+00
1.390000000000000124e+00 3.235521504953094762e+00 3.249715342314056343e+00
1.400000000000000133e+00 3.235525183570379770e+00 3.249703944737916128e+00
1.409999999999999920e+00 3.235525183570379770e+00 3.249703944737916128e+00
1.419999999999999929e+00 3.235524795018442923e+00 3.249706278141728966e+00
1.429999999999999938e+00 3.235524784877366944e+00 3.249706277143888489e+00
1.439999999999999947e+00 3.235527720648007310e+00 3.249699611948771327e+00
1.449999999999999956e+00 3.235527642749449040e+00 3.249700078817704618e+00
1.459999999999999964e+00 3.235529227703832333e+00 3.249696488710619668e+00
1.469999999999999973e+00 3.235529942229308453e+00 3.249705741378746460e+00
1.479999999999999982e+00 3.235535533816585652e+00 3.249697874725093971e+00
1.489999999999999991e+00 3.235536154804270037e+00 3.249700089507062462e+00
1.500000000000000000e+00 3.235539340644535855e+00 3.249692447184862942e+00
1.510000000000000009e+00 3.235528156612758277e+00 3.249697181717510208e+00
1.520000000000000018e+00 3.235476466380545979e+00 3.249733487080147754e+00
1.530000000000000027e+00 3.235441070797533847e+00 3.249740600497632137e+00
1.540000000000000036e+00 3.235411796248547578e+00 3.249746022545702662e+00
1.550000000000000044e+00 3.235384741621120330e+00 3.249745523848430739e+00
1.560000000000000053e+00 3.235351935945121493e+00 3.249756627716454016e+00
1.570000000000000062e+00 3.235338380715220730e+00 3.249759172681004671e+00
1.580000000000000071e+00 3.235324809698205684e+00 3.249770683704275243e+00
1.590000000000000080e+00 3.235315300706163022e+00 3.249778254424795954e+00
1.600000000000000089e+00 3.235295768553392293e+00 3.249801413906438619e+00
1.610000000000000098e+00 3.235290415106049977e+00 3.249817958235510673e+00
1.620000000000000107e+00 3.235280464750227569e+00 3.249834549163880926e+00
1.630000000000000115e+00 3.235278228638197806e+00 3.249839084370111042e+00
1.640000000000000124e+00 3.235277910031374660e+00 3.249841352926198468e+00
1.650000000000000133e+00 3.235269555862219537e+00 3.249869892456261677e+00
1.660000000000000142e+00 3.235270166251217994e+00 3.249872513897860138e+00
1.669999999999999929e+00 3.235267629712998527e+00 3.249880728956282105e+00
1.679999999999999938e+00 3.235267330103425376e+00 3.249892343611212819e+00
1.689999999999999947e+00 3.235267346071554417e+00 3.249892403116868334e+00
1.699999999999999956e+00 3.235261015039864407e+00 3.249910008934553840e+00
1.709999999999999964e+00 3.235249702919718473e+00 3.249949649621250991e+00
1.719999999999999973e+00 3.235242410442566996e+00 3.249972934334540486e+00
1.729999999999999982e+00 3.235231180177856380e+00 3.250005697058510279e+00
1.739999999999999991e+00 3.235224426887742588e+00 3.250048074380644358e+00
1.750000000000000000e+00 3.235216490351139118e+00 3.250101687024654407e+00
1.760000000000000009e+00 3.235212467768270983e+00 3.250125854890267618e+00
1.770000000000000018e+00 3.235187545238649154e+00 3.250202837671125611e+00
1.780000000000000027e+00 3.235179553084756687e+00 3.250248689174269234e+00
1.790000000000000036e+00 3.235056630448897685e+00 3.250499081907669563e+00
1.800000000000000044e+00 3.234934177169491498e+00 3.250727952747653582e+00
1.810000000000000053e+00 3.234635178650969944e+00 3.251305885411148733e+00
1.820000000000000062e+00 3.233876953464900339e+00 3.252478321107472148e+00
1.830000000000000071e+00 3.233216350963876273e+00 3.253477236358358837e+00
1.840000000000000080e+00 3.232119078859860828e+00 3.255037337427561184e+00
1.850000000000000089e+00 3.231042664619868887e+00 3.256510194514805612e+00
1.860000000000000098e+00 3.229907196962433336e+00 3.258027888343734357e+00
1.870000000000000107e+00 3.229195471922868155e+00 3.259234983842855815e+00
1.880000000000000115e+00 3.228841443600492411e+00 3.259985390081567402e+00
1.890000000000000124e+00 3.228383284964996935e+00 3.260806107768577267e+00
1.900000000000000133e+00 3.227628475467918978e+00 3.261979649036170326e+00
1.910000000000000142e+00 3.226863370439030820e+00 3.263368290413401152e+00
1.919999999999999929e+00 3.226400401894250702e+00 3.264105702985128143e+00
1.929999999999999938e+00 3.226012294994218710e+00 3.264713478063719254e+00
1.939999999999999947e+00 3.224995424612751904e+00 3.266017743602999346e+00
1.949999999999999956e+00 3.224414615336266721e+00 3.266862378162535663e+00
1.959999999999999964e+00 3.223626963012756530e+00 3.267909649521766102e+00
1.969999999999999973e+00 3.222727893347611339e+00 3.269062502379546320e+00
1.979999999999999982e+00 3.221798341335268656e+00 3.270036563941029595e+00
1.989999999999999991e+00 3.221179954356752084e+00 3.270541128907598960e+00
2.000000000000000000e+00 3.220737497096798574e+00 3.271184169258334773e+00
2.010000000000000231e+00 3.219852226618139746e+00 3.272288698002488339e+00
2.020000000000000018e+00 3.219307583117831939e+00 3.273191572870861599e+00
2.030000000000000249e+00 3.218811804695826506e+00 3.273807016414898907e+00
2.040000000000000036e+00 3.218017771429730445e+00 3.274221782880114340e+00
2.049999999999999822e+00 3.217536117103259485e+00 3.274449185530979634e+00
2.060000000000000053e+00 3.217365400447452117e+00 3.274608517699634902e+00
2.069999999999999840e+00 3.216895942107597328e+00 3.275062705606063496e+00
2.080000000000000071e+00 3.215489599778875274e+00 3.276967024442926757e+00
2.089999999999999858e+00 3.214245356032547907e+00 3.278640416963400472e+00
2.100000000000000089e+00 3.199370924600836830e+00 3.300089077330353504e+00
2.109999999999999876e+00 3.188471966808463343e+00 3.317228185970162002e+00
2.120000000000000107e+00 3.179101900585973972e+00 3.334338826790963495e+00
2.129999999999999893e+00 3.166582606743136630e+00 3.359828724796017241e+00
2.140000000000000124e+00 3.153353156931628209e+00 3.382147408058415738e+00
2.149999999999999911e+00 3.136584398041066812e+00 3.417861524209681257e+00
2.160000000000000142e+00 3.124034004721604862e+00 3.473770208115614100e+00
2.169999999999999929e+00 3.117560767757931561e+00 3.520952463700732782e+00
2.180000000000000160e+00 3.116394467409532520e+00 3.566020097738821004e+00
2.189999999999999947e+00 3.125400354228463851e+00 3.624361621360334684e+00
2.200000000000000178e+00 3.144899305776416298e+00 3.701040978537739612e+00
2.209999999999999964e+00 3.171967444168435346e+00 3.764610573996199694e+00
2.220000000000000195e+00 3.215691661941795232e+00 3.839187869732589853e+00
2.229999999999999982e+00 3.286039207278009577e+00 3.922447595462087655e+00
2.240000000000000213e+00 3.384503926574765398e+00 3.993986431086482103e+00
2.250000000000000000e+00 3.485154357086921006e+00 4.034841929848885123e+00
2.260000000000000231e+00 3.580175450332318210e+00 4.051029163215007500e+00
2.270000000000000018e+00 3.668665722041291488e+00 4.048025254001456297e+00
2.280000000000000249e+00 3.746740145267598798e+00 4.031622295356638297e+00
2.290000000000000036e+00 3.798421254444801942e+00 4.012660066885268328e+00
2.300000000000000266e+00 3.823061623721669466e+00 4.001161573719431708e+00
2.310000000000000053e+00 3.834641999326345196e+00 3.995420235762003447e+00
2.319999999999999840e+00 3.843045286515100578e+00 3.990899281141416566e+00
2.330000000000000071e+00 3.850285826934695788e+00 3.987976184426426318e+00
2.339999999999999858e+00 3.858643725591660356e+00 3.983839155158041656e+00
2.350000000000000089e+00 3.862628615464826165e+00 3.982070405655245171e+00
2.359999999999999876e+00 3.862296883440125228e+00 3.982376882166755117e+00
2.370000000000000107e+00 3.863559373747245562e+00 3.982280676525695728e+00
2.379999999999999893e+00 3.865687540750573081e+00 3.981847094416548938e+00
2.390000000000000124e+00 3.866169557286496250e+00 3.981836172398333318e+00
2.399999999999999911e+00 3.866773831326437705e+00 3.981869188616799615e+00
2.410000000000000142e+00 3.867320702106083363e+00 3.981820992015277394e+00
2.419999999999999929e+00 3.867780931777625053e+00 3.981864226322503253e+00
2.430000000000000160e+00 3.870069071005783012e+00 3.981397173734702921e+00
2.439999999999999947e+00 3.871154626085849149e+00 3.981301459195523140e+00
2.450000000000000178e+00 3.871994730570442744e+00 3.981138197491042252e+00
2.459999999999999964e+00 3.872152211457270177e+00 3.981097431515675744e+00
2.470000000000000195e+00 3.872384680683436997e+00 3.981066737759289431e+00
2.479999999999999982e+00 3.872927864955940436e+00 3.981262006531677500e+00
2.490000000000000213e+00 3.872963729409498068e+00 3.981451625247675263e+00
2.500000000000000000e+00 3.873054048343023581e+00 3.981553413438478017e+00
2.510000000000000231e+00 3.872992196854155189e+00 3.981664904209573308e+00
2.520000000000000018e+00 3.872933728835326050e+00 3.981700033600587219e+00
2.530000000000000249e+00 3.872665319642656812e+00 3.981824631195432396e+00
2.540000000000000036e+00 3.871611768930485642e+00 3.982038422419497348e+00
2.550000000000000266e+00 3.871459071543139618e+00 3.982066754443722711e+00
2.560000000000000053e+00 3.871350110457451699e+00 3.982078509318320414e+00
2.569999999999999840e+00 3.871070371917477271e+00 3.982080004817256214e+00
2.580000000000000071e+00 3.870741494643329172e+00 3.982102993948819059e+00
2.589999999999999858e+00 3.870576681881774839e+00 3.982071199721466392e+00
2.600000000000000089e+00 3.870215380534186345e+00 3.982046288667664413e+00
2.609999999999999876e+00 3.870028058807255977e+00 3.982044852140543600e+00
2.620000000000000107e+00 3.869798961254214742e+00 3.982051981424236775e+00
2.629999999999999893e+00 3.869381819476685802e+00 3.982055001454748666e+00
2.640000000000000124e+00 3.869106447944837601e+00 3.982046262755197130e+00
2.649999999999999911e+00 3.868874009120743640e+00 3.982046830160338668e+00
2.660000000000000142e+00 3.868633990255538890e+00 3.982020793317611940e+00
2.669999999999999929e+00 3.868406151758320810e+00 3.982061141051165265e+00
2.680000000000000160e+00 3.868083005736040025e+00 3.982033416564298545e+00
2.689999999999999947e+00 3.867609027046337467e+00 3.982049255333766524e+00
2.700000000000000178e+00 3.867296685053196015e+00 3.982093693340931218e+00
2.709999999999999964e+00 3.866326674409199970e+00 3.982344519858072918e+00
2.720000000000000195e+00 3.866179364607105207e+00 3.982404758384456400e+00
2.729999999999999982e+00 3.866086730082536338e+00 3.982429905707335127e+00
2.740000000000000213e+00 3.865601257486667386e+00 3.982568122510586228e+00
2.750000000000000000e+00 3.865189803730389784e+00 3.982680489414789804e+00
2.760000000000000231e+00 3.863938391246570792e+00 3.983096395635830067e+00
2.770000000000000018e+00 3.862350724433729177e+00 3.983639132591417109e+00
2.780000000000000249e+00 3.861576871013863155e+00 3.983898105149047630e+00
2.790000000000000036e+00 3.861350956815221114e+00 3.983953686749003520e+00
2.800000000000000266e+00 3.860153867526549654e+00 3.984435925249558252e+00
2.810000000000000053e+00 3.859724302031257270e+00 3.984553155687592163e+00
2.819999999999999840e+00 3.856604764221432280e+00 3.986355283810374406e+00
2.830000000000000071e+00 3.851530897959469346e+00 3.990079280854465171e+00
2.839999999999999858e+00 3.831002977369688978e+00 4.004257883349992220e+00
2.850000000000000089e+00 3.815557755882339475e+00 4.014144478972359487e+00
2.859999999999999876e+00 3.808466939174605770e+00 4.018287391040848533e+00
2.870000000000000107e+00 3.802026655316383952e+00 4.021273743925063648e+00
2.879999999999999893e+00 3.797543897474406904e+00 4.023331682841183365e+00
2.890000000000000124e+00 3.791839833780200841e+00 4.026002940734951352e+00
2.899999999999999911e+00 3.777807919772013356e+00 4.032885179302350132e+00
2.910000000000000142e+00 3.595694275237722337e+00 4.148565388830499856e+00
2.919999999999999929e+00 3.059237798388693363e+00 4.328821494213845433e+00
2.930000000000000160e+00 2.303373228904291192e+00 4.271259082885698888e+00
2.939999999999999947e+00 1.146007376214804641e+00 3.057002123900113499e+00
2.950000000000000178e+00 1.302209328702923274e+00 1.908748788348201275e+00
2.959999999999999964e+00 1.444471552587704988e+00 1.668014667013926200e+00
2.970000000000000195e+00 1.363238418388033946e+00 1.776170846708153839e+00
2.979999999999999982e+00 1.180404241399682252e+00 2.175572456629359053e+00
2.990000000000000213e+00 1.384859363245925845e+00 3.457402472107448776e+00
3.000000000000000000e+00 3.677178331213266649e+00 3.715969044108121455e+00
