0.000000000000000000e+00 6.527368360686301996e-01
1.000000000000000021e-02 6.527381825602054377e-01
2.000000000000000042e-02 7.080268080168962141e-01
2.999999999999999889e-02 1.888846821037530876e+00
4.000000000000000083e-02 1.890563878774643047e+00
5.000000000000000278e-02 1.891394173539876933e+00
5.999999999999999778e-02 1.891631405149698297e+00
7.000000000000000666e-02 1.894562576701641188e+00
8.000000000000000167e-02 1.920635964632034343e+00
8.999999999999999667e-02 2.065112786920070498e+00
1.000000000000000056e-01 2.278732401850223521e+00
1.100000000000000006e-01 2.653035213819742388e+00
1.199999999999999956e-01 3.057056412322521233e+00
1.300000000000000044e-01 3.197158427345752507e+00
1.400000000000000133e-01 3.238227773512601715e+00
1.499999999999999944e-01 3.255779688194990307e+00
1.600000000000000033e-01 3.269690058447122460e+00
1.700000000000000122e-01 3.275448305656909920e+00
1.799999999999999933e-01 3.276568056457042744e+00
1.900000000000000022e-01 3.277237263157367853e+00
2.000000000000000111e-01 3.280597782659530726e+00
2.099999999999999922e-01 3.287235744690895078e+00
2.200000000000000011e-01 3.300006161978244812e+00
2.300000000000000100e-01 3.305125543718338221e+00
2.399999999999999911e-01 3.309918374929428087e+00
2.500000000000000000e-01 3.314809374399185327e+00
2.600000000000000089e-01 3.321882539668083112e+00
2.700000000000000178e-01 3.338262822597026780e+00
2.800000000000000266e-01 3.367750543477535441e+00
2.899999999999999800e-01 3.385244955015182633e+00
2.999999999999999889e-01 3.397976573641300124e+00
3.099999999999999978e-01 3.406708360011577508e+00
3.200000000000000067e-01 3.413381478328704866e+00
3.300000000000000155e-01 3.424251882977485728e+00
3.400000000000000244e-01 3.432276177079677471e+00
3.500000000000000333e-01 3.431904659852981432e+00
3.599999999999999867e-01 3.432116941468715599e+00
3.699999999999999956e-01 3.432129654271602437e+00
3.800000000000000044e-01 3.431537113497257430e+00
3.900000000000000133e-01 3.430497832291126148e+00
4.000000000000000222e-01 3.428652953507900225e+00
4.100000000000000311e-01 3.418379126651287070e+00
4.199999999999999845e-01 3.405483901376724187e+00
4.299999999999999933e-01 3.402875463593006078e+00
4.400000000000000022e-01 3.404587836527824596e+00
4.500000000000000111e-01 3.403972603163718968e+00
4.600000000000000200e-01 3.401914637329578550e+00
4.700000000000000289e-01 3.400361847004890414e+00
4.799999999999999822e-01 3.392897334926128217e+00
4.899999999999999911e-01 3.382451749768257354e+00
5.000000000000000000e-01 3.369703891448974531e+00
5.100000000000000089e-01 3.349545530219077971e+00
5.200000000000000178e-01 3.326163411712646401e+00
5.300000000000000266e-01 3.304401781079769229e+00
5.400000000000000355e-01 3.285658502860069330e+00
5.500000000000000444e-01 3.275478681499957911e+00
5.600000000000000533e-01 3.269221112947464203e+00
5.700000000000000622e-01 3.260489785742759494e+00
5.799999999999999600e-01 3.242217370548248212e+00
5.899999999999999689e-01 3.224384969696998393e+00
5.999999999999999778e-01 3.207145540025234443e+00
6.099999999999999867e-01 3.184128548319339558e+00
6.199999999999999956e-01 3.164255467166900537e+00
6.300000000000000044e-01 3.152488823671340867e+00
6.400000000000000133e-01 3.143886704292297551e+00
6.500000000000000222e-01 3.133090551908016330e+00
6.600000000000000311e-01 3.122122421064376763e+00
6.700000000000000400e-01 3.112503701379299326e+00
6.800000000000000488e-01 3.105810044543743320e+00
6.900000000000000577e-01 3.095211654837131565e+00
7.000000000000000666e-01 3.087073276298045954e+00
7.099999999999999645e-01 3.080339965963363458e+00
7.199999999999999734e-01 3.075523160412311441e+00
7.299999999999999822e-01 3.071249168114662087e+00
7.399999999999999911e-01 3.069322237465381686e+00
7.500000000000000000e-01 3.068001511631011979e+00
7.600000000000000089e-01 3.068076791741848108e+00
7.700000000000000178e-01 3.077364734003543933e+00
7.800000000000000266e-01 3.081924839069843269e+00
7.900000000000000355e-01 3.077761937882900423e+00
8.000000000000000444e-01 3.077227822268009394e+00
8.100000000000000533e-01 3.082082164769172739e+00
8.200000000000000622e-01 3.082915321013927290e+00
8.300000000000000711e-01 3.089879920785427281e+00
8.399999999999999689e-01 3.100859176120758232e+00
8.499999999999999778e-01 3.106018865072727397e+00
8.599999999999999867e-01 3.115054033801555544e+00
8.699999999999999956e-01 3.124971597375869603e+00
8.800000000000000044e-01 3.143142527165412758e+00
8.900000000000000133e-01 3.160287328209876900e+00
9.000000000000000222e-01 3.205233697745800026e+00
9.100000000000000311e-01 3.260384657566547606e+00
9.200000000000000400e-01 3.321104948866367312e+00
9.300000000000000488e-01 3.349741632213592446e+00
9.400000000000000577e-01 3.373193633277416392e+00
9.500000000000000666e-01 3.388203087160587490e+00
9.599999999999999645e-01 3.406701098861694366e+00
9.699999999999999734e-01 3.432570584964752314e+00
9.799999999999999822e-01 3.451480365962982244e+00
9.899999999999999911e-01 3.470350197982788210e+00
1.000000000000000000e+00 3.486531999680996030e+00
1.010000000000000009e+00 3.509531544218063459e+00
1.020000000000000018e+00 3.548125636780262049e+00
1.030000000000000027e+00 3.573199935686588447e+00
1.040000000000000036e+00 3.587027598469257228e+00
1.050000000000000044e+00 3.613493672208786034e+00
1.060000000000000053e+00 3.642291733260154540e+00
1.070000000000000062e+00 3.658103660857677575e+00
1.080000000000000071e+00 3.669590969243049727e+00
1.090000000000000080e+00 3.682356382443904952e+00
1.100000000000000089e+00 3.697050705795287939e+00
1.110000000000000098e+00 3.709346078991889950e+00
1.120000000000000107e+00 3.728224869413375941e+00
1.130000000000000115e+00 3.738826246092319394e+00
1.140000000000000124e+00 3.746352432944774602e+00
1.150000000000000133e+00 3.749628488521576042e+00
1.159999999999999920e+00 3.752270867381096053e+00
1.169999999999999929e+00 3.754562981970310354e+00
1.179999999999999938e+00 3.755307841756343912e+00
1.189999999999999947e+00 3.754972197351455598e+00
1.199999999999999956e+00 3.756183143830299276e+00
1.209999999999999964e+00 3.756696440272331294e+00
1.219999999999999973e+00 3.752734914021492063e+00
1.229999999999999982e+00 3.744834581768512916e+00
1.239999999999999991e+00 3.736097500953674100e+00
1.250000000000000000e+00 3.727218284997940057e+00
1.260000000000000009e+00 3.717271603953838266e+00
1.270000000000000018e+00 3.711747869858741833e+00
1.280000000000000027e+00 3.707911113743782128e+00
1.290000000000000036e+00 3.700527574491500715e+00
1.300000000000000044e+00 3.696350261399746095e+00
1.310000000000000053e+00 3.693855144243240574e+00
1.320000000000000062e+00 3.691598499925136778e+00
1.330000000000000071e+00 3.688088082051277361e+00
1.340000000000000080e+00 3.684415178813934322e+00
1.350000000000000089e+00 3.679888858213424818e+00
1.360000000000000098e+00 3.674118566882610182e+00
1.370000000000000107e+00 3.667309964845180570e+00
1.380000000000000115e+00 3.659349611873626618e+00
1.390000000000000124e+00 3.651755177271366115e+00
1.400000000000000133e+00 3.645258124811649125e+00
1.409999999999999920e+00 3.639034652569293815e+00
1.419999999999999929e+00 3.632015457668304581e+00
1.429999999999999938e+00 3.623539486031532419e+00
1.439999999999999947e+00 3.606631875760555328e+00
1.449999999999999956e+00 3.583454158174991466e+00
1.459999999999999964e+00 3.533087845808267513e+00
1.469999999999999973e+00 3.545294033619165397e+00
1.479999999999999982e+00 3.526319123277664058e+00
1.489999999999999991e+00 3.504574607951640886e+00
1.500000000000000000e+00 3.481537899799346913e+00
1.510000000000000009e+00 3.456858069345951190e+00
1.520000000000000018e+00 3.436594812192916848e+00
1.530000000000000027e+00 3.415060297133922784e+00
1.540000000000000036e+00 3.393770661425590696e+00
1.550000000000000044e+00 3.374111533119678707e+00
1.560000000000000053e+00 3.360035563859939511e+00
1.570000000000000062e+00 3.341751729176044350e+00
1.580000000000000071e+00 3.312158590774536115e+00
1.590000000000000080e+00 3.285365405151844165e+00
1.600000000000000089e+00 3.267056860725879641e+00
1.610000000000000098e+00 3.252033916904926159e+00
1.620000000000000107e+00 3.238139398341179032e+00
1.630000000000000115e+00 3.227161722030639446e+00
1.640000000000000124e+00 3.220117549874782714e+00
1.650000000000000133e+00 3.213821401612758422e+00
1.660000000000000142e+00 3.207083249228000810e+00
1.669999999999999929e+00 3.199144335968494346e+00
1.679999999999999938e+00 3.188074457347393142e+00
1.689999999999999947e+00 3.170245244498252735e+00
1.699999999999999956e+00 3.157189113473892306e+00
1.709999999999999964e+00 3.147722404284477360e+00
1.719999999999999973e+00 3.139483846738338357e+00
1.729999999999999982e+00 3.134687220079898751e+00
1.739999999999999991e+00 3.128654505596160984e+00
1.750000000000000000e+00 3.118103853862285835e+00
1.760000000000000009e+00 3.108083738837242205e+00
1.770000000000000018e+00 3.099980747592449237e+00
1.780000000000000027e+00 3.096458603410720656e+00
1.790000000000000036e+00 3.094359807279110086e+00
1.800000000000000044e+00 3.092804919822215837e+00
1.810000000000000053e+00 3.091805582671165453e+00
1.820000000000000062e+00 3.090600961866378782e+00
1.830000000000000071e+00 3.089003982160091422e+00
1.840000000000000080e+00 3.087449104020595581e+00
1.850000000000000089e+00 3.085238368463516068e+00
1.860000000000000098e+00 3.081477081217765868e+00
1.870000000000000107e+00 3.076993573575019791e+00
1.880000000000000115e+00 3.074773432970046905e+00
1.890000000000000124e+00 3.073543570611477094e+00
1.900000000000000133e+00 3.072271502623558082e+00
1.910000000000000142e+00 3.071410501058101872e+00
1.919999999999999929e+00 3.070696907382011620e+00
1.929999999999999938e+00 3.070242096028327872e+00
1.939999999999999947e+00 3.069405555031299748e+00
1.949999999999999956e+00 3.068814889285564451e+00
1.959999999999999964e+00 3.067836949143409875e+00
1.969999999999999973e+00 3.072331762855053050e+00
1.979999999999999982e+00 3.075638224616050742e+00
1.989999999999999991e+00 3.091429721167087585e+00
2.000000000000000000e+00 3.106874906423092053e+00
2.010000000000000231e+00 3.121013016128539874e+00
2.020000000000000018e+00 3.131516004874706383e+00
2.030000000000000249e+00 3.142239770796298792e+00
2.040000000000000036e+00 3.148962917313575804e+00
2.049999999999999822e+00 3.155063368077278163e+00
2.060000000000000053e+00 3.157646660571098440e+00
2.069999999999999840e+00 3.166958705492019632e+00
2.080000000000000071e+00 3.199180392570495801e+00
2.089999999999999858e+00 3.218197311406135519e+00
2.100000000000000089e+00 3.227888184306621611e+00
2.109999999999999876e+00 3.233587762031555179e+00
2.120000000000000107e+00 3.239036659727096534e+00
2.129999999999999893e+00 3.244454749002456673e+00
2.140000000000000124e+00 3.250012355453967938e+00
2.149999999999999911e+00 3.256147897706031635e+00
2.160000000000000142e+00 3.263049893105030019e+00
2.169999999999999929e+00 3.270338270075321407e+00
2.180000000000000160e+00 3.279110974609851681e+00
2.189999999999999947e+00 3.289712725496292123e+00
2.200000000000000178e+00 3.304406897816658084e+00
2.209999999999999964e+00 3.316988636331558382e+00
2.220000000000000195e+00 3.332645474255084839e+00
2.229999999999999982e+00 3.351447245056629054e+00
2.240000000000000213e+00 3.370002274093627737e+00
2.250000000000000000e+00 3.386715418953895718e+00
2.260000000000000231e+00 3.397396694059371836e+00
2.270000000000000018e+00 3.407192128779888307e+00
2.280000000000000249e+00 3.415296516425609497e+00
2.290000000000000036e+00 3.423798328118324186e+00
2.300000000000000266e+00 3.431970392158031569e+00
2.310000000000000053e+00 3.441056310148239206e+00
2.319999999999999840e+00 3.453676520152091811e+00
2.330000000000000071e+00 3.465463822460174370e+00
2.339999999999999858e+00 3.475764734485149443e+00
2.350000000000000089e+00 3.487485595035552777e+00
2.359999999999999876e+00 3.502588407969474904e+00
2.370000000000000107e+00 3.512160711624622511e+00
2.379999999999999893e+00 3.520531615850925444e+00
2.390000000000000124e+00 3.529456641714572740e+00
2.399999999999999911e+00 3.539695728518962969e+00
2.410000000000000142e+00 3.548408563041686836e+00
2.419999999999999929e+00 3.555360978500842872e+00
2.430000000000000160e+00 3.561602918014526331e+00
2.439999999999999947e+00 3.568079463896751236e+00
2.450000000000000178e+00 3.573464798953533084e+00
2.459999999999999964e+00 3.577656409859657494e+00
2.470000000000000195e+00 3.581735720310211146e+00
2.479999999999999982e+00 3.584640236170292038e+00
2.490000000000000213e+00 3.586647385337352834e+00
2.500000000000000000e+00 3.589404503614902708e+00
2.510000000000000231e+00 3.592826966991424342e+00
2.520000000000000018e+00 3.595958211150169337e+00
2.530000000000000249e+00 3.598424640054702639e+00
2.540000000000000036e+00 3.600958177859783227e+00
2.550000000000000266e+00 3.603145865402221482e+00
2.560000000000000053e+00 3.604973978707790572e+00
2.569999999999999840e+00 3.607242341194152768e+00
2.580000000000000071e+00 3.608759400069713408e+00
2.589999999999999858e+00 3.610243646094799086e+00
2.600000000000000089e+00 3.611141658856868553e+00
2.609999999999999876e+00 3.611739029128551604e+00
2.620000000000000107e+00 3.612334978804588204e+00
2.629999999999999893e+00 3.612710380039215075e+00
2.640000000000000124e+00 3.612982179276943207e+00
2.649999999999999911e+00 3.613469789083004091e+00
2.660000000000000142e+00 3.613884054865837303e+00
2.669999999999999929e+00 3.614136751914024170e+00
2.680000000000000160e+00 3.614352445528507207e+00
2.689999999999999947e+00 3.614564940216541178e+00
2.700000000000000178e+00 3.614849620528221230e+00
2.709999999999999964e+00 3.615111669650077797e+00
2.720000000000000195e+00 3.615399691212177302e+00
2.729999999999999982e+00 3.615472619192600323e+00
2.740000000000000213e+00 3.615575843274593471e+00
2.750000000000000000e+00 3.615683457622528074e+00
2.760000000000000231e+00 3.615838700950145590e+00
2.770000000000000018e+00 3.615863464343547662e+00
2.780000000000000249e+00 3.615904552028179175e+00
2.790000000000000036e+00 3.615907341985702406e+00
2.800000000000000266e+00 3.615928686690330629e+00
2.810000000000000053e+00 3.615936851456165169e+00
2.819999999999999840e+00 3.615936851456165169e+00
2.830000000000000071e+00 3.615936565854549478e+00
2.839999999999999858e+00 3.615936572279930150e+00
2.850000000000000089e+00 3.615936572279930150e+00
2.859999999999999876e+00 3.615936593780517683e+00
2.870000000000000107e+00 3.615936593780517683e+00
2.879999999999999893e+00 3.615936421177387228e+00
2.890000000000000124e+00 3.615936544198989910e+00
2.899999999999999911e+00 3.615936794550418831e+00
2.910000000000000142e+00 3.615936641304493104e+00
2.919999999999999929e+00 3.615936692440509859e+00
2.930000000000000160e+00 3.615936680014133486e+00
2.939999999999999947e+00 3.615936658256053704e+00
2.950000000000000178e+00 3.615936925144195513e+00
2.959999999999999964e+00 3.615936925144195513e+00
2.970000000000000195e+00 3.615936173896789452e+00
2.979999999999999982e+00 3.615936165070533725e+00
2.990000000000000213e+00 3.615936165070533725e+00
3.000000000000000000e+00 3.615936165070533725e+00
