0.000000000000000000e+00 5.581917362403869820e-01
1.000000000000000021e-02 5.589437601974606151e-01
2.000000000000000042e-02 9.853037692904472733e-01
2.999999999999999889e-02 9.943622293740510543e-01
4.000000000000000083e-02 9.943540762430429503e-01
5.000000000000000278e-02 9.953950096189976282e-01
5.999999999999999778e-02 1.401659969886541290e+00
7.000000000000000666e-02 1.963954527356624569e+00
8.000000000000000167e-02 1.963828459882736244e+00
8.999999999999999667e-02 1.963767001149654412e+00
1.000000000000000056e-01 1.963617939929962253e+00
1.100000000000000006e-01 1.963583109074831023e+00
1.199999999999999956e-01 1.963576232748031725e+00
1.300000000000000044e-01 1.963593478142023008e+00
1.400000000000000133e-01 1.963580282149314904e+00
1.499999999999999944e-01 1.963595609139203946e+00
1.600000000000000033e-01 1.963757597383260833e+00
1.700000000000000122e-01 1.963832972645759511e+00
1.799999999999999933e-01 1.964112423293590481e+00
1.900000000000000022e-01 1.964484264274835690e+00
2.000000000000000111e-01 1.964728364317417153e+00
2.099999999999999922e-01 1.964768566815853212e+00
2.200000000000000011e-01 2.407666403634548313e+00
2.300000000000000100e-01 3.946999774518013204e+00
2.399999999999999911e-01 3.963008608288765000e+00
2.500000000000000000e-01 3.963008608288765000e+00
2.600000000000000089e-01 3.963008608288765000e+00
2.700000000000000178e-01 3.963008608288765000e+00
2.800000000000000266e-01 3.963002404763698472e+00
2.899999999999999800e-01 3.963000093114376288e+00
2.999999999999999889e-01 3.962932618939876583e+00
3.099999999999999978e-01 3.962920223512649720e+00
3.200000000000000067e-01 3.962906670124530795e+00
3.300000000000000155e-01 3.962898299596309570e+00
3.400000000000000244e-01 3.962888835320472758e+00
3.500000000000000333e-01 3.962836003260612472e+00
3.599999999999999867e-01 3.962805701377391632e+00
3.699999999999999956e-01 3.962793245091438266e+00
3.800000000000000044e-01 3.962809340391158841e+00
3.900000000000000133e-01 3.962778175404071845e+00
4.000000000000000222e-01 3.962573219215869802e+00
4.100000000000000311e-01 3.961585068106651342e+00
4.199999999999999845e-01 3.956320671572685299e+00
4.299999999999999933e-01 3.904181385951042138e+00
4.400000000000000022e-01 3.735172161607742236e+00
4.500000000000000111e-01 3.511601469368934580e+00
4.600000000000000200e-01 3.370045979948043779e+00
4.700000000000000289e-01 3.319875756478309459e+00
4.799999999999999822e-01 3.307487447607517339e+00
4.899999999999999911e-01 3.303015920076370460e+00
5.000000000000000000e-01 3.302446856577396339e+00
5.100000000000000089e-01 3.302446856577396339e+00
5.200000000000000178e-01 3.302444633455276612e+00
5.300000000000000266e-01 3.302444633455276612e+00
5.400000000000000355e-01 3.302444627108573894e+00
5.500000000000000444e-01 3.302444627108573894e+00
5.600000000000000533e-01 3.302443798768520455e+00
5.700000000000000622e-01 3.302443798768520455e+00
5.799999999999999600e-01 3.302444302830696010e+00
5.899999999999999689e-01 3.302440633707046658e+00
5.999999999999999778e-01 3.302447152395248331e+00
6.099999999999999867e-01 3.302450154223441903e+00
6.199999999999999956e-01 3.302456728258132745e+00
6.300000000000000044e-01 3.302458581445216979e+00
6.400000000000000133e-01 3.302474664833545681e+00
6.500000000000000222e-01 3.302482752757072593e+00
6.600000000000000311e-01 3.302493461778163830e+00
6.700000000000000400e-01 3.302493909761905488e+00
6.800000000000000488e-01 3.302503840928077583e+00
6.900000000000000577e-01 3.302503822622299356e+00
7.000000000000000666e-01 3.302503556380271821e+00
7.099999999999999645e-01 3.302509224696159151e+00
7.199999999999999734e-01 3.302505666251182692e+00
7.299999999999999822e-01 3.302502945301532655e+00
7.399999999999999911e-01 3.302503663394451117e+00
7.500000000000000000e-01 3.302504868876933841e+00
7.600000000000000089e-01 3.302506021533012426e+00
7.700000000000000178e-01 3.302496672539711131e+00
7.800000000000000266e-01 3.302473159873485553e+00
7.900000000000000355e-01 3.302397289350032850e+00
8.000000000000000444e-01 3.302329015572071036e+00
8.100000000000000533e-01 3.302235123112201798e+00
8.200000000000000622e-01 3.302105354888439148e+00
8.300000000000000711e-01 3.302026405780315255e+00
8.399999999999999689e-01 3.301950895307064204e+00
8.499999999999999778e-01 3.301891799013614737e+00
8.599999999999999867e-01 3.301851854181289792e+00
8.699999999999999956e-01 3.301795308430194975e+00
8.800000000000000044e-01 3.301739700198173644e+00
8.900000000000000133e-01 3.301692349188327658e+00
9.000000000000000222e-01 3.301673675143718789e+00
9.100000000000000311e-01 3.301636720955371640e+00
9.200000000000000400e-01 3.301595337970256949e+00
9.300000000000000488e-01 3.301573579237460976e+00
9.400000000000000577e-01 3.301550572116374926e+00
9.500000000000000666e-01 3.301531866412162675e+00
9.599999999999999645e-01 3.301479797630309854e+00
9.699999999999999734e-01 3.301454113137721968e+00
9.799999999999999822e-01 3.301400278456211090e+00
9.899999999999999911e-01 3.301392076506614703e+00
1.000000000000000000e+00 3.301385090887546614e+00
1.010000000000000009e+00 3.301384173698425073e+00
1.020000000000000018e+00 3.301371879291534306e+00
1.030000000000000027e+00 3.301352820563316470e+00
1.040000000000000036e+00 3.301344424250125975e+00
1.050000000000000044e+00 3.301313987925052817e+00
1.060000000000000053e+00 3.301268717167377353e+00
1.070000000000000062e+00 3.301256820456981877e+00
1.080000000000000071e+00 3.301266109831332951e+00
1.090000000000000080e+00 3.301278118543625073e+00
1.100000000000000089e+00 3.301277503988742978e+00
1.110000000000000098e+00 3.301278710474968126e+00
1.120000000000000107e+00 3.301277146766185666e+00
1.130000000000000115e+00 3.301279197735786486e+00
1.140000000000000124e+00 3.301278269240856211e+00
1.150000000000000133e+00 3.301276388432979658e+00
1.159999999999999920e+00 3.301274296081066151e+00
1.169999999999999929e+00 3.301272792055606864e+00
1.179999999999999938e+00 3.301270015597343566e+00
1.189999999999999947e+00 3.301268595705032283e+00
1.199999999999999956e+00 3.301268061134815301e+00
1.209999999999999964e+00 3.301267772870063677e+00
1.219999999999999973e+00 3.301265914587974581e+00
1.229999999999999982e+00 3.301266076312065145e+00
1.239999999999999991e+00 3.301264559645652685e+00
1.250000000000000000e+00 3.301264135766029284e+00
1.260000000000000009e+00 3.301261205759048245e+00
1.270000000000000018e+00 3.301253750166893042e+00
1.280000000000000027e+00 3.301252675261497682e+00
1.290000000000000036e+00 3.301252559628486516e+00
1.300000000000000044e+00 3.301251483352184213e+00
1.310000000000000053e+00 3.301250279674530219e+00
1.320000000000000062e+00 3.301250934090614209e+00
1.330000000000000071e+00 3.301276828620433701e+00
1.340000000000000080e+00 3.301359960558414297e+00
1.350000000000000089e+00 3.301493021488189683e+00
1.360000000000000098e+00 3.301756931521892646e+00
1.370000000000000107e+00 3.302036739935874987e+00
1.380000000000000115e+00 3.302517399654388619e+00
1.390000000000000124e+00 3.303009107992648907e+00
1.400000000000000133e+00 3.303565711946487404e+00
1.409999999999999920e+00 3.304056452589035242e+00
1.419999999999999929e+00 3.304098784496784180e+00
1.429999999999999938e+00 3.304118866574764279e+00
1.439999999999999947e+00 3.304128690562248227e+00
1.449999999999999956e+00 3.304296145513057503e+00
1.459999999999999964e+00 3.304327420396804715e+00
1.469999999999999973e+00 3.304206402344703530e+00
1.479999999999999982e+00 3.303292990961074871e+00
1.489999999999999991e+00 3.302630549232959734e+00
1.500000000000000000e+00 3.299889777021407955e+00
1.510000000000000009e+00 3.297946802175045100e+00
1.520000000000000018e+00 3.295172610931396573e+00
1.530000000000000027e+00 3.291067230563163637e+00
1.540000000000000036e+00 3.283764290423393462e+00
1.550000000000000044e+00 3.276052574114799665e+00
1.560000000000000053e+00 3.263544765944480730e+00
1.570000000000000062e+00 3.251616947185993034e+00
1.580000000000000071e+00 3.234802679085731381e+00
1.590000000000000080e+00 3.217363227484226318e+00
1.600000000000000089e+00 3.198005328941345038e+00
1.610000000000000098e+00 3.177454758827686465e+00
1.620000000000000107e+00 3.155915826549529957e+00
1.630000000000000115e+00 3.139876554443836287e+00
1.640000000000000124e+00 3.124570556704997948e+00
1.650000000000000133e+00 3.108278634405136298e+00
1.660000000000000142e+00 3.094497598376273917e+00
1.669999999999999929e+00 3.082803654057979514e+00
1.679999999999999938e+00 3.071416727044582462e+00
1.689999999999999947e+00 3.062973379797935269e+00
1.699999999999999956e+00 3.057701676933765267e+00
1.709999999999999964e+00 3.052020791382789699e+00
1.719999999999999973e+00 3.046577229263782716e+00
1.729999999999999982e+00 3.042070183584689946e+00
1.739999999999999991e+00 3.039282180442810066e+00
1.750000000000000000e+00 3.037046951487064383e+00
1.760000000000000009e+00 3.034974384145736614e+00
1.770000000000000018e+00 3.033266727800369100e+00
1.780000000000000027e+00 3.031419999122619835e+00
1.790000000000000036e+00 3.030523827538490256e+00
1.800000000000000044e+00 3.030060273475646770e+00
1.810000000000000053e+00 3.029643757774830082e+00
1.820000000000000062e+00 3.029237664916515360e+00
1.830000000000000071e+00 3.028777127163410299e+00
1.840000000000000080e+00 3.028417692792415572e+00
1.850000000000000089e+00 3.027875261585712519e+00
1.860000000000000098e+00 3.027069175157547143e+00
1.870000000000000107e+00 3.027023957993984382e+00
1.880000000000000115e+00 3.027083313469886683e+00
1.890000000000000124e+00 3.027172114303112060e+00
1.900000000000000133e+00 3.027244907295703946e+00
1.910000000000000142e+00 3.027375518250465358e+00
1.919999999999999929e+00 3.027728793692588738e+00
1.929999999999999938e+00 3.028065057060718601e+00
1.939999999999999947e+00 3.029837453918457157e+00
1.949999999999999956e+00 3.030894885330200239e+00
1.959999999999999964e+00 3.032138426494598527e+00
1.969999999999999973e+00 3.036693925571441799e+00
1.979999999999999982e+00 3.055092672960758371e+00
1.989999999999999991e+00 3.072187526798248136e+00
2.000000000000000000e+00 3.106232658317089168e+00
2.010000000000000231e+00 3.156757227663993692e+00
2.020000000000000018e+00 3.257346306567192151e+00
2.030000000000000249e+00 3.364363948936462290e+00
2.040000000000000036e+00 3.450449672524928957e+00
2.049999999999999822e+00 3.553011181397438101e+00
2.060000000000000053e+00 3.629060108025074172e+00
2.069999999999999840e+00 3.713576412518024394e+00
2.080000000000000071e+00 3.767905587689876601e+00
2.089999999999999858e+00 3.803523806531429408e+00
2.100000000000000089e+00 3.831988808441161964e+00
2.109999999999999876e+00 3.843306566450595874e+00
2.120000000000000107e+00 3.848598575026989099e+00
2.129999999999999893e+00 3.853250445036888294e+00
2.140000000000000124e+00 3.856352613224983017e+00
2.149999999999999911e+00 3.859428278768062714e+00
2.160000000000000142e+00 3.862924297690391473e+00
2.169999999999999929e+00 3.864297512819767189e+00
2.180000000000000160e+00 3.865225627720355828e+00
2.189999999999999947e+00 3.866855979411602195e+00
2.200000000000000178e+00 3.870492341775894296e+00
2.209999999999999964e+00 3.871810018217563432e+00
2.220000000000000195e+00 3.873234739751815869e+00
2.229999999999999982e+00 3.873478974225521121e+00
2.240000000000000213e+00 3.873689220860004223e+00
2.250000000000000000e+00 3.873878821144104201e+00
2.260000000000000231e+00 3.873892121741771888e+00
2.270000000000000018e+00 3.873892627506255959e+00
2.280000000000000249e+00 3.873873254821300627e+00
2.290000000000000036e+00 3.873845525095462872e+00
2.300000000000000266e+00 3.873828109846114920e+00
2.310000000000000053e+00 3.873695165534019491e+00
2.319999999999999840e+00 3.873571394898891462e+00
2.330000000000000071e+00 3.872274127318859005e+00
2.339999999999999858e+00 3.868363869071006711e+00
2.350000000000000089e+00 3.864568251245021901e+00
2.359999999999999876e+00 3.858617904410362343e+00
2.370000000000000107e+00 3.852815415201187310e+00
2.379999999999999893e+00 3.843986460227966528e+00
2.390000000000000124e+00 3.828959570019245362e+00
2.399999999999999911e+00 3.810686606485843786e+00
2.410000000000000142e+00 3.786939604523182012e+00
2.419999999999999929e+00 3.762680103569030710e+00
2.430000000000000160e+00 3.733313738996982600e+00
2.439999999999999947e+00 3.705273912544250425e+00
2.450000000000000178e+00 3.678384546859264415e+00
2.459999999999999964e+00 3.649427694830894353e+00
2.470000000000000195e+00 3.625598182964325122e+00
2.479999999999999982e+00 3.600937090575694999e+00
2.490000000000000213e+00 3.574191735222339794e+00
2.500000000000000000e+00 3.552816997463703164e+00
2.510000000000000231e+00 3.531516890110969698e+00
2.520000000000000018e+00 3.509242580032348791e+00
2.530000000000000249e+00 3.490095962367057769e+00
2.540000000000000036e+00 3.474181609530448966e+00
2.550000000000000266e+00 3.458958303227424480e+00
2.560000000000000053e+00 3.445110645706653596e+00
2.569999999999999840e+00 3.433810606770515417e+00
2.580000000000000071e+00 3.425344656431674739e+00
2.589999999999999858e+00 3.419284804236888853e+00
2.600000000000000089e+00 3.415217253260612651e+00
2.609999999999999876e+00 3.412523294162750354e+00
2.620000000000000107e+00 3.410710491251945697e+00
2.629999999999999893e+00 3.408481828711032779e+00
2.640000000000000124e+00 3.406075352129936284e+00
2.649999999999999911e+00 3.404750818092823206e+00
2.660000000000000142e+00 3.403763177859782996e+00
2.669999999999999929e+00 3.403492567403316293e+00
2.680000000000000160e+00 3.403075482790470119e+00
2.689999999999999947e+00 3.402936917994022537e+00
2.700000000000000178e+00 3.402764346549510766e+00
2.709999999999999964e+00 3.402425102889537811e+00
2.720000000000000195e+00 3.402079718432426514e+00
2.729999999999999982e+00 3.401684872496128165e+00
2.740000000000000213e+00 3.401217191908359361e+00
2.750000000000000000e+00 3.400804558811187928e+00
2.760000000000000231e+00 3.400376658599376878e+00
2.770000000000000018e+00 3.399896612875461521e+00
2.780000000000000249e+00 3.399460578186511928e+00
2.790000000000000036e+00 3.399302832984924194e+00
2.800000000000000266e+00 3.399106756443977417e+00
2.810000000000000053e+00 3.398760189993381697e+00
2.819999999999999840e+00 3.398700560355186528e+00
2.830000000000000071e+00 3.398636318130493272e+00
2.839999999999999858e+00 3.398616853177547359e+00
2.850000000000000089e+00 3.398554875066280179e+00
2.859999999999999876e+00 3.398491654157638653e+00
2.870000000000000107e+00 3.398341213955879070e+00
2.879999999999999893e+00 3.398324993300438024e+00
2.890000000000000124e+00 3.398316880421638597e+00
2.899999999999999911e+00 3.398259229109287460e+00
2.910000000000000142e+00 3.398244728627204836e+00
2.919999999999999929e+00 3.398232481932640159e+00
2.930000000000000160e+00 3.398230580937862566e+00
2.939999999999999947e+00 3.398230580937862566e+00
2.950000000000000178e+00 3.398230580937862566e+00
2.959999999999999964e+00 3.398230534927844992e+00
2.970000000000000195e+00 3.398230545411109915e+00
2.979999999999999982e+00 3.398230545411109915e+00
2.990000000000000213e+00 3.398230545411109915e+00
3.000000000000000000e+00 3.398230379357337849e+00
