0.000000000000000000e+00 1.668727736569643127e+00
1.000000000000000021e-02 1.668203319723606137e+00
2.000000000000000042e-02 1.667587207527160720e+00
2.999999999999999889e-02 1.666431658701896579e+00
4.000000000000000083e-02 1.664922170864343576e+00
5.000000000000000278e-02 1.657387745853066363e+00
5.999999999999999778e-02 1.723592994177341353e+00
7.000000000000000666e-02 2.086300836859941388e+00
8.000000000000000167e-02 3.885601976685523873e+00
8.999999999999999667e-02 3.891947128913402665e+00
1.000000000000000056e-01 3.892040154733658053e+00
1.100000000000000006e-01 3.892096343960762095e+00
1.199999999999999956e-01 3.892071032400131081e+00
1.300000000000000044e-01 3.891919268653392994e+00
1.400000000000000133e-01 3.891822208464145838e+00
1.499999999999999944e-01 3.891686809856891749e+00
1.600000000000000033e-01 3.890261472229957551e+00
1.700000000000000122e-01 3.888282801663875521e+00
1.799999999999999933e-01 3.882531425647735457e+00
1.900000000000000022e-01 3.870887859690189448e+00
2.000000000000000111e-01 3.849506469156742217e+00
2.099999999999999922e-01 3.816694900310039440e+00
2.200000000000000011e-01 3.776642237293720061e+00
2.300000000000000100e-01 3.728837608957290772e+00
2.399999999999999911e-01 3.668407953534126076e+00
2.500000000000000000e-01 3.574052170271873496e+00
2.600000000000000089e-01 3.476852652897834961e+00
2.700000000000000178e-01 3.353622235791683170e+00
2.800000000000000266e-01 3.186364741647243370e+00
2.899999999999999800e-01 3.056077517170906255e+00
2.999999999999999889e-01 2.948085950762033391e+00
3.099999999999999978e-01 2.923353733839988866e+00
3.200000000000000067e-01 2.914699592115879145e+00
3.300000000000000155e-01 2.909293094573020877e+00
3.400000000000000244e-01 2.888615884242057952e+00
3.500000000000000333e-01 2.890410475065708251e+00
3.599999999999999867e-01 2.894816443295478603e+00
3.699999999999999956e-01 2.908759934117794099e+00
3.800000000000000044e-01 2.912831772916316897e+00
3.900000000000000133e-01 2.916309941706657582e+00
4.000000000000000222e-01 2.919879037725925386e+00
4.100000000000000311e-01 2.924016073904037505e+00
4.199999999999999845e-01 2.926557124626636419e+00
4.299999999999999933e-01 2.936035922982692892e+00
4.400000000000000022e-01 2.945439270789623087e+00
4.500000000000000111e-01 2.959785370225906487e+00
4.600000000000000200e-01 2.977897470984459005e+00
4.700000000000000289e-01 2.998846620557308107e+00
4.799999999999999822e-01 3.022946930675506572e+00
4.899999999999999911e-01 3.042446373078822930e+00
5.000000000000000000e-01 3.059785090556144560e+00
5.100000000000000089e-01 3.071172961754798703e+00
5.200000000000000178e-01 3.088509175372123661e+00
5.300000000000000266e-01 3.105889777448177291e+00
5.400000000000000355e-01 3.120448145334720813e+00
5.500000000000000444e-01 3.133177550687789914e+00
5.600000000000000533e-01 3.143206226992607100e+00
5.700000000000000622e-01 3.155503175663948223e+00
5.799999999999999600e-01 3.167443438627719932e+00
5.899999999999999689e-01 3.177401145434379792e+00
5.999999999999999778e-01 3.185109585902690998e+00
6.099999999999999867e-01 3.191205112514496012e+00
6.199999999999999956e-01 3.195909573264121839e+00
6.300000000000000044e-01 3.200815848612785341e+00
6.400000000000000133e-01 3.205648462150096911e+00
6.500000000000000222e-01 3.209369714939594331e+00
6.600000000000000311e-01 3.214967508234977789e+00
6.700000000000000400e-01 3.225878000392913947e+00
6.800000000000000488e-01 3.237350701467990977e+00
6.900000000000000577e-01 3.242231375045776520e+00
7.000000000000000666e-01 3.246434004356860914e+00
7.099999999999999645e-01 3.249347445318699013e+00
7.199999999999999734e-01 3.253141101877689234e+00
7.299999999999999822e-01 3.256125956978797920e+00
7.399999999999999911e-01 3.259480396165847615e+00
7.500000000000000000e-01 3.263340905361175714e+00
7.600000000000000089e-01 3.266829016036987277e+00
7.700000000000000178e-01 3.269484218816756993e+00
7.800000000000000266e-01 3.271371322076320531e+00
7.900000000000000355e-01 3.273576083681583260e+00
8.000000000000000444e-01 3.275553926563262941e+00
8.100000000000000533e-01 3.278792447426319256e+00
8.200000000000000622e-01 3.282580273625850698e+00
8.300000000000000711e-01 3.286704922051429723e+00
8.399999999999999689e-01 3.289057098233699961e+00
8.499999999999999778e-01 3.293828566060066354e+00
8.599999999999999867e-01 3.297424937193393912e+00
8.699999999999999956e-01 3.299122688918113777e+00
8.800000000000000044e-01 3.300286959331035774e+00
8.900000000000000133e-01 3.300857003085613250e+00
9.000000000000000222e-01 3.302302131013870046e+00
9.100000000000000311e-01 3.303292015240192558e+00
9.200000000000000400e-01 3.303734528520107183e+00
9.300000000000000488e-01 3.304067624068260045e+00
9.400000000000000577e-01 3.304759374392032711e+00
9.500000000000000666e-01 3.304593468415736979e+00
9.599999999999999645e-01 3.304586170628070807e+00
9.699999999999999734e-01 3.304184630835056424e+00
9.799999999999999822e-01 3.304063312125205876e+00
9.899999999999999911e-01 3.303980644569397107e+00
1.000000000000000000e+00 3.304078737080097028e+00
1.010000000000000009e+00 3.303942730054855392e+00
1.020000000000000018e+00 3.303838105690479310e+00
1.030000000000000027e+00 3.303973918783664754e+00
1.040000000000000036e+00 3.303826543545723027e+00
1.050000000000000044e+00 3.303605624392032425e+00
1.060000000000000053e+00 3.303500900089740622e+00
1.070000000000000062e+00 3.303446103637218467e+00
1.080000000000000071e+00 3.303479011545181088e+00
1.090000000000000080e+00 3.303451979279518280e+00
1.100000000000000089e+00 3.303444419686794475e+00
1.110000000000000098e+00 3.303375568268299034e+00
1.120000000000000107e+00 3.303345403566360527e+00
1.130000000000000115e+00 3.303321790633201527e+00
1.140000000000000124e+00 3.303318770167827712e+00
1.150000000000000133e+00 3.303294788777828117e+00
1.159999999999999920e+00 3.303219136085510321e+00
1.169999999999999929e+00 3.303176281998157382e+00
1.179999999999999938e+00 3.302980044422149764e+00
1.189999999999999947e+00 3.300304914116859223e+00
1.199999999999999956e+00 3.296656852328777365e+00
1.209999999999999964e+00 3.293728008599281498e+00
1.219999999999999973e+00 3.290460190148353448e+00
1.229999999999999982e+00 3.287142675616741005e+00
1.239999999999999991e+00 3.286121601226329680e+00
1.250000000000000000e+00 3.284834401555061234e+00
1.260000000000000009e+00 3.283663617908954446e+00
1.270000000000000018e+00 3.283124075896739935e+00
1.280000000000000027e+00 3.282858023829460237e+00
1.290000000000000036e+00 3.282754306378364628e+00
1.300000000000000044e+00 3.282722805614471273e+00
1.310000000000000053e+00 3.282672373914718555e+00
1.320000000000000062e+00 3.282607684984207186e+00
1.330000000000000071e+00 3.282530658516883637e+00
1.340000000000000080e+00 3.282448866665363507e+00
1.350000000000000089e+00 3.282347848346233388e+00
1.360000000000000098e+00 3.282224787881374173e+00
1.370000000000000107e+00 3.282165171306133278e+00
1.380000000000000115e+00 3.282097967963218732e+00
1.390000000000000124e+00 3.282061903553008975e+00
1.400000000000000133e+00 3.282015712478160818e+00
1.409999999999999920e+00 3.281976543290614945e+00
1.419999999999999929e+00 3.281932786345481912e+00
1.429999999999999938e+00 3.281869884777069313e+00
1.439999999999999947e+00 3.281822977452278245e+00
1.449999999999999956e+00 3.281759975211620439e+00
1.459999999999999964e+00 3.281749216268062597e+00
1.469999999999999973e+00 3.281715323975086029e+00
1.479999999999999982e+00 3.281759991033077029e+00
1.489999999999999991e+00 3.281850983922481646e+00
1.500000000000000000e+00 3.281954364857673667e+00
1.510000000000000009e+00 3.282170234577655776e+00
1.520000000000000018e+00 3.282339878406524747e+00
1.530000000000000027e+00 3.282542588424682606e+00
1.540000000000000036e+00 3.282629255406856572e+00
1.550000000000000044e+00 3.282654555709362043e+00
1.560000000000000053e+00 3.282705609467029717e+00
1.570000000000000062e+00 3.282681971685886602e+00
1.580000000000000071e+00 3.282648805282116111e+00
1.590000000000000080e+00 3.282553659076690611e+00
1.600000000000000089e+00 3.282351958940028958e+00
1.610000000000000098e+00 3.282269587483406248e+00
1.620000000000000107e+00 3.282074226396083816e+00
1.630000000000000115e+00 3.282008377652168463e+00
1.640000000000000124e+00 3.281884555695056882e+00
1.650000000000000133e+00 3.281774941792487965e+00
1.660000000000000142e+00 3.281599584426879712e+00
1.669999999999999929e+00 3.281423492016792398e+00
1.679999999999999938e+00 3.281218525128364760e+00
1.689999999999999947e+00 3.281065489635467625e+00
1.699999999999999956e+00 3.280850781729221399e+00
1.709999999999999964e+00 3.280717368700504455e+00
1.719999999999999973e+00 3.280374771382808863e+00
1.729999999999999982e+00 3.280191928253173739e+00
1.739999999999999991e+00 3.280304422051906421e+00
1.750000000000000000e+00 3.280409088077545388e+00
1.760000000000000009e+00 3.280324971077442253e+00
1.770000000000000018e+00 3.280259543807506617e+00
1.780000000000000027e+00 3.280290879075527410e+00
1.790000000000000036e+00 3.280393004789352585e+00
1.800000000000000044e+00 3.280505828001499147e+00
1.810000000000000053e+00 3.280690988657474438e+00
1.820000000000000062e+00 3.280674246499538427e+00
1.830000000000000071e+00 3.280547115337848485e+00
1.840000000000000080e+00 3.280393206117153237e+00
1.850000000000000089e+00 3.279928321933746282e+00
1.860000000000000098e+00 3.279727722454071071e+00
1.870000000000000107e+00 3.279664223780632160e+00
1.880000000000000115e+00 3.279906970541477396e+00
1.890000000000000124e+00 3.279874834532737538e+00
1.900000000000000133e+00 3.279692614960670660e+00
1.910000000000000142e+00 3.279453696610927782e+00
1.919999999999999929e+00 3.279102006106376699e+00
1.929999999999999938e+00 3.278888426775932174e+00
1.939999999999999947e+00 3.279194449086189067e+00
1.949999999999999956e+00 3.279201873116493360e+00
1.959999999999999964e+00 3.279410076022148068e+00
1.969999999999999973e+00 3.279241888618469325e+00
1.979999999999999982e+00 3.277792386848926487e+00
1.989999999999999991e+00 3.277001361868381313e+00
2.000000000000000000e+00 3.273828371837139262e+00
2.010000000000000231e+00 3.271696501061916340e+00
2.020000000000000018e+00 3.269628905680179720e+00
2.030000000000000249e+00 3.266692824654579219e+00
2.040000000000000036e+00 3.263226918897628615e+00
2.049999999999999822e+00 3.260032899529933914e+00
2.060000000000000053e+00 3.254234947755336727e+00
2.069999999999999840e+00 3.250601688520908361e+00
2.080000000000000071e+00 3.245446414182186157e+00
2.089999999999999858e+00 3.241827802565097727e+00
2.100000000000000089e+00 3.239297944245338456e+00
2.109999999999999876e+00 3.237862589814663128e+00
2.120000000000000107e+00 3.235816861360073293e+00
2.129999999999999893e+00 3.234963171122074321e+00
2.140000000000000124e+00 3.233985694375038022e+00
2.149999999999999911e+00 3.233015955018997190e+00
2.160000000000000142e+00 3.232606684682369114e+00
2.169999999999999929e+00 3.232115063290596169e+00
2.180000000000000160e+00 3.233114136633873148e+00
2.189999999999999947e+00 3.234693465032577375e+00
2.200000000000000178e+00 3.239380631039142422e+00
2.209999999999999964e+00 3.246142951881885619e+00
2.220000000000000195e+00 3.252062424759864623e+00
2.229999999999999982e+00 3.255618312587738039e+00
2.240000000000000213e+00 3.257815106160640628e+00
2.250000000000000000e+00 3.257840685091018873e+00
2.260000000000000231e+00 3.259396337049007553e+00
2.270000000000000018e+00 3.260337601110935069e+00
2.280000000000000249e+00 3.261770309967994663e+00
2.290000000000000036e+00 3.250425008190870102e+00
2.300000000000000266e+00 3.229246584486961336e+00
2.310000000000000053e+00 3.221625950036048902e+00
2.319999999999999840e+00 3.257623315042257328e+00
2.330000000000000071e+00 3.276102345473766331e+00
2.339999999999999858e+00 3.277123236062526868e+00
2.350000000000000089e+00 3.278288633837699972e+00
2.359999999999999876e+00 3.280497743213176776e+00
2.370000000000000107e+00 3.276994934977293106e+00
2.379999999999999893e+00 3.254760057623386604e+00
2.390000000000000124e+00 3.274924293577671008e+00
2.399999999999999911e+00 3.301021873478889646e+00
2.410000000000000142e+00 3.307950159130096601e+00
2.419999999999999929e+00 3.309337478673457955e+00
2.430000000000000160e+00 3.310972482039928444e+00
2.439999999999999947e+00 3.312219685707092243e+00
2.450000000000000178e+00 3.312815381302833373e+00
2.459999999999999964e+00 3.313526617355346815e+00
2.470000000000000195e+00 3.314378406181335279e+00
2.479999999999999982e+00 3.315597358264922967e+00
2.490000000000000213e+00 3.317043149545192637e+00
2.500000000000000000e+00 3.318649449167251575e+00
2.510000000000000231e+00 3.320429161560535469e+00
2.520000000000000018e+00 3.321686541008949334e+00
2.530000000000000249e+00 3.323054095804691244e+00
2.540000000000000036e+00 3.324381419849395947e+00
2.550000000000000266e+00 3.325571489691734328e+00
2.560000000000000053e+00 3.326631183309554984e+00
2.569999999999999840e+00 3.327017426257133703e+00
2.580000000000000071e+00 3.327648303258419205e+00
2.589999999999999858e+00 3.328704529826640890e+00
2.600000000000000089e+00 3.328968810102939546e+00
2.609999999999999876e+00 3.331550281515121448e+00
2.620000000000000107e+00 3.332384276735782525e+00
2.629999999999999893e+00 3.333430028343200568e+00
2.640000000000000124e+00 3.334495623576640977e+00
2.649999999999999911e+00 3.336007489833831663e+00
2.660000000000000142e+00 3.338875542778968697e+00
2.669999999999999929e+00 3.342270590782165485e+00
2.680000000000000160e+00 3.344491340340375984e+00
2.689999999999999947e+00 3.348861673430204355e+00
2.700000000000000178e+00 3.353661778581142450e+00
2.709999999999999964e+00 3.354938763382434797e+00
2.720000000000000195e+00 3.355674664561748344e+00
2.729999999999999982e+00 3.357539140987396031e+00
2.740000000000000213e+00 3.360372543802261358e+00
2.750000000000000000e+00 3.366365726475715636e+00
2.760000000000000231e+00 3.370576162188053004e+00
2.770000000000000018e+00 3.374491959311962219e+00
2.780000000000000249e+00 3.379751340179443453e+00
2.790000000000000036e+00 3.383873808038234898e+00
2.800000000000000266e+00 3.388864819655418525e+00
2.810000000000000053e+00 3.394034436702728197e+00
2.819999999999999840e+00 3.399192607040405267e+00
2.830000000000000071e+00 3.406283097174167551e+00
2.839999999999999858e+00 3.414347466285228894e+00
2.850000000000000089e+00 3.423783452956676410e+00
2.859999999999999876e+00 3.434793696663379858e+00
2.870000000000000107e+00 3.447566021656990110e+00
2.879999999999999893e+00 3.458711319327354428e+00
2.890000000000000124e+00 3.471811275608539749e+00
2.899999999999999911e+00 3.483993793618679113e+00
2.910000000000000142e+00 3.497874352288246058e+00
2.919999999999999929e+00 3.510182347214222176e+00
2.930000000000000160e+00 3.521669368441104897e+00
2.939999999999999947e+00 3.532188889174461277e+00
2.950000000000000178e+00 3.541012993385791674e+00
2.959999999999999964e+00 3.548935124409198671e+00
2.970000000000000195e+00 3.555897966423034795e+00
2.979999999999999982e+00 3.561759481561183716e+00
2.990000000000000213e+00 3.566372081582546372e+00
3.000000000000000000e+00 3.569387428250312855e+00
