0.000000000000000000e+00 5.566485374047329682e-01 1.790704667238844250e+00
1.000000000000000021e-02 2.525635618975765606e+00 3.141187509657733745e+00
2.000000000000000042e-02 2.884259890972592721e+00 3.011789582556269274e+00
2.999999999999999889e-02 2.903212104155882933e+00 2.997938731639519183e+00
4.000000000000000083e-02 2.905064676091681619e+00 2.994765163047302892e+00
5.000000000000000278e-02 2.916539879703546667e+00 2.978579025802587488e+00
5.999999999999999778e-02 2.920877816173807151e+00 2.971576969311460648e+00
7.000000000000000666e-02 2.924095685832642122e+00 2.966601428692199338e+00
8.000000000000000167e-02 2.925974292852430381e+00 2.963768062909097445e+00
8.999999999999999667e-02 2.926524215123443184e+00 2.962661792776795089e+00
1.000000000000000056e-01 2.927479253570880680e+00 2.960904345829639794e+00
1.100000000000000006e-01 2.927969144936895418e+00 2.959989225577020378e+00
1.199999999999999956e-01 2.928572157597156167e+00 2.958826055512813635e+00
1.300000000000000044e-01 2.929183335713092973e+00 2.957667975341136568e+00
1.400000000000000133e-01 2.930056288454668589e+00 2.956210004598958108e+00
1.499999999999999944e-01 2.931132775478305863e+00 2.954508438134250792e+00
1.600000000000000033e-01 2.931566417766604538e+00 2.953761287468876340e+00
1.700000000000000122e-01 2.931750498047854148e+00 2.953463276747677835e+00
1.799999999999999933e-01 2.931942288520804407e+00 2.953095032178887802e+00
1.900000000000000022e-01 2.931995422487914116e+00 2.952941958741486683e+00
2.000000000000000111e-01 2.932031908202490822e+00 2.952819764375366862e+00
2.099999999999999922e-01 2.932069212361123611e+00 2.952711176180097929e+00
2.200000000000000011e-01 2.932089025605149946e+00 2.952611462728552016e+00
2.300000000000000100e-01 2.932095678401625882e+00 2.952555826715790310e+00
2.399999999999999911e-01 2.932108843915514296e+00 2.952486055557675737e+00
2.500000000000000000e-01 2.932121519205276083e+00 2.952399599378403128e+00
2.600000000000000089e-01 2.932112815356506363e+00 2.952358824572311580e+00
2.700000000000000178e-01 2.932114787622373431e+00 2.952307549537736886e+00
2.800000000000000266e-01 2.932116562738557697e+00 2.952269858388761214e+00
2.899999999999999800e-01 2.932111825319485110e+00 2.952256379150195453e+00
2.999999999999999889e-01 2.932110217423444354e+00 2.952252519378657070e+00
3.099999999999999978e-01 2.932108499530479140e+00 2.952244123784378171e+00
3.200000000000000067e-01 2.932108418278937201e+00 2.952234709577317595e+00
3.300000000000000155e-01 2.932107851195051129e+00 2.952228603997514522e+00
3.400000000000000244e-01 2.932105602678844569e+00 2.952225045738628317e+00
3.500000000000000333e-01 2.932104293422108210e+00 2.952223595567339931e+00
3.599999999999999867e-01 2.932102493397771514e+00 2.952218889954508096e+00
3.699999999999999956e-01 2.932102380498962990e+00 2.952217985068244399e+00
3.800000000000000044e-01 2.932101993788066352e+00 2.952216031004605057e+00
3.900000000000000133e-01 2.932101993788066352e+00 2.952216031004605057e+00
4.000000000000000222e-01 2.932102052136592363e+00 2.952216067231960395e+00
4.100000000000000311e-01 2.932103034351788207e+00 2.952227616087474527e+00
4.199999999999999845e-01 2.932103973001494612e+00 2.952235379425034001e+00
4.299999999999999933e-01 2.932104116101641900e+00 2.952239761738399970e+00
4.400000000000000022e-01 2.932104150392054631e+00 2.952239802578449979e+00
4.500000000000000111e-01 2.932104194935209573e+00 2.952239859658830401e+00
4.600000000000000200e-01 2.932104229119635530e+00 2.952239859658860599e+00
4.700000000000000289e-01 2.932104046087385285e+00 2.952240037050127164e+00
4.799999999999999822e-01 2.932104046087385285e+00 2.952240037050127164e+00
4.899999999999999911e-01 2.932103869568702503e+00 2.952239669397476174e+00
5.000000000000000000e-01 2.932103948097739110e+00 2.952239657034363862e+00
5.100000000000000089e-01 2.932103528158322980e+00 2.952238940537317724e+00
5.200000000000000178e-01 2.932101788504349660e+00 2.952237367360365905e+00
5.300000000000000266e-01 2.932100162749461170e+00 2.952236348800488130e+00
5.400000000000000355e-01 2.932100458210261884e+00 2.952237513395992607e+00
5.500000000000000444e-01 2.932099550894085471e+00 2.952236952211078513e+00
5.600000000000000533e-01 2.932099703601742657e+00 2.952238023830508151e+00
5.700000000000000622e-01 2.932098228830339881e+00 2.952241075101850409e+00
5.799999999999999600e-01 2.931975325509245334e+00 2.952414233211343220e+00
5.899999999999999689e-01 2.931847341771490978e+00 2.952591624164215833e+00
5.999999999999999778e-01 2.931729438019119893e+00 2.952761283597624686e+00
6.099999999999999867e-01 2.931721340179713309e+00 2.952772361259190070e+00
6.199999999999999956e-01 2.931466979088900970e+00 2.953154488210560480e+00
6.300000000000000044e-01 2.930762011864326055e+00 2.954183049170830522e+00
6.400000000000000133e-01 2.929625795456085147e+00 2.955938306640472302e+00
6.500000000000000222e-01 2.928545469359431497e+00 2.957635866652454926e+00
6.600000000000000311e-01 2.927742859915377860e+00 2.958969561511394897e+00
6.700000000000000400e-01 2.926833578580063655e+00 2.960166161333876556e+00
6.800000000000000488e-01 2.923244307244943219e+00 2.963270322276426949e+00
6.900000000000000577e-01 2.896599815352705498e+00 2.984855683857651876e+00
7.000000000000000666e-01 2.841173849312713884e+00 3.021584307306357964e+00
7.099999999999999645e-01 2.860674285125702099e+00 3.011242379031211946e+00
7.199999999999999734e-01 2.900432328021598671e+00 2.993781105487274274e+00
7.299999999999999822e-01 2.892167201902904772e+00 3.007620616605243491e+00
7.399999999999999911e-01 2.881251488388255844e+00 3.027986913911624889e+00
7.500000000000000000e-01 2.887037044696053378e+00 3.046542346649924404e+00
7.600000000000000089e-01 2.893087509961031589e+00 3.066642517256833234e+00
7.700000000000000178e-01 2.896946888937252496e+00 3.097399902940494165e+00
7.800000000000000266e-01 2.905860655414762128e+00 3.143033218963442010e+00
7.900000000000000355e-01 2.931405095664351812e+00 3.174128255408913191e+00
8.000000000000000444e-01 2.963706706180646577e+00 3.202070284266397948e+00
8.100000000000000533e-01 2.997115936462194874e+00 3.222376013148514851e+00
8.200000000000000622e-01 3.030098143162449187e+00 3.233647286815921174e+00
8.300000000000000711e-01 3.055124312426737987e+00 3.238366477587528713e+00
8.399999999999999689e-01 3.078050867098670373e+00 3.240217011352677368e+00
8.499999999999999778e-01 3.103576462445921447e+00 3.239502923230462184e+00
8.599999999999999867e-01 3.121016799921073392e+00 3.236889779988251448e+00
8.699999999999999956e-01 3.136248211164157418e+00 3.233020218649227395e+00
8.800000000000000044e-01 3.145812428524089821e+00 3.229815585201190498e+00
8.900000000000000133e-01 3.153535265625145190e+00 3.226611854259345602e+00
9.000000000000000222e-01 3.160756879835315836e+00 3.223452967133335179e+00
9.100000000000000311e-01 3.166126713004711934e+00 3.220990450586672882e+00
9.200000000000000400e-01 3.166988556806896504e+00 3.220758320934916874e+00
9.300000000000000488e-01 3.167250006482376978e+00 3.220758083322272203e+00
9.400000000000000577e-01 3.167580375665403736e+00 3.220703008667253009e+00
9.500000000000000666e-01 3.167801641548218861e+00 3.220547430436072389e+00
9.599999999999999645e-01 3.167983504397591243e+00 3.220552836191931778e+00
9.699999999999999734e-01 3.168444770757837148e+00 3.220397190134840493e+00
9.799999999999999822e-01 3.168367022233334662e+00 3.220935963606508690e+00
9.899999999999999911e-01 3.168406904426368964e+00 3.221246903819289908e+00
1.000000000000000000e+00 3.168169845780549831e+00 3.221919067869963182e+00
1.010000000000000009e+00 3.166180903704209015e+00 3.225569046966986875e+00
1.020000000000000018e+00 3.162527985416388798e+00 3.231947741283440312e+00
1.030000000000000027e+00 3.160355927286208733e+00 3.235901016292511478e+00
1.040000000000000036e+00 3.159463374211049835e+00 3.237467105744623819e+00
1.050000000000000044e+00 3.158805817673150163e+00 3.238689355633315170e+00
1.060000000000000053e+00 3.158750904730430076e+00 3.238804497181305475e+00
1.070000000000000062e+00 3.158742931827746681e+00 3.238883668819226180e+00
1.080000000000000071e+00 3.158771593351342499e+00 3.238869086074851023e+00
1.090000000000000080e+00 3.158817447894356256e+00 3.238769266025283144e+00
1.100000000000000089e+00 3.158941747948170065e+00 3.238656357134341857e+00
1.110000000000000098e+00 3.159090831127373988e+00 3.238608984055312057e+00
1.120000000000000107e+00 3.159244300346211620e+00 3.238438234009905603e+00
1.130000000000000115e+00 3.159414328616911849e+00 3.238100970870201767e+00
1.140000000000000124e+00 3.159681136760919884e+00 3.237325814389974354e+00
1.150000000000000133e+00 3.160130440642455518e+00 3.236297262714287193e+00
1.159999999999999920e+00 3.160973691094330462e+00 3.234613534466811657e+00
1.169999999999999929e+00 3.162269062242764051e+00 3.231974356794101055e+00
1.179999999999999938e+00 3.163941700155523229e+00 3.229263322136613823e+00
1.189999999999999947e+00 3.165790453271847937e+00 3.226536962089556759e+00
1.199999999999999956e+00 3.169232846788176516e+00 3.221732061363449695e+00
1.209999999999999964e+00 3.172273354910189802e+00 3.217413879191105330e+00
1.219999999999999973e+00 3.172716870164085989e+00 3.216763962717841707e+00
1.229999999999999982e+00 3.173013416034905276e+00 3.216295320065291286e+00
1.239999999999999991e+00 3.173275259709528395e+00 3.215907189087697571e+00
1.250000000000000000e+00 3.173324118459748266e+00 3.215845132090521918e+00
1.260000000000000009e+00 3.173399601822715965e+00 3.215727108654159672e+00
1.270000000000000018e+00 3.173471320036205690e+00 3.215615459167208812e+00
1.280000000000000027e+00 3.173472651062297700e+00 3.215615363545131444e+00
1.290000000000000036e+00 3.173472651062297700e+00 3.215615363545131444e+00
1.300000000000000044e+00 3.173472716924021775e+00 3.215615395816494804e+00
1.310000000000000053e+00 3.173472849846080024e+00 3.215615500402257076e+00
1.320000000000000062e+00 3.173471764624300917e+00 3.215618006107624716e+00
1.330000000000000071e+00 3.173470318274825619e+00 3.215620683021218174e+00
1.340000000000000080e+00 3.173470337146926390e+00 3.215620625119995246e+00
1.350000000000000089e+00 3.173470199672536740e+00 3.215619382627649347e+00
1.360000000000000098e+00 3.173470123459061654e+00 3.215619982074538363e+00
1.370000000000000107e+00 3.173470017661790710e+00 3.215620272846479555e+00
1.380000000000000115e+00 3.173468649615988735e+00 3.215623391080155269e+00
1.390000000000000124e+00 3.173469009572221999e+00 3.215623429158971369e+00
1.400000000000000133e+00 3.173469189096115528e+00 3.215623227042533117e+00
1.409999999999999920e+00 3.173464712906550300e+00 3.215632820152569682e+00
1.419999999999999929e+00 3.173455571314222734e+00 3.215650485738389630e+00
1.429999999999999938e+00 3.173455440303210473e+00 3.215651078323002565e+00
1.439999999999999947e+00 3.173449303439448865e+00 3.215663143665004942e+00
1.449999999999999956e+00 3.173449114596818887e+00 3.215663868777776990e+00
1.459999999999999964e+00 3.173449370627391630e+00 3.215663934063923257e+00
1.469999999999999973e+00 3.173445580344071537e+00 3.215674455881247340e+00
1.479999999999999982e+00 3.173444902313425242e+00 3.215675628582761458e+00
1.489999999999999991e+00 3.173440871492033466e+00 3.215685269464844787e+00
1.500000000000000000e+00 3.173431393051257210e+00 3.215708793091664575e+00
1.510000000000000009e+00 3.173432096819277959e+00 3.215706882548931667e+00
1.520000000000000018e+00 3.173427032860428376e+00 3.215720104667037837e+00
1.530000000000000027e+00 3.173413767193681512e+00 3.215730233384245462e+00
1.540000000000000036e+00 3.172084521143176072e+00 3.216568919275067717e+00
1.550000000000000044e+00 3.168523065208770806e+00 3.218653988452575998e+00
1.560000000000000053e+00 3.149662477228006185e+00 3.232605634396711114e+00
1.570000000000000062e+00 3.147199857177735538e+00 3.233583033127783501e+00
1.580000000000000071e+00 3.146266731553961638e+00 3.232450689267228672e+00
1.590000000000000080e+00 3.147580599358423825e+00 3.229554332391873395e+00
1.600000000000000089e+00 3.140225734346828279e+00 3.232449600817241642e+00
1.610000000000000098e+00 3.134726828764864859e+00 3.234635403281262089e+00
1.620000000000000107e+00 3.126693029405064106e+00 3.237109837664180478e+00
1.630000000000000115e+00 3.122293222387872103e+00 3.238394794260420095e+00
1.640000000000000124e+00 3.116985136947002299e+00 3.239595982599887680e+00
1.650000000000000133e+00 3.114301551226941633e+00 3.240140243478449200e+00
1.660000000000000142e+00 3.111457457759592149e+00 3.240928984343793839e+00
1.669999999999999929e+00 3.110282806047279802e+00 3.241163704868476270e+00
1.679999999999999938e+00 3.108463950497043715e+00 3.241657394994365671e+00
1.689999999999999947e+00 3.107295556373266265e+00 3.241886234641405018e+00
1.699999999999999956e+00 3.105981959801075831e+00 3.242281641835810468e+00
1.709999999999999964e+00 3.105501448640457518e+00 3.242269345150360138e+00
1.719999999999999973e+00 3.105406074072890821e+00 3.242218281205123898e+00
1.729999999999999982e+00 3.105308094488806514e+00 3.242131494820885695e+00
1.739999999999999991e+00 3.105203254695446002e+00 3.242027624921291373e+00
1.750000000000000000e+00 3.105112589536846546e+00 3.241981586712657570e+00
1.760000000000000009e+00 3.105082479545474339e+00 3.242020388081669591e+00
1.770000000000000018e+00 3.104873746981193783e+00 3.241845357637832770e+00
1.780000000000000027e+00 3.104670534050488317e+00 3.241691404764628803e+00
1.790000000000000036e+00 3.104468955537299735e+00 3.241572595594902850e+00
1.800000000000000044e+00 3.104208540529403759e+00 3.241453303223457372e+00
1.810000000000000053e+00 3.104073911466577851e+00 3.241469181833287916e+00
1.820000000000000062e+00 3.102250774613886986e+00 3.242039381679028498e+00
1.830000000000000071e+00 3.098556541661798391e+00 3.243438885298193242e+00
1.840000000000000080e+00 3.079780320343902478e+00 3.253684453806946042e+00
1.850000000000000089e+00 3.057097595323966743e+00 3.265393586288047878e+00
1.860000000000000098e+00 3.059568246340357067e+00 3.264576417761243743e+00
1.870000000000000107e+00 3.066136939634211078e+00 3.264152819405667483e+00
1.880000000000000115e+00 3.071654293990228268e+00 3.264024934978391634e+00
1.890000000000000124e+00 3.073990139165425184e+00 3.264338442172503463e+00
1.900000000000000133e+00 3.076548118443185320e+00 3.262609559617346111e+00
1.910000000000000142e+00 3.076495106854632677e+00 3.262606443533703438e+00
1.919999999999999929e+00 3.075661658382806696e+00 3.263821476568784963e+00
1.929999999999999938e+00 3.076062230914216933e+00 3.263975934168714232e+00
1.939999999999999947e+00 3.078719455841770980e+00 3.263030588012942879e+00
1.949999999999999956e+00 3.080316172944348008e+00 3.262794089759547322e+00
1.959999999999999964e+00 3.085099789313288543e+00 3.260835597454099233e+00
1.969999999999999973e+00 3.087039204724714825e+00 3.260661245609834058e+00
1.979999999999999982e+00 3.089203270179676331e+00 3.260012305977893377e+00
1.989999999999999991e+00 3.090309658129964276e+00 3.259890294987406456e+00
2.000000000000000000e+00 3.090861451995832176e+00 3.260258622910517268e+00
2.010000000000000231e+00 3.095800779554111593e+00 3.260264804580944364e+00
2.020000000000000018e+00 3.097602108432462309e+00 3.267898198979684921e+00
2.030000000000000249e+00 3.098847629752676358e+00 3.276845526322801572e+00
2.040000000000000036e+00 3.100872974225169276e+00 3.276749111861103625e+00
2.049999999999999822e+00 3.101580123934682298e+00 3.277758344025675008e+00
2.060000000000000053e+00 3.100262490419966266e+00 3.281714915213960193e+00
2.069999999999999840e+00 3.051669505320454778e+00 3.325600991121862915e+00
2.080000000000000071e+00 2.921664794130918175e+00 3.410580136951807617e+00
2.089999999999999858e+00 2.925995283509881695e+00 3.418239377497045872e+00
2.100000000000000089e+00 2.929481943676872646e+00 3.421215401386813681e+00
2.109999999999999876e+00 3.014490649149714763e+00 3.386698940920532586e+00
2.120000000000000107e+00 3.054526076486362207e+00 3.372789383322941426e+00
2.129999999999999893e+00 3.054181418804951420e+00 3.378240460858515704e+00
2.140000000000000124e+00 3.050241857272318224e+00 3.387716065024206191e+00
2.149999999999999911e+00 2.966660337021707061e+00 3.441253495761991577e+00
2.160000000000000142e+00 2.972368469169654137e+00 3.472450113291225993e+00
2.169999999999999929e+00 3.048439123328824163e+00 3.488401846634249903e+00
2.180000000000000160e+00 3.049890313985210710e+00 3.502909954373973456e+00
2.189999999999999947e+00 3.024612130040075453e+00 3.528637994388196919e+00
2.200000000000000178e+00 3.055082023321718410e+00 3.539387827456860869e+00
2.209999999999999964e+00 3.058410005952378441e+00 3.561714869817237172e+00
2.220000000000000195e+00 3.062940218886663679e+00 3.584561597510049324e+00
2.229999999999999982e+00 3.064304711221003341e+00 3.607840822407460291e+00
2.240000000000000213e+00 3.066345617758026609e+00 3.631471671246299326e+00
2.250000000000000000e+00 3.069933654650359944e+00 3.662801388686985238e+00
2.260000000000000231e+00 3.077873676336564390e+00 3.696748997785292534e+00
2.270000000000000018e+00 3.113704591088629847e+00 3.730982124375961995e+00
2.280000000000000249e+00 3.139697310008352282e+00 3.768308180885965086e+00
2.290000000000000036e+00 3.171180850409683671e+00 3.809884701009574215e+00
2.300000000000000266e+00 3.210146730065198906e+00 3.851070804042963314e+00
2.310000000000000053e+00 3.260414868254944309e+00 3.896661053352072912e+00
2.319999999999999840e+00 3.311025541227051505e+00 3.932319056255630052e+00
2.330000000000000071e+00 3.367704363215334951e+00 3.962215223452679957e+00
2.339999999999999858e+00 3.426714919618828237e+00 3.985130248513953699e+00
2.350000000000000089e+00 3.482789816777410952e+00 3.999394232619103651e+00
2.359999999999999876e+00 3.535840568646669624e+00 4.006895714150189747e+00
2.370000000000000107e+00 3.589252383691367232e+00 4.008844458778802355e+00
2.379999999999999893e+00 3.621381501650759116e+00 4.007264856939366737e+00
2.390000000000000124e+00 3.646118434700264643e+00 4.004704729653106199e+00
2.399999999999999911e+00 3.661802105782530958e+00 4.003016925026871675e+00
2.410000000000000142e+00 3.678835487610760957e+00 4.001279659917887699e+00
2.419999999999999929e+00 3.695053585651632222e+00 3.998234077083353544e+00
2.430000000000000160e+00 3.708839784507784287e+00 3.995468000020948374e+00
2.439999999999999947e+00 3.717715816507446647e+00 3.994251388492476629e+00
2.450000000000000178e+00 3.722530805350932503e+00 3.993636517132130415e+00
2.459999999999999964e+00 3.730057222988955701e+00 3.992725157682545323e+00
2.470000000000000195e+00 3.738241975150343954e+00 3.991843947543862292e+00
2.479999999999999982e+00 3.744185763573349313e+00 3.991405672436057372e+00
2.490000000000000213e+00 3.753746809152712860e+00 3.989464712425121906e+00
2.500000000000000000e+00 3.761348785297320862e+00 3.987852439969135521e+00
2.510000000000000231e+00 3.768535460464210729e+00 3.986440264676360812e+00
2.520000000000000018e+00 3.776427924035549832e+00 3.984859793302058417e+00
2.530000000000000249e+00 3.782770259682143532e+00 3.983709856837784002e+00
2.540000000000000036e+00 3.791581718181506577e+00 3.981076988478764012e+00
2.550000000000000266e+00 3.795196240547972888e+00 3.980056476551216971e+00
2.560000000000000053e+00 3.801343589476039231e+00 3.978035734464237638e+00
2.569999999999999840e+00 3.806653339850564866e+00 3.976172607348302801e+00
2.580000000000000071e+00 3.810817601970992285e+00 3.974982889314332191e+00
2.589999999999999858e+00 3.813054849996124762e+00 3.974508195972884739e+00
2.600000000000000089e+00 3.815616058099182695e+00 3.973910270264235933e+00
2.609999999999999876e+00 3.817485248395052100e+00 3.973499931839856725e+00
2.620000000000000107e+00 3.819339947955095571e+00 3.973037922852551862e+00
2.629999999999999893e+00 3.820632027555901811e+00 3.972771017993490528e+00
2.640000000000000124e+00 3.822230177690629560e+00 3.972257057693357574e+00
2.649999999999999911e+00 3.823353113585384655e+00 3.971892149099437219e+00
2.660000000000000142e+00 3.823495594170602363e+00 3.971665005971876550e+00
2.669999999999999929e+00 3.823535059960916360e+00 3.971654362098143043e+00
2.680000000000000160e+00 3.822890005277960412e+00 3.971647040348679880e+00
2.689999999999999947e+00 3.821966056380501353e+00 3.971707097744712645e+00
2.700000000000000178e+00 3.820476584494656436e+00 3.971900727316790558e+00
2.709999999999999964e+00 3.819370484478574301e+00 3.972057098586458945e+00
2.720000000000000195e+00 3.818442788606573934e+00 3.972076689986298703e+00
2.729999999999999982e+00 3.817697986760192119e+00 3.972262691969818516e+00
2.740000000000000213e+00 3.817166899023836990e+00 3.972306541861707174e+00
2.750000000000000000e+00 3.806829281050629898e+00 3.980217324088148434e+00
2.760000000000000231e+00 3.793315057176835481e+00 3.990235234065764303e+00
2.770000000000000018e+00 3.775043788051078320e+00 4.003508064556648094e+00
2.780000000000000249e+00 3.761746311649321939e+00 4.012470448127746891e+00
2.790000000000000036e+00 3.740843255969224401e+00 4.026192389754118750e+00
2.800000000000000266e+00 3.721766265300842758e+00 4.037464009586242852e+00
2.810000000000000053e+00 3.708552223389892433e+00 4.044680504266471743e+00
2.819999999999999840e+00 3.667534439983807015e+00 4.067901738142527535e+00
2.830000000000000071e+00 3.633995453750791693e+00 4.086638691182431948e+00
2.839999999999999858e+00 3.533017474814067249e+00 4.141047829305519734e+00
2.850000000000000089e+00 3.448545989468575712e+00 4.180880415842055164e+00
2.859999999999999876e+00 3.412156571127688665e+00 4.196526658344948757e+00
2.870000000000000107e+00 3.408322726466819663e+00 4.197894154636695241e+00
2.879999999999999893e+00 3.366729569129281785e+00 4.221595859473413981e+00
2.890000000000000124e+00 3.364640380827947919e+00 4.222036331110432528e+00
2.899999999999999911e+00 3.126490143952235456e+00 4.310703837778702585e+00
2.910000000000000142e+00 2.680642955287083407e+00 4.379188812243357987e+00
2.919999999999999929e+00 2.309792520724858633e+00 4.356674058979425723e+00
2.930000000000000160e+00 1.551626949488637885e+00 4.062597621193410724e+00
2.939999999999999947e+00 1.085384458375210803e+00 3.494662842491631061e+00
2.950000000000000178e+00 9.421336335859806788e-01 3.208268857333847368e+00
2.959999999999999964e+00 1.258478716954690269e+00 3.500127774916189871e+00
2.970000000000000195e+00 1.813259905248026937e+00 3.931315860385556249e+00
2.979999999999999982e+00 2.306034480969607170e+00 4.070469997706711140e+00
2.990000000000000213e+00 2.844866356269469154e+00 4.053079410177121034e+00
3.000000000000000000e+00 3.623854133787641540e+00 3.665013979849329306e+00
