0.000000000000000000e+00 1.364615510846591273e-01 1.464206110298716945e-01
1.000000000000000021e-02 9.348267582276647003e-01 9.930933507260496507e-01
2.000000000000000042e-02 9.361042077953884988e-01 9.906829639320304803e-01
2.999999999999999889e-02 9.364263681406514994e-01 9.900861962919695891e-01
4.000000000000000083e-02 9.363369378987428382e-01 9.902637111791495750e-01
5.000000000000000278e-02 9.361606036794912766e-01 9.906370032285917171e-01
5.999999999999999778e-02 3.810299468908642240e-01 2.540724580382313746e+00
7.000000000000000666e-02 3.852335080280572033e+00 4.001781810884207147e+00
8.000000000000000167e-02 3.855147982650144467e+00 4.000695164990084152e+00
8.999999999999999667e-02 3.855468165266275449e+00 4.000730042407750986e+00
1.000000000000000056e-01 3.855567753311564427e+00 4.000771650017331815e+00
1.100000000000000006e-01 3.856087714255418852e+00 4.000679977890882810e+00
1.199999999999999956e-01 3.856280569616120868e+00 4.000590581907469634e+00
1.300000000000000044e-01 3.856629696023631482e+00 4.000595858504604863e+00
1.400000000000000133e-01 3.857402357150423899e+00 4.000398650172840576e+00
1.499999999999999944e-01 3.857739155627244454e+00 4.000504976276403113e+00
1.600000000000000033e-01 3.858342222330291005e+00 4.000519213364404081e+00
1.700000000000000122e-01 3.859108370934223764e+00 4.000499538373255781e+00
1.799999999999999933e-01 3.860226875221507647e+00 4.000346789620143895e+00
1.900000000000000022e-01 3.860567944721875921e+00 4.000274666300119186e+00
2.000000000000000111e-01 3.861897945734085180e+00 3.999747514604507170e+00
2.099999999999999922e-01 3.864313702524221128e+00 3.998820331570589026e+00
2.200000000000000011e-01 3.862440667255615967e+00 4.000347209698462692e+00
2.300000000000000100e-01 3.843618143735163528e+00 4.012426823706395140e+00
2.399999999999999911e-01 3.816639465073102588e+00 4.027373865024096666e+00
2.500000000000000000e-01 3.709676950555875319e+00 4.066218906382486509e+00
2.600000000000000089e-01 3.490615017815072108e+00 4.062170583996336681e+00
2.700000000000000178e-01 3.267426920479493901e+00 3.931056316477102186e+00
2.800000000000000266e-01 3.155396160875654665e+00 3.749467280195855956e+00
2.899999999999999800e-01 3.128479301480884267e+00 3.586296271629696442e+00
2.999999999999999889e-01 3.139129607837411573e+00 3.482138462297705406e+00
3.099999999999999978e-01 3.155456005481245274e+00 3.422128661352632495e+00
3.200000000000000067e-01 3.186311260315217719e+00 3.352918344863615285e+00
3.300000000000000155e-01 3.201878788847176693e+00 3.325898744664939066e+00
3.400000000000000244e-01 3.229704845574532968e+00 3.288922081519926266e+00
3.500000000000000333e-01 3.244731695482421685e+00 3.272004728949378993e+00
3.599999999999999867e-01 3.245847883497869457e+00 3.270808804739320674e+00
3.699999999999999956e-01 3.245847883497869457e+00 3.270808804739320674e+00
3.800000000000000044e-01 3.245847883497869457e+00 3.270808804739320674e+00
3.900000000000000133e-01 3.245847883497869457e+00 3.270808804739320674e+00
4.000000000000000222e-01 3.245847883497869457e+00 3.270808804739320674e+00
4.100000000000000311e-01 3.245847883497869457e+00 3.270808804739320674e+00
4.199999999999999845e-01 3.245847883497869457e+00 3.270808804739320674e+00
4.299999999999999933e-01 3.245847883497869457e+00 3.270808804739320674e+00
4.400000000000000022e-01 3.245847883497869457e+00 3.270808804739320674e+00
4.500000000000000111e-01 3.245847883497869457e+00 3.270808804739320674e+00
4.600000000000000200e-01 3.245847883497869457e+00 3.270808804739320674e+00
4.700000000000000289e-01 3.245847883497869457e+00 3.270808804739320674e+00
4.799999999999999822e-01 3.245847883497869457e+00 3.270808804739320674e+00
4.899999999999999911e-01 3.245847883497869457e+00 3.270808804739320674e+00
5.000000000000000000e-01 3.245847883497869457e+00 3.270808804739320674e+00
5.100000000000000089e-01 3.245847883497869457e+00 3.270808804739320674e+00
5.200000000000000178e-01 3.245847883497869457e+00 3.270808804739320674e+00
5.300000000000000266e-01 3.245847883497869457e+00 3.270808804739320674e+00
5.400000000000000355e-01 3.245847883497869457e+00 3.270808804739320674e+00
5.500000000000000444e-01 3.245847883497869457e+00 3.270808804739320674e+00
5.600000000000000533e-01 3.245847883497869457e+00 3.270808804739320674e+00
5.700000000000000622e-01 3.245847883497869457e+00 3.270808804739320674e+00
5.799999999999999600e-01 3.245847883497869457e+00 3.270808804739320674e+00
5.899999999999999689e-01 3.245847883497869457e+00 3.270808804739320674e+00
5.999999999999999778e-01 3.245847883497869457e+00 3.270808804739320674e+00
6.099999999999999867e-01 3.245847883497869457e+00 3.270808804739320674e+00
6.199999999999999956e-01 3.245847883497869457e+00 3.270808804739320674e+00
6.300000000000000044e-01 3.245847870348332442e+00 3.270808802606226529e+00
6.400000000000000133e-01 3.245847870348332442e+00 3.270808802606226529e+00
6.500000000000000222e-01 3.245847870348332442e+00 3.270808802606226529e+00
6.600000000000000311e-01 3.245855368433351540e+00 3.270810915555600662e+00
6.700000000000000400e-01 3.245855368433351540e+00 3.270810915555600662e+00
6.800000000000000488e-01 3.245855368433351540e+00 3.270810915555600662e+00
6.900000000000000577e-01 3.245855368433351540e+00 3.270810915555600662e+00
7.000000000000000666e-01 3.245855368433351540e+00 3.270810915555600662e+00
7.099999999999999645e-01 3.245855802146501379e+00 3.270810989845685857e+00
7.199999999999999734e-01 3.245860956577562462e+00 3.270812335201002341e+00
7.299999999999999822e-01 3.245867226007319584e+00 3.270813554832600278e+00
7.399999999999999911e-01 3.245867397943247745e+00 3.270813590006123484e+00
7.500000000000000000e-01 3.245867397943247745e+00 3.270813590006123484e+00
7.600000000000000089e-01 3.245868299047054872e+00 3.270813800180850439e+00
7.700000000000000178e-01 3.245870685849292503e+00 3.270814207396404161e+00
7.800000000000000266e-01 3.245879231700413481e+00 3.270815997620112991e+00
7.900000000000000355e-01 3.245879470260736088e+00 3.270817822272185094e+00
8.000000000000000444e-01 3.245881480614770442e+00 3.270818413131605151e+00
8.100000000000000533e-01 3.245885946968461333e+00 3.270822089134787447e+00
8.200000000000000622e-01 3.245912449810889999e+00 3.270842083580108639e+00
8.300000000000000711e-01 3.245919497233212603e+00 3.270858930095850603e+00
8.399999999999999689e-01 3.245938546997735319e+00 3.270889683674147452e+00
8.499999999999999778e-01 3.245962289130179812e+00 3.270950829308540975e+00
8.599999999999999867e-01 3.245999807680617355e+00 3.271001576034058278e+00
8.699999999999999956e-01 3.246082522277781823e+00 3.271082010860493217e+00
8.800000000000000044e-01 3.246119548837976598e+00 3.271184297783536810e+00
8.900000000000000133e-01 3.246210840977036938e+00 3.271300739981329642e+00
9.000000000000000222e-01 3.246274156242372477e+00 3.271452965158460735e+00
9.100000000000000311e-01 3.246340731681884417e+00 3.271589690676628859e+00
9.200000000000000400e-01 3.246393649195321363e+00 3.271660339900366754e+00
9.300000000000000488e-01 3.246433787226610690e+00 3.271705427770680963e+00
9.400000000000000577e-01 3.246473072097563417e+00 3.271758423006272842e+00
9.500000000000000666e-01 3.246513102241547433e+00 3.271805107063262330e+00
9.599999999999999645e-01 3.246568412066983100e+00 3.271900959604693959e+00
9.699999999999999734e-01 3.246583007302492607e+00 3.272004876642018889e+00
9.799999999999999822e-01 3.246621183190482540e+00 3.272084999103409331e+00
9.899999999999999911e-01 3.246657555617997737e+00 3.272193141289045926e+00
1.000000000000000000e+00 3.246688052563424076e+00 3.272233365683799189e+00
1.010000000000000009e+00 3.246710177241572737e+00 3.272251709569683698e+00
1.020000000000000018e+00 3.246726235013785988e+00 3.272277294992623098e+00
1.030000000000000027e+00 3.246637899534021710e+00 3.272354560926641565e+00
1.040000000000000036e+00 3.246532105596906082e+00 3.272425061980837047e+00
1.050000000000000044e+00 3.246503701597334590e+00 3.272527016419290113e+00
1.060000000000000053e+00 3.246495557784109032e+00 3.272614513236017153e+00
1.070000000000000062e+00 3.246468947034331087e+00 3.272713338503388414e+00
1.080000000000000071e+00 3.246447470576443450e+00 3.272776522343478156e+00
1.090000000000000080e+00 3.246430183195384345e+00 3.272821796718327292e+00
1.100000000000000089e+00 3.246422166465847692e+00 3.272888825469882246e+00
1.110000000000000098e+00 3.246369113938964546e+00 3.272925832693420745e+00
1.120000000000000107e+00 3.246346589670054517e+00 3.272936293072827407e+00
1.130000000000000115e+00 3.246334986233786690e+00 3.272978996543808972e+00
1.140000000000000124e+00 3.246338066210655793e+00 3.273030671644301837e+00
1.150000000000000133e+00 3.246287720395483412e+00 3.273157644346795792e+00
1.159999999999999920e+00 3.246250064018322945e+00 3.273270996319697090e+00
1.169999999999999929e+00 3.246160477617845430e+00 3.273496764975919682e+00
1.179999999999999938e+00 3.246084299175477472e+00 3.273695605557227051e+00
1.189999999999999947e+00 3.245966111665751441e+00 3.274046526931736700e+00
1.199999999999999956e+00 3.245863836996020435e+00 3.274287187040387348e+00
1.209999999999999964e+00 3.245644298654224880e+00 3.274646070846889412e+00
1.219999999999999973e+00 3.245547559289164941e+00 3.274806158171467363e+00
1.229999999999999982e+00 3.245499605732647730e+00 3.274950721201213000e+00
1.239999999999999991e+00 3.245318323023960172e+00 3.275402832795932806e+00
1.250000000000000000e+00 3.245240668324017363e+00 3.275679891587710557e+00
1.260000000000000009e+00 3.245079384351192697e+00 3.276235473393977582e+00
1.270000000000000018e+00 3.244825477101833222e+00 3.277131410815685264e+00
1.280000000000000027e+00 3.244646565973572372e+00 3.277753079235740330e+00
1.290000000000000036e+00 3.244599671357164983e+00 3.277967617909421261e+00
1.300000000000000044e+00 3.244547630358733503e+00 3.278255575694046353e+00
1.310000000000000053e+00 3.244487040044987225e+00 3.278483609564578849e+00
1.320000000000000062e+00 3.244311831430740867e+00 3.278716366172484520e+00
1.330000000000000071e+00 3.244282821466511813e+00 3.278871858985834997e+00
1.340000000000000080e+00 3.244264557035381635e+00 3.278893791324679619e+00
1.350000000000000089e+00 3.244271438295721843e+00 3.278927351515412703e+00
1.360000000000000098e+00 3.244278125133688295e+00 3.278964985704247770e+00
1.370000000000000107e+00 3.244252895602377063e+00 3.279010321493951441e+00
1.380000000000000115e+00 3.244220429075815648e+00 3.279091188832662151e+00
1.390000000000000124e+00 3.244177054419548067e+00 3.279313074488609647e+00
1.400000000000000133e+00 3.244144429660631435e+00 3.279415505994962121e+00
1.409999999999999920e+00 3.244156286298564229e+00 3.279514936598011854e+00
1.419999999999999929e+00 3.244081095469522502e+00 3.279710440408658556e+00
1.429999999999999938e+00 3.243654847013683451e+00 3.280283616411952430e+00
1.439999999999999947e+00 3.243360207354066382e+00 3.280637328394415242e+00
1.449999999999999956e+00 3.243003132346122364e+00 3.281132513691932928e+00
1.459999999999999964e+00 3.242177356885566297e+00 3.282378652211533243e+00
1.469999999999999973e+00 3.241799959109065821e+00 3.282938918993236310e+00
1.479999999999999982e+00 3.241407225114108392e+00 3.283404139388798271e+00
1.489999999999999991e+00 3.240896173281315740e+00 3.284007274709101587e+00
1.500000000000000000e+00 3.240458973994279734e+00 3.284665995407080263e+00
1.510000000000000009e+00 3.239659356113739008e+00 3.285986717871360874e+00
1.520000000000000018e+00 3.238634949718200762e+00 3.287563005117691173e+00
1.530000000000000027e+00 3.235735453714075227e+00 3.291334504996595633e+00
1.540000000000000036e+00 3.231282987168579091e+00 3.297385584713668827e+00
1.550000000000000044e+00 3.227333646027322533e+00 3.303185376170401089e+00
1.560000000000000053e+00 3.227745982687380444e+00 3.303493396070096733e+00
1.570000000000000062e+00 3.225292374203380774e+00 3.307623137390438117e+00
1.580000000000000071e+00 3.223886001611445451e+00 3.310756235975529371e+00
1.590000000000000080e+00 3.222423533863396194e+00 3.313481281648307686e+00
1.600000000000000089e+00 3.213402417401253874e+00 3.328073344656050647e+00
1.610000000000000098e+00 3.208966748658748092e+00 3.336440137537388662e+00
1.620000000000000107e+00 3.218517983402165328e+00 3.325634315639582894e+00
1.630000000000000115e+00 3.221710565846743091e+00 3.323229572331128256e+00
1.640000000000000124e+00 3.219213694623384026e+00 3.328863256365385492e+00
1.650000000000000133e+00 3.213855519175889963e+00 3.339755000171301003e+00
1.660000000000000142e+00 3.210145442813900019e+00 3.348535015073749399e+00
1.669999999999999929e+00 3.204882639269092337e+00 3.360920773673793605e+00
1.679999999999999938e+00 3.198498508220889214e+00 3.376217453283093306e+00
1.689999999999999947e+00 3.191198129125687011e+00 3.396690904582885473e+00
1.699999999999999956e+00 3.185183496513698920e+00 3.417878682684565739e+00
1.709999999999999964e+00 3.180017807477009129e+00 3.441114969374645227e+00
1.719999999999999973e+00 3.177019639101868353e+00 3.459906927684897493e+00
1.729999999999999982e+00 3.174249935553560054e+00 3.483212341095915487e+00
1.739999999999999991e+00 3.172820038925450170e+00 3.507172933086115663e+00
1.750000000000000000e+00 3.173377985642666488e+00 3.534968721381908097e+00
1.760000000000000009e+00 3.175301435034818098e+00 3.560534748827867801e+00
1.770000000000000018e+00 3.178494447809683709e+00 3.587819731853974847e+00
1.780000000000000027e+00 3.185347391814384199e+00 3.625694892369117905e+00
1.790000000000000036e+00 3.194247853274626348e+00 3.660165610766129785e+00
1.800000000000000044e+00 3.206618846603553230e+00 3.697517321885903208e+00
1.810000000000000053e+00 3.224821150777359424e+00 3.737841177337150267e+00
1.820000000000000062e+00 3.244713005468574440e+00 3.775302010867866986e+00
1.830000000000000071e+00 3.275760910216896082e+00 3.822172350529105866e+00
1.840000000000000080e+00 3.307000962445090675e+00 3.868740579670121083e+00
1.850000000000000089e+00 3.334983793145679609e+00 3.916181092065311287e+00
1.860000000000000098e+00 3.410436910918929421e+00 3.958746520739815367e+00
1.870000000000000107e+00 3.499332544944619983e+00 3.979410028521680687e+00
1.880000000000000115e+00 3.554863324290136628e+00 3.991875274280686892e+00
1.890000000000000124e+00 3.600540765833697865e+00 3.996467860574879349e+00
1.900000000000000133e+00 3.643759232483168020e+00 3.996206633019189880e+00
1.910000000000000142e+00 3.669869998193511673e+00 3.993744275197258720e+00
1.919999999999999929e+00 3.688322686811707829e+00 3.991322542222716319e+00
1.929999999999999938e+00 3.711670941238414123e+00 3.986852784719456366e+00
1.939999999999999947e+00 3.729642702351260830e+00 3.982946163024258190e+00
1.949999999999999956e+00 3.740590286924427410e+00 3.980461559627467949e+00
1.959999999999999964e+00 3.749142020541392561e+00 3.978223739360608135e+00
1.969999999999999973e+00 3.758566266862919392e+00 3.975511816785762598e+00
1.979999999999999982e+00 3.768614323712158320e+00 3.972337131113242936e+00
1.989999999999999991e+00 3.772480310472139831e+00 3.971147806011548820e+00
2.000000000000000000e+00 3.776517388910889395e+00 3.969725966472983814e+00
2.010000000000000231e+00 3.779015699704337816e+00 3.969015619804214356e+00
2.020000000000000018e+00 3.781051664922995048e+00 3.968348071686464085e+00
2.030000000000000249e+00 3.782317237290178547e+00 3.967881701527799621e+00
2.040000000000000036e+00 3.784019223912201912e+00 3.967261931912459350e+00
2.049999999999999822e+00 3.786534152621233940e+00 3.966346981187855558e+00
2.060000000000000053e+00 3.789074599408746913e+00 3.965380340252279368e+00
2.069999999999999840e+00 3.790432157246738321e+00 3.964934076602786739e+00
2.080000000000000071e+00 3.790810179830971460e+00 3.964761772039946397e+00
2.089999999999999858e+00 3.792323072856537358e+00 3.964183554517157759e+00
2.100000000000000089e+00 3.792315736486195465e+00 3.963985502498866165e+00
2.109999999999999876e+00 3.792364275304846100e+00 3.963905817959733735e+00
2.120000000000000107e+00 3.792379683781204047e+00 3.963902959627571665e+00
2.129999999999999893e+00 3.792345573164068728e+00 3.963875881527818112e+00
2.140000000000000124e+00 3.792292611693636850e+00 3.963799312706692390e+00
2.149999999999999911e+00 3.792631851852624969e+00 3.963753768269331346e+00
2.160000000000000142e+00 3.792871076305525779e+00 3.963709057003838243e+00
2.169999999999999929e+00 3.792948418769047869e+00 3.963653872619463669e+00
2.180000000000000160e+00 3.792933701861138651e+00 3.963657343613867567e+00
2.189999999999999947e+00 3.792908923285163159e+00 3.963668402111375055e+00
2.200000000000000178e+00 3.793037531752744496e+00 3.963704820732912193e+00
2.209999999999999964e+00 3.793225834519105000e+00 3.963757404363913217e+00
2.220000000000000195e+00 3.793617434374376707e+00 3.963847779391721282e+00
2.229999999999999982e+00 3.793690291899304956e+00 3.963837943092722416e+00
2.240000000000000213e+00 3.793722419760383158e+00 3.963830708229385547e+00
2.250000000000000000e+00 3.793907391336628354e+00 3.963869453050425928e+00
2.260000000000000231e+00 3.793875226337565909e+00 3.963842891652927580e+00
2.270000000000000018e+00 3.793897180730871455e+00 3.963861677091546909e+00
2.280000000000000249e+00 3.793921785603849628e+00 3.963884162281663848e+00
2.290000000000000036e+00 3.793972967633763460e+00 3.963885956325968962e+00
2.300000000000000266e+00 3.793943419233454684e+00 3.963838075655804261e+00
2.310000000000000053e+00 3.793922234327184118e+00 3.963817237489832390e+00
2.319999999999999840e+00 3.793908140474811841e+00 3.963729603146060487e+00
2.330000000000000071e+00 3.793943146310741810e+00 3.963654106601779858e+00
2.339999999999999858e+00 3.794003037890918417e+00 3.963670736465923827e+00
2.350000000000000089e+00 3.793976413523935776e+00 3.963663431875921184e+00
2.359999999999999876e+00 3.794086426338820761e+00 3.963664046907753313e+00
2.370000000000000107e+00 3.794111290887930199e+00 3.963658921295068804e+00
2.379999999999999893e+00 3.794195650862198566e+00 3.963678961640853426e+00
2.390000000000000124e+00 3.794261912987613616e+00 3.963689270178889945e+00
2.399999999999999911e+00 3.794504601422451717e+00 3.963693621243334686e+00
2.410000000000000142e+00 3.794559259137198381e+00 3.963738950234368730e+00
2.419999999999999929e+00 3.794520950472815901e+00 3.963710829588906304e+00
2.430000000000000160e+00 3.794543632183906112e+00 3.963697970308426299e+00
2.439999999999999947e+00 3.794646685858783730e+00 3.963668033584537564e+00
2.450000000000000178e+00 3.794715084434955088e+00 3.963602303169758478e+00
2.459999999999999964e+00 3.794755210078722296e+00 3.963507484752172072e+00
2.470000000000000195e+00 3.794652322890270657e+00 3.963365767219554581e+00
2.479999999999999982e+00 3.794605235564582735e+00 3.963272918474800122e+00
2.490000000000000213e+00 3.794570174056719036e+00 3.963133268531133790e+00
2.500000000000000000e+00 3.794450614208019879e+00 3.962812524415217474e+00
2.510000000000000231e+00 3.794329532617299439e+00 3.962603347431452594e+00
2.520000000000000018e+00 3.794264915438426478e+00 3.962444409865605088e+00
2.530000000000000249e+00 3.794144648835298561e+00 3.962258406737211303e+00
2.540000000000000036e+00 3.794053445168619643e+00 3.962167618135327363e+00
2.550000000000000266e+00 3.794037877772080680e+00 3.962193235566390026e+00
2.560000000000000053e+00 3.793758939522039242e+00 3.962301849314440183e+00
2.569999999999999840e+00 3.793315422373963131e+00 3.962721217359351122e+00
2.580000000000000071e+00 3.791810727698198047e+00 3.963207523186811354e+00
2.589999999999999858e+00 3.790365257831612489e+00 3.963782736038169219e+00
2.600000000000000089e+00 3.788573787078708843e+00 3.964623642425685990e+00
2.609999999999999876e+00 3.784001972284967152e+00 3.966559575876539512e+00
2.620000000000000107e+00 3.779742655043380140e+00 3.968037932987434679e+00
2.629999999999999893e+00 3.774992932660074629e+00 3.969727992418317086e+00
2.640000000000000124e+00 3.760678030622579104e+00 3.977886065294168549e+00
2.649999999999999911e+00 3.612757020285213727e+00 4.068860206830417603e+00
2.660000000000000142e+00 3.460351327172854319e+00 4.136994797404668134e+00
2.669999999999999929e+00 3.193627411652086856e+00 4.201595740251065969e+00
2.680000000000000160e+00 2.877368557064827748e+00 4.200093068253699435e+00
2.689999999999999947e+00 2.609211713738835758e+00 4.144539536964499504e+00
2.700000000000000178e+00 2.337328932464298958e+00 4.034765557105364664e+00
2.709999999999999964e+00 2.026627724806047581e+00 3.826725820302986136e+00
2.720000000000000195e+00 1.822113459432748384e+00 3.568099819690557339e+00
2.729999999999999982e+00 1.614677529734577455e+00 3.155819673293624561e+00
2.740000000000000213e+00 1.583867356926674574e+00 2.935440558806186040e+00
2.750000000000000000e+00 1.585312753706203281e+00 2.728252713999522960e+00
2.760000000000000231e+00 1.578504562531791056e+00 2.891869787694134164e+00
2.770000000000000018e+00 1.631028369871202699e+00 3.242178334987339205e+00
2.780000000000000249e+00 1.712039305431991121e+00 3.480111714427323033e+00
2.790000000000000036e+00 2.049861540336437749e+00 3.900378899614982409e+00
2.800000000000000266e+00 2.472668059788329042e+00 4.151582676135915584e+00
2.810000000000000053e+00 2.874708001930577073e+00 4.239066542513507230e+00
2.819999999999999840e+00 3.215811266024102277e+00 4.227588700249206077e+00
2.830000000000000071e+00 3.367205796829060294e+00 4.201330600806876703e+00
2.839999999999999858e+00 3.436528002136286286e+00 4.185214671511117146e+00
2.850000000000000089e+00 3.502589686425991111e+00 4.164193856469325716e+00
2.859999999999999876e+00 3.535865103960008415e+00 4.153113081374197435e+00
2.870000000000000107e+00 3.552721439908263168e+00 4.147138318936113066e+00
2.879999999999999893e+00 3.563949234157370860e+00 4.142980495561791265e+00
2.890000000000000124e+00 3.588135071333338644e+00 4.133378865839550720e+00
2.899999999999999911e+00 3.617714954992162113e+00 4.121126270178926632e+00
2.910000000000000142e+00 3.642594256459664059e+00 4.110181093162109001e+00
2.919999999999999929e+00 3.658474034944574793e+00 4.102775102461774459e+00
2.930000000000000160e+00 3.687597743235493830e+00 4.088184676760767466e+00
2.939999999999999947e+00 3.709000862622331862e+00 4.076954066638875496e+00
2.950000000000000178e+00 3.744244123839826521e+00 4.057646979589967451e+00
2.959999999999999964e+00 3.772647513405328557e+00 4.041094874180310548e+00
2.970000000000000195e+00 3.796613105679429889e+00 4.026677868126951942e+00
2.979999999999999982e+00 3.827791239422834391e+00 4.007002240310632679e+00
2.990000000000000213e+00 3.877163403488463889e+00 3.970153994315796186e+00
3.000000000000000000e+00 3.907376642651529064e+00 3.944203357605962967e+00
