0.000000000000000000e+00 1.173676602321788609e+00
1.000000000000000021e-02 2.833411564316749676e+00
2.000000000000000042e-02 2.948024736764430997e+00
2.999999999999999889e-02 2.950575417897701058e+00
4.000000000000000083e-02 2.949914919569492255e+00
5.000000000000000278e-02 2.947559452753067077e+00
5.999999999999999778e-02 2.946227392742633899e+00
7.000000000000000666e-02 2.945348557262420730e+00
8.000000000000000167e-02 2.944871177880763913e+00
8.999999999999999667e-02 2.944593003950119137e+00
1.000000000000000056e-01 2.944191799700260237e+00
1.100000000000000006e-01 2.943979185256957898e+00
1.199999999999999956e-01 2.943699106554984901e+00
1.300000000000000044e-01 2.943425655527114770e+00
1.400000000000000133e-01 2.943133146526813348e+00
1.499999999999999944e-01 2.942820606806278327e+00
1.600000000000000033e-01 2.942663852617740439e+00
1.700000000000000122e-01 2.942606887397765991e+00
1.799999999999999933e-01 2.942518660349846105e+00
1.900000000000000022e-01 2.942468690614700400e+00
2.000000000000000111e-01 2.942425836288928842e+00
2.099999999999999922e-01 2.942390194270610770e+00
2.200000000000000011e-01 2.942350244166850981e+00
2.300000000000000100e-01 2.942325752558708096e+00
2.399999999999999911e-01 2.942297449736595016e+00
2.500000000000000000e-01 2.942260559291839606e+00
2.600000000000000089e-01 2.942235819964408972e+00
2.700000000000000178e-01 2.942211168580055158e+00
2.800000000000000266e-01 2.942193210563659456e+00
2.899999999999999800e-01 2.942184102234840282e+00
2.999999999999999889e-01 2.942181368401050712e+00
3.099999999999999978e-01 2.942176311657428656e+00
3.200000000000000067e-01 2.942171563928127398e+00
3.300000000000000155e-01 2.942168227596282826e+00
3.400000000000000244e-01 2.942165324208736443e+00
3.500000000000000333e-01 2.942163944494724070e+00
3.599999999999999867e-01 2.942160691676139805e+00
3.699999999999999956e-01 2.942160182783603695e+00
3.800000000000000044e-01 2.942159012396335704e+00
3.900000000000000133e-01 2.942159012396335704e+00
4.000000000000000222e-01 2.942159059684276379e+00
4.100000000000000311e-01 2.942165325219631367e+00
4.199999999999999845e-01 2.942169676213264307e+00
4.299999999999999933e-01 2.942171938920020935e+00
4.400000000000000022e-01 2.942171976485252305e+00
4.500000000000000111e-01 2.942172027297019987e+00
4.600000000000000200e-01 2.942172044389248065e+00
4.700000000000000289e-01 2.942172041568756224e+00
4.799999999999999822e-01 2.942172041568756224e+00
4.899999999999999911e-01 2.942171769483089339e+00
5.000000000000000000e-01 2.942171802566051486e+00
5.100000000000000089e-01 2.942171234347820352e+00
5.200000000000000178e-01 2.942169577932357782e+00
5.300000000000000266e-01 2.942168255774974650e+00
5.400000000000000355e-01 2.942168985803127246e+00
5.500000000000000444e-01 2.942168251552581992e+00
5.600000000000000533e-01 2.942168863716125404e+00
5.700000000000000622e-01 2.942169651966095145e+00
5.799999999999999600e-01 2.942194779360294277e+00
5.899999999999999689e-01 2.942219482967853406e+00
5.999999999999999778e-01 2.942245360808372290e+00
6.099999999999999867e-01 2.942246850719451690e+00
6.199999999999999956e-01 2.942310733649730725e+00
6.300000000000000044e-01 2.942472530517578289e+00
6.400000000000000133e-01 2.942782051048278724e+00
6.500000000000000222e-01 2.943090668005943211e+00
6.600000000000000311e-01 2.943356210713386378e+00
6.700000000000000400e-01 2.943499869956970105e+00
6.800000000000000488e-01 2.943257314760685084e+00
6.900000000000000577e-01 2.940727749605178687e+00
7.000000000000000666e-01 2.931379078309535924e+00
7.099999999999999645e-01 2.935958332078457023e+00
7.199999999999999734e-01 2.947106716754436473e+00
7.299999999999999822e-01 2.949893909254074131e+00
7.399999999999999911e-01 2.954619201149940366e+00
7.500000000000000000e-01 2.966789695672988891e+00
7.600000000000000089e-01 2.979865013608932411e+00
7.700000000000000178e-01 2.997173395938873330e+00
7.800000000000000266e-01 3.024446937189102069e+00
7.900000000000000355e-01 3.052766675536632501e+00
8.000000000000000444e-01 3.082888495223522263e+00
8.100000000000000533e-01 3.109745974805354862e+00
8.200000000000000622e-01 3.131872714989185180e+00
8.300000000000000711e-01 3.146745395007133350e+00
8.399999999999999689e-01 3.159133939225673871e+00
8.499999999999999778e-01 3.171539692838191815e+00
8.599999999999999867e-01 3.178953289954662420e+00
8.699999999999999956e-01 3.184634214906692407e+00
8.800000000000000044e-01 3.187814006862640159e+00
8.900000000000000133e-01 3.190073559942245396e+00
9.000000000000000222e-01 3.192104923484325507e+00
9.100000000000000311e-01 3.193558581795692408e+00
9.200000000000000400e-01 3.193873438870906689e+00
9.300000000000000488e-01 3.194004044902324591e+00
9.400000000000000577e-01 3.194141692166328372e+00
9.500000000000000666e-01 3.194174535992145625e+00
9.599999999999999645e-01 3.194268170294761511e+00
9.699999999999999734e-01 3.194420980446338820e+00
9.799999999999999822e-01 3.194651492919921676e+00
9.899999999999999911e-01 3.194826904122829436e+00
1.000000000000000000e+00 3.195044456825256507e+00
1.010000000000000009e+00 3.195874975335597945e+00
1.020000000000000018e+00 3.197237863349914555e+00
1.030000000000000027e+00 3.198128471789360106e+00
1.040000000000000036e+00 3.198465239977836827e+00
1.050000000000000044e+00 3.198747586653232666e+00
1.060000000000000053e+00 3.198777700955867775e+00
1.070000000000000062e+00 3.198813300323486430e+00
1.080000000000000071e+00 3.198820339713096761e+00
1.090000000000000080e+00 3.198793356959819700e+00
1.100000000000000089e+00 3.198799052541255961e+00
1.110000000000000098e+00 3.198849907591343023e+00
1.120000000000000107e+00 3.198841267178058612e+00
1.130000000000000115e+00 3.198757649743556808e+00
1.140000000000000124e+00 3.198503475575447119e+00
1.150000000000000133e+00 3.198213851678371356e+00
1.159999999999999920e+00 3.197793612780571060e+00
1.169999999999999929e+00 3.197121709518432553e+00
1.179999999999999938e+00 3.196602511146068526e+00
1.189999999999999947e+00 3.196163707680702348e+00
1.199999999999999956e+00 3.195482454075813106e+00
1.209999999999999964e+00 3.194843617050647566e+00
1.219999999999999973e+00 3.194740416440963848e+00
1.229999999999999982e+00 3.194654368050098281e+00
1.239999999999999991e+00 3.194591224398612983e+00
1.250000000000000000e+00 3.194584625275135092e+00
1.260000000000000009e+00 3.194563355238437818e+00
1.270000000000000018e+00 3.194543389601707251e+00
1.280000000000000027e+00 3.194544007303714572e+00
1.290000000000000036e+00 3.194544007303714572e+00
1.300000000000000044e+00 3.194544056370258289e+00
1.310000000000000053e+00 3.194544175124168550e+00
1.320000000000000062e+00 3.194544885365962816e+00
1.330000000000000071e+00 3.194545500648021896e+00
1.340000000000000080e+00 3.194545481133460818e+00
1.350000000000000089e+00 3.194544791150093044e+00
1.360000000000000098e+00 3.194545052766800008e+00
1.370000000000000107e+00 3.194545145254135132e+00
1.380000000000000115e+00 3.194546020348072002e+00
1.390000000000000124e+00 3.194546219365596684e+00
1.400000000000000133e+00 3.194546208069324322e+00
1.409999999999999920e+00 3.194548766529559991e+00
1.419999999999999929e+00 3.194553028526306182e+00
1.429999999999999938e+00 3.194553259313106519e+00
1.439999999999999947e+00 3.194556223552226903e+00
1.449999999999999956e+00 3.194556491687297939e+00
1.459999999999999964e+00 3.194556652345657444e+00
1.469999999999999973e+00 3.194560018112659439e+00
1.479999999999999982e+00 3.194560265448093350e+00
1.489999999999999991e+00 3.194563070478439126e+00
1.500000000000000000e+00 3.194570093071460892e+00
1.510000000000000009e+00 3.194569489684104813e+00
1.520000000000000018e+00 3.194573568763733107e+00
1.530000000000000027e+00 3.194572000288963487e+00
1.540000000000000036e+00 3.194326720209121895e+00
1.550000000000000044e+00 3.193588526830673402e+00
1.560000000000000053e+00 3.191134055812358650e+00
1.570000000000000062e+00 3.190391445152759520e+00
1.580000000000000071e+00 3.189358710410595155e+00
1.590000000000000080e+00 3.188567465875148610e+00
1.600000000000000089e+00 3.186337667582034960e+00
1.610000000000000098e+00 3.184681116023063474e+00
1.620000000000000107e+00 3.181901433534622292e+00
1.630000000000000115e+00 3.180344008324146099e+00
1.640000000000000124e+00 3.178290559773444990e+00
1.650000000000000133e+00 3.177220897352695417e+00
1.660000000000000142e+00 3.176193221051692994e+00
1.669999999999999929e+00 3.175723255457878036e+00
1.679999999999999938e+00 3.175060672745704693e+00
1.689999999999999947e+00 3.174590895507335642e+00
1.699999999999999956e+00 3.174131800818443150e+00
1.709999999999999964e+00 3.173885396895408828e+00
1.719999999999999973e+00 3.173812177639007359e+00
1.729999999999999982e+00 3.173719794654846105e+00
1.739999999999999991e+00 3.173615439808368688e+00
1.750000000000000000e+00 3.173547088124752058e+00
1.760000000000000009e+00 3.173551433813571965e+00
1.770000000000000018e+00 3.173359552309513276e+00
1.780000000000000027e+00 3.173180969407558560e+00
1.790000000000000036e+00 3.173020775566101292e+00
1.800000000000000044e+00 3.172830921876430565e+00
1.810000000000000053e+00 3.172771546649932883e+00
1.820000000000000062e+00 3.172145078146457742e+00
1.830000000000000071e+00 3.170997713479995816e+00
1.840000000000000080e+00 3.166732387075424260e+00
1.850000000000000089e+00 3.161245590806007311e+00
1.860000000000000098e+00 3.162072332050800405e+00
1.870000000000000107e+00 3.165144879519939280e+00
1.880000000000000115e+00 3.167839614484309951e+00
1.890000000000000124e+00 3.169164290668964323e+00
1.900000000000000133e+00 3.169578839030265716e+00
1.910000000000000142e+00 3.169550775194168057e+00
1.919999999999999929e+00 3.169741567475795829e+00
1.929999999999999938e+00 3.170019082541465583e+00
1.939999999999999947e+00 3.170875021927356929e+00
1.949999999999999956e+00 3.171555131351947665e+00
1.959999999999999964e+00 3.172967693383693888e+00
1.969999999999999973e+00 3.173850225167274441e+00
1.979999999999999982e+00 3.174607788078784854e+00
1.989999999999999991e+00 3.175099976558685366e+00
2.000000000000000000e+00 3.175560037453174722e+00
2.010000000000000231e+00 3.178032792067527978e+00
2.020000000000000018e+00 3.182750153706073615e+00
2.030000000000000249e+00 3.187846578037738965e+00
2.040000000000000036e+00 3.188811043043136451e+00
2.049999999999999822e+00 3.189669233980178653e+00
2.060000000000000053e+00 3.190988702816963229e+00
2.069999999999999840e+00 3.188635248221158847e+00
2.080000000000000071e+00 3.166122465541362896e+00
2.089999999999999858e+00 3.172117330503463783e+00
2.100000000000000089e+00 3.175348672531843164e+00
2.109999999999999876e+00 3.200594795035123674e+00
2.120000000000000107e+00 3.213657729904651816e+00
2.129999999999999893e+00 3.216210939831733562e+00
2.140000000000000124e+00 3.218978961148262208e+00
2.149999999999999911e+00 3.203956916391849319e+00
2.160000000000000142e+00 3.222409291230440065e+00
2.169999999999999929e+00 3.268420484981537033e+00
2.180000000000000160e+00 3.276400134179592083e+00
2.189999999999999947e+00 3.276625062214136186e+00
2.200000000000000178e+00 3.297234925389289639e+00
2.209999999999999964e+00 3.310062437884807807e+00
2.220000000000000195e+00 3.323750908198356502e+00
2.229999999999999982e+00 3.336072766814231816e+00
2.240000000000000213e+00 3.348908644502162968e+00
2.250000000000000000e+00 3.366367521668672591e+00
2.260000000000000231e+00 3.387311337060928462e+00
2.270000000000000018e+00 3.422343357732295921e+00
2.280000000000000249e+00 3.454002745447158684e+00
2.290000000000000036e+00 3.490532775709628943e+00
2.300000000000000266e+00 3.530608767054081110e+00
2.310000000000000053e+00 3.578537960803508611e+00
2.319999999999999840e+00 3.621672298741340779e+00
2.330000000000000071e+00 3.664959793334007454e+00
2.339999999999999858e+00 3.705922584066390968e+00
2.350000000000000089e+00 3.741092024698257301e+00
2.359999999999999876e+00 3.771368141398429685e+00
2.370000000000000107e+00 3.799048421235084572e+00
2.379999999999999893e+00 3.814323179295063149e+00
2.390000000000000124e+00 3.825411582176685421e+00
2.399999999999999911e+00 3.832409515404701317e+00
2.410000000000000142e+00 3.840057573764324328e+00
2.419999999999999929e+00 3.846643831367492883e+00
2.430000000000000160e+00 3.852153892264366331e+00
2.439999999999999947e+00 3.855983602499961638e+00
2.450000000000000178e+00 3.858083661241531459e+00
2.459999999999999964e+00 3.861391190335750512e+00
2.470000000000000195e+00 3.865042961347103123e+00
2.479999999999999982e+00 3.867795718004703343e+00
2.490000000000000213e+00 3.871605760788917383e+00
2.500000000000000000e+00 3.874600612633228192e+00
2.510000000000000231e+00 3.877487862570285770e+00
2.520000000000000018e+00 3.880643858668804125e+00
2.530000000000000249e+00 3.883240058259963767e+00
2.540000000000000036e+00 3.886329353330135294e+00
2.550000000000000266e+00 3.887626358549594929e+00
2.560000000000000053e+00 3.889689661970138435e+00
2.569999999999999840e+00 3.891412973599433833e+00
2.580000000000000071e+00 3.892900245642662238e+00
2.589999999999999858e+00 3.893781522984504750e+00
2.600000000000000089e+00 3.894763164181709314e+00
2.609999999999999876e+00 3.895492590117454412e+00
2.620000000000000107e+00 3.896188935403823717e+00
2.629999999999999893e+00 3.896701522774696169e+00
2.640000000000000124e+00 3.897243617691993567e+00
2.649999999999999911e+00 3.897622631342410937e+00
2.660000000000000142e+00 3.897580300071239456e+00
2.669999999999999929e+00 3.897594711029529702e+00
2.680000000000000160e+00 3.897268522813320146e+00
2.689999999999999947e+00 3.896836577062606999e+00
2.700000000000000178e+00 3.896188655905723497e+00
2.709999999999999964e+00 3.895713791532516623e+00
2.720000000000000195e+00 3.895259739296436319e+00
2.729999999999999982e+00 3.894980339365005317e+00
2.740000000000000213e+00 3.894736720442772082e+00
2.750000000000000000e+00 3.893523302569389166e+00
2.760000000000000231e+00 3.891775145621299892e+00
2.770000000000000018e+00 3.889275926303863429e+00
2.780000000000000249e+00 3.887108379888534415e+00
2.790000000000000036e+00 3.883517822861671576e+00
2.800000000000000266e+00 3.879615137443542583e+00
2.810000000000000053e+00 3.876616363828182088e+00
2.819999999999999840e+00 3.867718089063167497e+00
2.830000000000000071e+00 3.860317072466612043e+00
2.839999999999999858e+00 3.837032652059793492e+00
2.850000000000000089e+00 3.814713202655315438e+00
2.859999999999999876e+00 3.804341614736318711e+00
2.870000000000000107e+00 3.803108440551757674e+00
2.879999999999999893e+00 3.794162714301347883e+00
2.890000000000000124e+00 3.793338355969190445e+00
2.899999999999999911e+00 3.718596990865469021e+00
2.910000000000000142e+00 3.529915883765220475e+00
2.919999999999999929e+00 3.333233289852142178e+00
2.930000000000000160e+00 2.807112285341024194e+00
2.939999999999999947e+00 2.290023650433421043e+00
2.950000000000000178e+00 2.075201245459914023e+00
2.959999999999999964e+00 2.379303245935440181e+00
2.970000000000000195e+00 2.872287882816791704e+00
2.979999999999999982e+00 3.188252239338159377e+00
2.990000000000000213e+00 3.448972883223295316e+00
3.000000000000000000e+00 3.644434056818485423e+00
