0.000000000000000000e+00 1.414410810572654109e-01
1.000000000000000021e-02 9.639600544768571755e-01
2.000000000000000042e-02 9.633935858637094896e-01
2.999999999999999889e-02 9.632562822163105443e-01
4.000000000000000083e-02 9.633003245389462066e-01
5.000000000000000278e-02 9.633988034540414969e-01
5.999999999999999778e-02 1.460877263636588985e+00
7.000000000000000666e-02 3.927058445582389812e+00
8.000000000000000167e-02 3.927921573820114087e+00
8.999999999999999667e-02 3.928099103837013217e+00
1.000000000000000056e-01 3.928169701664447899e+00
1.100000000000000006e-01 3.928383846073150831e+00
1.199999999999999956e-01 3.928435575761795029e+00
1.300000000000000044e-01 3.928612777264118172e+00
1.400000000000000133e-01 3.928900503661632460e+00
1.499999999999999944e-01 3.929122065951824005e+00
1.600000000000000033e-01 3.929430717847347321e+00
1.700000000000000122e-01 3.929803954653739773e+00
1.799999999999999933e-01 3.930286832420825771e+00
1.900000000000000022e-01 3.930421305510997776e+00
2.000000000000000111e-01 3.930822730169296175e+00
2.099999999999999922e-01 3.931567017047405077e+00
2.200000000000000011e-01 3.931393938477039551e+00
2.300000000000000100e-01 3.928022483720779334e+00
2.399999999999999911e-01 3.922006665048599405e+00
2.500000000000000000e-01 3.887947928469181136e+00
2.600000000000000089e-01 3.776392800905704394e+00
2.700000000000000178e-01 3.599241618478298044e+00
2.800000000000000266e-01 3.452431720535755311e+00
2.899999999999999800e-01 3.357387786555290354e+00
2.999999999999999889e-01 3.310634035067558489e+00
3.099999999999999978e-01 3.288792333416938884e+00
3.200000000000000067e-01 3.269614802589416502e+00
3.300000000000000155e-01 3.263888766756057880e+00
3.400000000000000244e-01 3.259313463547229617e+00
3.500000000000000333e-01 3.258368212215900339e+00
3.599999999999999867e-01 3.258328344118595066e+00
3.699999999999999956e-01 3.258328344118595066e+00
3.800000000000000044e-01 3.258328344118595066e+00
3.900000000000000133e-01 3.258328344118595066e+00
4.000000000000000222e-01 3.258328344118595066e+00
4.100000000000000311e-01 3.258328344118595066e+00
4.199999999999999845e-01 3.258328344118595066e+00
4.299999999999999933e-01 3.258328344118595066e+00
4.400000000000000022e-01 3.258328344118595066e+00
4.500000000000000111e-01 3.258328344118595066e+00
4.600000000000000200e-01 3.258328344118595066e+00
4.700000000000000289e-01 3.258328344118595066e+00
4.799999999999999822e-01 3.258328344118595066e+00
4.899999999999999911e-01 3.258328344118595066e+00
5.000000000000000000e-01 3.258328344118595066e+00
5.100000000000000089e-01 3.258328344118595066e+00
5.200000000000000178e-01 3.258328344118595066e+00
5.300000000000000266e-01 3.258328344118595066e+00
5.400000000000000355e-01 3.258328344118595066e+00
5.500000000000000444e-01 3.258328344118595066e+00
5.600000000000000533e-01 3.258328344118595066e+00
5.700000000000000622e-01 3.258328344118595066e+00
5.799999999999999600e-01 3.258328344118595066e+00
5.899999999999999689e-01 3.258328344118595066e+00
5.999999999999999778e-01 3.258328344118595066e+00
6.099999999999999867e-01 3.258328344118595066e+00
6.199999999999999956e-01 3.258328344118595066e+00
6.300000000000000044e-01 3.258328336477279485e+00
6.400000000000000133e-01 3.258328336477279485e+00
6.500000000000000222e-01 3.258328336477279485e+00
6.600000000000000311e-01 3.258333141994476101e+00
6.700000000000000400e-01 3.258333141994476101e+00
6.800000000000000488e-01 3.258333141994476101e+00
6.900000000000000577e-01 3.258333141994476101e+00
7.000000000000000666e-01 3.258333141994476101e+00
7.099999999999999645e-01 3.258333395996093618e+00
7.199999999999999734e-01 3.258336645889282401e+00
7.299999999999999822e-01 3.258340390419959931e+00
7.399999999999999911e-01 3.258340493974685614e+00
7.500000000000000000e-01 3.258340493974685614e+00
7.600000000000000089e-01 3.258341049613952656e+00
7.700000000000000178e-01 3.258342446622848332e+00
7.800000000000000266e-01 3.258347614660263236e+00
7.900000000000000355e-01 3.258348646266460591e+00
8.000000000000000444e-01 3.258349946873187797e+00
8.100000000000000533e-01 3.258354018051624390e+00
8.200000000000000622e-01 3.258377266695499319e+00
8.300000000000000711e-01 3.258389213664531603e+00
8.399999999999999689e-01 3.258414115335941386e+00
8.499999999999999778e-01 3.258456559219360393e+00
8.599999999999999867e-01 3.258500691857337817e+00
8.699999999999999956e-01 3.258582266569137520e+00
8.800000000000000044e-01 3.258651923310756704e+00
8.900000000000000133e-01 3.258755790479183290e+00
9.000000000000000222e-01 3.258863560700416606e+00
9.100000000000000311e-01 3.258965211179256638e+00
9.200000000000000400e-01 3.259026994547844058e+00
9.300000000000000488e-01 3.259069607498645826e+00
9.400000000000000577e-01 3.259115747551918130e+00
9.500000000000000666e-01 3.259159104652404881e+00
9.599999999999999645e-01 3.259234685835838530e+00
9.699999999999999734e-01 3.259293941972255748e+00
9.799999999999999822e-01 3.259353091146945935e+00
9.899999999999999911e-01 3.259425348453521831e+00
1.000000000000000000e+00 3.259460709123611633e+00
1.010000000000000009e+00 3.259480943405628217e+00
1.020000000000000018e+00 3.259501765003204543e+00
1.030000000000000027e+00 3.259496230230331637e+00
1.040000000000000036e+00 3.259478583788871564e+00
1.050000000000000044e+00 3.259515359008312352e+00
1.060000000000000053e+00 3.259555035510063092e+00
1.070000000000000062e+00 3.259591142768859751e+00
1.080000000000000071e+00 3.259611996459960803e+00
1.090000000000000080e+00 3.259625989956855818e+00
1.100000000000000089e+00 3.259655495967864969e+00
1.110000000000000098e+00 3.259647473316192645e+00
1.120000000000000107e+00 3.259641441371440962e+00
1.130000000000000115e+00 3.259656991388797831e+00
1.140000000000000124e+00 3.259684368927478815e+00
1.150000000000000133e+00 3.259722682371139602e+00
1.159999999999999920e+00 3.259760530169010018e+00
1.169999999999999929e+00 3.259828621296882556e+00
1.179999999999999938e+00 3.259889952366352261e+00
1.189999999999999947e+00 3.260006319298744071e+00
1.199999999999999956e+00 3.260075512018203892e+00
1.209999999999999964e+00 3.260145184750557146e+00
1.219999999999999973e+00 3.260176858730316152e+00
1.229999999999999982e+00 3.260225163466930365e+00
1.239999999999999991e+00 3.260360577909946489e+00
1.250000000000000000e+00 3.260460279955863960e+00
1.260000000000000009e+00 3.260657428872585140e+00
1.270000000000000018e+00 3.260978443958759243e+00
1.280000000000000027e+00 3.261199822604656351e+00
1.290000000000000036e+00 3.261283644633293122e+00
1.300000000000000044e+00 3.261401603026389928e+00
1.310000000000000053e+00 3.261485324804783037e+00
1.320000000000000062e+00 3.261514098801612693e+00
1.330000000000000071e+00 3.261577340226173405e+00
1.340000000000000080e+00 3.261579174180030627e+00
1.350000000000000089e+00 3.261599394905567273e+00
1.360000000000000098e+00 3.261621555418968033e+00
1.370000000000000107e+00 3.261631608548164252e+00
1.380000000000000115e+00 3.261655808954238900e+00
1.390000000000000124e+00 3.261745064454078857e+00
1.400000000000000133e+00 3.261779967827796778e+00
1.409999999999999920e+00 3.261835611448288041e+00
1.419999999999999929e+00 3.261895767939090529e+00
1.429999999999999938e+00 3.261969231712817940e+00
1.439999999999999947e+00 3.261998767874240812e+00
1.449999999999999956e+00 3.262067823019027646e+00
1.459999999999999964e+00 3.262278004548549770e+00
1.469999999999999973e+00 3.262369439051151065e+00
1.479999999999999982e+00 3.262405682251453332e+00
1.489999999999999991e+00 3.262451723995208663e+00
1.500000000000000000e+00 3.262562484700679999e+00
1.510000000000000009e+00 3.262823036992549941e+00
1.520000000000000018e+00 3.263098977417945967e+00
1.530000000000000027e+00 3.263534979355335430e+00
1.540000000000000036e+00 3.264334285941123959e+00
1.550000000000000044e+00 3.265259511098861811e+00
1.560000000000000053e+00 3.265619689378738588e+00
1.570000000000000062e+00 3.266457755796909446e+00
1.580000000000000071e+00 3.267321118793487411e+00
1.590000000000000080e+00 3.267952407755851940e+00
1.600000000000000089e+00 3.270737881028652261e+00
1.610000000000000098e+00 3.272703443098068377e+00
1.620000000000000107e+00 3.272076149520874111e+00
1.630000000000000115e+00 3.272470069088935674e+00
1.640000000000000124e+00 3.274038475494384759e+00
1.650000000000000133e+00 3.276805259673595483e+00
1.660000000000000142e+00 3.279340228943824709e+00
1.669999999999999929e+00 3.282901706471442971e+00
1.679999999999999938e+00 3.287357980751991260e+00
1.689999999999999947e+00 3.293944516854286242e+00
1.699999999999999956e+00 3.301531089599132329e+00
1.709999999999999964e+00 3.310566388425827178e+00
1.719999999999999973e+00 3.318463283393382923e+00
1.729999999999999982e+00 3.328731138324737771e+00
1.739999999999999991e+00 3.339996486005782916e+00
1.750000000000000000e+00 3.354173353512287292e+00
1.760000000000000009e+00 3.367918091931342950e+00
1.770000000000000018e+00 3.383157089831829278e+00
1.780000000000000027e+00 3.405521142091751052e+00
1.790000000000000036e+00 3.427206732020378066e+00
1.800000000000000044e+00 3.452068084244728219e+00
1.810000000000000053e+00 3.481331164057254846e+00
1.820000000000000062e+00 3.510007508168220713e+00
1.830000000000000071e+00 3.548966630373000974e+00
1.840000000000000080e+00 3.587870771057605879e+00
1.850000000000000089e+00 3.625582442605495448e+00
1.860000000000000098e+00 3.684591715829372394e+00
1.870000000000000107e+00 3.739371286733150335e+00
1.880000000000000115e+00 3.773369299285411760e+00
1.890000000000000124e+00 3.798504313204288607e+00
1.900000000000000133e+00 3.819982932751178950e+00
1.910000000000000142e+00 3.831807136695385196e+00
1.919999999999999929e+00 3.839822614517212074e+00
1.929999999999999938e+00 3.849261862978935245e+00
1.939999999999999947e+00 3.856294432687759510e+00
1.949999999999999956e+00 3.860525923275947680e+00
1.959999999999999964e+00 3.863682879951000348e+00
1.969999999999999973e+00 3.867039041824340995e+00
1.979999999999999982e+00 3.870475727412700628e+00
1.989999999999999991e+00 3.871814058241844325e+00
2.000000000000000000e+00 3.873121677691936604e+00
2.010000000000000231e+00 3.874015659754276086e+00
2.020000000000000018e+00 3.874699868304729566e+00
2.030000000000000249e+00 3.875099469408989084e+00
2.040000000000000036e+00 3.875640577912330631e+00
2.049999999999999822e+00 3.876440566904544749e+00
2.060000000000000053e+00 3.877227469830513140e+00
2.069999999999999840e+00 3.877683116924762530e+00
2.080000000000000071e+00 3.877785975935458929e+00
2.089999999999999858e+00 3.878253313686847559e+00
2.100000000000000089e+00 3.878150619492530815e+00
2.109999999999999876e+00 3.878135046632289917e+00
2.120000000000000107e+00 3.878141321704387856e+00
2.129999999999999893e+00 3.878110727345943420e+00
2.140000000000000124e+00 3.878045962200164620e+00
2.149999999999999911e+00 3.878192810060978157e+00
2.160000000000000142e+00 3.878290066654682011e+00
2.169999999999999929e+00 3.878301145694255769e+00
2.180000000000000160e+00 3.878295522737503109e+00
2.189999999999999947e+00 3.878288662698269107e+00
2.200000000000000178e+00 3.878371176242828344e+00
2.209999999999999964e+00 3.878491619441509108e+00
2.220000000000000195e+00 3.878732606883048994e+00
2.229999999999999982e+00 3.878764117496013686e+00
2.240000000000000213e+00 3.878776563994884352e+00
2.250000000000000000e+00 3.878888422193527141e+00
2.260000000000000231e+00 3.878859058995246745e+00
2.270000000000000018e+00 3.878879428911209182e+00
2.280000000000000249e+00 3.878902973942756738e+00
2.290000000000000036e+00 3.878929461979866211e+00
2.300000000000000266e+00 3.878890747444629472e+00
2.310000000000000053e+00 3.878869735908508254e+00
2.319999999999999840e+00 3.878818871810436164e+00
2.330000000000000071e+00 3.878798626456260834e+00
2.339999999999999858e+00 3.878836887178421122e+00
2.350000000000000089e+00 3.878819922699928480e+00
2.359999999999999876e+00 3.878875236623287037e+00
2.370000000000000107e+00 3.878885106091499502e+00
2.379999999999999893e+00 3.878937306251525996e+00
2.390000000000000124e+00 3.878975591583251781e+00
2.399999999999999911e+00 3.879099111332893202e+00
2.410000000000000142e+00 3.879149104685783556e+00
2.419999999999999929e+00 3.879115890030861102e+00
2.430000000000000160e+00 3.879120801246166206e+00
2.439999999999999947e+00 3.879157359721660647e+00
2.450000000000000178e+00 3.879158693802356783e+00
2.459999999999999964e+00 3.879131347415447184e+00
2.470000000000000195e+00 3.879009045054912619e+00
2.479999999999999982e+00 3.878939077019691428e+00
2.490000000000000213e+00 3.878851721293926413e+00
2.500000000000000000e+00 3.878631569311618676e+00
2.510000000000000231e+00 3.878466440024376016e+00
2.520000000000000018e+00 3.878354662652015783e+00
2.530000000000000249e+00 3.878201527786254932e+00
2.540000000000000036e+00 3.878110531651973503e+00
2.550000000000000266e+00 3.878115556669235353e+00
2.560000000000000053e+00 3.878030394418239712e+00
2.569999999999999840e+00 3.878018319866657126e+00
2.580000000000000071e+00 3.877509125442504700e+00
2.589999999999999858e+00 3.877073996934890854e+00
2.600000000000000089e+00 3.876598714752197417e+00
2.609999999999999876e+00 3.875280774080753332e+00
2.620000000000000107e+00 3.873890294015407409e+00
2.629999999999999893e+00 3.872360462539195858e+00
2.640000000000000124e+00 3.869282047958373827e+00
2.649999999999999911e+00 3.840808613557815665e+00
2.660000000000000142e+00 3.798673062288761226e+00
2.669999999999999929e+00 3.697611575951576413e+00
2.680000000000000160e+00 3.538730812659263592e+00
2.689999999999999947e+00 3.376875625351667409e+00
2.700000000000000178e+00 3.186047244784831811e+00
2.709999999999999964e+00 2.926676772554516859e+00
2.720000000000000195e+00 2.695106639561652973e+00
2.729999999999999982e+00 2.385248601514101008e+00
2.740000000000000213e+00 2.259653957866430307e+00
2.750000000000000000e+00 2.156782733852863121e+00
2.760000000000000231e+00 2.235187175112962610e+00
2.770000000000000018e+00 2.436603352429270952e+00
2.780000000000000249e+00 2.596075509929657077e+00
2.790000000000000036e+00 2.975120219975710079e+00
2.800000000000000266e+00 3.312125367962122091e+00
2.810000000000000053e+00 3.556887272222041929e+00
2.819999999999999840e+00 3.721699983136653955e+00
2.830000000000000071e+00 3.784268198817968276e+00
2.839999999999999858e+00 3.810871336823701938e+00
2.850000000000000089e+00 3.833391771447658414e+00
2.859999999999999876e+00 3.844489092667102703e+00
2.870000000000000107e+00 3.849929879422187895e+00
2.879999999999999893e+00 3.853464864859581063e+00
2.890000000000000124e+00 3.860756968586444682e+00
2.899999999999999911e+00 3.869420612585544372e+00
2.910000000000000142e+00 3.876387674810886530e+00
2.919999999999999929e+00 3.880624568703174404e+00
2.930000000000000160e+00 3.887891209998130648e+00
2.939999999999999947e+00 3.892977464630603901e+00
2.950000000000000178e+00 3.900945551714896986e+00
2.959999999999999964e+00 3.906871193792819774e+00
2.970000000000000195e+00 3.911645486903190694e+00
2.979999999999999982e+00 3.917396739866733757e+00
2.990000000000000213e+00 3.923658698902130038e+00
3.000000000000000000e+00 3.925790000128746016e+00
