0.000000000000000000e+00 5.229618220544559604e-01 5.934216504263180036e-01
1.000000000000000021e-02 5.207487595136888192e-01 5.971387608812324110e-01
2.000000000000000042e-02 9.255228838743582154e-01 1.045084654706536220e+00
2.999999999999999889e-02 9.607825383500850913e-01 1.027941920398017128e+00
4.000000000000000083e-02 9.607964733458440598e-01 1.027911679140241841e+00
5.000000000000000278e-02 9.583504682151293697e-01 1.032439551022865887e+00
5.999999999999999778e-02 9.384442689982975816e-01 1.864875670774785110e+00
7.000000000000000666e-02 1.934478629453214138e+00 1.993430425260034999e+00
8.000000000000000167e-02 1.934436480076867859e+00 1.993220439688604628e+00
8.999999999999999667e-02 1.934392775147251387e+00 1.993141227152057438e+00
1.000000000000000056e-01 1.934237523947963222e+00 1.992998355911961283e+00
1.100000000000000006e-01 1.934155857614585861e+00 1.993010360535076186e+00
1.199999999999999956e-01 1.934116590893536491e+00 1.993035874602526958e+00
1.300000000000000044e-01 1.934072863177376256e+00 1.993114093106669760e+00
1.400000000000000133e-01 1.934025384701259176e+00 1.993135179597370632e+00
1.499999999999999944e-01 1.934034275999126695e+00 1.993156942279281196e+00
1.600000000000000033e-01 1.933793551696572743e+00 1.993721643069948923e+00
1.700000000000000122e-01 1.933718038324683031e+00 1.993947906966835992e+00
1.799999999999999933e-01 1.933453156463386335e+00 1.994771690123794627e+00
1.900000000000000022e-01 1.932979792145134601e+00 1.995988736404536779e+00
2.000000000000000111e-01 1.932672643397587375e+00 1.996784085237246931e+00
2.099999999999999922e-01 1.932586862633555169e+00 1.996950270998151256e+00
2.200000000000000011e-01 1.581836177236177976e+00 3.233496630032918873e+00
2.300000000000000100e-01 3.767278638944253188e+00 4.126720910091773220e+00
2.399999999999999911e-01 3.931543801938453431e+00 3.994473414639076569e+00
2.500000000000000000e-01 3.931543801938453431e+00 3.994473414639076569e+00
2.600000000000000089e-01 3.931543801938453431e+00 3.994473414639076569e+00
2.700000000000000178e-01 3.931543801938453431e+00 3.994473414639076569e+00
2.800000000000000266e-01 3.931535255736763101e+00 3.994469553790633842e+00
2.899999999999999800e-01 3.931529164647807661e+00 3.994471021580944914e+00
2.999999999999999889e-01 3.931389619824995130e+00 3.994475618054758037e+00
3.099999999999999978e-01 3.931365743863465489e+00 3.994474703161833951e+00
3.200000000000000067e-01 3.931317967423220594e+00 3.994495372825840995e+00
3.300000000000000155e-01 3.931281974626530840e+00 3.994514624566088301e+00
3.400000000000000244e-01 3.931259837693049874e+00 3.994517832947895641e+00
3.500000000000000333e-01 3.931121966945176904e+00 3.994550039576048039e+00
3.599999999999999867e-01 3.931052065996953448e+00 3.994559336757829815e+00
3.699999999999999956e-01 3.931027984589913871e+00 3.994558505592962661e+00
3.800000000000000044e-01 3.931044071796698347e+00 3.994574608985619335e+00
3.900000000000000133e-01 3.930787708439926309e+00 3.994768642368217382e+00
4.000000000000000222e-01 3.929878864028751195e+00 3.995267574402988409e+00
4.100000000000000311e-01 3.925571548289431334e+00 3.997598587923871349e+00
4.199999999999999845e-01 3.890290676362883282e+00 4.022350666782487316e+00
4.299999999999999933e-01 3.717887072464513665e+00 4.090475699437570611e+00
4.400000000000000022e-01 3.425722645658844101e+00 4.044621677556640371e+00
4.500000000000000111e-01 3.207734621602821079e+00 3.815468317135048082e+00
4.600000000000000200e-01 3.172413832883729246e+00 3.567678127012358313e+00
4.700000000000000289e-01 3.216683026062647777e+00 3.423068486893971141e+00
4.799999999999999822e-01 3.252207299356063341e+00 3.362767595858971337e+00
4.899999999999999911e-01 3.283811742755884833e+00 3.322220097396856087e+00
5.000000000000000000e-01 3.296879408750069462e+00 3.308014304404723216e+00
5.100000000000000089e-01 3.296879408750069462e+00 3.308014304404723216e+00
5.200000000000000178e-01 3.296880314851679206e+00 3.308008952058874019e+00
5.300000000000000266e-01 3.296880314851679206e+00 3.308008952058874019e+00
5.400000000000000355e-01 3.296881691823804861e+00 3.308007562393342926e+00
5.500000000000000444e-01 3.296881691823804861e+00 3.308007562393342926e+00
5.600000000000000533e-01 3.296881809934759211e+00 3.308005787602281700e+00
5.700000000000000622e-01 3.296881809934759211e+00 3.308005787602281700e+00
5.799999999999999600e-01 3.296882701253969206e+00 3.308005904407422815e+00
5.899999999999999689e-01 3.296889123301940394e+00 3.307992144112152921e+00
5.999999999999999778e-01 3.296913913885732406e+00 3.307980390904764256e+00
6.099999999999999867e-01 3.296922160241106070e+00 3.307978148205777735e+00
6.199999999999999956e-01 3.296942316683024732e+00 3.307971139833240759e+00
6.300000000000000044e-01 3.296951070836938946e+00 3.307966092053495011e+00
6.400000000000000133e-01 3.297012282059080590e+00 3.307937047608010772e+00
6.500000000000000222e-01 3.297038039116324981e+00 3.307927466397820204e+00
6.600000000000000311e-01 3.297068537419846290e+00 3.307918386136481370e+00
6.700000000000000400e-01 3.297071828703011853e+00 3.307915990820799124e+00
6.800000000000000488e-01 3.297096743180386813e+00 3.307910938675768353e+00
6.900000000000000577e-01 3.297097815325039871e+00 3.307909829919558842e+00
7.000000000000000666e-01 3.297099943227585150e+00 3.307907169532958491e+00
7.099999999999999645e-01 3.297114943718411517e+00 3.307903505673906785e+00
7.199999999999999734e-01 3.297117309651908634e+00 3.307894022850456750e+00
7.299999999999999822e-01 3.297123229574946635e+00 3.307882661028118676e+00
7.399999999999999911e-01 3.297132206005363386e+00 3.307875120783538847e+00
7.500000000000000000e-01 3.297135824617925870e+00 3.307873913135941812e+00
7.600000000000000089e-01 3.297141372855058261e+00 3.307870670210966590e+00
7.700000000000000178e-01 3.297125957661036555e+00 3.307867387418385707e+00
7.800000000000000266e-01 3.297104549132297002e+00 3.307841770614674104e+00
7.900000000000000355e-01 3.297014141988140690e+00 3.307780436711925010e+00
8.000000000000000444e-01 3.296942221756314684e+00 3.307715809387827388e+00
8.100000000000000533e-01 3.296853670675067516e+00 3.307616575549336080e+00
8.200000000000000622e-01 3.296695989277439676e+00 3.307514720499438621e+00
8.300000000000000711e-01 3.296595270540228828e+00 3.307457541020401681e+00
8.399999999999999689e-01 3.296508840091679549e+00 3.307392950522448860e+00
8.499999999999999778e-01 3.296426046481996330e+00 3.307357551545233143e+00
8.599999999999999867e-01 3.296367089606496492e+00 3.307336618756083091e+00
8.699999999999999956e-01 3.296284028150762602e+00 3.307306588709627349e+00
8.800000000000000044e-01 3.296218533549929219e+00 3.307260866846418068e+00
8.900000000000000133e-01 3.296161412725525874e+00 3.307223285651129441e+00
9.000000000000000222e-01 3.296131901953701426e+00 3.307215448333736152e+00
9.100000000000000311e-01 3.296089469496791935e+00 3.307183972413951345e+00
9.200000000000000400e-01 3.296036457403741959e+00 3.307154218536771939e+00
9.300000000000000488e-01 3.296006894936180487e+00 3.307140263538741465e+00
9.400000000000000577e-01 3.295976715173629223e+00 3.307124429059120629e+00
9.500000000000000666e-01 3.295938419531231123e+00 3.307125313293094226e+00
9.599999999999999645e-01 3.295827969687895376e+00 3.307131625572724332e+00
9.699999999999999734e-01 3.295776853899646586e+00 3.307131372375797351e+00
9.799999999999999822e-01 3.295651359112683476e+00 3.307149197799738705e+00
9.899999999999999911e-01 3.295634126529953356e+00 3.307150026483276051e+00
1.000000000000000000e+00 3.295620152210469556e+00 3.307150029564623672e+00
1.010000000000000009e+00 3.295613811636818102e+00 3.307154535760032044e+00
1.020000000000000018e+00 3.295592609744423473e+00 3.307151148838645138e+00
1.030000000000000027e+00 3.295561954992869413e+00 3.307143686133763527e+00
1.040000000000000036e+00 3.295551826751129454e+00 3.307137021749122496e+00
1.050000000000000044e+00 3.295381304008931700e+00 3.307246671841173935e+00
1.060000000000000053e+00 3.295182508808519817e+00 3.307354925526234890e+00
1.070000000000000062e+00 3.295168611339695186e+00 3.307345029574268569e+00
1.080000000000000071e+00 3.295342849923934558e+00 3.307189369738731344e+00
1.090000000000000080e+00 3.295463042494807482e+00 3.307093194592442664e+00
1.100000000000000089e+00 3.295475653141588079e+00 3.307079354835897878e+00
1.110000000000000098e+00 3.295485297102738631e+00 3.307072123847197620e+00
1.120000000000000107e+00 3.295492448650330086e+00 3.307061844882041246e+00
1.130000000000000115e+00 3.295501868538247781e+00 3.307056526933325191e+00
1.140000000000000124e+00 3.295502271578893971e+00 3.307054266902818451e+00
1.150000000000000133e+00 3.295501487701478549e+00 3.307051289164480767e+00
1.159999999999999920e+00 3.295499616642548535e+00 3.307048975519583767e+00
1.169999999999999929e+00 3.295499230639750365e+00 3.307046353471463362e+00
1.179999999999999938e+00 3.295497754125886303e+00 3.307042277068800828e+00
1.189999999999999947e+00 3.295497278873585234e+00 3.307039912536479331e+00
1.199999999999999956e+00 3.295497131211019948e+00 3.307038991058610655e+00
1.209999999999999964e+00 3.295497036135231372e+00 3.307038509604895982e+00
1.219999999999999973e+00 3.295496085388202712e+00 3.307035743787746451e+00
1.229999999999999982e+00 3.295496085962362542e+00 3.307036066661767748e+00
1.239999999999999991e+00 3.295495631546445647e+00 3.307033487744859723e+00
1.250000000000000000e+00 3.295495495854476431e+00 3.307032775677582137e+00
1.260000000000000009e+00 3.295494932057514870e+00 3.307027479460581620e+00
1.270000000000000018e+00 3.295493006031356309e+00 3.307014494302429775e+00
1.280000000000000027e+00 3.295492799766305492e+00 3.307012550756689873e+00
1.290000000000000036e+00 3.295492791271931399e+00 3.307012327985041633e+00
1.300000000000000044e+00 3.295490041816631965e+00 3.307012924887736460e+00
1.310000000000000053e+00 3.295486279781004058e+00 3.307014279568056381e+00
1.320000000000000062e+00 3.295462267538139756e+00 3.307039600643088662e+00
1.330000000000000071e+00 3.295247784641025746e+00 3.307305872599841656e+00
1.340000000000000080e+00 3.294540231462582902e+00 3.308179689654245692e+00
1.350000000000000089e+00 3.293482299107434397e+00 3.309503743868944969e+00
1.360000000000000098e+00 3.291876287932170797e+00 3.311637575111614495e+00
1.370000000000000107e+00 3.290517238920359411e+00 3.313556240951390564e+00
1.380000000000000115e+00 3.288351970095455545e+00 3.316682829213321693e+00
1.390000000000000124e+00 3.286594215556912335e+00 3.319424000428385479e+00
1.400000000000000133e+00 3.284784653916967390e+00 3.322346769976007419e+00
1.409999999999999920e+00 3.283149855921923876e+00 3.324963049256146608e+00
1.419999999999999929e+00 3.283076556908605337e+00 3.325121012084963024e+00
1.429999999999999938e+00 3.283014265982783453e+00 3.325223467166745106e+00
1.439999999999999947e+00 3.283003041577603032e+00 3.325254339546893423e+00
1.449999999999999956e+00 3.282520879534093439e+00 3.326071411492021568e+00
1.459999999999999964e+00 3.281831932902687488e+00 3.326822907890921943e+00
1.469999999999999973e+00 3.280728866996685866e+00 3.327683937692721194e+00
1.479999999999999982e+00 3.274154028639149949e+00 3.332431953282999793e+00
1.489999999999999991e+00 3.268966679824734101e+00 3.336294418641185366e+00
1.500000000000000000e+00 3.256993861474526408e+00 3.342785692568289502e+00
1.510000000000000009e+00 3.249489533799235996e+00 3.346404070550854204e+00
1.520000000000000018e+00 3.240515686488003144e+00 3.349829535374790002e+00
1.530000000000000027e+00 3.228480215517569807e+00 3.353654245608757467e+00
1.540000000000000036e+00 3.209527183379670134e+00 3.358001397467116789e+00
1.550000000000000044e+00 3.191833831098127128e+00 3.360271317131472202e+00
1.560000000000000053e+00 3.168065557108027175e+00 3.359023974780934285e+00
1.570000000000000062e+00 3.147183912842941744e+00 3.356049981529044324e+00
1.580000000000000071e+00 3.120619241919251330e+00 3.348986116252211431e+00
1.590000000000000080e+00 3.095512473593362124e+00 3.339213981375090512e+00
1.600000000000000089e+00 3.069859748564285340e+00 3.326150909318404736e+00
1.610000000000000098e+00 3.045469650488315860e+00 3.309439867167057070e+00
1.620000000000000107e+00 3.023302570194970063e+00 3.288529082904089851e+00
1.630000000000000115e+00 3.008643403027320140e+00 3.271109705860352435e+00
1.640000000000000124e+00 2.995921882753054266e+00 3.253219230656941630e+00
1.650000000000000133e+00 2.984770841501718230e+00 3.231786427308554366e+00
1.660000000000000142e+00 2.977047250737237860e+00 3.211947946015309974e+00
1.669999999999999929e+00 2.972275922297328954e+00 3.193331385818630075e+00
1.679999999999999938e+00 2.969514337057117981e+00 3.173319117032046943e+00
1.689999999999999947e+00 2.968761659142264975e+00 3.157185100453605564e+00
1.699999999999999956e+00 2.968765981723283431e+00 3.146637372144247102e+00
1.709999999999999964e+00 2.969481052522565001e+00 3.134560530243014398e+00
1.719999999999999973e+00 2.969954990684150697e+00 3.123199467843414734e+00
1.729999999999999982e+00 2.971281854250339194e+00 3.112858512919040699e+00
1.739999999999999991e+00 2.972643413863353956e+00 3.105920947022266176e+00
1.750000000000000000e+00 2.973638520293977905e+00 3.100455382680150862e+00
1.760000000000000009e+00 2.975157814712980464e+00 3.094790953578492765e+00
1.770000000000000018e+00 2.976286737411564687e+00 3.090246718189173514e+00
1.780000000000000027e+00 2.977923915455271242e+00 3.084916082789968428e+00
1.790000000000000036e+00 2.978625119979357194e+00 3.082422535097623317e+00
1.800000000000000044e+00 2.978752533853759488e+00 3.081368013097534053e+00
1.810000000000000053e+00 2.978415378886660747e+00 3.080872136662999417e+00
1.820000000000000062e+00 2.978869854789751859e+00 3.079605475043278862e+00
1.830000000000000071e+00 2.978963243581590259e+00 3.078591010745230339e+00
1.840000000000000080e+00 2.978402418801878948e+00 3.078432966782952196e+00
1.850000000000000089e+00 2.978798468207943362e+00 3.076952054963481675e+00
1.860000000000000098e+00 2.980797191297814841e+00 3.073341159017279445e+00
1.870000000000000107e+00 2.981733767623137243e+00 3.072314148364831521e+00
1.880000000000000115e+00 2.982173398285326904e+00 3.071993228654446462e+00
1.890000000000000124e+00 2.982468927687588867e+00 3.071875300918635254e+00
1.900000000000000133e+00 2.982462184186386089e+00 3.072027630405021803e+00
1.910000000000000142e+00 2.982377536374338778e+00 3.072373500126591939e+00
1.919999999999999929e+00 2.981952508290337533e+00 3.073505079094839942e+00
1.929999999999999938e+00 2.981694609970547027e+00 3.074435504150890175e+00
1.939999999999999947e+00 2.974049471737152395e+00 3.085625436099761920e+00
1.949999999999999956e+00 2.970853786309867850e+00 3.090935984350532628e+00
1.959999999999999964e+00 2.966430890074537086e+00 3.097845962914659967e+00
1.969999999999999973e+00 2.951562102528126452e+00 3.121825748614757146e+00
1.979999999999999982e+00 2.911089010950632883e+00 3.199096334970883859e+00
1.989999999999999991e+00 2.889318868142168206e+00 3.255056185454328066e+00
2.000000000000000000e+00 2.869158178837264206e+00 3.343307137796914130e+00
2.010000000000000231e+00 2.861916637314742662e+00 3.451597818013244723e+00
2.020000000000000018e+00 2.892759321200998102e+00 3.621933291933386201e+00
2.030000000000000249e+00 2.957487219962305680e+00 3.771240677910618899e+00
2.040000000000000036e+00 3.024519839904328933e+00 3.876379505145528981e+00
2.049999999999999822e+00 3.130555850077319402e+00 3.975466512717556800e+00
2.060000000000000053e+00 3.239467654663582330e+00 4.018652561386566013e+00
2.069999999999999840e+00 3.385615022531538454e+00 4.041537802504509891e+00
2.080000000000000071e+00 3.489566068127953002e+00 4.046245107251800199e+00
2.089999999999999858e+00 3.569772550227643837e+00 4.037275062835215422e+00
2.100000000000000089e+00 3.645472931750650680e+00 4.018504685131673249e+00
2.109999999999999876e+00 3.680809935045404213e+00 4.005803197855787978e+00
2.120000000000000107e+00 3.697043598793442243e+00 4.000153551260535956e+00
2.129999999999999893e+00 3.713373551284945062e+00 3.993127338788831526e+00
2.140000000000000124e+00 3.724090393085953909e+00 3.988614833364012124e+00
2.149999999999999911e+00 3.735587445723924649e+00 3.983269111812200780e+00
2.160000000000000142e+00 3.747792726844975331e+00 3.978055868535807615e+00
2.169999999999999929e+00 3.753470565196178388e+00 3.975124460443355989e+00
2.180000000000000160e+00 3.756233498316744246e+00 3.974217757123967409e+00
2.189999999999999947e+00 3.761034200368560398e+00 3.972677758454643993e+00
2.200000000000000178e+00 3.772495543293418852e+00 3.968489140258369741e+00
2.209999999999999964e+00 3.776787955388275275e+00 3.966832081046851588e+00
2.220000000000000195e+00 3.781027778575790421e+00 3.965441700927841318e+00
2.229999999999999982e+00 3.781931353438841903e+00 3.965026595012200339e+00
2.240000000000000213e+00 3.782344072687890524e+00 3.965034369032117922e+00
2.250000000000000000e+00 3.782801576167460045e+00 3.964956066120748357e+00
2.260000000000000231e+00 3.782831711513856110e+00 3.964952531969687666e+00
2.270000000000000018e+00 3.783176268352586469e+00 3.964608986659925449e+00
2.280000000000000249e+00 3.783324453149694122e+00 3.964422056492907132e+00
2.290000000000000036e+00 3.783393484035675325e+00 3.964297566155250419e+00
2.300000000000000266e+00 3.783634140695645520e+00 3.964022078996584320e+00
2.310000000000000053e+00 3.783609632166525127e+00 3.963780698901513855e+00
2.319999999999999840e+00 3.783443345649362133e+00 3.963699444148420792e+00
2.330000000000000071e+00 3.779876994668049939e+00 3.964671259969668071e+00
2.339999999999999858e+00 3.769077616679319398e+00 3.967650121462694024e+00
2.350000000000000089e+00 3.758142589430982117e+00 3.970993913059061686e+00
2.359999999999999876e+00 3.741718997096463273e+00 3.975516811724261412e+00
2.370000000000000107e+00 3.726231136771879893e+00 3.979399693630494728e+00
2.379999999999999893e+00 3.706248710757936049e+00 3.981724209697997008e+00
2.390000000000000124e+00 3.674886839128485239e+00 3.983032300910005485e+00
2.399999999999999911e+00 3.640284615573870841e+00 3.981088597397816731e+00
2.410000000000000142e+00 3.599508227676689653e+00 3.974370981369674372e+00
2.419999999999999929e+00 3.561825408394733383e+00 3.963534798743328036e+00
2.430000000000000160e+00 3.520570722376091588e+00 3.946056755617873613e+00
2.439999999999999947e+00 3.484017798862986126e+00 3.926530026225514725e+00
2.450000000000000178e+00 3.452351726882062710e+00 3.904417366836466119e+00
2.459999999999999964e+00 3.421914483716396838e+00 3.876940905945391869e+00
2.470000000000000195e+00 3.399596313630143918e+00 3.851600052298506327e+00
2.479999999999999982e+00 3.379560913315113879e+00 3.822313267836276118e+00
2.490000000000000213e+00 3.360412346321780763e+00 3.787971124122898825e+00
2.500000000000000000e+00 3.347661975209657026e+00 3.757972019717749301e+00
2.510000000000000231e+00 3.337345111082767879e+00 3.725688669139171516e+00
2.520000000000000018e+00 3.328449087692443964e+00 3.690036072372253617e+00
2.530000000000000249e+00 3.323441294416992875e+00 3.656750630317122663e+00
2.540000000000000036e+00 3.321193594463403009e+00 3.627169624597494924e+00
2.550000000000000266e+00 3.320958074769388091e+00 3.596958531685460869e+00
2.560000000000000053e+00 3.324105792228662981e+00 3.566115499184644211e+00
2.569999999999999840e+00 3.329312826962018690e+00 3.538308386579012144e+00
2.580000000000000071e+00 3.335431733940525945e+00 3.515257578922823534e+00
2.589999999999999858e+00 3.341653034831838731e+00 3.496916573641938975e+00
2.600000000000000089e+00 3.346126216518732210e+00 3.484308290002493091e+00
2.609999999999999876e+00 3.349424641641260525e+00 3.475621946684240182e+00
2.620000000000000107e+00 3.352045169442818828e+00 3.469375813061072567e+00
2.629999999999999893e+00 3.355993740358888200e+00 3.460969917063177359e+00
2.640000000000000124e+00 3.361301065481741901e+00 3.450849638778130668e+00
2.649999999999999911e+00 3.364961779752722926e+00 3.444539856432923486e+00
2.660000000000000142e+00 3.367988116732253179e+00 3.439538238987312813e+00
2.669999999999999929e+00 3.368810590391911219e+00 3.438174544414721368e+00
2.680000000000000160e+00 3.370206688675778217e+00 3.435944276905162020e+00
2.689999999999999947e+00 3.370687272551421199e+00 3.435186563436623874e+00
2.700000000000000178e+00 3.371243200300791720e+00 3.434285492798229811e+00
2.709999999999999964e+00 3.372136861114166440e+00 3.432713344664909183e+00
2.720000000000000195e+00 3.373131304451272516e+00 3.431028132413580511e+00
2.729999999999999982e+00 3.374260856262243813e+00 3.429108888730012517e+00
2.740000000000000213e+00 3.375780853306669549e+00 3.426653530510049173e+00
2.750000000000000000e+00 3.377153162499368921e+00 3.424455955123006934e+00
2.760000000000000231e+00 3.378667196449582466e+00 3.422086120749171290e+00
2.770000000000000018e+00 3.380649367602870381e+00 3.419143858148052662e+00
2.780000000000000249e+00 3.382670000003420441e+00 3.416251156369603414e+00
2.790000000000000036e+00 3.383490808833566454e+00 3.415114857136281934e+00
2.800000000000000266e+00 3.384622747884685090e+00 3.413590765003269745e+00
2.810000000000000053e+00 3.386935063969835902e+00 3.410585316016927493e+00
2.819999999999999840e+00 3.387411178720089566e+00 3.409989941990283491e+00
2.830000000000000071e+00 3.387957541029397834e+00 3.409315095231588710e+00
2.839999999999999858e+00 3.388124348478921188e+00 3.409109357876173529e+00
2.850000000000000089e+00 3.388684892344565380e+00 3.408424857787994977e+00
2.859999999999999876e+00 3.389260195877180859e+00 3.407723112438096447e+00
2.870000000000000107e+00 3.390954747695829496e+00 3.405727680215928643e+00
2.879999999999999893e+00 3.391158429175205935e+00 3.405491557425670113e+00
2.890000000000000124e+00 3.391256373370858057e+00 3.405377387472419137e+00
2.899999999999999911e+00 3.392038056448712702e+00 3.404480401769862219e+00
2.910000000000000142e+00 3.392253931409117573e+00 3.404235525845292099e+00
2.919999999999999929e+00 3.392433485141600258e+00 3.404031478723680060e+00
2.930000000000000160e+00 3.392464237971708485e+00 3.403996923904016647e+00
2.939999999999999947e+00 3.392464237971708485e+00 3.403996923904016647e+00
2.950000000000000178e+00 3.392464237971708485e+00 3.403996923904016647e+00
2.959999999999999964e+00 3.392464186097635892e+00 3.403996883758054093e+00
2.970000000000000195e+00 3.392464200594814017e+00 3.403996890227405814e+00
2.979999999999999982e+00 3.392464200594814017e+00 3.403996890227405814e+00
2.990000000000000213e+00 3.392464200594814017e+00 3.403996890227405814e+00
3.000000000000000000e+00 3.392464113218851995e+00 3.403996645495823703e+00
