0.000000000000000000e+00 2.184439207813999584e-01 3.603111109807231038e-01
1.000000000000000021e-02 8.511989040097175385e-01 9.115294248584332459e-01
2.000000000000000042e-02 8.523239668811426473e-01 9.108027900551691758e-01
2.999999999999999889e-02 5.564773560110207740e-01 1.350500844121826027e+00
4.000000000000000083e-02 3.183424822720324787e+00 3.207229415971005526e+00
5.000000000000000278e-02 3.183424822720324787e+00 3.207229415971005526e+00
5.999999999999999778e-02 3.183424822720324787e+00 3.207229415971005526e+00
7.000000000000000666e-02 3.183425384181297169e+00 3.207235930120194034e+00
8.000000000000000167e-02 3.183425436592298929e+00 3.207238591646951242e+00
8.999999999999999667e-02 3.183456358506403738e+00 3.207195047900952112e+00
1.000000000000000056e-01 3.183464204372731476e+00 3.207185474701555794e+00
1.100000000000000006e-01 3.183456702473137945e+00 3.207223925883795346e+00
1.199999999999999956e-01 3.183462773335368645e+00 3.207212572223751224e+00
1.300000000000000044e-01 3.183477032505310333e+00 3.207189209078514125e+00
1.400000000000000133e-01 3.183479511153088914e+00 3.207187222536219018e+00
1.499999999999999944e-01 3.183494574828086066e+00 3.207160006189408108e+00
1.600000000000000033e-01 3.183532222428827829e+00 3.207099022006482336e+00
1.700000000000000122e-01 3.183530707540575655e+00 3.207107852334912579e+00
1.799999999999999933e-01 3.183581534900059573e+00 3.207026764798770024e+00
1.900000000000000022e-01 3.183590191124986646e+00 3.207016598101545490e+00
2.000000000000000111e-01 3.183590909220397780e+00 3.207015438607513591e+00
2.099999999999999922e-01 3.183614577035976723e+00 3.206975143127368533e+00
2.200000000000000011e-01 3.183615582853334125e+00 3.206977980193121525e+00
2.300000000000000100e-01 3.183618741260403784e+00 3.206991101540690448e+00
2.399999999999999911e-01 3.183621054674520945e+00 3.206992590554818445e+00
2.500000000000000000e-01 3.183645749239523592e+00 3.207018361945550122e+00
2.600000000000000089e-01 3.183699898108388826e+00 3.207046168461892943e+00
2.700000000000000178e-01 3.183790330432796356e+00 3.207065508972263057e+00
2.800000000000000266e-01 3.183821868750702500e+00 3.207084824812758583e+00
2.899999999999999800e-01 3.183876277905064889e+00 3.207090502237718965e+00
2.999999999999999889e-01 3.183932188729044377e+00 3.207129886437657618e+00
3.099999999999999978e-01 3.183978914699773899e+00 3.207161626004953359e+00
3.200000000000000067e-01 3.184014826071102977e+00 3.207193339817683064e+00
3.300000000000000155e-01 3.184017595662537392e+00 3.207207652130660502e+00
3.400000000000000244e-01 3.184017518163595906e+00 3.207214765943612544e+00
3.500000000000000333e-01 3.184019396922185052e+00 3.207218279126093918e+00
3.599999999999999867e-01 3.184015830533442060e+00 3.207224734618726369e+00
3.699999999999999956e-01 3.184013440427575059e+00 3.207237989173140402e+00
3.800000000000000044e-01 3.183990533425979041e+00 3.207261160924263610e+00
3.900000000000000133e-01 3.183979160831444499e+00 3.207300449640281048e+00
4.000000000000000222e-01 3.183926234625065632e+00 3.207363089019572122e+00
4.100000000000000311e-01 3.183883343539500199e+00 3.207410850920414891e+00
4.199999999999999845e-01 3.183838018375030110e+00 3.207444900497803175e+00
4.299999999999999933e-01 3.183838489321869414e+00 3.207451631441909701e+00
4.400000000000000022e-01 3.183826441256839779e+00 3.207477362253825959e+00
4.500000000000000111e-01 3.183831014597054754e+00 3.207520055492285138e+00
4.600000000000000200e-01 3.183831273337218271e+00 3.207535422786858881e+00
4.700000000000000289e-01 3.183833228838915730e+00 3.207594198443417532e+00
4.799999999999999822e-01 3.183821037771565443e+00 3.207667237675326355e+00
4.899999999999999911e-01 3.183839906506806372e+00 3.207719307102888884e+00
5.000000000000000000e-01 3.183862943703234638e+00 3.207800439771115730e+00
5.100000000000000089e-01 3.183869360577812557e+00 3.207846815436133703e+00
5.200000000000000178e-01 3.183866604811936618e+00 3.208043609116286277e+00
5.300000000000000266e-01 3.183893809092541272e+00 3.208119561588267832e+00
5.400000000000000355e-01 3.183877268483593426e+00 3.208279207809016320e+00
5.500000000000000444e-01 3.183904460089284516e+00 3.208396150762956811e+00
5.600000000000000533e-01 3.183887645995759019e+00 3.208662436401702234e+00
5.700000000000000622e-01 3.183819128223844608e+00 3.209202917355112206e+00
5.799999999999999600e-01 3.183818472389125631e+00 3.209741253672695471e+00
5.899999999999999689e-01 3.183784462668478366e+00 3.210256219146669476e+00
5.999999999999999778e-01 3.183768672033728375e+00 3.210825457385598103e+00
6.099999999999999867e-01 3.183690450502205227e+00 3.211322409424018698e+00
6.199999999999999956e-01 3.183596469894726777e+00 3.212263312472025678e+00
6.300000000000000044e-01 3.183604774139968008e+00 3.213073197137268799e+00
6.400000000000000133e-01 3.183663226804474888e+00 3.213640643229743077e+00
6.500000000000000222e-01 3.183752684378424735e+00 3.214259304123123773e+00
6.600000000000000311e-01 3.183852139150273430e+00 3.214899665711748789e+00
6.700000000000000400e-01 3.183519753661911533e+00 3.215583312920768488e+00
6.800000000000000488e-01 3.183498102281251629e+00 3.216343809511503782e+00
6.900000000000000577e-01 3.183514389150133628e+00 3.216923562138089832e+00
7.000000000000000666e-01 3.183368422769596862e+00 3.217522083264300115e+00
7.099999999999999645e-01 3.182999203150979284e+00 3.218398323041685494e+00
7.199999999999999734e-01 3.182770883669468809e+00 3.219088184390452412e+00
7.299999999999999822e-01 3.181749319953499189e+00 3.220498549948158207e+00
7.399999999999999911e-01 3.179398790499978755e+00 3.222887005169577268e+00
7.500000000000000000e-01 3.174733933010683185e+00 3.226975414485349969e+00
7.600000000000000089e-01 3.173863977415225524e+00 3.228600803864338342e+00
7.700000000000000178e-01 3.175372087106622221e+00 3.228875414939009314e+00
7.800000000000000266e-01 3.176024539902225996e+00 3.229805194966777648e+00
7.900000000000000355e-01 3.178096597729187067e+00 3.229791098603744359e+00
8.000000000000000444e-01 3.179301450823645681e+00 3.230363167053361018e+00
8.100000000000000533e-01 3.180578127391409549e+00 3.231352145483422422e+00
8.200000000000000622e-01 3.180872875924471543e+00 3.233972493271466853e+00
8.300000000000000711e-01 3.181243956394367967e+00 3.237539604406184157e+00
8.399999999999999689e-01 3.177223252005713761e+00 3.246551010131699222e+00
8.499999999999999778e-01 3.176218565390895421e+00 3.251018656231571491e+00
8.599999999999999867e-01 3.175653692732813393e+00 3.254589861701962850e+00
8.699999999999999956e-01 3.176073847637545189e+00 3.256241755261052528e+00
8.800000000000000044e-01 3.176632085140758122e+00 3.258008359672016852e+00
8.900000000000000133e-01 3.177413733957671127e+00 3.259176169058418893e+00
9.000000000000000222e-01 3.178437967692873123e+00 3.260238574055173366e+00
9.100000000000000311e-01 3.181209638030924935e+00 3.258334453017315724e+00
9.200000000000000400e-01 3.185292141466178339e+00 3.254804749560318289e+00
9.300000000000000488e-01 3.183640682530118227e+00 3.256012279429720380e+00
9.400000000000000577e-01 3.180918674200982288e+00 3.259242970376997839e+00
9.500000000000000666e-01 3.191346416425456578e+00 3.253355743546733958e+00
9.599999999999999645e-01 3.193475496734131891e+00 3.253006990109930552e+00
9.699999999999999734e-01 3.194837380987907149e+00 3.253051742237305088e+00
9.799999999999999822e-01 3.196349074451655170e+00 3.252767747347623306e+00
9.899999999999999911e-01 3.197783148029029743e+00 3.252704966223060712e+00
1.000000000000000000e+00 3.199095200263769811e+00 3.253270058716027258e+00
1.010000000000000009e+00 3.200128696358146563e+00 3.254237980992851220e+00
1.020000000000000018e+00 3.201038832338682028e+00 3.255373096429475588e+00
1.030000000000000027e+00 3.201912177741874199e+00 3.256455013816009991e+00
1.040000000000000036e+00 3.202732873816982906e+00 3.257424191498263344e+00
1.050000000000000044e+00 3.203788397557012502e+00 3.258582280896432870e+00
1.060000000000000053e+00 3.204851694807284712e+00 3.259995219126469390e+00
1.070000000000000062e+00 3.205788937868555344e+00 3.261141363645116975e+00
1.080000000000000071e+00 3.206707836490636954e+00 3.262195788516038863e+00
1.090000000000000080e+00 3.208015302798165713e+00 3.263387764947996317e+00
1.100000000000000089e+00 3.209299660074853122e+00 3.264520408785201333e+00
1.110000000000000098e+00 3.210354830164932505e+00 3.265257767138458167e+00
1.120000000000000107e+00 3.211235681164776867e+00 3.265906291157687047e+00
1.130000000000000115e+00 3.212079514401467328e+00 3.266605689022032522e+00
1.140000000000000124e+00 3.213016574389819802e+00 3.267444964621181391e+00
1.150000000000000133e+00 3.213954085217161971e+00 3.268293001117066776e+00
1.159999999999999920e+00 3.214887743783288343e+00 3.268949479064650276e+00
1.169999999999999929e+00 3.215926559721357325e+00 3.269425159877413112e+00
1.179999999999999938e+00 3.216631212567552911e+00 3.269853139796987218e+00
1.189999999999999947e+00 3.217281784093303010e+00 3.270276649348812903e+00
1.199999999999999956e+00 3.217694131540728364e+00 3.270539236679600670e+00
1.209999999999999964e+00 3.218281011353792742e+00 3.270983887184796934e+00
1.219999999999999973e+00 3.218842392056739499e+00 3.271428255030357946e+00
1.229999999999999982e+00 3.219484483388997287e+00 3.271919506150149370e+00
1.239999999999999991e+00 3.220151075011274511e+00 3.272327536376932411e+00
1.250000000000000000e+00 3.220750003688198415e+00 3.272758560583728826e+00
1.260000000000000009e+00 3.221548406690359023e+00 3.273229374171495287e+00
1.270000000000000018e+00 3.222313121610958397e+00 3.273727210301082380e+00
1.280000000000000027e+00 3.222913487507912844e+00 3.274149882910636133e+00
1.290000000000000036e+00 3.223399032099430350e+00 3.274762150623614865e+00
1.300000000000000044e+00 3.223857747530834761e+00 3.275256651401622587e+00
1.310000000000000053e+00 3.224164242777633138e+00 3.275613712148857548e+00
1.320000000000000062e+00 3.223987350750769032e+00 3.277061792730485479e+00
1.330000000000000071e+00 3.219322224686664846e+00 3.284523529035525691e+00
1.340000000000000080e+00 3.214661955785273584e+00 3.292070922303677705e+00
1.350000000000000089e+00 3.211923040333491741e+00 3.297445153898495462e+00
1.360000000000000098e+00 3.207901182512996385e+00 3.305956446933986825e+00
1.370000000000000107e+00 3.205847396005927052e+00 3.310961111508072818e+00
1.380000000000000115e+00 3.204033689696670795e+00 3.315754031779884148e+00
1.390000000000000124e+00 3.203144860958878404e+00 3.319506645198043060e+00
1.400000000000000133e+00 3.202597557239153847e+00 3.321858636331936676e+00
1.409999999999999920e+00 3.202289494608290710e+00 3.323900036889664733e+00
1.419999999999999929e+00 3.202054302507904016e+00 3.325292452319595693e+00
1.429999999999999938e+00 3.202022173151114703e+00 3.327479614916703188e+00
1.439999999999999947e+00 3.202292286332364846e+00 3.328381474973443943e+00
1.449999999999999956e+00 3.202689465650285783e+00 3.329131255956922608e+00
1.459999999999999964e+00 3.203709783559129942e+00 3.329565098457052397e+00
1.469999999999999973e+00 3.205347700666850486e+00 3.328294955196911431e+00
1.479999999999999982e+00 3.207237036879554637e+00 3.326016780392631489e+00
1.489999999999999991e+00 3.209170465633068847e+00 3.324302503174151990e+00
1.500000000000000000e+00 3.211892942478441260e+00 3.321068205416418007e+00
1.510000000000000009e+00 3.213991820050692283e+00 3.318417882641339745e+00
1.520000000000000018e+00 3.215939666037000322e+00 3.316045742979609301e+00
1.530000000000000027e+00 3.217086355858278068e+00 3.314484331726599287e+00
1.540000000000000036e+00 3.217914892377497171e+00 3.313708787894605212e+00
1.550000000000000044e+00 3.218822261479158620e+00 3.312421021392087717e+00
1.560000000000000053e+00 3.220231670802093493e+00 3.310407327634834029e+00
1.570000000000000062e+00 3.222220938762400344e+00 3.306073839160229788e+00
1.580000000000000071e+00 3.223517460902526111e+00 3.303375050832435988e+00
1.590000000000000080e+00 3.224240847419242328e+00 3.301859064804573585e+00
1.600000000000000089e+00 3.224468899627190854e+00 3.301816640133398817e+00
1.610000000000000098e+00 3.224665726832700585e+00 3.301313338218378135e+00
1.620000000000000107e+00 3.224530659025066637e+00 3.301690509154445063e+00
1.630000000000000115e+00 3.224473759525629202e+00 3.301816750342039253e+00
1.640000000000000124e+00 3.224337076412106207e+00 3.302241983913516421e+00
1.650000000000000133e+00 3.224249177766654650e+00 3.302706677779343014e+00
1.660000000000000142e+00 3.224150728685640122e+00 3.302877081849791008e+00
1.669999999999999929e+00 3.224004453284756266e+00 3.303032264530642692e+00
1.679999999999999938e+00 3.223912984520859837e+00 3.303060401938490820e+00
1.689999999999999947e+00 3.223840737167989801e+00 3.303088854339922165e+00
1.699999999999999956e+00 3.223833374923677830e+00 3.303226724115400081e+00
1.709999999999999964e+00 3.223805161469989411e+00 3.303280415464824760e+00
1.719999999999999973e+00 3.223688034463824348e+00 3.303474658383427798e+00
1.729999999999999982e+00 3.223682945424791946e+00 3.303671964524510507e+00
1.739999999999999991e+00 3.223564602966987991e+00 3.303803820366179700e+00
1.750000000000000000e+00 3.223565459855694204e+00 3.303935241352420338e+00
1.760000000000000009e+00 3.223605025107052047e+00 3.304162063325259968e+00
1.770000000000000018e+00 3.223547510453090847e+00 3.304267211541308757e+00
1.780000000000000027e+00 3.223487058118037929e+00 3.304290327498264901e+00
1.790000000000000036e+00 3.223493243155735932e+00 3.304309226717692560e+00
1.800000000000000044e+00 3.223391358402529772e+00 3.304439231764515927e+00
1.810000000000000053e+00 3.223357892482916931e+00 3.304557281648476064e+00
1.820000000000000062e+00 3.223291311521065516e+00 3.304611102414595436e+00
1.830000000000000071e+00 3.223057110068575870e+00 3.304957957308514604e+00
1.840000000000000080e+00 3.221657536522688048e+00 3.307157749846635575e+00
1.850000000000000089e+00 3.220088658275682469e+00 3.309317599229734341e+00
1.860000000000000098e+00 3.218060567168365527e+00 3.312853090039123760e+00
1.870000000000000107e+00 3.213831749152491479e+00 3.319741715913464564e+00
1.880000000000000115e+00 3.210881862635069250e+00 3.324894270415849729e+00
1.890000000000000124e+00 3.204363301384050899e+00 3.336162128503720403e+00
1.900000000000000133e+00 3.198056644785045588e+00 3.347912429607272866e+00
1.910000000000000142e+00 3.193757499692235768e+00 3.356788935930933526e+00
1.919999999999999929e+00 3.188634736480311815e+00 3.367318968234463306e+00
1.929999999999999938e+00 3.181086528522338863e+00 3.384137966020736688e+00
1.939999999999999947e+00 3.173740458480780458e+00 3.403523855588967084e+00
1.949999999999999956e+00 3.168516402133565446e+00 3.417720750562090348e+00
1.959999999999999964e+00 3.162854609531693395e+00 3.435783798261351496e+00
1.969999999999999973e+00 3.154309323644928220e+00 3.469828871388145330e+00
1.979999999999999982e+00 3.093846208507600171e+00 3.541984474976477504e+00
1.989999999999999991e+00 3.062804887143200983e+00 3.610078888837271460e+00
2.000000000000000000e+00 3.117028286265077774e+00 3.660852769404706386e+00
2.010000000000000231e+00 3.166085882613034030e+00 3.720176730163721857e+00
2.020000000000000018e+00 3.189978735980421476e+00 3.779611513705819270e+00
2.030000000000000249e+00 3.217072839832593623e+00 3.828577134151171180e+00
2.040000000000000036e+00 3.247854555477836858e+00 3.871577799396774378e+00
2.049999999999999822e+00 3.290353072858785755e+00 3.918081951250101280e+00
2.060000000000000053e+00 3.338085949459175250e+00 3.958860840911766044e+00
2.069999999999999840e+00 3.393319986956023993e+00 3.994688876855468695e+00
2.080000000000000071e+00 3.446010836842698932e+00 4.020082262970761988e+00
2.089999999999999858e+00 3.493459492205771344e+00 4.036224455204812323e+00
2.100000000000000089e+00 3.543388750742915150e+00 4.047600304990765174e+00
2.109999999999999876e+00 3.599175956035457258e+00 4.054296257313885654e+00
2.120000000000000107e+00 3.646871871194900194e+00 4.054216822385726893e+00
2.129999999999999893e+00 3.687147969348887333e+00 4.050498206145306312e+00
2.140000000000000124e+00 3.711988985401595720e+00 4.046572274921929058e+00
2.149999999999999911e+00 3.737975737972144774e+00 4.041048857426758012e+00
2.160000000000000142e+00 3.755500081233278831e+00 4.036229083982213695e+00
2.169999999999999929e+00 3.777455054822473901e+00 4.029087674273938546e+00
2.180000000000000160e+00 3.795719484713016456e+00 4.022357245619358146e+00
2.189999999999999947e+00 3.817847504574196638e+00 4.012744916299444853e+00
2.200000000000000178e+00 3.831288853839765807e+00 4.006072996860612356e+00
2.209999999999999964e+00 3.836783276629104567e+00 4.003293553405151251e+00
2.220000000000000195e+00 3.843577526394171606e+00 3.999617609008508268e+00
2.229999999999999982e+00 3.845238551799153637e+00 3.998478033751154737e+00
2.240000000000000213e+00 3.850239101124795837e+00 3.995773772982564864e+00
2.250000000000000000e+00 3.852538660254838376e+00 3.994317045163747970e+00
2.260000000000000231e+00 3.856863576808124527e+00 3.991819729084819635e+00
2.270000000000000018e+00 3.857634109045258608e+00 3.991537271889456395e+00
2.280000000000000249e+00 3.857637321075995995e+00 3.991409271855751673e+00
2.290000000000000036e+00 3.857732997691045718e+00 3.991383113945116357e+00
2.300000000000000266e+00 3.857583709594575083e+00 3.991311911085280606e+00
2.310000000000000053e+00 3.857630495082604138e+00 3.991279277408850579e+00
2.319999999999999840e+00 3.857328350309618514e+00 3.991369550963154822e+00
2.330000000000000071e+00 3.858264150954490379e+00 3.991028657602066598e+00
2.339999999999999858e+00 3.858860371422339952e+00 3.990866174898575203e+00
2.350000000000000089e+00 3.858670983933540910e+00 3.990897820573714228e+00
2.359999999999999876e+00 3.858704445355650492e+00 3.990981895686868341e+00
2.370000000000000107e+00 3.859747699100388285e+00 3.990666494315253221e+00
2.379999999999999893e+00 3.860746529918103409e+00 3.990281206307024764e+00
2.390000000000000124e+00 3.861330180476607588e+00 3.990014718681869965e+00
2.399999999999999911e+00 3.861688562861555152e+00 3.990004920667535426e+00
2.410000000000000142e+00 3.862153233086330850e+00 3.989824182003276043e+00
2.419999999999999929e+00 3.862558629774723862e+00 3.989715639968241412e+00
2.430000000000000160e+00 3.862730353408880379e+00 3.989640330432825177e+00
2.439999999999999947e+00 3.862978797021503485e+00 3.989530581678752963e+00
2.450000000000000178e+00 3.863564812650805091e+00 3.989443654970998399e+00
2.459999999999999964e+00 3.863587559888075340e+00 3.989396630933572219e+00
2.470000000000000195e+00 3.863699858623779626e+00 3.989293269785606277e+00
2.479999999999999982e+00 3.863428404568796104e+00 3.989320207239027027e+00
2.490000000000000213e+00 3.863281292102190623e+00 3.989390123355535334e+00
2.500000000000000000e+00 3.863117130290632861e+00 3.989478652017945937e+00
2.510000000000000231e+00 3.862826516320112091e+00 3.989585084188577824e+00
2.520000000000000018e+00 3.862257972610072976e+00 3.989866143944187371e+00
2.530000000000000249e+00 3.861716675057984105e+00 3.990101660375022341e+00
2.540000000000000036e+00 3.861031523590991998e+00 3.990349659933139836e+00
2.550000000000000266e+00 3.860536325677589531e+00 3.990517155882163713e+00
2.560000000000000053e+00 3.859890391623427508e+00 3.990734178870270821e+00
2.569999999999999840e+00 3.859768535687237101e+00 3.990781570852489413e+00
2.580000000000000071e+00 3.859632647562652341e+00 3.990807261089653668e+00
2.589999999999999858e+00 3.858840521276502677e+00 3.991040092632265335e+00
2.600000000000000089e+00 3.858418632610842280e+00 3.991088590294316951e+00
2.609999999999999876e+00 3.857972565751970340e+00 3.991384442705213420e+00
2.620000000000000107e+00 3.856741886123051799e+00 3.992043626371988729e+00
2.629999999999999893e+00 3.855805553635215599e+00 3.992544837871932817e+00
2.640000000000000124e+00 3.854755654156755362e+00 3.993167037131239105e+00
2.649999999999999911e+00 3.854747468785092668e+00 3.993220481010629985e+00
2.660000000000000142e+00 3.854645411296169666e+00 3.993336701574046632e+00
2.669999999999999929e+00 3.853723697288190309e+00 3.993826541855181489e+00
2.680000000000000160e+00 3.853552100156263815e+00 3.993874971133752450e+00
2.689999999999999947e+00 3.853199038312578928e+00 3.994033809807156388e+00
2.700000000000000178e+00 3.851119451412868155e+00 3.995194094291019571e+00
2.709999999999999964e+00 3.849853446552859548e+00 3.996017132260693661e+00
2.720000000000000195e+00 3.847518889783479779e+00 3.997381856671712974e+00
2.729999999999999982e+00 3.846397447622461385e+00 3.997962304870442907e+00
2.740000000000000213e+00 3.844246066777774473e+00 3.999002211849621347e+00
2.750000000000000000e+00 3.837021722149957625e+00 4.002980964832197230e+00
2.760000000000000231e+00 3.835538021237161033e+00 4.003420396726820485e+00
2.770000000000000018e+00 3.834844006123612203e+00 4.003692227258612846e+00
2.780000000000000249e+00 3.829795159855567288e+00 4.006550160254753301e+00
2.790000000000000036e+00 3.819174848987752835e+00 4.012390282252138007e+00
2.800000000000000266e+00 3.809819171603173960e+00 4.017181501690893164e+00
2.810000000000000053e+00 3.797965998960262990e+00 4.023296194876902376e+00
2.819999999999999840e+00 3.793047258531168975e+00 4.025596996320171428e+00
2.830000000000000071e+00 3.786472171648677332e+00 4.028869845963780172e+00
2.839999999999999858e+00 3.782346737590003727e+00 4.031496722454857462e+00
2.850000000000000089e+00 3.778963550809987471e+00 4.033710557080141257e+00
2.859999999999999876e+00 3.776316998232757349e+00 4.035242288280571188e+00
2.870000000000000107e+00 3.764960983019455920e+00 4.042599430984870068e+00
2.879999999999999893e+00 3.747089450824254264e+00 4.053396100070482788e+00
2.890000000000000124e+00 3.709963680184960477e+00 4.075313003083587127e+00
2.899999999999999911e+00 3.482725729009334525e+00 4.220128018600519226e+00
2.910000000000000142e+00 3.463790392676163066e+00 4.227557955017518410e+00
2.919999999999999929e+00 3.501470172108636980e+00 4.196916725543512250e+00
2.930000000000000160e+00 3.468667966728514962e+00 4.217264701648645975e+00
2.939999999999999947e+00 3.254749097614975994e+00 4.321505339943675139e+00
2.950000000000000178e+00 3.002799731036741804e+00 4.412866559575478576e+00
2.959999999999999964e+00 3.050800222567520148e+00 4.407292696593800407e+00
2.970000000000000195e+00 3.338609373448645279e+00 4.292929596485341115e+00
2.979999999999999982e+00 5.855179585431289357e-01 3.264492492153816094e+00
2.990000000000000213e+00 4.517281701853752551e-01 1.955728768635701886e+00
3.000000000000000000e+00 3.904432006087394935e+00 3.955845045642761182e+00
