0.000000000000000000e+00 3.750489228767156513e-01
1.000000000000000021e-02 4.156181092843413416e-01
2.000000000000000042e-02 1.054108927342891633e+00
2.999999999999999889e-02 1.054258180245161158e+00
4.000000000000000083e-02 1.056950753357410511e+00
5.000000000000000278e-02 2.099370260404348265e+00
5.999999999999999778e-02 2.101630033078193627e+00
7.000000000000000666e-02 2.101481282987594401e+00
8.000000000000000167e-02 2.101352777235507840e+00
8.999999999999999667e-02 2.101184247186183907e+00
1.000000000000000056e-01 2.101090742332935246e+00
1.100000000000000006e-01 2.101109231185913195e+00
1.199999999999999956e-01 2.101196327466964942e+00
1.300000000000000044e-01 2.101213583452701705e+00
1.400000000000000133e-01 2.101358722956180536e+00
1.499999999999999944e-01 2.125069928085804083e+00
1.600000000000000033e-01 2.617663875439167231e+00
1.700000000000000122e-01 3.110658062293529369e+00
1.799999999999999933e-01 3.183053697392940418e+00
1.900000000000000022e-01 3.186672879035473027e+00
2.000000000000000111e-01 3.191655379228591993e+00
2.099999999999999922e-01 3.193778097052573983e+00
2.200000000000000011e-01 3.194544293544292479e+00
2.300000000000000100e-01 3.194745885636806282e+00
2.399999999999999911e-01 3.194906823391914230e+00
2.500000000000000000e-01 3.194990110929012417e+00
2.600000000000000089e-01 3.195134541161060326e+00
2.700000000000000178e-01 3.195137460262775342e+00
2.800000000000000266e-01 3.195137460262775342e+00
2.899999999999999800e-01 3.195142003815174103e+00
2.999999999999999889e-01 3.195177033035755176e+00
3.099999999999999978e-01 3.195205430238246880e+00
3.200000000000000067e-01 3.195205430238246880e+00
3.300000000000000155e-01 3.195205430238246880e+00
3.400000000000000244e-01 3.195205430238246880e+00
3.500000000000000333e-01 3.195205430238246880e+00
3.599999999999999867e-01 3.195205430238246880e+00
3.699999999999999956e-01 3.195205430238246880e+00
3.800000000000000044e-01 3.195205430238246880e+00
3.900000000000000133e-01 3.195205430238246880e+00
4.000000000000000222e-01 3.195205430238246880e+00
4.100000000000000311e-01 3.195205430238246880e+00
4.199999999999999845e-01 3.195205430238246880e+00
4.299999999999999933e-01 3.195205430238246880e+00
4.400000000000000022e-01 3.195205430238246880e+00
4.500000000000000111e-01 3.195205430238246880e+00
4.600000000000000200e-01 3.195205430238246880e+00
4.700000000000000289e-01 3.195205430238246880e+00
4.799999999999999822e-01 3.195205430238246880e+00
4.899999999999999911e-01 3.195205648767948325e+00
5.000000000000000000e-01 3.195205648767948325e+00
5.100000000000000089e-01 3.195205758032798826e+00
5.200000000000000178e-01 3.195206149764060921e+00
5.300000000000000266e-01 3.195213296880722087e+00
5.400000000000000355e-01 3.195223302659988551e+00
5.500000000000000444e-01 3.195232929427623603e+00
5.600000000000000533e-01 3.195240926749706389e+00
5.700000000000000622e-01 3.195252399704456181e+00
5.799999999999999600e-01 3.195260956027507593e+00
5.899999999999999689e-01 3.195301948254108293e+00
5.999999999999999778e-01 3.195335726366042906e+00
6.099999999999999867e-01 3.195367870924472609e+00
6.199999999999999956e-01 3.195418529381751860e+00
6.300000000000000044e-01 3.195461509039402070e+00
6.400000000000000133e-01 3.195506748869418878e+00
6.500000000000000222e-01 3.195549682195186758e+00
6.600000000000000311e-01 3.195569628880023938e+00
6.700000000000000400e-01 3.195597552354335846e+00
6.800000000000000488e-01 3.195621532371044182e+00
6.900000000000000577e-01 3.195676798939704799e+00
7.000000000000000666e-01 3.195707210192680225e+00
7.099999999999999645e-01 3.195727288510799458e+00
7.199999999999999734e-01 3.195736662304401232e+00
7.299999999999999822e-01 3.195748770098686187e+00
7.399999999999999911e-01 3.195755938453674450e+00
7.500000000000000000e-01 3.195771356174945677e+00
7.600000000000000089e-01 3.195782037079334170e+00
7.700000000000000178e-01 3.195789309685230339e+00
7.800000000000000266e-01 3.195794045963287200e+00
7.900000000000000355e-01 3.195800855274200547e+00
8.000000000000000444e-01 3.195803755407333302e+00
8.100000000000000533e-01 3.195805185565948392e+00
8.200000000000000622e-01 3.195814715979099052e+00
8.300000000000000711e-01 3.195823558521270868e+00
8.399999999999999689e-01 3.195833311274051791e+00
8.499999999999999778e-01 3.195836604056358166e+00
8.599999999999999867e-01 3.195847877562046246e+00
8.699999999999999956e-01 3.195860281157493432e+00
8.800000000000000044e-01 3.195869606833457777e+00
8.900000000000000133e-01 3.195876314938068230e+00
9.000000000000000222e-01 3.195876314938068230e+00
9.100000000000000311e-01 3.195881424582004637e+00
9.200000000000000400e-01 3.195882718102931896e+00
9.300000000000000488e-01 3.195882741091251589e+00
9.400000000000000577e-01 3.195882943832874190e+00
9.500000000000000666e-01 3.195881745164394161e+00
9.599999999999999645e-01 3.195881621539592654e+00
9.699999999999999734e-01 3.195881545057296602e+00
9.799999999999999822e-01 3.195881215391159103e+00
9.899999999999999911e-01 3.195880769157409595e+00
1.000000000000000000e+00 3.195880096714496688e+00
1.010000000000000009e+00 3.195879929640293327e+00
1.020000000000000018e+00 3.195879929640293327e+00
1.030000000000000027e+00 3.195879971802234820e+00
1.040000000000000036e+00 3.195879971802234820e+00
1.050000000000000044e+00 3.195879971802234820e+00
1.060000000000000053e+00 3.195879958872795079e+00
1.070000000000000062e+00 3.195879958872795079e+00
1.080000000000000071e+00 3.195879966912269499e+00
1.090000000000000080e+00 3.195879982991218782e+00
1.100000000000000089e+00 3.195879982991218782e+00
1.110000000000000098e+00 3.195879982991218782e+00
1.120000000000000107e+00 3.195879982991218782e+00
1.130000000000000115e+00 3.195880036470890140e+00
1.140000000000000124e+00 3.195879941461086116e+00
1.150000000000000133e+00 3.195879941461086116e+00
1.159999999999999920e+00 3.195879941461086116e+00
1.169999999999999929e+00 3.195880012767315037e+00
1.179999999999999938e+00 3.195880012767315037e+00
1.189999999999999947e+00 3.195879276401996538e+00
1.199999999999999956e+00 3.195879276401996538e+00
1.209999999999999964e+00 3.195879332592487465e+00
1.219999999999999973e+00 3.195878913447856906e+00
1.229999999999999982e+00 3.195876973979473235e+00
1.239999999999999991e+00 3.195877073457241035e+00
1.250000000000000000e+00 3.195877042663097356e+00
1.260000000000000009e+00 3.195877042663097356e+00
1.270000000000000018e+00 3.195877042663097356e+00
1.280000000000000027e+00 3.195876981074809997e+00
1.290000000000000036e+00 3.195876926553249398e+00
1.300000000000000044e+00 3.195876926553249398e+00
1.310000000000000053e+00 3.195876704285144587e+00
1.320000000000000062e+00 3.195876704285144587e+00
1.330000000000000071e+00 3.195876800096034920e+00
1.340000000000000080e+00 3.195876800096034920e+00
1.350000000000000089e+00 3.195876800096034920e+00
1.360000000000000098e+00 3.195876368553638436e+00
1.370000000000000107e+00 3.195876368553638436e+00
1.380000000000000115e+00 3.195867523949146083e+00
1.390000000000000124e+00 3.195867236254215094e+00
1.400000000000000133e+00 3.195861122441291613e+00
1.409999999999999920e+00 3.195861122441291613e+00
1.419999999999999929e+00 3.195850036370754044e+00
1.429999999999999938e+00 3.195850036370754044e+00
1.439999999999999947e+00 3.195844079334735799e+00
1.449999999999999956e+00 3.195842846724986863e+00
1.459999999999999964e+00 3.195837874805927292e+00
1.469999999999999973e+00 3.195837043743133599e+00
1.479999999999999982e+00 3.195837043743133599e+00
1.489999999999999991e+00 3.195845507819652376e+00
1.500000000000000000e+00 3.195868803772926370e+00
1.510000000000000009e+00 3.195888536732196972e+00
1.520000000000000018e+00 3.195932633862495376e+00
1.530000000000000027e+00 3.195935058062076450e+00
1.540000000000000036e+00 3.196059669044017948e+00
1.550000000000000044e+00 3.196174534287452573e+00
1.560000000000000053e+00 3.196174010248184150e+00
1.570000000000000062e+00 3.196191654951572314e+00
1.580000000000000071e+00 3.196555054030418397e+00
1.590000000000000080e+00 3.197263490161895927e+00
1.600000000000000089e+00 3.198778195042609962e+00
1.610000000000000098e+00 3.199245872879028507e+00
1.620000000000000107e+00 3.199887513341903578e+00
1.630000000000000115e+00 3.202154332964420203e+00
1.640000000000000124e+00 3.205712772381305697e+00
1.650000000000000133e+00 3.209190144062042283e+00
1.660000000000000142e+00 3.218625516541004039e+00
1.669999999999999929e+00 3.233513958711624170e+00
1.679999999999999938e+00 3.255018809773921884e+00
1.689999999999999947e+00 3.281486867842674293e+00
1.699999999999999956e+00 3.312705113234519771e+00
1.709999999999999964e+00 3.354077167270183679e+00
1.719999999999999973e+00 3.394639459853172170e+00
1.729999999999999982e+00 3.436032898666858681e+00
1.739999999999999991e+00 3.465818991916179481e+00
1.750000000000000000e+00 3.489277316009998131e+00
1.760000000000000009e+00 3.509975005738735110e+00
1.770000000000000018e+00 3.519669588680267136e+00
1.780000000000000027e+00 3.524469827270507949e+00
1.790000000000000036e+00 3.530820150706768246e+00
1.800000000000000044e+00 3.534028694522380665e+00
1.810000000000000053e+00 3.534876048192977738e+00
1.820000000000000062e+00 3.535611667687892812e+00
1.830000000000000071e+00 3.536806893773078997e+00
1.840000000000000080e+00 3.537219927582740731e+00
1.850000000000000089e+00 3.537802925558090283e+00
1.860000000000000098e+00 3.538347493231296603e+00
1.870000000000000107e+00 3.538988985383510588e+00
1.880000000000000115e+00 3.539357398319244563e+00
1.890000000000000124e+00 3.539644124989509422e+00
1.900000000000000133e+00 3.539816664848327576e+00
1.910000000000000142e+00 3.539995716509818813e+00
1.919999999999999929e+00 3.540191323225498010e+00
1.929999999999999938e+00 3.540269678027629929e+00
1.939999999999999947e+00 3.540353516030311454e+00
1.949999999999999956e+00 3.540497415874004350e+00
1.959999999999999964e+00 3.540589833693504218e+00
1.969999999999999973e+00 3.540593582363128711e+00
1.979999999999999982e+00 3.540592775897979827e+00
1.989999999999999991e+00 3.540588973884582380e+00
2.000000000000000000e+00 3.540589316289425081e+00
2.010000000000000231e+00 3.540588174510002073e+00
2.020000000000000018e+00 3.540586934101581651e+00
2.030000000000000249e+00 3.540586307401657251e+00
2.040000000000000036e+00 3.540581648066043918e+00
2.049999999999999822e+00 3.540582042496204451e+00
2.060000000000000053e+00 3.540589349966049237e+00
2.069999999999999840e+00 3.540594449851512948e+00
2.080000000000000071e+00 3.540608604714870378e+00
2.089999999999999858e+00 3.540628233025073790e+00
2.100000000000000089e+00 3.540671941599845773e+00
2.109999999999999876e+00 3.540701845426559302e+00
2.120000000000000107e+00 3.540717810001373422e+00
2.129999999999999893e+00 3.540737370378971072e+00
2.140000000000000124e+00 3.540778055143356529e+00
2.149999999999999911e+00 3.540798798422813309e+00
2.160000000000000142e+00 3.540803341195583265e+00
2.169999999999999929e+00 3.540805013170242432e+00
2.180000000000000160e+00 3.540799201171398014e+00
2.189999999999999947e+00 3.540796026601791269e+00
2.200000000000000178e+00 3.540766962826252140e+00
2.209999999999999964e+00 3.540715880591869258e+00
2.220000000000000195e+00 3.540688563668727973e+00
2.229999999999999982e+00 3.540669990820884738e+00
2.240000000000000213e+00 3.540635083532333471e+00
2.250000000000000000e+00 3.540620110492706196e+00
2.260000000000000231e+00 3.540611766583919628e+00
2.270000000000000018e+00 3.540605519568920112e+00
2.280000000000000249e+00 3.540596957709789105e+00
2.290000000000000036e+00 3.540595975284576369e+00
2.300000000000000266e+00 3.540595625054836493e+00
2.310000000000000053e+00 3.540594773859977895e+00
2.319999999999999840e+00 3.540590075747966914e+00
2.330000000000000071e+00 3.540564214527607056e+00
2.339999999999999858e+00 3.540555488827228370e+00
2.350000000000000089e+00 3.540544934413432987e+00
2.359999999999999876e+00 3.540536517612934198e+00
2.370000000000000107e+00 3.540517411859035679e+00
2.379999999999999893e+00 3.540502296180725317e+00
2.390000000000000124e+00 3.540496582076549714e+00
2.399999999999999911e+00 3.540493229823112653e+00
2.410000000000000142e+00 3.540511961913108685e+00
2.419999999999999929e+00 3.540572689938545015e+00
2.430000000000000160e+00 3.540604149913787690e+00
2.439999999999999947e+00 3.540728279235362930e+00
2.450000000000000178e+00 3.540791641299724457e+00
2.459999999999999964e+00 3.540816416056156157e+00
2.470000000000000195e+00 3.540838540766239273e+00
2.479999999999999982e+00 3.540958302116393952e+00
2.490000000000000213e+00 3.541307509627342309e+00
2.500000000000000000e+00 3.541354397490024564e+00
2.510000000000000231e+00 3.541703338251113831e+00
2.520000000000000018e+00 3.542098702905178254e+00
2.530000000000000249e+00 3.542576927578449109e+00
2.540000000000000036e+00 3.543856057736873844e+00
2.550000000000000266e+00 3.545833597900867495e+00
2.560000000000000053e+00 3.546688002285957264e+00
2.569999999999999840e+00 3.548068258116245488e+00
2.580000000000000071e+00 3.549389724678993385e+00
2.589999999999999858e+00 3.550289421629905906e+00
2.600000000000000089e+00 3.551444651241302708e+00
2.609999999999999876e+00 3.553061847276687502e+00
2.620000000000000107e+00 3.554219637439250956e+00
2.629999999999999893e+00 3.555934137797355454e+00
2.640000000000000124e+00 3.557153294367790153e+00
2.649999999999999911e+00 3.558336213183403096e+00
2.660000000000000142e+00 3.559121913647651514e+00
2.669999999999999929e+00 3.559758486945629130e+00
2.680000000000000160e+00 3.559129234871864167e+00
2.689999999999999947e+00 3.558118280727863514e+00
2.700000000000000178e+00 3.555657540087699964e+00
2.709999999999999964e+00 3.554124799625873354e+00
2.720000000000000195e+00 3.553480293993950045e+00
2.729999999999999982e+00 3.551250930116176541e+00
2.740000000000000213e+00 3.550154103772640291e+00
2.750000000000000000e+00 3.550069573922157495e+00
2.760000000000000231e+00 3.547883940641880063e+00
2.770000000000000018e+00 3.547148175685405747e+00
2.780000000000000249e+00 3.546474587473869455e+00
2.790000000000000036e+00 3.540542755203246905e+00
2.800000000000000266e+00 3.537896480834484159e+00
2.810000000000000053e+00 3.536294186851978161e+00
2.819999999999999840e+00 3.535931170127391887e+00
2.830000000000000071e+00 3.534716579208374121e+00
2.839999999999999858e+00 3.524327034063339248e+00
2.850000000000000089e+00 3.435361054216623522e+00
2.859999999999999876e+00 3.195554327684640761e+00
2.870000000000000107e+00 2.786241858280896988e+00
2.879999999999999893e+00 2.160906474833488300e+00
2.890000000000000124e+00 2.000433153494596272e+00
2.899999999999999911e+00 1.995338806432485512e+00
2.910000000000000142e+00 2.215952343453168716e+00
2.919999999999999929e+00 2.806782566449641969e+00
2.930000000000000160e+00 3.213075290900468950e+00
2.939999999999999947e+00 3.361787941015958570e+00
2.950000000000000178e+00 3.439892474073171780e+00
2.959999999999999964e+00 3.471953475488424257e+00
2.970000000000000195e+00 3.496448185594081881e+00
2.979999999999999982e+00 3.516792403882742057e+00
2.990000000000000213e+00 3.531091551773548165e+00
3.000000000000000000e+00 3.540324607646465171e+00
