0.000000000000000000e+00 1.162042492918372139e+00
1.000000000000000021e-02 1.162040891698002731e+00
2.000000000000000042e-02 1.463855546721219980e+00
2.999999999999999889e-02 3.861716304427385449e+00
4.000000000000000083e-02 3.885510615799427026e+00
5.000000000000000278e-02 3.885510615799427026e+00
5.999999999999999778e-02 3.885510615799427026e+00
7.000000000000000666e-02 3.879283327424526195e+00
8.000000000000000167e-02 3.854495879580974727e+00
8.999999999999999667e-02 3.781142406592369110e+00
1.000000000000000056e-01 3.627349744579792201e+00
1.100000000000000006e-01 3.421644325416087984e+00
1.199999999999999956e-01 3.230215977423191109e+00
1.300000000000000044e-01 3.080456466159820383e+00
1.400000000000000133e-01 3.001573098495006420e+00
1.499999999999999944e-01 2.958942626290321343e+00
1.600000000000000033e-01 2.938001494951248294e+00
1.700000000000000122e-01 2.922001330966949251e+00
1.799999999999999933e-01 2.916737636234760345e+00
1.900000000000000022e-01 2.916053315987586991e+00
2.000000000000000111e-01 2.919180213005542868e+00
2.099999999999999922e-01 2.920247447359562099e+00
2.200000000000000011e-01 2.921128612508773870e+00
2.300000000000000100e-01 2.922040937881469791e+00
2.399999999999999911e-01 2.923422729713916812e+00
2.500000000000000000e-01 2.925395292520522883e+00
2.600000000000000089e-01 2.927231649849414641e+00
2.700000000000000178e-01 2.929062801387309900e+00
2.800000000000000266e-01 2.930342398831844442e+00
2.899999999999999800e-01 2.933648219430446513e+00
2.999999999999999889e-01 2.937381174349784629e+00
3.099999999999999978e-01 2.939089217734336845e+00
3.200000000000000067e-01 2.941195669651031519e+00
3.300000000000000155e-01 2.942500196220874997e+00
3.400000000000000244e-01 2.942673591370582376e+00
3.500000000000000333e-01 2.942678254773616775e+00
3.599999999999999867e-01 2.942689368050098508e+00
3.699999999999999956e-01 2.942694233217239219e+00
3.800000000000000044e-01 2.942699665033817080e+00
3.900000000000000133e-01 2.942704476900100730e+00
4.000000000000000222e-01 2.942704476900100730e+00
4.100000000000000311e-01 2.942704918189048779e+00
4.199999999999999845e-01 2.942702715277671910e+00
4.299999999999999933e-01 2.942695922946930054e+00
4.400000000000000022e-01 2.942696371912956188e+00
4.500000000000000111e-01 2.942696677536964511e+00
4.600000000000000200e-01 2.942700571405887811e+00
4.700000000000000289e-01 2.942700782010555294e+00
4.799999999999999822e-01 2.942700896134376354e+00
4.899999999999999911e-01 2.942701960303783615e+00
5.000000000000000000e-01 2.942710642464160919e+00
5.100000000000000089e-01 2.942711679539680603e+00
5.200000000000000178e-01 2.942724896683692748e+00
5.300000000000000266e-01 2.942724866971969444e+00
5.400000000000000355e-01 2.942738951086997901e+00
5.500000000000000444e-01 2.942741562120914534e+00
5.600000000000000533e-01 2.942753679485321072e+00
5.700000000000000622e-01 2.942759176306724456e+00
5.799999999999999600e-01 2.942751255917549269e+00
5.899999999999999689e-01 2.942782215754985664e+00
5.999999999999999778e-01 2.942791869049072417e+00
6.099999999999999867e-01 2.942803476107120453e+00
6.199999999999999956e-01 2.942792515242099949e+00
6.300000000000000044e-01 2.942791925373077433e+00
6.400000000000000133e-01 2.942801206052303442e+00
6.500000000000000222e-01 2.942814124238490869e+00
6.600000000000000311e-01 2.942816313850879606e+00
6.700000000000000400e-01 2.942863241531848750e+00
6.800000000000000488e-01 2.942846469140052879e+00
6.900000000000000577e-01 2.942987193348407526e+00
7.000000000000000666e-01 2.943856712183952506e+00
7.099999999999999645e-01 2.944843434548377825e+00
7.199999999999999734e-01 2.945845207121372322e+00
7.299999999999999822e-01 2.947009126543998825e+00
7.399999999999999911e-01 2.948872653193473692e+00
7.500000000000000000e-01 2.950802183690071079e+00
7.600000000000000089e-01 2.953624485332965843e+00
7.700000000000000178e-01 2.958237890851497465e+00
7.800000000000000266e-01 2.964277561914920867e+00
7.900000000000000355e-01 2.972042182288169965e+00
8.000000000000000444e-01 2.982887441561222097e+00
8.100000000000000533e-01 2.997083089752197171e+00
8.200000000000000622e-01 3.014394242177009797e+00
8.300000000000000711e-01 3.034251907217502708e+00
8.399999999999999689e-01 3.057119915745258432e+00
8.499999999999999778e-01 3.084272343583107201e+00
8.599999999999999867e-01 3.108654107112884368e+00
8.699999999999999956e-01 3.133686674160957253e+00
8.800000000000000044e-01 3.159950850579738457e+00
8.900000000000000133e-01 3.184393969054222229e+00
9.000000000000000222e-01 3.200977639763355143e+00
9.100000000000000311e-01 3.216545935876369278e+00
9.200000000000000400e-01 3.227968047814369079e+00
9.300000000000000488e-01 3.236170062286853888e+00
9.400000000000000577e-01 3.240085348570346913e+00
9.500000000000000666e-01 3.246504389669895296e+00
9.599999999999999645e-01 3.250140932137965954e+00
9.699999999999999734e-01 3.255003345410823812e+00
9.799999999999999822e-01 3.255901808955669274e+00
9.899999999999999911e-01 3.256370435340404601e+00
1.000000000000000000e+00 3.255296682801246622e+00
1.010000000000000009e+00 3.254602146751880642e+00
1.020000000000000018e+00 3.253907674019336671e+00
1.030000000000000027e+00 3.253499453485011905e+00
1.040000000000000036e+00 3.254320466115474542e+00
1.050000000000000044e+00 3.254591649954318822e+00
1.060000000000000053e+00 3.254312833316326259e+00
1.070000000000000062e+00 3.254568554906845268e+00
1.080000000000000071e+00 3.254567831010818590e+00
1.090000000000000080e+00 3.254812855591774134e+00
1.100000000000000089e+00 3.255182044713497369e+00
1.110000000000000098e+00 3.255521680669784423e+00
1.120000000000000107e+00 3.255697420551777022e+00
1.130000000000000115e+00 3.256214374647140364e+00
1.140000000000000124e+00 3.256373003473282068e+00
1.150000000000000133e+00 3.256437270333766953e+00
1.159999999999999920e+00 3.256513353028297253e+00
1.169999999999999929e+00 3.256488060290813280e+00
1.179999999999999938e+00 3.256491491093635560e+00
1.189999999999999947e+00 3.256476138997077996e+00
1.199999999999999956e+00 3.256421942021846760e+00
1.209999999999999964e+00 3.256403292305469321e+00
1.219999999999999973e+00 3.256383472950458380e+00
1.229999999999999982e+00 3.256363067855835070e+00
1.239999999999999991e+00 3.256338724863529155e+00
1.250000000000000000e+00 3.256337376205921341e+00
1.260000000000000009e+00 3.256353594968318887e+00
1.270000000000000018e+00 3.256347491095066271e+00
1.280000000000000027e+00 3.256328947095870952e+00
1.290000000000000036e+00 3.256321992447376079e+00
1.300000000000000044e+00 3.256332474775314179e+00
1.310000000000000053e+00 3.256330390789508922e+00
1.320000000000000062e+00 3.256330066702366022e+00
1.330000000000000071e+00 3.256331840775013031e+00
1.340000000000000080e+00 3.256360237550735448e+00
1.350000000000000089e+00 3.256371539769172596e+00
1.360000000000000098e+00 3.256415389397144367e+00
1.370000000000000107e+00 3.256430374732017352e+00
1.380000000000000115e+00 3.256436943013667928e+00
1.390000000000000124e+00 3.256444695937633416e+00
1.400000000000000133e+00 3.256463435950279095e+00
1.409999999999999920e+00 3.256493928112983660e+00
1.419999999999999929e+00 3.256509231016635919e+00
1.429999999999999938e+00 3.256517086145877649e+00
1.439999999999999947e+00 3.256523234510421805e+00
1.449999999999999956e+00 3.256527597486972958e+00
1.459999999999999964e+00 3.256527597486972958e+00
1.469999999999999973e+00 3.256539922652244456e+00
1.479999999999999982e+00 3.256539922652244456e+00
1.489999999999999991e+00 3.256539922652244456e+00
1.500000000000000000e+00 3.256541061198711340e+00
1.510000000000000009e+00 3.256547871434688712e+00
1.520000000000000018e+00 3.256560262529850203e+00
1.530000000000000027e+00 3.256572533767223554e+00
1.540000000000000036e+00 3.256572950317859760e+00
1.550000000000000044e+00 3.256572950317859760e+00
1.560000000000000053e+00 3.256572808506488670e+00
1.570000000000000062e+00 3.256575586764812513e+00
1.580000000000000071e+00 3.256575972571372990e+00
1.590000000000000080e+00 3.256575972571372990e+00
1.600000000000000089e+00 3.256589579813480295e+00
1.610000000000000098e+00 3.256594078280925952e+00
1.620000000000000107e+00 3.256607637012004730e+00
1.630000000000000115e+00 3.256613004662990640e+00
1.640000000000000124e+00 3.256613585147857481e+00
1.650000000000000133e+00 3.256609423484802424e+00
1.660000000000000142e+00 3.256609440555572554e+00
1.669999999999999929e+00 3.256613875174522388e+00
1.679999999999999938e+00 3.256612085909843302e+00
1.689999999999999947e+00 3.256615627081394404e+00
1.699999999999999956e+00 3.256615627081394404e+00
1.709999999999999964e+00 3.256616696825027635e+00
1.719999999999999973e+00 3.256616555013656544e+00
1.729999999999999982e+00 3.256616555013656544e+00
1.739999999999999991e+00 3.256616642503738390e+00
1.750000000000000000e+00 3.256616642503738390e+00
1.760000000000000009e+00 3.256616642503738390e+00
1.770000000000000018e+00 3.256618629250526364e+00
1.780000000000000027e+00 3.256616745829582271e+00
1.790000000000000036e+00 3.256616745829582271e+00
1.800000000000000044e+00 3.256616745829582271e+00
1.810000000000000053e+00 3.256611533687114868e+00
1.820000000000000062e+00 3.256605608301162746e+00
1.830000000000000071e+00 3.256603428800106226e+00
1.840000000000000080e+00 3.256599408135413931e+00
1.850000000000000089e+00 3.256597516226768629e+00
1.860000000000000098e+00 3.256596629624366912e+00
1.870000000000000107e+00 3.256595618996620090e+00
1.880000000000000115e+00 3.256598100383281569e+00
1.890000000000000124e+00 3.256597652814388066e+00
1.900000000000000133e+00 3.256599483394623018e+00
1.910000000000000142e+00 3.256603547465801274e+00
1.919999999999999929e+00 3.256604706273078964e+00
1.929999999999999938e+00 3.256606992857456362e+00
1.939999999999999947e+00 3.256610523991584571e+00
1.949999999999999956e+00 3.256610170321464715e+00
1.959999999999999964e+00 3.256613399403095244e+00
1.969999999999999973e+00 3.256616741850375973e+00
1.979999999999999982e+00 3.256625472931861776e+00
1.989999999999999991e+00 3.256635422179698924e+00
2.000000000000000000e+00 3.256647281689643680e+00
2.010000000000000231e+00 3.256653520743846730e+00
2.020000000000000018e+00 3.256654460427760966e+00
2.030000000000000249e+00 3.256659859828948900e+00
2.040000000000000036e+00 3.256661700131893156e+00
2.049999999999999822e+00 3.256660520584583107e+00
2.060000000000000053e+00 3.256660788309574173e+00
2.069999999999999840e+00 3.256664852581024228e+00
2.080000000000000071e+00 3.256670309438705502e+00
2.089999999999999858e+00 3.256667512023448730e+00
2.100000000000000089e+00 3.256669672095775514e+00
2.109999999999999876e+00 3.256676107301712086e+00
2.120000000000000107e+00 3.256676423845290991e+00
2.129999999999999893e+00 3.256682159483432759e+00
2.140000000000000124e+00 3.256684471035003803e+00
2.149999999999999911e+00 3.256692731661796625e+00
2.160000000000000142e+00 3.256701739323139222e+00
2.169999999999999929e+00 3.256702069716453707e+00
2.180000000000000160e+00 3.256703145380019926e+00
2.189999999999999947e+00 3.256702833554744547e+00
2.200000000000000178e+00 3.256703946340083977e+00
2.209999999999999964e+00 3.256710799009800095e+00
2.220000000000000195e+00 3.256711378874778795e+00
2.229999999999999982e+00 3.256710954468250208e+00
2.240000000000000213e+00 3.256721711320877066e+00
2.250000000000000000e+00 3.256725813672542547e+00
2.260000000000000231e+00 3.256725901601314366e+00
2.270000000000000018e+00 3.256726037628650872e+00
2.280000000000000249e+00 3.256726297202110487e+00
2.290000000000000036e+00 3.256750088150501377e+00
2.300000000000000266e+00 3.256750706806182727e+00
2.310000000000000053e+00 3.256751793420314733e+00
2.319999999999999840e+00 3.256753979163169888e+00
2.330000000000000071e+00 3.256753319489956056e+00
2.339999999999999858e+00 3.256757813227176612e+00
2.350000000000000089e+00 3.256760561823845102e+00
2.359999999999999876e+00 3.256760491569042237e+00
2.370000000000000107e+00 3.256764648890495106e+00
2.379999999999999893e+00 3.256755903592109647e+00
2.390000000000000124e+00 3.256760527648925763e+00
2.399999999999999911e+00 3.256760518846511854e+00
2.410000000000000142e+00 3.256751957349777182e+00
2.419999999999999929e+00 3.256768994174003673e+00
2.430000000000000160e+00 3.256746694803237752e+00
2.439999999999999947e+00 3.256739211349487295e+00
2.450000000000000178e+00 3.256725979347228961e+00
2.459999999999999964e+00 3.256731795918941685e+00
2.470000000000000195e+00 3.256688467047214708e+00
2.479999999999999982e+00 3.256722752254009201e+00
2.490000000000000213e+00 3.256741298921108196e+00
2.500000000000000000e+00 3.256783567886352593e+00
2.510000000000000231e+00 3.256906702983379365e+00
2.520000000000000018e+00 3.256917392895221752e+00
2.530000000000000249e+00 3.256958894443512165e+00
2.540000000000000036e+00 3.257002326359748956e+00
2.550000000000000266e+00 3.257125370607376169e+00
2.560000000000000053e+00 3.257157308175563593e+00
2.569999999999999840e+00 3.257272040870189844e+00
2.580000000000000071e+00 3.257464665527343595e+00
2.589999999999999858e+00 3.257740213041305566e+00
2.600000000000000089e+00 3.258030423934459741e+00
2.609999999999999876e+00 3.258304600505828930e+00
2.620000000000000107e+00 3.258600102636814100e+00
2.629999999999999893e+00 3.259320348489284314e+00
2.640000000000000124e+00 3.260078713643550952e+00
2.649999999999999911e+00 3.260629795305729051e+00
2.660000000000000142e+00 3.261479333670139091e+00
2.669999999999999929e+00 3.262217064340114714e+00
2.680000000000000160e+00 3.262894334726333501e+00
2.689999999999999947e+00 3.263690788891315364e+00
2.700000000000000178e+00 3.264413760566711620e+00
2.709999999999999964e+00 3.265427775099277508e+00
2.720000000000000195e+00 3.267310280525684174e+00
2.729999999999999982e+00 3.269339545035362171e+00
2.740000000000000213e+00 3.272330808148383952e+00
2.750000000000000000e+00 3.275957952713966392e+00
2.760000000000000231e+00 3.278558823163509217e+00
2.770000000000000018e+00 3.282087880156040249e+00
2.780000000000000249e+00 3.285125374705791579e+00
2.790000000000000036e+00 3.288645919373035298e+00
2.800000000000000266e+00 3.292716587617397384e+00
2.810000000000000053e+00 3.297391099226474775e+00
2.819999999999999840e+00 3.301756521813869583e+00
2.830000000000000071e+00 3.309575211956500951e+00
2.839999999999999858e+00 3.317653258998393806e+00
2.850000000000000089e+00 3.326251478717327181e+00
2.859999999999999876e+00 3.336213336391448792e+00
2.870000000000000107e+00 3.345894292249679491e+00
2.879999999999999893e+00 3.355779047133922610e+00
2.890000000000000124e+00 3.365515034618377754e+00
2.899999999999999911e+00 3.376375073990821818e+00
2.910000000000000142e+00 3.388216517932415073e+00
2.919999999999999929e+00 3.398968952422142031e+00
2.930000000000000160e+00 3.410008423361778451e+00
2.939999999999999947e+00 3.422474051311016119e+00
2.950000000000000178e+00 3.435409488158226221e+00
2.959999999999999964e+00 3.448151897134780874e+00
2.970000000000000195e+00 3.460567045352458848e+00
2.979999999999999982e+00 3.473558782985210591e+00
2.990000000000000213e+00 3.488470483889579921e+00
3.000000000000000000e+00 3.503160554282665373e+00
