0.000000000000000000e+00 7.123564715817570780e-01
1.000000000000000021e-02 7.377839059987664205e-01
2.000000000000000042e-02 1.491433123605847344e+00
2.999999999999999889e-02 1.810128962349295545e+00
4.000000000000000083e-02 1.858849851909875950e+00
5.000000000000000278e-02 1.891035882604122254e+00
5.999999999999999778e-02 2.175715178942680517e+00
7.000000000000000666e-02 2.785507193579673579e+00
8.000000000000000167e-02 3.359624313162565379e+00
8.999999999999999667e-02 3.666927960810661524e+00
1.000000000000000056e-01 3.779443366937637272e+00
1.100000000000000006e-01 3.809397458269596193e+00
1.199999999999999956e-01 3.816439600934982135e+00
1.300000000000000044e-01 3.817034105558395396e+00
1.400000000000000133e-01 3.817034997425079457e+00
1.499999999999999944e-01 3.816879127099514157e+00
1.600000000000000033e-01 3.816743358993530233e+00
1.700000000000000122e-01 3.816667417418956543e+00
1.799999999999999933e-01 3.816021338505744875e+00
1.900000000000000022e-01 3.815688644173145239e+00
2.000000000000000111e-01 3.815265126001834872e+00
2.099999999999999922e-01 3.814237098100185186e+00
2.200000000000000011e-01 3.810229204933643476e+00
2.300000000000000100e-01 3.803233119525909256e+00
2.399999999999999911e-01 3.790651354091167491e+00
2.500000000000000000e-01 3.764807778105735636e+00
2.600000000000000089e-01 3.728745029104948205e+00
2.700000000000000178e-01 3.679468009971380127e+00
2.800000000000000266e-01 3.628278370704650868e+00
2.899999999999999800e-01 3.555573937630653436e+00
2.999999999999999889e-01 3.467404869179725679e+00
3.099999999999999978e-01 3.371248360522985266e+00
3.200000000000000067e-01 3.200491543949842477e+00
3.300000000000000155e-01 3.072355712687969032e+00
3.400000000000000244e-01 2.972809516705274380e+00
3.500000000000000333e-01 2.901748306427001989e+00
3.599999999999999867e-01 2.823144239265918731e+00
3.699999999999999956e-01 2.764949392232894709e+00
3.800000000000000044e-01 2.704559106111526390e+00
3.900000000000000133e-01 2.708917726801634007e+00
4.000000000000000222e-01 2.720465522646903889e+00
4.100000000000000311e-01 2.725555185893774102e+00
4.199999999999999845e-01 2.730327692743539814e+00
4.299999999999999933e-01 2.744843910374641371e+00
4.400000000000000022e-01 2.763978794944286221e+00
4.500000000000000111e-01 2.739632603198289829e+00
4.600000000000000200e-01 2.744451367921829199e+00
4.700000000000000289e-01 2.748829795143604482e+00
4.799999999999999822e-01 2.752512538361549410e+00
4.899999999999999911e-01 2.770795332920551246e+00
5.000000000000000000e-01 2.803548126883506963e+00
5.100000000000000089e-01 2.822607558937072714e+00
5.200000000000000178e-01 2.839310630736350927e+00
5.300000000000000266e-01 2.854517209632396746e+00
5.400000000000000355e-01 2.883705704517364410e+00
5.500000000000000444e-01 2.918857063877582370e+00
5.600000000000000533e-01 2.978520710480213385e+00
5.700000000000000622e-01 3.005393219149112838e+00
5.799999999999999600e-01 3.014759050912857230e+00
5.899999999999999689e-01 3.017622499701976935e+00
5.999999999999999778e-01 3.022535252640247361e+00
6.099999999999999867e-01 3.032182332768440070e+00
6.199999999999999956e-01 3.036767397630214749e+00
6.300000000000000044e-01 3.041375992631912162e+00
6.400000000000000133e-01 3.045995903272628702e+00
6.500000000000000222e-01 3.049528857607841648e+00
6.600000000000000311e-01 3.054194060480594608e+00
6.700000000000000400e-01 3.056891368241310136e+00
6.800000000000000488e-01 3.059203581516742876e+00
6.900000000000000577e-01 3.059925734608173187e+00
7.000000000000000666e-01 3.059800432715416019e+00
7.099999999999999645e-01 3.059679513947963780e+00
7.199999999999999734e-01 3.060488350682258663e+00
7.299999999999999822e-01 3.064741941854953744e+00
7.399999999999999911e-01 3.068204514820575657e+00
7.500000000000000000e-01 3.072534026434421417e+00
7.600000000000000089e-01 3.075365440409183471e+00
7.700000000000000178e-01 3.082942754788398965e+00
7.800000000000000266e-01 3.098422095434665735e+00
7.900000000000000355e-01 3.117455133066177275e+00
8.000000000000000444e-01 3.124933727705478503e+00
8.100000000000000533e-01 3.127567047188282157e+00
8.200000000000000622e-01 3.130667285537719557e+00
8.300000000000000711e-01 3.133532458784580310e+00
8.399999999999999689e-01 3.140491686990261044e+00
8.499999999999999778e-01 3.147116876964568988e+00
8.599999999999999867e-01 3.156760536282062546e+00
8.699999999999999956e-01 3.168254452583789682e+00
8.800000000000000044e-01 3.171336394274234749e+00
8.900000000000000133e-01 3.172104425630569491e+00
9.000000000000000222e-01 3.172250553112029969e+00
9.100000000000000311e-01 3.172829761996269315e+00
9.200000000000000400e-01 3.173879983141422390e+00
9.300000000000000488e-01 3.174704313662052080e+00
9.400000000000000577e-01 3.174442691080570089e+00
9.500000000000000666e-01 3.174751016237735701e+00
9.599999999999999645e-01 3.174289387202263057e+00
9.699999999999999734e-01 3.173529354143142633e+00
9.799999999999999822e-01 3.173040302209854335e+00
9.899999999999999911e-01 3.171534391219616111e+00
1.000000000000000000e+00 3.166942318561077219e+00
1.010000000000000009e+00 3.159798457214832101e+00
1.020000000000000018e+00 3.154678001730442105e+00
1.030000000000000027e+00 3.150107503693103883e+00
1.040000000000000036e+00 3.146599277009964002e+00
1.050000000000000044e+00 3.144002842674255227e+00
1.060000000000000053e+00 3.142908527493476711e+00
1.070000000000000062e+00 3.142017321455478740e+00
1.080000000000000071e+00 3.139579605646133587e+00
1.090000000000000080e+00 3.134980684504509174e+00
1.100000000000000089e+00 3.130543533177375881e+00
1.110000000000000098e+00 3.127911719172000726e+00
1.120000000000000107e+00 3.124804964485168313e+00
1.130000000000000115e+00 3.122321502718925501e+00
1.140000000000000124e+00 3.120286122095584869e+00
1.150000000000000133e+00 3.118577614727020109e+00
1.159999999999999920e+00 3.118307918176650873e+00
1.169999999999999929e+00 3.117700816679001008e+00
1.179999999999999938e+00 3.117190402278900319e+00
1.189999999999999947e+00 3.116750341956615600e+00
1.199999999999999956e+00 3.116746108860969589e+00
1.209999999999999964e+00 3.117005652537345739e+00
1.219999999999999973e+00 3.117145464537143695e+00
1.229999999999999982e+00 3.117406963586807134e+00
1.239999999999999991e+00 3.117674102635383804e+00
1.250000000000000000e+00 3.117888866527080527e+00
1.260000000000000009e+00 3.117982412958145044e+00
1.270000000000000018e+00 3.117902852654457213e+00
1.280000000000000027e+00 3.117846728873252982e+00
1.290000000000000036e+00 3.117787213256359102e+00
1.300000000000000044e+00 3.117920327217579057e+00
1.310000000000000053e+00 3.118192432835102057e+00
1.320000000000000062e+00 3.118316665117740527e+00
1.330000000000000071e+00 3.118424946765899541e+00
1.340000000000000080e+00 3.118385028228759737e+00
1.350000000000000089e+00 3.118707390024662018e+00
1.360000000000000098e+00 3.119132014257907759e+00
1.370000000000000107e+00 3.119368138349056352e+00
1.380000000000000115e+00 3.119311352202892351e+00
1.390000000000000124e+00 3.119309045953750470e+00
1.400000000000000133e+00 3.119466198546886559e+00
1.409999999999999920e+00 3.119703319072723247e+00
1.419999999999999929e+00 3.119923457930088073e+00
1.429999999999999938e+00 3.120291473183631759e+00
1.439999999999999947e+00 3.120976152234077539e+00
1.449999999999999956e+00 3.124056132087707383e+00
1.459999999999999964e+00 3.131933558697700626e+00
1.469999999999999973e+00 3.136827619144916479e+00
1.479999999999999982e+00 3.141781249229908202e+00
1.489999999999999991e+00 3.147108094215393059e+00
1.500000000000000000e+00 3.150353500311374511e+00
1.510000000000000009e+00 3.153225073404312351e+00
1.520000000000000018e+00 3.154818495788574317e+00
1.530000000000000027e+00 3.157287549622058709e+00
1.540000000000000036e+00 3.158870879423618216e+00
1.550000000000000044e+00 3.160462909107208063e+00
1.560000000000000053e+00 3.164394686677455937e+00
1.570000000000000062e+00 3.169312101686000638e+00
1.580000000000000071e+00 3.175278940696716123e+00
1.590000000000000080e+00 3.185012037396430795e+00
1.600000000000000089e+00 3.194178308467864991e+00
1.610000000000000098e+00 3.204396414120197267e+00
1.620000000000000107e+00 3.215200655019283094e+00
1.630000000000000115e+00 3.223814579660892576e+00
1.640000000000000124e+00 3.230688373451232831e+00
1.650000000000000133e+00 3.236415834488868715e+00
1.660000000000000142e+00 3.242645816800594272e+00
1.669999999999999929e+00 3.248363952534198962e+00
1.679999999999999938e+00 3.256147865345477843e+00
1.689999999999999947e+00 3.265922953262329287e+00
1.699999999999999956e+00 3.278869281134605629e+00
1.709999999999999964e+00 3.292013778700828563e+00
1.719999999999999973e+00 3.308593588535785557e+00
1.729999999999999982e+00 3.325819157123565795e+00
1.739999999999999991e+00 3.344205516011714785e+00
1.750000000000000000e+00 3.361976217334270434e+00
1.760000000000000009e+00 3.380502731845378861e+00
1.770000000000000018e+00 3.399121218528747601e+00
1.780000000000000027e+00 3.419040478262901139e+00
1.790000000000000036e+00 3.435628710486888782e+00
1.800000000000000044e+00 3.449208104698657795e+00
1.810000000000000053e+00 3.461327360036372980e+00
1.820000000000000062e+00 3.473324877083301399e+00
1.830000000000000071e+00 3.485200109367370569e+00
1.840000000000000080e+00 3.498948577864170240e+00
1.850000000000000089e+00 3.510355551214217940e+00
1.860000000000000098e+00 3.521898828234672596e+00
1.870000000000000107e+00 3.531280941987037458e+00
1.880000000000000115e+00 3.537836490862369399e+00
1.890000000000000124e+00 3.542592767019272060e+00
1.900000000000000133e+00 3.546744590179920387e+00
1.910000000000000142e+00 3.550069147014617954e+00
1.919999999999999929e+00 3.552766495866775731e+00
1.929999999999999938e+00 3.555294127316475095e+00
1.939999999999999947e+00 3.557591245512962352e+00
1.949999999999999956e+00 3.559166654314994904e+00
1.959999999999999964e+00 3.560741290657520430e+00
1.969999999999999973e+00 3.561813673098087385e+00
1.979999999999999982e+00 3.562671897473335125e+00
1.989999999999999991e+00 3.563338556394576973e+00
2.000000000000000000e+00 3.563894720499515500e+00
2.010000000000000231e+00 3.564438989522457302e+00
2.020000000000000018e+00 3.565133220553398097e+00
2.030000000000000249e+00 3.565714130651950864e+00
2.040000000000000036e+00 3.566096314923763444e+00
2.049999999999999822e+00 3.566347923507690254e+00
2.060000000000000053e+00 3.566607032487392637e+00
2.069999999999999840e+00 3.566978571190833947e+00
2.080000000000000071e+00 3.567571341221332570e+00
2.089999999999999858e+00 3.567882303135395006e+00
2.100000000000000089e+00 3.568268370888233232e+00
2.109999999999999876e+00 3.568627199938297245e+00
2.120000000000000107e+00 3.569491667547226132e+00
2.129999999999999893e+00 3.570275956950187624e+00
2.140000000000000124e+00 3.570874846215247977e+00
2.149999999999999911e+00 3.572127389225959959e+00
2.160000000000000142e+00 3.573932438921928245e+00
2.169999999999999929e+00 3.575255784559249861e+00
2.180000000000000160e+00 3.576207475433349714e+00
2.189999999999999947e+00 3.577845458426475389e+00
2.200000000000000178e+00 3.579259807538986315e+00
2.209999999999999964e+00 3.580385228714943135e+00
2.220000000000000195e+00 3.581577175347804953e+00
2.229999999999999982e+00 3.583050231707096245e+00
2.240000000000000213e+00 3.586472220566272906e+00
2.250000000000000000e+00 3.591173010106086583e+00
2.260000000000000231e+00 3.594326095025539569e+00
2.270000000000000018e+00 3.595860835115909371e+00
2.280000000000000249e+00 3.597041821479797452e+00
2.290000000000000036e+00 3.598100740940570752e+00
2.300000000000000266e+00 3.598765703248977488e+00
2.310000000000000053e+00 3.599539283065795736e+00
2.319999999999999840e+00 3.600586506371497908e+00
2.330000000000000071e+00 3.601412162787914095e+00
2.339999999999999858e+00 3.603283616142272994e+00
2.350000000000000089e+00 3.607070438332557583e+00
2.359999999999999876e+00 3.611803179569244460e+00
2.370000000000000107e+00 3.615960906934738261e+00
2.379999999999999893e+00 3.618554215414524045e+00
2.390000000000000124e+00 3.621945580005645926e+00
2.399999999999999911e+00 3.625528999147415110e+00
2.410000000000000142e+00 3.627022193264961114e+00
2.419999999999999929e+00 3.629233382604122315e+00
2.430000000000000160e+00 3.631861354701519051e+00
2.439999999999999947e+00 3.633465367803573542e+00
2.450000000000000178e+00 3.634391940271854526e+00
2.459999999999999964e+00 3.635443534448146607e+00
2.470000000000000195e+00 3.635898462648391671e+00
2.479999999999999982e+00 3.636110600366592394e+00
2.490000000000000213e+00 3.636200748853683606e+00
2.500000000000000000e+00 3.636430371928215166e+00
2.510000000000000231e+00 3.636466698000431208e+00
2.520000000000000018e+00 3.636524411449432392e+00
2.530000000000000249e+00 3.636699008872509076e+00
2.540000000000000036e+00 3.636849997003078538e+00
2.550000000000000266e+00 3.637010009019374657e+00
2.560000000000000053e+00 3.637267672913074623e+00
2.569999999999999840e+00 3.637328473398685258e+00
2.580000000000000071e+00 3.637269771232605198e+00
2.589999999999999858e+00 3.637250211467742744e+00
2.600000000000000089e+00 3.637168297135830120e+00
2.609999999999999876e+00 3.636939054477214661e+00
2.620000000000000107e+00 3.636723921871185095e+00
2.629999999999999893e+00 3.636499871988296384e+00
2.640000000000000124e+00 3.636294159643650215e+00
2.649999999999999911e+00 3.635876730210781282e+00
2.660000000000000142e+00 3.635832142181396609e+00
2.669999999999999929e+00 3.635668518338203370e+00
2.680000000000000160e+00 3.635329725506305731e+00
2.689999999999999947e+00 3.635145279259681672e+00
2.700000000000000178e+00 3.635032485253810730e+00
2.709999999999999964e+00 3.634910035979747711e+00
2.720000000000000195e+00 3.634721729125976353e+00
2.729999999999999982e+00 3.634560853843689099e+00
2.740000000000000213e+00 3.634206838970184261e+00
2.750000000000000000e+00 3.633967618494033935e+00
2.760000000000000231e+00 3.633683790829181692e+00
2.770000000000000018e+00 3.633404743001460879e+00
2.780000000000000249e+00 3.633036331961154719e+00
2.790000000000000036e+00 3.632503088831901650e+00
2.800000000000000266e+00 3.631781094691753253e+00
2.810000000000000053e+00 3.630819161057472044e+00
2.819999999999999840e+00 3.629742086448669358e+00
2.830000000000000071e+00 3.628319795880317500e+00
2.839999999999999858e+00 3.626554448633193761e+00
2.850000000000000089e+00 3.624782155528068373e+00
2.859999999999999876e+00 3.622694954352378982e+00
2.870000000000000107e+00 3.620402665331363679e+00
2.879999999999999893e+00 3.618592441263198900e+00
2.890000000000000124e+00 3.617018750603198995e+00
2.899999999999999911e+00 3.616119330334663484e+00
2.910000000000000142e+00 3.615263168373108016e+00
2.919999999999999929e+00 3.614727874674796837e+00
2.930000000000000160e+00 3.614015303993225015e+00
2.939999999999999947e+00 3.612886899409294195e+00
2.950000000000000178e+00 3.611224017932415098e+00
2.959999999999999964e+00 3.610003472845554562e+00
2.970000000000000195e+00 3.608394636862278126e+00
2.979999999999999982e+00 3.606937933456897838e+00
2.990000000000000213e+00 3.606003524212837430e+00
3.000000000000000000e+00 3.605170621616840432e+00
