0.000000000000000000e+00 1.701498571416139693e+00
1.000000000000000021e-02 1.701498571416139693e+00
2.000000000000000042e-02 1.701124799911975849e+00
2.999999999999999889e-02 1.700832018129825540e+00
4.000000000000000083e-02 1.700421715248823240e+00
5.000000000000000278e-02 1.700034245823621726e+00
5.999999999999999778e-02 1.699600386260747831e+00
7.000000000000000666e-02 1.699114015794992438e+00
8.000000000000000167e-02 1.698531695474386316e+00
8.999999999999999667e-02 1.704723163069486569e+00
1.000000000000000056e-01 2.862055712314844236e+00
1.100000000000000006e-01 3.905093611347675520e+00
1.199999999999999956e-01 3.904516160569190930e+00
1.300000000000000044e-01 3.903962609519958438e+00
1.400000000000000133e-01 3.902648683495521631e+00
1.499999999999999944e-01 3.896728768980503244e+00
1.600000000000000033e-01 3.875228032476901951e+00
1.700000000000000122e-01 3.822059467227458818e+00
1.799999999999999933e-01 3.721151592531204422e+00
1.900000000000000022e-01 3.564969381501674750e+00
2.000000000000000111e-01 3.361000317802429027e+00
2.099999999999999922e-01 3.201819352397918816e+00
2.200000000000000011e-01 3.130214393057823230e+00
2.300000000000000100e-01 3.107702129514217315e+00
2.399999999999999911e-01 3.103717614219188903e+00
2.500000000000000000e-01 3.103554494361877580e+00
2.600000000000000089e-01 3.103555677115917177e+00
2.700000000000000178e-01 3.103556245126724455e+00
2.800000000000000266e-01 3.103555620508193780e+00
2.899999999999999800e-01 3.103549483602046966e+00
2.999999999999999889e-01 3.103548339426517533e+00
3.099999999999999978e-01 3.103547865700721609e+00
3.200000000000000067e-01 3.103544423506259697e+00
3.300000000000000155e-01 3.103543805668353972e+00
3.400000000000000244e-01 3.103541717004775879e+00
3.500000000000000333e-01 3.103540045812129833e+00
3.599999999999999867e-01 3.103540003039837014e+00
3.699999999999999956e-01 3.103540003039837014e+00
3.800000000000000044e-01 3.103540003039837014e+00
3.900000000000000133e-01 3.103540003039837014e+00
4.000000000000000222e-01 3.103540003039837014e+00
4.100000000000000311e-01 3.103540003039837014e+00
4.199999999999999845e-01 3.103540003039837014e+00
4.299999999999999933e-01 3.103540003039837014e+00
4.400000000000000022e-01 3.103540003039837014e+00
4.500000000000000111e-01 3.103540003039837014e+00
4.600000000000000200e-01 3.103540003039837014e+00
4.700000000000000289e-01 3.103540003039837014e+00
4.799999999999999822e-01 3.103540003039837014e+00
4.899999999999999911e-01 3.103540003039837014e+00
5.000000000000000000e-01 3.103540003039837014e+00
5.100000000000000089e-01 3.103540003039837014e+00
5.200000000000000178e-01 3.103540003039837014e+00
5.300000000000000266e-01 3.103540003039837014e+00
5.400000000000000355e-01 3.103540003039837014e+00
5.500000000000000444e-01 3.103540002777576579e+00
5.600000000000000533e-01 3.103540002777576579e+00
5.700000000000000622e-01 3.103539996740817930e+00
5.799999999999999600e-01 3.103539996740817930e+00
5.899999999999999689e-01 3.103539628248214832e+00
5.999999999999999778e-01 3.103539653739929349e+00
6.099999999999999867e-01 3.103540362987518453e+00
6.199999999999999956e-01 3.103540462031364466e+00
6.300000000000000044e-01 3.103540699062347308e+00
6.400000000000000133e-01 3.103541117808819028e+00
6.500000000000000222e-01 3.103541117808819028e+00
6.600000000000000311e-01 3.103541111915111728e+00
6.700000000000000400e-01 3.103540899696350053e+00
6.800000000000000488e-01 3.103535384702682531e+00
6.900000000000000577e-01 3.103484539659023156e+00
7.000000000000000666e-01 3.103476928167343107e+00
7.099999999999999645e-01 3.103468794243335882e+00
7.199999999999999734e-01 3.103443917860984946e+00
7.299999999999999822e-01 3.103415381801128525e+00
7.399999999999999911e-01 3.103371018261909420e+00
7.500000000000000000e-01 3.103500711357593644e+00
7.600000000000000089e-01 3.103673816888332215e+00
7.700000000000000178e-01 3.103662153902053689e+00
7.800000000000000266e-01 3.103952467713356089e+00
7.900000000000000355e-01 3.104287976145744476e+00
8.000000000000000444e-01 3.105169290287494555e+00
8.100000000000000533e-01 3.107531741843223561e+00
8.200000000000000622e-01 3.109271164743900417e+00
8.300000000000000711e-01 3.113286624350547704e+00
8.399999999999999689e-01 3.117333432476520727e+00
8.499999999999999778e-01 3.121420860919952300e+00
8.599999999999999867e-01 3.126906556117534652e+00
8.699999999999999956e-01 3.131885810389518632e+00
8.800000000000000044e-01 3.138040655403137258e+00
8.900000000000000133e-01 3.146215947439670479e+00
9.000000000000000222e-01 3.156081589860916026e+00
9.100000000000000311e-01 3.167538945000171857e+00
9.200000000000000400e-01 3.180192693450450747e+00
9.300000000000000488e-01 3.193716878693103833e+00
9.400000000000000577e-01 3.204644350776672201e+00
9.500000000000000666e-01 3.214822581648826727e+00
9.599999999999999645e-01 3.224313319809436695e+00
9.699999999999999734e-01 3.231845516247749295e+00
9.799999999999999822e-01 3.238076250224113384e+00
9.899999999999999911e-01 3.242350361001491432e+00
1.000000000000000000e+00 3.244616997320652008e+00
1.010000000000000009e+00 3.246142010314464699e+00
1.020000000000000018e+00 3.247177155382633185e+00
1.030000000000000027e+00 3.248081848046779463e+00
1.040000000000000036e+00 3.248701762146949612e+00
1.050000000000000044e+00 3.249237388534545801e+00
1.060000000000000053e+00 3.249368280096053940e+00
1.070000000000000062e+00 3.249451896164417430e+00
1.080000000000000071e+00 3.249513564393520237e+00
1.090000000000000080e+00 3.249523208022117693e+00
1.100000000000000089e+00 3.249585709891319230e+00
1.110000000000000098e+00 3.249632401974201112e+00
1.120000000000000107e+00 3.249647872881889388e+00
1.130000000000000115e+00 3.249653940205574187e+00
1.140000000000000124e+00 3.249674769475459968e+00
1.150000000000000133e+00 3.249716317641734964e+00
1.159999999999999920e+00 3.249793635549545368e+00
1.169999999999999929e+00 3.249861279125213720e+00
1.179999999999999938e+00 3.249917150316238512e+00
1.189999999999999947e+00 3.249917495243549226e+00
1.199999999999999956e+00 3.249917495243549226e+00
1.209999999999999964e+00 3.249917495243549226e+00
1.219999999999999973e+00 3.249917495243549226e+00
1.229999999999999982e+00 3.249917495243549226e+00
1.239999999999999991e+00 3.249917495243549226e+00
1.250000000000000000e+00 3.249917495243549226e+00
1.260000000000000009e+00 3.249917495243549226e+00
1.270000000000000018e+00 3.249917495243549226e+00
1.280000000000000027e+00 3.249917495243549226e+00
1.290000000000000036e+00 3.249917495243549226e+00
1.300000000000000044e+00 3.249917495243549226e+00
1.310000000000000053e+00 3.249917495243549226e+00
1.320000000000000062e+00 3.249917495243549226e+00
1.330000000000000071e+00 3.249917495243549226e+00
1.340000000000000080e+00 3.249917495243549226e+00
1.350000000000000089e+00 3.249915954220294889e+00
1.360000000000000098e+00 3.249915954220294889e+00
1.370000000000000107e+00 3.249915954220294889e+00
1.380000000000000115e+00 3.249915954220294889e+00
1.390000000000000124e+00 3.249915954220294889e+00
1.400000000000000133e+00 3.249915954220294889e+00
1.409999999999999920e+00 3.249915954220294889e+00
1.419999999999999929e+00 3.249915954220294889e+00
1.429999999999999938e+00 3.249915954220294889e+00
1.439999999999999947e+00 3.249915954220294889e+00
1.449999999999999956e+00 3.249915954220294889e+00
1.459999999999999964e+00 3.249915954220294889e+00
1.469999999999999973e+00 3.249915954220294889e+00
1.479999999999999982e+00 3.249915954220294889e+00
1.489999999999999991e+00 3.249915954220294889e+00
1.500000000000000000e+00 3.249915954220294889e+00
1.510000000000000009e+00 3.249915954220294889e+00
1.520000000000000018e+00 3.249915954220294889e+00
1.530000000000000027e+00 3.249915954220294889e+00
1.540000000000000036e+00 3.249915954220294889e+00
1.550000000000000044e+00 3.249915954220294889e+00
1.560000000000000053e+00 3.249915954220294889e+00
1.570000000000000062e+00 3.249916417183876138e+00
1.580000000000000071e+00 3.249918511269092480e+00
1.590000000000000080e+00 3.249932277121543756e+00
1.600000000000000089e+00 3.249944013853073077e+00
1.610000000000000098e+00 3.249953268392085981e+00
1.620000000000000107e+00 3.249965478510856709e+00
1.630000000000000115e+00 3.249974595468044125e+00
1.640000000000000124e+00 3.249992146241664770e+00
1.650000000000000133e+00 3.250003888962268661e+00
1.660000000000000142e+00 3.250031536283493061e+00
1.669999999999999929e+00 3.250041822979450323e+00
1.679999999999999938e+00 3.250060852634906627e+00
1.689999999999999947e+00 3.250102136013508058e+00
1.699999999999999956e+00 3.250156761467456690e+00
1.709999999999999964e+00 3.250221337265968291e+00
1.719999999999999973e+00 3.250240444750785773e+00
1.729999999999999982e+00 3.250276464617252170e+00
1.739999999999999991e+00 3.250348749964237172e+00
1.750000000000000000e+00 3.250452225997447986e+00
1.760000000000000009e+00 3.250593943443298439e+00
1.770000000000000018e+00 3.250687878718375945e+00
1.780000000000000027e+00 3.250743663473129264e+00
1.790000000000000036e+00 3.250769778347015304e+00
1.800000000000000044e+00 3.250861816191673359e+00
1.810000000000000053e+00 3.250932777392864015e+00
1.820000000000000062e+00 3.251074452624321154e+00
1.830000000000000071e+00 3.251117020919322975e+00
1.840000000000000080e+00 3.251140043342113373e+00
1.850000000000000089e+00 3.251172808690071303e+00
1.860000000000000098e+00 3.251159136726856413e+00
1.870000000000000107e+00 3.251196287407875030e+00
1.880000000000000115e+00 3.251193461635112580e+00
1.890000000000000124e+00 3.251204613993167847e+00
1.900000000000000133e+00 3.251217213988303989e+00
1.910000000000000142e+00 3.251236329357623855e+00
1.919999999999999929e+00 3.251206995732784488e+00
1.929999999999999938e+00 3.251220378293991242e+00
1.939999999999999947e+00 3.251329460375309122e+00
1.949999999999999956e+00 3.251384843947887404e+00
1.959999999999999964e+00 3.251448366189003014e+00
1.969999999999999973e+00 3.251544889538287908e+00
1.979999999999999982e+00 3.251560287711620312e+00
1.989999999999999991e+00 3.251547742986679257e+00
2.000000000000000000e+00 3.251542357583045995e+00
2.010000000000000231e+00 3.251538226604461457e+00
2.020000000000000018e+00 3.251539514980316348e+00
2.030000000000000249e+00 3.251551451122760561e+00
2.040000000000000036e+00 3.251550080735683412e+00
2.049999999999999822e+00 3.251542890534401042e+00
2.060000000000000053e+00 3.251551134505271889e+00
2.069999999999999840e+00 3.251573413069248186e+00
2.080000000000000071e+00 3.251594354708194690e+00
2.089999999999999858e+00 3.251590280430316948e+00
2.100000000000000089e+00 3.251570317137241428e+00
2.109999999999999876e+00 3.251591482324600157e+00
2.120000000000000107e+00 3.251610040025711079e+00
2.129999999999999893e+00 3.251636929464340131e+00
2.140000000000000124e+00 3.251639248704910390e+00
2.149999999999999911e+00 3.251679555041790071e+00
2.160000000000000142e+00 3.251712112596035098e+00
2.169999999999999929e+00 3.251679568393230468e+00
2.180000000000000160e+00 3.251647888922691187e+00
2.189999999999999947e+00 3.251603699836731032e+00
2.200000000000000178e+00 3.251616560394763766e+00
2.209999999999999964e+00 3.251657679576873683e+00
2.220000000000000195e+00 3.251690251796245601e+00
2.229999999999999982e+00 3.251697384610176211e+00
2.240000000000000213e+00 3.251704117267131711e+00
2.250000000000000000e+00 3.251712980499267491e+00
2.260000000000000231e+00 3.251708102595806338e+00
2.270000000000000018e+00 3.251713633241653412e+00
2.280000000000000249e+00 3.251713425183296202e+00
2.290000000000000036e+00 3.251733780894279668e+00
2.300000000000000266e+00 3.251773309442997029e+00
2.310000000000000053e+00 3.251785893411636152e+00
2.319999999999999840e+00 3.251820983698368028e+00
2.330000000000000071e+00 3.251874876132011316e+00
2.339999999999999858e+00 3.251946369323730490e+00
2.350000000000000089e+00 3.252078490633964591e+00
2.359999999999999876e+00 3.252221207845210849e+00
2.370000000000000107e+00 3.252267551543712720e+00
2.379999999999999893e+00 3.252343212647438087e+00
2.390000000000000124e+00 3.252391181204318915e+00
2.399999999999999911e+00 3.252445044636726568e+00
2.410000000000000142e+00 3.252499745833873579e+00
2.419999999999999929e+00 3.252570191991329018e+00
2.430000000000000160e+00 3.252639565818309819e+00
2.439999999999999947e+00 3.252730941631793993e+00
2.450000000000000178e+00 3.252789216227531366e+00
2.459999999999999964e+00 3.252890388679504419e+00
2.470000000000000195e+00 3.253056357579231062e+00
2.479999999999999982e+00 3.253211940681934422e+00
2.490000000000000213e+00 3.253480893390178874e+00
2.500000000000000000e+00 3.254217613763809247e+00
2.510000000000000231e+00 3.255363748681545211e+00
2.520000000000000018e+00 3.256952304973602441e+00
2.530000000000000249e+00 3.258813678114414358e+00
2.540000000000000036e+00 3.263411844854354982e+00
2.550000000000000266e+00 3.271020445549488009e+00
2.560000000000000053e+00 3.280516107509136248e+00
2.569999999999999840e+00 3.292584267957210375e+00
2.580000000000000071e+00 3.307253652482032624e+00
2.589999999999999858e+00 3.325876774888038678e+00
2.600000000000000089e+00 3.350498112778663717e+00
2.609999999999999876e+00 3.374720456380844169e+00
2.620000000000000107e+00 3.400818565092086576e+00
2.629999999999999893e+00 3.428873039741516138e+00
2.640000000000000124e+00 3.454256270594596945e+00
2.649999999999999911e+00 3.472892716445922900e+00
2.660000000000000142e+00 3.485381920051574767e+00
2.669999999999999929e+00 3.498245440175533183e+00
2.680000000000000160e+00 3.507925877697467776e+00
2.689999999999999947e+00 3.514646130657196110e+00
2.700000000000000178e+00 3.518226634333133873e+00
2.709999999999999964e+00 3.521329310185909112e+00
2.720000000000000195e+00 3.523252385663986352e+00
2.729999999999999982e+00 3.524636736800670800e+00
2.740000000000000213e+00 3.525509370522498909e+00
2.750000000000000000e+00 3.526790956923961495e+00
2.760000000000000231e+00 3.527589295864105079e+00
2.770000000000000018e+00 3.528086151478290411e+00
2.780000000000000249e+00 3.528556043765544992e+00
2.790000000000000036e+00 3.528875216209888421e+00
2.800000000000000266e+00 3.529052895619869012e+00
2.810000000000000053e+00 3.529159265458583938e+00
2.819999999999999840e+00 3.529317067978382294e+00
2.830000000000000071e+00 3.529499866104126138e+00
2.839999999999999858e+00 3.529575544698238421e+00
2.850000000000000089e+00 3.529634606523513796e+00
2.859999999999999876e+00 3.530043432004451809e+00
2.870000000000000107e+00 3.530163368535041979e+00
2.879999999999999893e+00 3.530246587343215836e+00
2.890000000000000124e+00 3.530296738629341124e+00
2.899999999999999911e+00 3.530309762506484983e+00
2.910000000000000142e+00 3.530325978596210668e+00
2.919999999999999929e+00 3.530359907042980083e+00
2.930000000000000160e+00 3.530389900484085075e+00
2.939999999999999947e+00 3.530409903016090478e+00
2.950000000000000178e+00 3.530428640131950235e+00
2.959999999999999964e+00 3.530436160726547090e+00
2.970000000000000195e+00 3.530435966587066599e+00
2.979999999999999982e+00 3.530435966587066599e+00
2.990000000000000213e+00 3.530435966587066599e+00
3.000000000000000000e+00 3.530435966587066599e+00
