0.000000000000000000e+00 1.334549994784051119e+00 1.528459636610096872e+00
1.000000000000000021e-02 1.398714366032351331e+00 1.493499326539765582e+00
2.000000000000000042e-02 1.417101459162765975e+00 1.484174935972159881e+00
2.999999999999999889e-02 1.420280222838283146e+00 1.482667607993721548e+00
4.000000000000000083e-02 1.420490161730875611e+00 1.482767798316846131e+00
5.000000000000000278e-02 1.420644894761373678e+00 1.482935462823579797e+00
5.999999999999999778e-02 1.420767238325054693e+00 1.483165202797477322e+00
7.000000000000000666e-02 1.420180088732886592e+00 1.483905200778794065e+00
8.000000000000000167e-02 1.414978122883921330e+00 1.487645267092103207e+00
8.999999999999999667e-02 1.403312931194975688e+00 1.494119466516301342e+00
1.000000000000000056e-01 1.386282931004156449e+00 1.501883615006814665e+00
1.100000000000000006e-01 9.596905316240541550e-01 2.471332962652946108e+00
1.199999999999999956e-01 3.189857590930531561e+00 4.357233266911437752e+00
1.300000000000000044e-01 3.847511292807653582e+00 3.996069719155237010e+00
1.400000000000000133e-01 3.847511292807653582e+00 3.996069719155237010e+00
1.499999999999999944e-01 3.847511292807653582e+00 3.996069719155237010e+00
1.600000000000000033e-01 3.847511292807653582e+00 3.996069719155237010e+00
1.700000000000000122e-01 3.847511292807653582e+00 3.996069719155237010e+00
1.799999999999999933e-01 3.847511292807653582e+00 3.996069719155237010e+00
1.900000000000000022e-01 3.847231671401031061e+00 3.996267816623680691e+00
2.000000000000000111e-01 3.845472421321341816e+00 3.997406849971344212e+00
2.099999999999999922e-01 3.836388037078596547e+00 4.003328220898889178e+00
2.200000000000000011e-01 3.817895935351433234e+00 4.014189493134436404e+00
2.300000000000000100e-01 3.772987636556556001e+00 4.036354442343780491e+00
2.399999999999999911e-01 3.721918577921625282e+00 4.056279721309903330e+00
2.500000000000000000e-01 3.639465737845839932e+00 4.075114250795898840e+00
2.600000000000000089e-01 3.511833395772187227e+00 4.074738598074706175e+00
2.700000000000000178e-01 3.359623829064768419e+00 4.028086570748883766e+00
2.800000000000000266e-01 3.223533490829785020e+00 3.929968907985369686e+00
2.899999999999999800e-01 3.136771986039002424e+00 3.809990028812567875e+00
2.999999999999999889e-01 3.088176060315139360e+00 3.650791019591324016e+00
3.099999999999999978e-01 3.092238160285209148e+00 3.499941346994186908e+00
3.200000000000000067e-01 3.120658935898179998e+00 3.400659702607756074e+00
3.300000000000000155e-01 3.153303110324259695e+00 3.332123106430653348e+00
3.400000000000000244e-01 3.185454838155713286e+00 3.282146316519770846e+00
3.500000000000000333e-01 3.208470489872800702e+00 3.253597226954591637e+00
3.599999999999999867e-01 3.212183840975364468e+00 3.249384747410217322e+00
3.699999999999999956e-01 3.212185394821956752e+00 3.249375105704471078e+00
3.800000000000000044e-01 3.212185394821956752e+00 3.249375105704471078e+00
3.900000000000000133e-01 3.212207051440616468e+00 3.249368820785145218e+00
4.000000000000000222e-01 3.212207051440616468e+00 3.249368820785145218e+00
4.100000000000000311e-01 3.212209394148763941e+00 3.249368247595850079e+00
4.199999999999999845e-01 3.212220610572762869e+00 3.249364007523588338e+00
4.299999999999999933e-01 3.212239796804293501e+00 3.249356312304631178e+00
4.400000000000000022e-01 3.212296286266189238e+00 3.249331957990783781e+00
4.500000000000000111e-01 3.212355184476564318e+00 3.249307019054700874e+00
4.600000000000000200e-01 3.212358557264756609e+00 3.249305903098631543e+00
4.700000000000000289e-01 3.212379926195355395e+00 3.249298827438143356e+00
4.799999999999999822e-01 3.212383301491783083e+00 3.249297708973838628e+00
4.899999999999999911e-01 3.212412568423383075e+00 3.249288001253969771e+00
5.000000000000000000e-01 3.212412568423383075e+00 3.249288001253969771e+00
5.100000000000000089e-01 3.212414820793871417e+00 3.249287253438229772e+00
5.200000000000000178e-01 3.212428317837302316e+00 3.249283230510171094e+00
5.300000000000000266e-01 3.212506964809619614e+00 3.249297624566830134e+00
5.400000000000000355e-01 3.212543720241859635e+00 3.249301954134627746e+00
5.500000000000000444e-01 3.212619689545404444e+00 3.249333453912961911e+00
5.600000000000000533e-01 3.212651898571868614e+00 3.249333614757637712e+00
5.700000000000000622e-01 3.212709501998824990e+00 3.249353562104301929e+00
5.799999999999999600e-01 3.212738774687394994e+00 3.249349579752340844e+00
5.899999999999999689e-01 3.212783459021249843e+00 3.249361544850667638e+00
5.999999999999999778e-01 3.212796958925833835e+00 3.249331083948502119e+00
6.099999999999999867e-01 3.212850256900580792e+00 3.249296680693832595e+00
6.199999999999999956e-01 3.212835790571933803e+00 3.249201142144435561e+00
6.300000000000000044e-01 3.212853554901176967e+00 3.249120787330573190e+00
6.400000000000000133e-01 3.212843170530760961e+00 3.249045703766381354e+00
6.500000000000000222e-01 3.212938599274243856e+00 3.248847774593744298e+00
6.600000000000000311e-01 3.213012579426248738e+00 3.248726196771185126e+00
6.700000000000000400e-01 3.213287455050946040e+00 3.248480044181345949e+00
6.800000000000000488e-01 3.213496142500731789e+00 3.248141596394684694e+00
6.900000000000000577e-01 3.213793011748652617e+00 3.247922471277852274e+00
7.000000000000000666e-01 3.213998250159659786e+00 3.247687251105866313e+00
7.099999999999999645e-01 3.214175692997463862e+00 3.247581822309008714e+00
7.199999999999999734e-01 3.214328029788418473e+00 3.247550159885005616e+00
7.299999999999999822e-01 3.214491956792755012e+00 3.247460213584022704e+00
7.399999999999999911e-01 3.214511121844134678e+00 3.247387810255207619e+00
7.500000000000000000e-01 3.214576790559079633e+00 3.247270601818773805e+00
7.600000000000000089e-01 3.214702252182760400e+00 3.247192155099115407e+00
7.700000000000000178e-01 3.214709729621886058e+00 3.247132276241303739e+00
7.800000000000000266e-01 3.214014624395707287e+00 3.247978080701491521e+00
7.900000000000000355e-01 3.212310354854325922e+00 3.250351653788824180e+00
8.000000000000000444e-01 3.210113802684350759e+00 3.253537970863775719e+00
8.100000000000000533e-01 3.208872524763468626e+00 3.255366822575207486e+00
8.200000000000000622e-01 3.208015819548378111e+00 3.256640347715606509e+00
8.300000000000000711e-01 3.206814787426572444e+00 3.258465610050577332e+00
8.399999999999999689e-01 3.205771881126938005e+00 3.260117759008827498e+00
8.499999999999999778e-01 3.204779690072598886e+00 3.261514924461779596e+00
8.599999999999999867e-01 3.204296057584273605e+00 3.262106056506645757e+00
8.699999999999999956e-01 3.204243434530838375e+00 3.262112025936500626e+00
8.800000000000000044e-01 3.204136875200833678e+00 3.262074588269625153e+00
8.900000000000000133e-01 3.204032444621644604e+00 3.262097257126249428e+00
9.000000000000000222e-01 3.203998760404292767e+00 3.261863311600978754e+00
9.100000000000000311e-01 3.203951500227234295e+00 3.261649617893912723e+00
9.200000000000000400e-01 3.204408205472232041e+00 3.260482441443203427e+00
9.300000000000000488e-01 3.205655391800737330e+00 3.258039700510167780e+00
9.400000000000000577e-01 3.206098544306209774e+00 3.256933976631709804e+00
9.500000000000000666e-01 3.206437315061166693e+00 3.256214288408681767e+00
9.599999999999999645e-01 3.206813720632175180e+00 3.255319196953197380e+00
9.699999999999999734e-01 3.207236586206739570e+00 3.254418744575196865e+00
9.799999999999999822e-01 3.207573987028510043e+00 3.253649641535371284e+00
9.899999999999999911e-01 3.208162568232846290e+00 3.252360070221590682e+00
1.000000000000000000e+00 3.208068261932445431e+00 3.252136178632663466e+00
1.010000000000000009e+00 3.209201904790844662e+00 3.249805363132510561e+00
1.020000000000000018e+00 3.209765341264696925e+00 3.248089377244023357e+00
1.030000000000000027e+00 3.210267034043677636e+00 3.246377386394134756e+00
1.040000000000000036e+00 3.209318554025041959e+00 3.246489968142163729e+00
1.050000000000000044e+00 3.208118139469469110e+00 3.246696744864141504e+00
1.060000000000000053e+00 3.206651540439450887e+00 3.246958652255213185e+00
1.070000000000000062e+00 3.205365817552734420e+00 3.247151200288604933e+00
1.080000000000000071e+00 3.204185291049823636e+00 3.247309283692493498e+00
1.090000000000000080e+00 3.202810197284150728e+00 3.247449130370687609e+00
1.100000000000000089e+00 3.201135880778271048e+00 3.247649709260028938e+00
1.110000000000000098e+00 3.199554706340717480e+00 3.247787280124736498e+00
1.120000000000000107e+00 3.197818235429905620e+00 3.247812933331347907e+00
1.130000000000000115e+00 3.196784975456665290e+00 3.247817455649901763e+00
1.140000000000000124e+00 3.195821053015367230e+00 3.247845608294829045e+00
1.150000000000000133e+00 3.194617119734705746e+00 3.247849970686017329e+00
1.159999999999999920e+00 3.193991854847455070e+00 3.247847597762560934e+00
1.169999999999999929e+00 3.192869549659448136e+00 3.247848789111417833e+00
1.179999999999999938e+00 3.190925340786609166e+00 3.248449824237194417e+00
1.189999999999999947e+00 3.188729410399438358e+00 3.249172468925475066e+00
1.199999999999999956e+00 3.185651971446345598e+00 3.251096422561337462e+00
1.209999999999999964e+00 3.183476284942793555e+00 3.252404417829346528e+00
1.219999999999999973e+00 3.181029106991547728e+00 3.253320098631125035e+00
1.229999999999999982e+00 3.178446490972266947e+00 3.253849059712661695e+00
1.239999999999999991e+00 3.175550931550760847e+00 3.254667054579953867e+00
1.250000000000000000e+00 3.170583802070419122e+00 3.257078243713577681e+00
1.260000000000000009e+00 3.168517041816019564e+00 3.257026323943829738e+00
1.270000000000000018e+00 3.162142435365381754e+00 3.262382042207059296e+00
1.280000000000000027e+00 3.157611130987071135e+00 3.261986715606785658e+00
1.290000000000000036e+00 3.153024961950850802e+00 3.261625647408890494e+00
1.300000000000000044e+00 3.152850832041797613e+00 3.254964657693805830e+00
1.310000000000000053e+00 3.143827586605697721e+00 3.260451762783378893e+00
1.320000000000000062e+00 3.141315629252960484e+00 3.257402738562057642e+00
1.330000000000000071e+00 3.144515902995435930e+00 3.247468251882226653e+00
1.340000000000000080e+00 3.143846535003663956e+00 3.241857849671361702e+00
1.350000000000000089e+00 3.141987553168086311e+00 3.237731403822155851e+00
1.360000000000000098e+00 3.139210902228115163e+00 3.235080449719669016e+00
1.370000000000000107e+00 3.136493619352603179e+00 3.233136487392162639e+00
1.380000000000000115e+00 3.133461075711664545e+00 3.230694417819562236e+00
1.390000000000000124e+00 3.130765919602201297e+00 3.228743632971956767e+00
1.400000000000000133e+00 3.127967282118098158e+00 3.226649544497235400e+00
1.409999999999999920e+00 3.125332636240218065e+00 3.224602169620301773e+00
1.419999999999999929e+00 3.121802613093103584e+00 3.222094512685095058e+00
1.429999999999999938e+00 3.118897462549958366e+00 3.219882710212912169e+00
1.439999999999999947e+00 3.116463269325943308e+00 3.217816363881377484e+00
1.449999999999999956e+00 3.113586548224112960e+00 3.215347250704147619e+00
1.459999999999999964e+00 3.111094702954465330e+00 3.213096466831987907e+00
1.469999999999999973e+00 3.108634192421235731e+00 3.210698897369108629e+00
1.479999999999999982e+00 3.105785234551044383e+00 3.208179340539364155e+00
1.489999999999999991e+00 3.103202568552532625e+00 3.205629548866710365e+00
1.500000000000000000e+00 3.100292839229100483e+00 3.203124981911189106e+00
1.510000000000000009e+00 3.097836128117487320e+00 3.201048869379117257e+00
1.520000000000000018e+00 3.095008058794714412e+00 3.198666434465669450e+00
1.530000000000000027e+00 3.091401612865086523e+00 3.196376263464335121e+00
1.540000000000000036e+00 3.089709165118433187e+00 3.194990611035131156e+00
1.550000000000000044e+00 3.087999303145452235e+00 3.193699106368975027e+00
1.560000000000000053e+00 3.085824752431306273e+00 3.192623537993040550e+00
1.570000000000000062e+00 3.083047877284843530e+00 3.191604915788810892e+00
1.580000000000000071e+00 3.080631864019523380e+00 3.190649856695045639e+00
1.590000000000000080e+00 3.075322374324471753e+00 3.190663209133474787e+00
1.600000000000000089e+00 3.073898575555742418e+00 3.190022058928549065e+00
1.610000000000000098e+00 3.073020879019136231e+00 3.188895747315053875e+00
1.620000000000000107e+00 3.071992254283399060e+00 3.187676777727632693e+00
1.630000000000000115e+00 3.070909082247557098e+00 3.186464102171120860e+00
1.640000000000000124e+00 3.069843910011359256e+00 3.185267871251991956e+00
1.650000000000000133e+00 3.068691467989835164e+00 3.184205510407533968e+00
1.660000000000000142e+00 3.067939994582851160e+00 3.183540237570087417e+00
1.669999999999999929e+00 3.066893413706659022e+00 3.182895635842443394e+00
1.679999999999999938e+00 3.064525475851878955e+00 3.181637267516269407e+00
1.689999999999999947e+00 3.062484324070522845e+00 3.180468572381426995e+00
1.699999999999999956e+00 3.060519147982995847e+00 3.179430921449262648e+00
1.709999999999999964e+00 3.056806796231640089e+00 3.178204293636905486e+00
1.719999999999999973e+00 3.054936228565867218e+00 3.177562262544934235e+00
1.729999999999999982e+00 3.054456777802176948e+00 3.177484205345443957e+00
1.739999999999999991e+00 3.053638067800730216e+00 3.177346792457372171e+00
1.750000000000000000e+00 3.052791462368977804e+00 3.177092673788058264e+00
1.760000000000000009e+00 3.051931268758196758e+00 3.177461353088002483e+00
1.770000000000000018e+00 3.050934602377169291e+00 3.178607341029889177e+00
1.780000000000000027e+00 3.051338041299802573e+00 3.180179577661531365e+00
1.790000000000000036e+00 3.051048652023135688e+00 3.181861079727352326e+00
1.800000000000000044e+00 3.050339510917397412e+00 3.185152609153059977e+00
1.810000000000000053e+00 3.050250938435594694e+00 3.187785580247838535e+00
1.820000000000000062e+00 3.048746017766363892e+00 3.187929614591233474e+00
1.830000000000000071e+00 3.045217367257007535e+00 3.187743050562015679e+00
1.840000000000000080e+00 3.043714840564375468e+00 3.187690084028595994e+00
1.850000000000000089e+00 3.042248957667792908e+00 3.187392534708534342e+00
1.860000000000000098e+00 3.041629200955913603e+00 3.187297709625674713e+00
1.870000000000000107e+00 3.040906145304363317e+00 3.186906995316821867e+00
1.880000000000000115e+00 3.040597045375918572e+00 3.186991806700611551e+00
1.890000000000000124e+00 3.040323726418183714e+00 3.187194502379729233e+00
1.900000000000000133e+00 3.040090539454320506e+00 3.187410681525370215e+00
1.910000000000000142e+00 3.039200693399599640e+00 3.188416086404629812e+00
1.919999999999999929e+00 3.036119951546552009e+00 3.190377570368883475e+00
1.929999999999999938e+00 3.035828877809225723e+00 3.191246488616288346e+00
1.939999999999999947e+00 3.035463843512731685e+00 3.192511578583521192e+00
1.949999999999999956e+00 3.034020836787973519e+00 3.193819781336034946e+00
1.959999999999999964e+00 3.032008374598064382e+00 3.195715560486278140e+00
1.969999999999999973e+00 3.031096111691355954e+00 3.196853625223278872e+00
1.979999999999999982e+00 3.030408075523670419e+00 3.198046125149432761e+00
1.989999999999999991e+00 3.029991038095846356e+00 3.199148528573617867e+00
2.000000000000000000e+00 3.030718366560263721e+00 3.199638773952202531e+00
2.010000000000000231e+00 3.031729024497092251e+00 3.200258287633836130e+00
2.020000000000000018e+00 3.032894920626019175e+00 3.200080877122546408e+00
2.030000000000000249e+00 3.033605135756980431e+00 3.200859035423744281e+00
2.040000000000000036e+00 3.034786361018932954e+00 3.200938198402606627e+00
2.049999999999999822e+00 3.036288330881549591e+00 3.200617396256969727e+00
2.060000000000000053e+00 3.035881357697905347e+00 3.202914239473878322e+00
2.069999999999999840e+00 3.034537058772776685e+00 3.208558921270634468e+00
2.080000000000000071e+00 3.026466484018628389e+00 3.224522415121729768e+00
2.089999999999999858e+00 3.019800462378366301e+00 3.240184372059003781e+00
2.100000000000000089e+00 3.009849396932134269e+00 3.265974612858285830e+00
2.109999999999999876e+00 3.000228617799823638e+00 3.294846536466534026e+00
2.120000000000000107e+00 2.992538763934165402e+00 3.324994080800026452e+00
2.129999999999999893e+00 2.988025868259470919e+00 3.350979325956303434e+00
2.140000000000000124e+00 2.983355232182464789e+00 3.381579308294334396e+00
2.149999999999999911e+00 2.978344554875466788e+00 3.421199856063749767e+00
2.160000000000000142e+00 2.976167656008225304e+00 3.464196841162223262e+00
2.169999999999999929e+00 2.976656014077865731e+00 3.501664813301360812e+00
2.180000000000000160e+00 2.979880149291498359e+00 3.549638995000379271e+00
2.189999999999999947e+00 2.986138755850027415e+00 3.601109572215844601e+00
2.200000000000000178e+00 3.001498699373390977e+00 3.664474711018416819e+00
2.209999999999999964e+00 3.027752293467640854e+00 3.722988426446795174e+00
2.220000000000000195e+00 3.068348124914485275e+00 3.793690189261120338e+00
2.229999999999999982e+00 3.114576417082327353e+00 3.858060048495751460e+00
2.240000000000000213e+00 3.168663288911651499e+00 3.913073496452499356e+00
2.250000000000000000e+00 3.218841486862211276e+00 3.953770122134179665e+00
2.260000000000000231e+00 3.274911447972998157e+00 3.989597265610947741e+00
2.270000000000000018e+00 3.327687368802762169e+00 4.015564896283411400e+00
2.280000000000000249e+00 3.374502898972753240e+00 4.033507024060960511e+00
2.290000000000000036e+00 3.427678540386906114e+00 4.049394992952594308e+00
2.300000000000000266e+00 3.460906748549125833e+00 4.056268207987166363e+00
2.310000000000000053e+00 3.503116515915645657e+00 4.062649149172054663e+00
2.319999999999999840e+00 3.543521564490459408e+00 4.066749520957805508e+00
2.330000000000000071e+00 3.579253899392506710e+00 4.067568831697085052e+00
2.339999999999999858e+00 3.612258978461499126e+00 4.066347207184557888e+00
2.350000000000000089e+00 3.641440456090863531e+00 4.063921485666338818e+00
2.359999999999999876e+00 3.665290883836261671e+00 4.061020626888759644e+00
2.370000000000000107e+00 3.692904950293561583e+00 4.055841533761957329e+00
2.379999999999999893e+00 3.724900848779038043e+00 4.047557708445235214e+00
2.390000000000000124e+00 3.748062037666198165e+00 4.040025262038353659e+00
2.399999999999999911e+00 3.779643957592252690e+00 4.027481360005136679e+00
2.410000000000000142e+00 3.796222092888055677e+00 4.020189075887502739e+00
2.419999999999999929e+00 3.810727392825909998e+00 4.013456924143007143e+00
2.430000000000000160e+00 3.818897635071577312e+00 4.009298724758325605e+00
2.439999999999999947e+00 3.827171816770497337e+00 4.005005727537211513e+00
2.450000000000000178e+00 3.833856425123505662e+00 4.001435297450727901e+00
2.459999999999999964e+00 3.836323415443899432e+00 3.999938758604524747e+00
2.470000000000000195e+00 3.839201278769268200e+00 3.998025502036319345e+00
2.479999999999999982e+00 3.841860875845470868e+00 3.996437944788417074e+00
2.490000000000000213e+00 3.842738698890242333e+00 3.995703054749932370e+00
2.500000000000000000e+00 3.842585619572154165e+00 3.995458872643956383e+00
2.510000000000000231e+00 3.843262135526133161e+00 3.994948417023228782e+00
2.520000000000000018e+00 3.843486932796297051e+00 3.994764338837804463e+00
2.530000000000000249e+00 3.843819973386982447e+00 3.994501438618441647e+00
2.540000000000000036e+00 3.844875323386742316e+00 3.993897523173735919e+00
2.550000000000000266e+00 3.844989664319602429e+00 3.993849991651924558e+00
2.560000000000000053e+00 3.845469152915824917e+00 3.993440780093322484e+00
2.569999999999999840e+00 3.844923154855357517e+00 3.993266693472278916e+00
2.580000000000000071e+00 3.845490383405452572e+00 3.992852697744602164e+00
2.589999999999999858e+00 3.845604742198985626e+00 3.992639576338726570e+00
2.600000000000000089e+00 3.844911873476898112e+00 3.992590521528328384e+00
2.609999999999999876e+00 3.844516351345302674e+00 3.992582977444408598e+00
2.620000000000000107e+00 3.844050188708756810e+00 3.992694604582335050e+00
2.629999999999999893e+00 3.844986608755086799e+00 3.992412301538492692e+00
2.640000000000000124e+00 3.845056153875944016e+00 3.992329518135431687e+00
2.649999999999999911e+00 3.845915209251953293e+00 3.992034074572013758e+00
2.660000000000000142e+00 3.846473386871532618e+00 3.991862284782214942e+00
2.669999999999999929e+00 3.847126771322316063e+00 3.991675176991396956e+00
2.680000000000000160e+00 3.847209216201234572e+00 3.991507908055853537e+00
2.689999999999999947e+00 3.847076533965049006e+00 3.991423622556748096e+00
2.700000000000000178e+00 3.846826244537833173e+00 3.991362962577340578e+00
2.709999999999999964e+00 3.846840963563311622e+00 3.991219978991162431e+00
2.720000000000000195e+00 3.846779496606874904e+00 3.991185269652318457e+00
2.729999999999999982e+00 3.846757956292742975e+00 3.991250864722615255e+00
2.740000000000000213e+00 3.846861976740781675e+00 3.991381908747728691e+00
2.750000000000000000e+00 3.846670215142074856e+00 3.991551621091063762e+00
2.760000000000000231e+00 3.846334204658862888e+00 3.991692359729412054e+00
2.770000000000000018e+00 3.846784205601753825e+00 3.991602711536345716e+00
2.780000000000000249e+00 3.846833066420886738e+00 3.991682601241733686e+00
2.790000000000000036e+00 3.846368402292633881e+00 3.991853504474257797e+00
2.800000000000000266e+00 3.845646093151375400e+00 3.992051160671904686e+00
2.810000000000000053e+00 3.843759158133370324e+00 3.993010171457427315e+00
2.819999999999999840e+00 3.841780117187194588e+00 3.994109841614074785e+00
2.830000000000000071e+00 3.837802223817201153e+00 3.996346987951902463e+00
2.839999999999999858e+00 3.835643356802334480e+00 3.997674961917529579e+00
2.850000000000000089e+00 3.834411580383303431e+00 3.998341625402447974e+00
2.859999999999999876e+00 3.833515810124390466e+00 3.998698624465948814e+00
2.870000000000000107e+00 3.831167383616099542e+00 3.999881552588810507e+00
2.879999999999999893e+00 3.823799926330462728e+00 4.004103511422261619e+00
2.890000000000000124e+00 3.822293871830583001e+00 4.004859598609328053e+00
2.899999999999999911e+00 3.817528104214787721e+00 4.007309673995851362e+00
2.910000000000000142e+00 3.808366543143674843e+00 4.012065334927156002e+00
2.919999999999999929e+00 3.804785153960222654e+00 4.013599623476034495e+00
2.930000000000000160e+00 3.800927909323179588e+00 4.015228127211129205e+00
2.939999999999999947e+00 5.731021394468264196e-01 6.762600970291180458e-01
2.950000000000000178e+00 3.753294149594920803e+00 3.878693565925938280e+00
2.959999999999999964e+00 3.761154544072505157e+00 3.873477569584492297e+00
2.970000000000000195e+00 3.768041644364840792e+00 3.868790838387958786e+00
2.979999999999999982e+00 3.776011044975327913e+00 3.863040127695990478e+00
2.990000000000000213e+00 3.789870972861560716e+00 3.852455915542331688e+00
3.000000000000000000e+00 3.794220190217017841e+00 3.849321540372848904e+00
