0.000000000000000000e+00 3.757361184420853206e-01 4.004557882657975298e-01
1.000000000000000021e-02 3.757362472737496573e-01 4.004559432619149151e-01
2.000000000000000042e-02 1.021232934417310556e+00 1.069916364063438596e+00
2.999999999999999889e-02 1.021232934417310556e+00 1.069916364063438596e+00
4.000000000000000083e-02 1.021232934417310556e+00 1.069916364063438596e+00
5.000000000000000278e-02 1.362439495532921319e+00 1.689017292906829448e+00
5.999999999999999778e-02 1.562015536714098873e+00 1.618212631444432281e+00
7.000000000000000666e-02 1.562015536714098873e+00 1.618212631444432281e+00
8.000000000000000167e-02 1.562015536714098873e+00 1.618212631444432281e+00
8.999999999999999667e-02 1.562015536714098873e+00 1.618212631444432281e+00
1.000000000000000056e-01 1.562015536714098873e+00 1.618212631444432281e+00
1.100000000000000006e-01 1.562014858416924223e+00 1.618212221360793457e+00
1.199999999999999956e-01 1.562013706179595784e+00 1.618211511506103539e+00
1.300000000000000044e-01 1.562013706179595784e+00 1.618211511506103539e+00
1.400000000000000133e-01 1.562012899463040227e+00 1.618210992281573279e+00
1.499999999999999944e-01 1.331132158134639809e+00 1.926187790536224131e+00
1.600000000000000033e-01 2.717141726092387355e+00 4.386800303870153073e+00
1.700000000000000122e-01 3.840427731603354378e+00 3.990110767146378468e+00
1.799999999999999933e-01 3.840418163532192786e+00 3.990104659009997334e+00
1.900000000000000022e-01 3.840416801191576024e+00 3.990102693437330483e+00
2.000000000000000111e-01 3.840337110120028985e+00 3.990073791540889925e+00
2.099999999999999922e-01 3.840327511158151186e+00 3.990088840489225408e+00
2.200000000000000011e-01 3.840333704215615374e+00 3.990111532438666675e+00
2.300000000000000100e-01 3.840313862530614575e+00 3.990103361976717000e+00
2.399999999999999911e-01 3.840272132483686374e+00 3.990082574480806610e+00
2.500000000000000000e-01 3.840246313213508511e+00 3.990092297097045826e+00
2.600000000000000089e-01 3.840218490827889131e+00 3.990075297214179084e+00
2.700000000000000178e-01 3.840201325884661454e+00 3.990067937082448335e+00
2.800000000000000266e-01 3.840213354379161448e+00 3.990110609901921013e+00
2.899999999999999800e-01 3.840190561830453930e+00 3.990098408897466697e+00
2.999999999999999889e-01 3.839702761759001604e+00 3.990310049792092251e+00
3.099999999999999978e-01 3.837199591467745918e+00 3.991586988536946379e+00
3.200000000000000067e-01 3.813151445108704074e+00 4.005084238284774223e+00
3.300000000000000155e-01 3.801860026325927677e+00 4.009431087527526749e+00
3.400000000000000244e-01 3.798939704253272875e+00 4.010102564719124629e+00
3.500000000000000333e-01 3.798698212681435038e+00 4.008601390122748853e+00
3.599999999999999867e-01 3.742776068430193170e+00 4.032654476122609744e+00
3.699999999999999956e-01 3.587373906219329278e+00 4.062152210137520036e+00
3.800000000000000044e-01 3.306218731915848252e+00 3.980065106566054389e+00
3.900000000000000133e-01 3.108473785387069199e+00 3.724041972049683125e+00
4.000000000000000222e-01 3.082683104111191064e+00 3.499022223652366037e+00
4.100000000000000311e-01 3.113871015965440137e+00 3.374100811470053252e+00
4.199999999999999845e-01 3.138133234472138877e+00 3.321163770394460979e+00
4.299999999999999933e-01 3.165310511245483571e+00 3.273836317448859834e+00
4.400000000000000022e-01 3.182526651876259383e+00 3.248803400661658625e+00
4.500000000000000111e-01 3.190682219798135044e+00 3.237401145790053114e+00
4.600000000000000200e-01 3.194999310425377104e+00 3.231965421372795078e+00
4.700000000000000289e-01 3.205500249285232250e+00 3.219788465028274871e+00
4.799999999999999822e-01 3.205470567440837026e+00 3.219829927740246678e+00
4.899999999999999911e-01 3.205447226878399114e+00 3.219876712869411683e+00
5.000000000000000000e-01 3.205709923363047054e+00 3.219501538443250155e+00
5.100000000000000089e-01 3.205688621854212439e+00 3.219524622388455715e+00
5.200000000000000178e-01 3.205692153747436546e+00 3.219517240821960780e+00
5.300000000000000266e-01 3.205740698388097165e+00 3.219446518327715445e+00
5.400000000000000355e-01 3.205934925283381975e+00 3.219173748909046839e+00
5.500000000000000444e-01 3.205944234185364561e+00 3.219154732580039369e+00
5.600000000000000533e-01 3.205982190591392555e+00 3.219068395803871052e+00
5.700000000000000622e-01 3.206011759462803923e+00 3.219024365696459888e+00
5.799999999999999600e-01 3.206036068758657986e+00 3.218979693389245167e+00
5.899999999999999689e-01 3.206036068758657986e+00 3.218979693389245167e+00
5.999999999999999778e-01 3.206035981544028690e+00 3.218978924156654653e+00
6.099999999999999867e-01 3.206036324641115876e+00 3.218978022425763363e+00
6.199999999999999956e-01 3.206066690442512801e+00 3.218919338362265847e+00
6.300000000000000044e-01 3.206113097630544306e+00 3.218844257000879505e+00
6.400000000000000133e-01 3.206112911112104058e+00 3.218839219792093864e+00
6.500000000000000222e-01 3.206113740422324998e+00 3.218836053517265317e+00
6.600000000000000311e-01 3.206112302246438617e+00 3.218831727833403100e+00
6.700000000000000400e-01 3.206112048004605697e+00 3.218831075293085320e+00
6.800000000000000488e-01 3.206113690239078995e+00 3.218821346243732062e+00
6.900000000000000577e-01 3.206115921655470657e+00 3.218814649404709627e+00
7.000000000000000666e-01 3.206115847990877121e+00 3.218814372069471297e+00
7.099999999999999645e-01 3.206115351928547241e+00 3.218813020731135843e+00
7.199999999999999734e-01 3.206114190680612541e+00 3.218809530680547315e+00
7.299999999999999822e-01 3.206113941506521403e+00 3.218808884850365981e+00
7.399999999999999911e-01 3.206113816933630734e+00 3.218808561921120859e+00
7.500000000000000000e-01 3.206113443271583652e+00 3.218807593076759677e+00
7.600000000000000089e-01 3.206112945187663765e+00 3.218806301152134619e+00
7.700000000000000178e-01 3.206112945187663765e+00 3.218806301152134619e+00
7.800000000000000266e-01 3.206112945187663765e+00 3.218806301152134619e+00
7.900000000000000355e-01 3.206112945187663765e+00 3.218806301152134619e+00
8.000000000000000444e-01 3.206112850170771633e+00 3.218806332568485917e+00
8.100000000000000533e-01 3.206112812027395176e+00 3.218806070137560038e+00
8.200000000000000622e-01 3.206112812027395176e+00 3.218806070137560038e+00
8.300000000000000711e-01 3.206116803682038441e+00 3.218804804446509404e+00
8.399999999999999689e-01 3.206139504063743928e+00 3.218798520356994430e+00
8.499999999999999778e-01 3.206192512223531743e+00 3.218784479491899830e+00
8.599999999999999867e-01 3.206286570613116726e+00 3.218756522543697596e+00
8.699999999999999956e-01 3.206327099030911398e+00 3.218743886324466175e+00
8.800000000000000044e-01 3.206335282910633300e+00 3.218741682898234924e+00
8.900000000000000133e-01 3.206357205104701791e+00 3.218733277511722335e+00
9.000000000000000222e-01 3.206378584903999851e+00 3.218723780408576651e+00
9.100000000000000311e-01 3.206381009514954528e+00 3.218723571106765213e+00
9.200000000000000400e-01 3.206390799302573758e+00 3.218722893777374860e+00
9.300000000000000488e-01 3.206414450113249881e+00 3.218721318195389980e+00
9.400000000000000577e-01 3.206460597042552596e+00 3.218720908718593510e+00
9.500000000000000666e-01 3.206467803392893945e+00 3.218721802668087495e+00
9.599999999999999645e-01 3.206491055529068213e+00 3.218722448246528423e+00
9.699999999999999734e-01 3.206512490744733768e+00 3.218724662813997384e+00
9.799999999999999822e-01 3.206534817360918499e+00 3.218721406713445088e+00
9.899999999999999911e-01 3.206556674276558550e+00 3.218724816163809788e+00
1.000000000000000000e+00 3.206576309592870100e+00 3.218728254625651264e+00
1.010000000000000009e+00 3.206587557046419512e+00 3.218727396438115562e+00
1.020000000000000018e+00 3.206587557046419512e+00 3.218727396438115562e+00
1.030000000000000027e+00 3.206587815582366385e+00 3.218727410552887580e+00
1.040000000000000036e+00 3.206588838801823549e+00 3.218727208675898233e+00
1.050000000000000044e+00 3.206593306579125002e+00 3.218726634307372603e+00
1.060000000000000053e+00 3.206598084592890086e+00 3.218725689225126363e+00
1.070000000000000062e+00 3.206603643150650385e+00 3.218724468044913856e+00
1.080000000000000071e+00 3.206603643150650385e+00 3.218724468044913856e+00
1.090000000000000080e+00 3.206604554361541570e+00 3.218724287863533373e+00
1.100000000000000089e+00 3.206605167196348471e+00 3.218724132048532471e+00
1.110000000000000098e+00 3.206609268744578856e+00 3.218723320133099364e+00
1.120000000000000107e+00 3.206616123865593249e+00 3.218721856733810061e+00
1.130000000000000115e+00 3.206618981594824724e+00 3.218721013884758619e+00
1.140000000000000124e+00 3.206619167912888368e+00 3.218720952021193238e+00
1.150000000000000133e+00 3.206619167912888368e+00 3.218720952021193238e+00
1.159999999999999920e+00 3.206619540558572012e+00 3.218720828284507007e+00
1.169999999999999929e+00 3.206618235724851385e+00 3.218720978361681251e+00
1.179999999999999938e+00 3.206615599417986129e+00 3.218720999474225852e+00
1.189999999999999947e+00 3.206614391240628414e+00 3.218720950313059603e+00
1.199999999999999956e+00 3.206612695707912852e+00 3.218721144662265221e+00
1.209999999999999964e+00 3.206608709797071022e+00 3.218721201582742886e+00
1.219999999999999973e+00 3.206608289349560881e+00 3.218721226393694845e+00
1.229999999999999982e+00 3.206605921238053547e+00 3.218721048905264226e+00
1.239999999999999991e+00 3.206605893530575457e+00 3.218720997357638502e+00
1.250000000000000000e+00 3.206601423661461059e+00 3.218718852827796351e+00
1.260000000000000009e+00 3.206594339634005753e+00 3.218717875336583045e+00
1.270000000000000018e+00 3.206592961950718745e+00 3.218717264694751279e+00
1.280000000000000027e+00 3.206592799234233571e+00 3.218717457165875206e+00
1.290000000000000036e+00 3.206591218426064316e+00 3.218717206847831136e+00
1.300000000000000044e+00 3.206588185606378705e+00 3.218716197347264885e+00
1.310000000000000053e+00 3.206588185606378705e+00 3.218716197347264885e+00
1.320000000000000062e+00 3.206587636405294095e+00 3.218715055516893297e+00
1.330000000000000071e+00 3.206587822167771051e+00 3.218715367639167546e+00
1.340000000000000080e+00 3.206587439697071051e+00 3.218714709503368798e+00
1.350000000000000089e+00 3.206585900546003121e+00 3.218712603763651092e+00
1.360000000000000098e+00 3.206584701056099718e+00 3.218712165480040355e+00
1.370000000000000107e+00 3.206583246283921884e+00 3.218710238980856619e+00
1.380000000000000115e+00 3.206583547884284791e+00 3.218705452331245276e+00
1.390000000000000124e+00 3.206583212573322239e+00 3.218706027648655432e+00
1.400000000000000133e+00 3.206583590744949142e+00 3.218706203275703892e+00
1.409999999999999920e+00 3.206582861661557260e+00 3.218705372505541895e+00
1.419999999999999929e+00 3.206581751719439932e+00 3.218707171358143437e+00
1.429999999999999938e+00 3.206579606443339170e+00 3.218714259103841346e+00
1.439999999999999947e+00 3.206579704026592204e+00 3.218712881775486423e+00
1.449999999999999956e+00 3.206579462062757901e+00 3.218713858593064803e+00
1.459999999999999964e+00 3.206571117292473350e+00 3.218733777178695465e+00
1.469999999999999973e+00 3.206553277748473540e+00 3.218755079456917301e+00
1.479999999999999982e+00 3.206546270788208641e+00 3.218754969021781154e+00
1.489999999999999991e+00 3.206531850343670165e+00 3.218769407347712885e+00
1.500000000000000000e+00 3.206518914221217376e+00 3.218797813116620166e+00
1.510000000000000009e+00 3.206501464331812823e+00 3.218808795811467061e+00
1.520000000000000018e+00 3.206499525856886024e+00 3.218814933276262558e+00
1.530000000000000027e+00 3.206496651179014723e+00 3.218822537797273231e+00
1.540000000000000036e+00 3.206482212506318596e+00 3.218852776836371277e+00
1.550000000000000044e+00 3.206464615889899950e+00 3.218876315659171983e+00
1.560000000000000053e+00 3.206464084367809608e+00 3.218876910819949533e+00
1.570000000000000062e+00 3.206462315836766219e+00 3.218878694333216384e+00
1.580000000000000071e+00 3.206441615636514975e+00 3.218899415790868801e+00
1.590000000000000080e+00 3.206440018122764801e+00 3.218901957013038828e+00
1.600000000000000089e+00 3.206439837038390195e+00 3.218903407895691515e+00
1.610000000000000098e+00 3.206425113272139527e+00 3.218911258755257521e+00
1.620000000000000107e+00 3.206425107000736574e+00 3.218911410552593111e+00
1.630000000000000115e+00 3.206419089167454217e+00 3.218922839872500496e+00
1.640000000000000124e+00 3.206395681008238352e+00 3.218956088105302538e+00
1.650000000000000133e+00 3.206394381879789535e+00 3.218960142298715077e+00
1.660000000000000142e+00 3.206330991618600024e+00 3.219007833902868931e+00
1.669999999999999929e+00 3.206309752650466027e+00 3.219024126271996078e+00
1.679999999999999938e+00 3.206285935584122893e+00 3.219034594048445275e+00
1.689999999999999947e+00 3.206262756265979785e+00 3.219047166309970454e+00
1.699999999999999956e+00 3.206217151585438963e+00 3.219105009225985192e+00
1.709999999999999964e+00 3.206103714051830700e+00 3.219268606089961793e+00
1.719999999999999973e+00 3.205694720167966860e+00 3.219779382882264951e+00
1.729999999999999982e+00 3.205364759733195790e+00 3.220215994513515589e+00
1.739999999999999991e+00 3.204834767523334627e+00 3.220964314612819734e+00
1.750000000000000000e+00 3.204554732721908383e+00 3.221395157095329420e+00
1.760000000000000009e+00 3.204292736614400727e+00 3.221824137498682017e+00
1.770000000000000018e+00 3.202882704395590086e+00 3.223867742181482310e+00
1.780000000000000027e+00 3.202123583340941160e+00 3.225039849795998670e+00
1.790000000000000036e+00 3.200988177285988723e+00 3.226850579699676036e+00
1.800000000000000044e+00 3.199433965453061024e+00 3.229351587387171651e+00
1.810000000000000053e+00 3.198627252634958396e+00 3.230639587846799721e+00
1.820000000000000062e+00 3.198197022854671445e+00 3.231238886635914298e+00
1.830000000000000071e+00 3.197203365161155109e+00 3.232892345555092195e+00
1.840000000000000080e+00 3.196612943944827645e+00 3.233812513146503864e+00
1.850000000000000089e+00 3.196196864008124638e+00 3.234471259909455387e+00
1.860000000000000098e+00 3.194747947332130522e+00 3.236370665987266193e+00
1.870000000000000107e+00 3.193420314576463248e+00 3.238033223636312741e+00
1.880000000000000115e+00 3.189279947394792813e+00 3.243038035893972548e+00
1.890000000000000124e+00 3.185196886271144834e+00 3.247675871502254452e+00
1.900000000000000133e+00 3.178281740107074871e+00 3.257772805662616289e+00
1.910000000000000142e+00 3.167422459011728364e+00 3.272577566437070651e+00
1.919999999999999929e+00 3.158976125279496117e+00 3.287645933317114633e+00
1.929999999999999938e+00 3.148495112135075491e+00 3.307919264958239847e+00
1.939999999999999947e+00 3.141635080745862840e+00 3.324778788139177710e+00
1.949999999999999956e+00 3.135647563438316521e+00 3.345475991282561790e+00
1.959999999999999964e+00 3.130759233348204607e+00 3.365914119975732088e+00
1.969999999999999973e+00 3.127882786154486450e+00 3.381476428118012745e+00
1.979999999999999982e+00 3.119836328683434079e+00 3.404725250806273973e+00
1.989999999999999991e+00 3.112347633833866034e+00 3.426622636551876155e+00
2.000000000000000000e+00 3.103062049788966270e+00 3.447680586972698968e+00
2.010000000000000231e+00 3.098460501186884208e+00 3.472659897639714721e+00
2.020000000000000018e+00 3.099840006609963172e+00 3.502573329099608390e+00
2.030000000000000249e+00 3.103275027610826520e+00 3.523433371952009452e+00
2.040000000000000036e+00 3.109285247001165597e+00 3.554434376197343592e+00
2.049999999999999822e+00 3.117055610846577007e+00 3.587741156273783982e+00
2.060000000000000053e+00 3.126041510228682263e+00 3.618730352874230505e+00
2.069999999999999840e+00 3.140142888156479906e+00 3.655050574768477389e+00
2.080000000000000071e+00 3.164821194485968103e+00 3.701514996662789603e+00
2.089999999999999858e+00 3.196391687593096442e+00 3.743349780969983165e+00
2.100000000000000089e+00 3.233381585301915440e+00 3.781748544993838390e+00
2.109999999999999876e+00 3.280150067551444781e+00 3.818388741528679464e+00
2.120000000000000107e+00 3.329616326667126813e+00 3.850264037617388446e+00
2.129999999999999893e+00 3.376325493949894341e+00 3.873992594972606174e+00
2.140000000000000124e+00 3.426870969567835878e+00 3.894432772402226739e+00
2.149999999999999911e+00 3.473813181962723817e+00 3.907798744268660585e+00
2.160000000000000142e+00 3.503983681792914417e+00 3.913420466823876787e+00
2.169999999999999929e+00 3.530670459437892372e+00 3.917172213653996149e+00
2.180000000000000160e+00 3.553360875066912783e+00 3.918865434757076827e+00
2.189999999999999947e+00 3.573723113584048594e+00 3.920150031400197133e+00
2.200000000000000178e+00 3.595775954206813729e+00 3.920072354013095506e+00
2.209999999999999964e+00 3.620064157281088324e+00 3.918821716251206677e+00
2.220000000000000195e+00 3.636964870141857098e+00 3.917698623200542407e+00
2.229999999999999982e+00 3.648158377877310787e+00 3.916594287818833120e+00
2.240000000000000213e+00 3.660160653758540494e+00 3.914730187615857115e+00
2.250000000000000000e+00 3.666062677615057996e+00 3.914288544108498247e+00
2.260000000000000231e+00 3.670243852357911507e+00 3.914655886907530302e+00
2.270000000000000018e+00 3.673903672323092451e+00 3.915435031771794527e+00
2.280000000000000249e+00 3.680383787365995030e+00 3.915709753974832896e+00
2.290000000000000036e+00 3.685729049168102733e+00 3.916328573245532851e+00
2.300000000000000266e+00 3.693190237266199105e+00 3.916004509318693039e+00
2.310000000000000053e+00 3.697892324178789103e+00 3.915753142873670711e+00
2.319999999999999840e+00 3.704407776410608477e+00 3.915309755628079813e+00
2.330000000000000071e+00 3.707784025784590654e+00 3.915166114939591324e+00
2.339999999999999858e+00 3.709822023209942365e+00 3.915156002903567689e+00
2.350000000000000089e+00 3.710920384096445535e+00 3.915724955039677990e+00
2.359999999999999876e+00 3.711381963044966259e+00 3.915973355687295321e+00
2.370000000000000107e+00 3.711874241623729365e+00 3.915997055206447808e+00
2.379999999999999893e+00 3.712123653000510171e+00 3.916198439761483296e+00
2.390000000000000124e+00 3.712005908836787604e+00 3.916179634490544181e+00
2.399999999999999911e+00 3.711990669135520005e+00 3.916274536433747233e+00
2.410000000000000142e+00 3.711822868098767714e+00 3.916184058456865458e+00
2.419999999999999929e+00 3.711131010697650279e+00 3.916120697228146152e+00
2.430000000000000160e+00 3.710743757443621949e+00 3.916026693286701832e+00
2.439999999999999947e+00 3.710338849302646569e+00 3.915817212318065454e+00
2.450000000000000178e+00 3.710139145888903922e+00 3.915577375913045000e+00
2.459999999999999964e+00 3.710009586583738805e+00 3.915469457448357726e+00
2.470000000000000195e+00 3.709907312598507811e+00 3.915320519365984797e+00
2.479999999999999982e+00 3.709846010488274448e+00 3.915294155498739936e+00
2.490000000000000213e+00 3.709790420674573763e+00 3.915165930281389262e+00
2.500000000000000000e+00 3.709807921332177294e+00 3.915241169587317493e+00
2.510000000000000231e+00 3.709851036507317623e+00 3.915264917076399342e+00
2.520000000000000018e+00 3.709811785251643013e+00 3.915211306236241473e+00
2.530000000000000249e+00 3.709847280999890806e+00 3.915249078949220696e+00
2.540000000000000036e+00 3.709829058563790749e+00 3.915282611639418153e+00
2.550000000000000266e+00 3.709812655004978144e+00 3.915292179651737481e+00
2.560000000000000053e+00 3.709511050011263134e+00 3.915433296554936771e+00
2.569999999999999840e+00 3.707113278116514365e+00 3.916462395806978414e+00
2.580000000000000071e+00 3.704718724049802958e+00 3.917581138640168881e+00
2.589999999999999858e+00 3.700254879315945100e+00 3.919520440646556469e+00
2.600000000000000089e+00 3.695349704138588987e+00 3.921151850217032386e+00
2.609999999999999876e+00 3.688773824004339286e+00 3.923865941072298025e+00
2.620000000000000107e+00 3.683282344031497679e+00 3.925891895212963334e+00
2.629999999999999893e+00 3.678051933263282613e+00 3.927101786371727243e+00
2.640000000000000124e+00 3.672417591080158861e+00 3.928091913276225089e+00
2.649999999999999911e+00 3.664861988292788197e+00 3.929316666993047491e+00
2.660000000000000142e+00 3.659354051739376334e+00 3.930012681530314911e+00
2.669999999999999929e+00 3.652699054348672369e+00 3.930474251796995944e+00
2.680000000000000160e+00 3.646759360586310006e+00 3.931333598326539391e+00
2.689999999999999947e+00 3.639799128047970456e+00 3.932239083664867074e+00
2.700000000000000178e+00 3.633024553270441714e+00 3.933335418324368504e+00
2.709999999999999964e+00 3.626455226423964007e+00 3.933702367369905417e+00
2.720000000000000195e+00 3.620493848945365301e+00 3.935265621746316000e+00
2.729999999999999982e+00 3.611693084644258978e+00 3.936978998051702039e+00
2.740000000000000213e+00 3.601041557366648327e+00 3.940415834419926711e+00
2.750000000000000000e+00 3.579094239346485740e+00 3.949784866927165350e+00
2.760000000000000231e+00 3.548303174520385017e+00 3.961434603985894309e+00
2.770000000000000018e+00 3.501092245073073705e+00 3.983741593146568505e+00
2.780000000000000249e+00 3.467962491279076964e+00 3.997507296711970248e+00
2.790000000000000036e+00 3.399472228842721933e+00 4.028674646085752542e+00
2.800000000000000266e+00 3.257477131383065050e+00 4.075058607452270110e+00
2.810000000000000053e+00 3.058068488656576989e+00 4.117530478194657562e+00
2.819999999999999840e+00 2.860484804822429616e+00 4.115591965626254733e+00
2.830000000000000071e+00 2.578722936763019113e+00 4.077791741553097538e+00
2.839999999999999858e+00 2.352969658033720268e+00 4.004695027728208956e+00
2.850000000000000089e+00 2.209504800714293449e+00 3.903400711637696308e+00
2.859999999999999876e+00 2.008192296317355297e+00 3.745744952542050310e+00
2.870000000000000107e+00 1.840494229028206252e+00 3.559525259854812607e+00
2.879999999999999893e+00 1.680208373449025849e+00 3.305123705518068888e+00
2.890000000000000124e+00 1.598622207597045763e+00 3.085647599858493351e+00
2.899999999999999911e+00 1.534498012265400613e+00 2.838917084246440403e+00
2.910000000000000142e+00 1.527012401968582900e+00 2.863323568579808409e+00
2.919999999999999929e+00 1.632300750751483509e+00 3.122591418316376544e+00
2.930000000000000160e+00 1.769997474589223518e+00 3.347467511959199893e+00
2.939999999999999947e+00 1.941321436955728341e+00 3.542617395057878316e+00
2.950000000000000178e+00 2.128927561178599159e+00 3.693460358423795054e+00
2.959999999999999964e+00 2.341641829679665499e+00 3.812004961938204595e+00
2.970000000000000195e+00 2.565489595436297066e+00 3.887817095418728996e+00
2.979999999999999982e+00 2.879782083276462679e+00 3.913364013391780638e+00
2.990000000000000213e+00 3.158175953192716268e+00 3.873998850598330268e+00
3.000000000000000000e+00 3.582355324912658290e+00 3.645648252801308331e+00
