0.000000000000000000e+00 1.431504815697073996e+00
1.000000000000000021e-02 1.446106846286058456e+00
2.000000000000000042e-02 1.450638197567462928e+00
2.999999999999999889e-02 1.451473915416002347e+00
4.000000000000000083e-02 1.451628980023860871e+00
5.000000000000000278e-02 1.451790178792476738e+00
5.999999999999999778e-02 1.451966220561266008e+00
7.000000000000000666e-02 1.452042644755840328e+00
8.000000000000000167e-02 1.451311694988012269e+00
8.999999999999999667e-02 1.448716198855638515e+00
1.000000000000000056e-01 1.444083273005485557e+00
1.100000000000000006e-01 1.715511747138500187e+00
1.199999999999999956e-01 3.773545428920984435e+00
1.300000000000000044e-01 3.921790505981445296e+00
1.400000000000000133e-01 3.921790505981445296e+00
1.499999999999999944e-01 3.921790505981445296e+00
1.600000000000000033e-01 3.921790505981445296e+00
1.700000000000000122e-01 3.921790505981445296e+00
1.799999999999999933e-01 3.921790505981445296e+00
1.900000000000000022e-01 3.921749744012355876e+00
2.000000000000000111e-01 3.921439635646343014e+00
2.099999999999999922e-01 3.919858128988742862e+00
2.200000000000000011e-01 3.916042714242935041e+00
2.300000000000000100e-01 3.904671039450168468e+00
2.399999999999999911e-01 3.889099149615764528e+00
2.500000000000000000e-01 3.857289994320869386e+00
2.600000000000000089e-01 3.793285996923446479e+00
2.700000000000000178e-01 3.693855199906825870e+00
2.800000000000000266e-01 3.576751199407577353e+00
2.899999999999999800e-01 3.473381007425785150e+00
2.999999999999999889e-01 3.369483539953231688e+00
3.099999999999999978e-01 3.296089753639698028e+00
3.200000000000000067e-01 3.260659319252968036e+00
3.300000000000000155e-01 3.242713108377456521e+00
3.400000000000000244e-01 3.233800577337742066e+00
3.500000000000000333e-01 3.231033858413696169e+00
3.599999999999999867e-01 3.230784294192790895e+00
3.699999999999999956e-01 3.230780250263213915e+00
3.800000000000000044e-01 3.230780250263213915e+00
3.900000000000000133e-01 3.230787936112880843e+00
4.000000000000000222e-01 3.230787936112880843e+00
4.100000000000000311e-01 3.230788820872307010e+00
4.199999999999999845e-01 3.230792309048175603e+00
4.299999999999999933e-01 3.230798054554462340e+00
4.400000000000000022e-01 3.230814122128486510e+00
4.500000000000000111e-01 3.230831101765632596e+00
4.600000000000000200e-01 3.230832230181694076e+00
4.700000000000000289e-01 3.230839376816749375e+00
4.799999999999999822e-01 3.230840505232810855e+00
4.899999999999999911e-01 3.230850284838676423e+00
5.000000000000000000e-01 3.230850284838676423e+00
5.100000000000000089e-01 3.230851037116050595e+00
5.200000000000000178e-01 3.230855774173736705e+00
5.300000000000000266e-01 3.230902294688224874e+00
5.400000000000000355e-01 3.230922837188243690e+00
5.500000000000000444e-01 3.230976571729183178e+00
5.600000000000000533e-01 3.230992756664753163e+00
5.700000000000000622e-01 3.231031532051563460e+00
5.799999999999999600e-01 3.231044177219867919e+00
5.899999999999999689e-01 3.231072501935958741e+00
5.999999999999999778e-01 3.231064021437167977e+00
6.099999999999999867e-01 3.231073468797206694e+00
6.199999999999999956e-01 3.231018466358184682e+00
6.300000000000000044e-01 3.230987171115875078e+00
6.400000000000000133e-01 3.230944437148571158e+00
6.500000000000000222e-01 3.230893186933994077e+00
6.600000000000000311e-01 3.230869388098716932e+00
6.700000000000000400e-01 3.230883749616145995e+00
6.800000000000000488e-01 3.230818869447708241e+00
6.900000000000000577e-01 3.230857741513252446e+00
7.000000000000000666e-01 3.230842750632763050e+00
7.099999999999999645e-01 3.230878757653236288e+00
7.199999999999999734e-01 3.230939094836712044e+00
7.299999999999999822e-01 3.230976085188388858e+00
7.399999999999999911e-01 3.230949466049671148e+00
7.500000000000000000e-01 3.230923696188926719e+00
7.600000000000000089e-01 3.230947203640937904e+00
7.700000000000000178e-01 3.230921002931594899e+00
7.800000000000000266e-01 3.230996352548599404e+00
7.900000000000000355e-01 3.231331004321575051e+00
8.000000000000000444e-01 3.231825886774063239e+00
8.100000000000000533e-01 3.232119673669338056e+00
8.200000000000000622e-01 3.232328083631992310e+00
8.300000000000000711e-01 3.232640198738574888e+00
8.399999999999999689e-01 3.232944820067882752e+00
8.499999999999999778e-01 3.233147307267189241e+00
8.599999999999999867e-01 3.233201057045459681e+00
8.699999999999999956e-01 3.233177730233669500e+00
8.800000000000000044e-01 3.233105731735229416e+00
8.900000000000000133e-01 3.233064850873947016e+00
9.000000000000000222e-01 3.232931036002635761e+00
9.100000000000000311e-01 3.232800559060573509e+00
9.200000000000000400e-01 3.232445323457717734e+00
9.300000000000000488e-01 3.231847546155452555e+00
9.400000000000000577e-01 3.231516260468959789e+00
9.500000000000000666e-01 3.231325801734924230e+00
9.599999999999999645e-01 3.231066458792686280e+00
9.699999999999999734e-01 3.230827665390968217e+00
9.799999999999999822e-01 3.230611814281940664e+00
9.899999999999999911e-01 3.230261319227218486e+00
1.000000000000000000e+00 3.230102220282554448e+00
1.010000000000000009e+00 3.229503633961677611e+00
1.020000000000000018e+00 3.228927359254360141e+00
1.030000000000000027e+00 3.228322210218906196e+00
1.040000000000000036e+00 3.227904261083602844e+00
1.050000000000000044e+00 3.227407442166805307e+00
1.060000000000000053e+00 3.226805096347332036e+00
1.070000000000000062e+00 3.226258508920669676e+00
1.080000000000000071e+00 3.225747287371158567e+00
1.090000000000000080e+00 3.225129663827419169e+00
1.100000000000000089e+00 3.224392795019149993e+00
1.110000000000000098e+00 3.223670993232726989e+00
1.120000000000000107e+00 3.222815584380626763e+00
1.130000000000000115e+00 3.222301215553283527e+00
1.140000000000000124e+00 3.221833330655098138e+00
1.150000000000000133e+00 3.221233545210361537e+00
1.159999999999999920e+00 3.220919726305008002e+00
1.169999999999999929e+00 3.220359169385432985e+00
1.179999999999999938e+00 3.219687582511901791e+00
1.189999999999999947e+00 3.218950939662456712e+00
1.199999999999999956e+00 3.218374197003841530e+00
1.209999999999999964e+00 3.217940351386070041e+00
1.219999999999999973e+00 3.217174602811336381e+00
1.229999999999999982e+00 3.216147775342464321e+00
1.239999999999999991e+00 3.215108993065357357e+00
1.250000000000000000e+00 3.213831022891998401e+00
1.260000000000000009e+00 3.212771682879924651e+00
1.270000000000000018e+00 3.212262238786220525e+00
1.280000000000000027e+00 3.209798923296928397e+00
1.290000000000000036e+00 3.207325304679870648e+00
1.300000000000000044e+00 3.203907744867801721e+00
1.310000000000000053e+00 3.202139674694538307e+00
1.320000000000000062e+00 3.199359183907509063e+00
1.330000000000000071e+00 3.195992077438831291e+00
1.340000000000000080e+00 3.192852192337512829e+00
1.350000000000000089e+00 3.189859478495121081e+00
1.360000000000000098e+00 3.187145675973892089e+00
1.370000000000000107e+00 3.184815053372382909e+00
1.380000000000000115e+00 3.182077746765613391e+00
1.390000000000000124e+00 3.179754776287079032e+00
1.400000000000000133e+00 3.177308413307666779e+00
1.409999999999999920e+00 3.174967402930259919e+00
1.419999999999999929e+00 3.171948562889099321e+00
1.429999999999999938e+00 3.169390086381435268e+00
1.439999999999999947e+00 3.167139816603660396e+00
1.449999999999999956e+00 3.164466899464130289e+00
1.459999999999999964e+00 3.162095584893226619e+00
1.469999999999999973e+00 3.159666544895172180e+00
1.479999999999999982e+00 3.156982287545204269e+00
1.489999999999999991e+00 3.154416058709621495e+00
1.500000000000000000e+00 3.151708910570144795e+00
1.510000000000000009e+00 3.149442498748302288e+00
1.520000000000000018e+00 3.146837246630191931e+00
1.530000000000000027e+00 3.143888938164710822e+00
1.540000000000000036e+00 3.142349888076782172e+00
1.550000000000000044e+00 3.140849204757213631e+00
1.560000000000000053e+00 3.139224145212173411e+00
1.570000000000000062e+00 3.137326396536827211e+00
1.580000000000000071e+00 3.135640860357284510e+00
1.590000000000000080e+00 3.132992791728973270e+00
1.600000000000000089e+00 3.131960317242145742e+00
1.610000000000000098e+00 3.130958313167095053e+00
1.620000000000000107e+00 3.129834516005515876e+00
1.630000000000000115e+00 3.128686592209338979e+00
1.640000000000000124e+00 3.127555890631675606e+00
1.650000000000000133e+00 3.126448489198684566e+00
1.660000000000000142e+00 3.125740116076469288e+00
1.669999999999999929e+00 3.124894524774551208e+00
1.679999999999999938e+00 3.123081371684074181e+00
1.689999999999999947e+00 3.121476448225974920e+00
1.699999999999999956e+00 3.119975034716129247e+00
1.709999999999999964e+00 3.117505544934272788e+00
1.719999999999999973e+00 3.116249245555400726e+00
1.729999999999999982e+00 3.115970491573810452e+00
1.739999999999999991e+00 3.115492430129051193e+00
1.750000000000000000e+00 3.114942068078518034e+00
1.760000000000000009e+00 3.114696310923099620e+00
1.770000000000000018e+00 3.114770971703529234e+00
1.780000000000000027e+00 3.115758809480666969e+00
1.790000000000000036e+00 3.116454865875244007e+00
1.800000000000000044e+00 3.117746060035228695e+00
1.810000000000000053e+00 3.119018259341716615e+00
1.820000000000000062e+00 3.118337816178798683e+00
1.830000000000000071e+00 3.116480208909511607e+00
1.840000000000000080e+00 3.115702462296485731e+00
1.850000000000000089e+00 3.114820746188163625e+00
1.860000000000000098e+00 3.114463455290794158e+00
1.870000000000000107e+00 3.113906570310592592e+00
1.880000000000000115e+00 3.113794426038265062e+00
1.890000000000000124e+00 3.113759114398956473e+00
1.900000000000000133e+00 3.113750610489845361e+00
1.910000000000000142e+00 3.113808389902114726e+00
1.919999999999999929e+00 3.113248760957717742e+00
1.929999999999999938e+00 3.113537683212757035e+00
1.939999999999999947e+00 3.113987711048126439e+00
1.949999999999999956e+00 3.113920309062004232e+00
1.959999999999999964e+00 3.113861967542171261e+00
1.969999999999999973e+00 3.113974868457317413e+00
1.979999999999999982e+00 3.114227100336551590e+00
1.989999999999999991e+00 3.114569783334732112e+00
2.000000000000000000e+00 3.115178570256233126e+00
2.010000000000000231e+00 3.115993656065464190e+00
2.020000000000000018e+00 3.116487898874282791e+00
2.030000000000000249e+00 3.117232085590362356e+00
2.040000000000000036e+00 3.117862279710769791e+00
2.049999999999999822e+00 3.118452863569259659e+00
2.060000000000000053e+00 3.119397798585891834e+00
2.069999999999999840e+00 3.121547990021705576e+00
2.080000000000000071e+00 3.125494449570179079e+00
2.089999999999999858e+00 3.129992417218685041e+00
2.100000000000000089e+00 3.137912004895210050e+00
2.109999999999999876e+00 3.147537577133178832e+00
2.120000000000000107e+00 3.158766422367095927e+00
2.129999999999999893e+00 3.169502597107887176e+00
2.140000000000000124e+00 3.182467270238399593e+00
2.149999999999999911e+00 3.199772205469608277e+00
2.160000000000000142e+00 3.220182248585224283e+00
2.169999999999999929e+00 3.239160413689613272e+00
2.180000000000000160e+00 3.264759572145938815e+00
2.189999999999999947e+00 3.293624164032936008e+00
2.200000000000000178e+00 3.332986705195903898e+00
2.209999999999999964e+00 3.375370359957218014e+00
2.220000000000000195e+00 3.431019157087802807e+00
2.229999999999999982e+00 3.486318232789039406e+00
2.240000000000000213e+00 3.540868392682075427e+00
2.250000000000000000e+00 3.586305804498195471e+00
2.260000000000000231e+00 3.632254356791972949e+00
2.270000000000000018e+00 3.671626132543087007e+00
2.280000000000000249e+00 3.704004961516857097e+00
2.290000000000000036e+00 3.738536766669750211e+00
2.300000000000000266e+00 3.758587478268146320e+00
2.310000000000000053e+00 3.782882832543850160e+00
2.319999999999999840e+00 3.805135542724132680e+00
2.330000000000000071e+00 3.823411365544795881e+00
2.339999999999999858e+00 3.839303092823028507e+00
2.350000000000000089e+00 3.852680970878600952e+00
2.359999999999999876e+00 3.863155755362510657e+00
2.370000000000000107e+00 3.874373242027759456e+00
2.379999999999999893e+00 3.886229278612136628e+00
2.390000000000000124e+00 3.894043649852275912e+00
2.399999999999999911e+00 3.903562658798694684e+00
2.410000000000000142e+00 3.908205584387779208e+00
2.419999999999999929e+00 3.912092158484458793e+00
2.430000000000000160e+00 3.914098179914951459e+00
2.439999999999999947e+00 3.916088772153854425e+00
2.450000000000000178e+00 3.917645861287117004e+00
2.459999999999999964e+00 3.918131087024212089e+00
2.470000000000000195e+00 3.918613390402793772e+00
2.479999999999999982e+00 3.919149410316943971e+00
2.490000000000000213e+00 3.919220876820087351e+00
2.500000000000000000e+00 3.919022246108055274e+00
2.510000000000000231e+00 3.919105276274680971e+00
2.520000000000000018e+00 3.919125635817050757e+00
2.530000000000000249e+00 3.919160706002712047e+00
2.540000000000000036e+00 3.919386423280239118e+00
2.550000000000000266e+00 3.919419827985763494e+00
2.560000000000000053e+00 3.919454966504573701e+00
2.569999999999999840e+00 3.919094924163818217e+00
2.580000000000000071e+00 3.919171540575027368e+00
2.589999999999999858e+00 3.919122159268856098e+00
2.600000000000000089e+00 3.918751197502613248e+00
2.609999999999999876e+00 3.918549664394855636e+00
2.620000000000000107e+00 3.918372396645545930e+00
2.629999999999999893e+00 3.918699455146789745e+00
2.640000000000000124e+00 3.918692836005687852e+00
2.649999999999999911e+00 3.918974641911983525e+00
2.660000000000000142e+00 3.919167835826873780e+00
2.669999999999999929e+00 3.919400974156856510e+00
2.680000000000000160e+00 3.919358562128544055e+00
2.689999999999999947e+00 3.919250078260898551e+00
2.700000000000000178e+00 3.919094603557586876e+00
2.709999999999999964e+00 3.919030471277237027e+00
2.720000000000000195e+00 3.918982383129596681e+00
2.729999999999999982e+00 3.919004410507679115e+00
2.740000000000000213e+00 3.919121942744255183e+00
2.750000000000000000e+00 3.919110918116569309e+00
2.760000000000000231e+00 3.919013282194137471e+00
2.770000000000000018e+00 3.919193458569049771e+00
2.780000000000000249e+00 3.919257833831310212e+00
2.790000000000000036e+00 3.919110953383445839e+00
2.800000000000000266e+00 3.918848626911640043e+00
2.810000000000000053e+00 3.918384664795398820e+00
2.819999999999999840e+00 3.917944979400634686e+00
2.830000000000000071e+00 3.917074605884551808e+00
2.839999999999999858e+00 3.916659159359932030e+00
2.850000000000000089e+00 3.916376602892875702e+00
2.859999999999999876e+00 3.916107217295169640e+00
2.870000000000000107e+00 3.915524468102455025e+00
2.879999999999999893e+00 3.913951718876361952e+00
2.890000000000000124e+00 3.913576735219955527e+00
2.899999999999999911e+00 3.912418889105319764e+00
2.910000000000000142e+00 3.910215939035415644e+00
2.919999999999999929e+00 3.909192388718128353e+00
2.930000000000000160e+00 3.908078018267154619e+00
2.939999999999999947e+00 6.246811182379722327e-01
2.950000000000000178e+00 3.815993857760429542e+00
2.959999999999999964e+00 3.817316056828498727e+00
2.970000000000000195e+00 3.818416241376399789e+00
2.979999999999999982e+00 3.819525586335659195e+00
2.990000000000000213e+00 3.821163444201946202e+00
3.000000000000000000e+00 3.821770865294933373e+00
