0.000000000000000000e+00 1.607181600234558472e+00 1.795815542597720915e+00
1.000000000000000021e-02 1.607181600234558472e+00 1.795815542597720915e+00
2.000000000000000042e-02 1.606765146752145101e+00 1.795484453071806596e+00
2.999999999999999889e-02 1.606526026112157224e+00 1.795138010147493857e+00
4.000000000000000083e-02 1.606179217775579371e+00 1.794664212722067109e+00
5.000000000000000278e-02 1.605786473061705300e+00 1.794282018585538152e+00
5.999999999999999778e-02 1.605303271963019807e+00 1.793897500558475855e+00
7.000000000000000666e-02 1.604714149075608942e+00 1.793513882514375934e+00
8.000000000000000167e-02 1.604015695470178970e+00 1.793047695478593662e+00
8.999999999999999667e-02 1.558951847033471561e+00 1.850494479105501577e+00
1.000000000000000056e-01 1.782908554291686487e+00 3.941202870338002207e+00
1.100000000000000006e-01 3.822052042001589989e+00 3.988135180693761050e+00
1.199999999999999956e-01 3.820601417684081014e+00 3.988430903454300847e+00
1.300000000000000044e-01 3.819566867083086237e+00 3.988358351956830639e+00
1.400000000000000133e-01 3.813796712587959270e+00 3.991500654403083992e+00
1.499999999999999944e-01 3.785746628284762938e+00 4.007710909676243105e+00
1.600000000000000033e-01 3.707670020321078397e+00 4.042786044632725506e+00
1.700000000000000122e-01 3.569934275479089258e+00 4.074184658975828377e+00
1.799999999999999933e-01 3.379271827823867813e+00 4.063031357238540586e+00
1.900000000000000022e-01 3.168021048446150179e+00 3.961917714557199321e+00
2.000000000000000111e-01 2.989625032098796709e+00 3.732375603506061346e+00
2.099999999999999922e-01 2.945604055949962774e+00 3.458034648845874859e+00
2.200000000000000011e-01 2.992103686192788103e+00 3.268325099922858357e+00
2.300000000000000100e-01 3.053997847650855579e+00 3.161406411377579051e+00
2.399999999999999911e-01 3.089145001895055032e+00 3.118290226543322774e+00
2.500000000000000000e-01 3.093775639093288454e+00 3.113333349630466707e+00
2.600000000000000089e-01 3.093784272711726846e+00 3.113327081520107509e+00
2.700000000000000178e-01 3.093786404594752071e+00 3.113326085658696840e+00
2.800000000000000266e-01 3.093786426988111682e+00 3.113324814028275878e+00
2.899999999999999800e-01 3.093797633416076831e+00 3.113301333788017100e+00
2.999999999999999889e-01 3.093796807158855078e+00 3.113299871694179988e+00
3.099999999999999978e-01 3.093799981256666776e+00 3.113295750144776441e+00
3.200000000000000067e-01 3.093798276056428431e+00 3.113290570956090964e+00
3.300000000000000155e-01 3.093797964808900680e+00 3.113289646527807264e+00
3.400000000000000244e-01 3.093796925448673907e+00 3.113286508560877852e+00
3.500000000000000333e-01 3.093796060931552017e+00 3.113284030692707649e+00
3.599999999999999867e-01 3.093796009162640193e+00 3.113283996917033836e+00
3.699999999999999956e-01 3.093796009162640193e+00 3.113283996917033836e+00
3.800000000000000044e-01 3.093796009162640193e+00 3.113283996917033836e+00
3.900000000000000133e-01 3.093796009162640193e+00 3.113283996917033836e+00
4.000000000000000222e-01 3.093796009162640193e+00 3.113283996917033836e+00
4.100000000000000311e-01 3.093796009162640193e+00 3.113283996917033836e+00
4.199999999999999845e-01 3.093796009162640193e+00 3.113283996917033836e+00
4.299999999999999933e-01 3.093796009162640193e+00 3.113283996917033836e+00
4.400000000000000022e-01 3.093796009162640193e+00 3.113283996917033836e+00
4.500000000000000111e-01 3.093796009162640193e+00 3.113283996917033836e+00
4.600000000000000200e-01 3.093796009162640193e+00 3.113283996917033836e+00
4.700000000000000289e-01 3.093796009162640193e+00 3.113283996917033836e+00
4.799999999999999822e-01 3.093796009162640193e+00 3.113283996917033836e+00
4.899999999999999911e-01 3.093796009162640193e+00 3.113283996917033836e+00
5.000000000000000000e-01 3.093796009162640193e+00 3.113283996917033836e+00
5.100000000000000089e-01 3.093796009162640193e+00 3.113283996917033836e+00
5.200000000000000178e-01 3.093796009162640193e+00 3.113283996917033836e+00
5.300000000000000266e-01 3.093796009162640193e+00 3.113283996917033836e+00
5.400000000000000355e-01 3.093796009162640193e+00 3.113283996917033836e+00
5.500000000000000444e-01 3.093796008772367045e+00 3.113283996782786112e+00
5.600000000000000533e-01 3.093796008772367045e+00 3.113283996782786112e+00
5.700000000000000622e-01 3.093796007033020157e+00 3.113283986448615703e+00
5.799999999999999600e-01 3.093796007033020157e+00 3.113283986448615703e+00
5.899999999999999689e-01 3.093796135445367135e+00 3.113283121051062530e+00
5.999999999999999778e-01 3.093796167193953561e+00 3.113283140285905137e+00
6.099999999999999867e-01 3.093797632106613626e+00 3.113283093868423279e+00
6.199999999999999956e-01 3.093797658845894194e+00 3.113283265216834739e+00
6.300000000000000044e-01 3.093797603815327868e+00 3.113283794309366748e+00
6.400000000000000133e-01 3.093797288901662945e+00 3.113284946715975110e+00
6.500000000000000222e-01 3.093797288901662945e+00 3.113284946715975110e+00
6.600000000000000311e-01 3.093797289632744807e+00 3.113284934197478648e+00
6.700000000000000400e-01 3.093796825371397663e+00 3.113284974021302443e+00
6.800000000000000488e-01 3.093774053217957842e+00 3.113296716187407220e+00
6.900000000000000577e-01 3.093568205815430794e+00 3.113400873502615518e+00
7.000000000000000666e-01 3.093536251556675332e+00 3.113417604778010883e+00
7.099999999999999645e-01 3.093505509435367173e+00 3.113432079051304591e+00
7.199999999999999734e-01 3.093385151491749863e+00 3.113502684230220030e+00
7.299999999999999822e-01 3.093294933010446446e+00 3.113535830591810605e+00
7.399999999999999911e-01 3.092985733331663933e+00 3.113756303192154906e+00
7.500000000000000000e-01 3.092009473162012245e+00 3.114991949553175044e+00
7.600000000000000089e-01 3.090525139526729248e+00 3.116822494249935183e+00
7.700000000000000178e-01 3.089929245761000587e+00 3.117395062043106790e+00
7.800000000000000266e-01 3.088408961019032173e+00 3.119495974407680006e+00
7.900000000000000355e-01 3.086756402981894354e+00 3.121819549309594599e+00
8.000000000000000444e-01 3.083762407241827930e+00 3.126576173333161179e+00
8.100000000000000533e-01 3.080593914340648443e+00 3.134469569345798678e+00
8.200000000000000622e-01 3.079226815580274668e+00 3.139315513907526167e+00
8.300000000000000711e-01 3.076926256242773050e+00 3.149646992458322359e+00
8.399999999999999689e-01 3.075635759386075918e+00 3.159031105566965536e+00
8.499999999999999778e-01 3.074857882027921985e+00 3.167983839811982616e+00
8.599999999999999867e-01 3.074923771318904375e+00 3.178889340916164929e+00
8.699999999999999956e-01 3.075778884837488736e+00 3.187992735941548528e+00
8.800000000000000044e-01 3.077710523900852202e+00 3.198370786905422314e+00
8.900000000000000133e-01 3.081585859466787980e+00 3.210846035412552979e+00
9.000000000000000222e-01 3.087783155252237233e+00 3.224380024469594819e+00
9.100000000000000311e-01 3.096950682538841093e+00 3.238127207461502621e+00
9.200000000000000400e-01 3.109261729360022652e+00 3.251123657540878842e+00
9.300000000000000488e-01 3.124771895699465230e+00 3.262661861686742437e+00
9.400000000000000577e-01 3.139127049814002923e+00 3.270161651739341480e+00
9.500000000000000666e-01 3.154372429472255490e+00 3.275272733825397964e+00
9.599999999999999645e-01 3.170543481090572158e+00 3.278083158528301233e+00
9.699999999999999734e-01 3.185372902355622760e+00 3.278318130139875830e+00
9.799999999999999822e-01 3.199539656162927681e+00 3.276612844285299087e+00
9.899999999999999911e-01 3.211124522527418090e+00 3.273576199475564774e+00
1.000000000000000000e+00 3.218280168688662179e+00 3.270953825952641836e+00
1.010000000000000009e+00 3.223742318482214486e+00 3.268541702146714911e+00
1.020000000000000018e+00 3.227971522326263720e+00 3.266382788439002649e+00
1.030000000000000027e+00 3.232167095902502840e+00 3.263996600191056086e+00
1.040000000000000036e+00 3.235532149241905131e+00 3.261871375051994093e+00
1.050000000000000044e+00 3.238883473783232603e+00 3.259591303285858999e+00
1.060000000000000053e+00 3.239732782914512388e+00 3.259003777277595493e+00
1.070000000000000062e+00 3.240291830257957528e+00 3.258611962070877333e+00
1.080000000000000071e+00 3.240674014809741710e+00 3.258353113977298765e+00
1.090000000000000080e+00 3.240728476071576658e+00 3.258317939972658728e+00
1.100000000000000089e+00 3.241072811160707445e+00 3.258098608621931014e+00
1.110000000000000098e+00 3.241375438545336163e+00 3.257889365403066062e+00
1.120000000000000107e+00 3.241422435771488253e+00 3.257873309992290523e+00
1.130000000000000115e+00 3.241432695261414310e+00 3.257875185149734065e+00
1.140000000000000124e+00 3.241475751173664044e+00 3.257873787777255892e+00
1.150000000000000133e+00 3.241611502592241845e+00 3.257821132691228083e+00
1.159999999999999920e+00 3.241919502887029125e+00 3.257667768212061610e+00
1.169999999999999929e+00 3.242214017934496262e+00 3.257508540315931178e+00
1.179999999999999938e+00 3.242434065808209365e+00 3.257400234824267660e+00
1.189999999999999947e+00 3.242434467044104540e+00 3.257400523442993912e+00
1.199999999999999956e+00 3.242434467044104540e+00 3.257400523442993912e+00
1.209999999999999964e+00 3.242434467044104540e+00 3.257400523442993912e+00
1.219999999999999973e+00 3.242434467044104540e+00 3.257400523442993912e+00
1.229999999999999982e+00 3.242434467044104540e+00 3.257400523442993912e+00
1.239999999999999991e+00 3.242434467044104540e+00 3.257400523442993912e+00
1.250000000000000000e+00 3.242434467044104540e+00 3.257400523442993912e+00
1.260000000000000009e+00 3.242434467044104540e+00 3.257400523442993912e+00
1.270000000000000018e+00 3.242434467044104540e+00 3.257400523442993912e+00
1.280000000000000027e+00 3.242434467044104540e+00 3.257400523442993912e+00
1.290000000000000036e+00 3.242434467044104540e+00 3.257400523442993912e+00
1.300000000000000044e+00 3.242434467044104540e+00 3.257400523442993912e+00
1.310000000000000053e+00 3.242434467044104540e+00 3.257400523442993912e+00
1.320000000000000062e+00 3.242434467044104540e+00 3.257400523442993912e+00
1.330000000000000071e+00 3.242434467044104540e+00 3.257400523442993912e+00
1.340000000000000080e+00 3.242434467044104540e+00 3.257400523442993912e+00
1.350000000000000089e+00 3.242433937725536452e+00 3.257397970715053326e+00
1.360000000000000098e+00 3.242433937725536452e+00 3.257397970715053326e+00
1.370000000000000107e+00 3.242433937725536452e+00 3.257397970715053326e+00
1.380000000000000115e+00 3.242433937725536452e+00 3.257397970715053326e+00
1.390000000000000124e+00 3.242433937725536452e+00 3.257397970715053326e+00
1.400000000000000133e+00 3.242433937725536452e+00 3.257397970715053326e+00
1.409999999999999920e+00 3.242433937725536452e+00 3.257397970715053326e+00
1.419999999999999929e+00 3.242433937725536452e+00 3.257397970715053326e+00
1.429999999999999938e+00 3.242433937725536452e+00 3.257397970715053326e+00
1.439999999999999947e+00 3.242433937725536452e+00 3.257397970715053326e+00
1.449999999999999956e+00 3.242433937725536452e+00 3.257397970715053326e+00
1.459999999999999964e+00 3.242433937725536452e+00 3.257397970715053326e+00
1.469999999999999973e+00 3.242433937725536452e+00 3.257397970715053326e+00
1.479999999999999982e+00 3.242433937725536452e+00 3.257397970715053326e+00
1.489999999999999991e+00 3.242433937725536452e+00 3.257397970715053326e+00
1.500000000000000000e+00 3.242433937725536452e+00 3.257397970715053326e+00
1.510000000000000009e+00 3.242433937725536452e+00 3.257397970715053326e+00
1.520000000000000018e+00 3.242433937725536452e+00 3.257397970715053326e+00
1.530000000000000027e+00 3.242433937725536452e+00 3.257397970715053326e+00
1.540000000000000036e+00 3.242433937725536452e+00 3.257397970715053326e+00
1.550000000000000044e+00 3.242433937725536452e+00 3.257397970715053326e+00
1.560000000000000053e+00 3.242433937725536452e+00 3.257397970715053326e+00
1.570000000000000062e+00 3.242432694849222585e+00 3.257400139518529691e+00
1.580000000000000071e+00 3.242427651810197098e+00 3.257409370727987863e+00
1.590000000000000080e+00 3.242395671761651776e+00 3.257468882481435735e+00
1.600000000000000089e+00 3.242367941704278334e+00 3.257520086001867821e+00
1.610000000000000098e+00 3.242346211755801733e+00 3.257560325028370229e+00
1.620000000000000107e+00 3.242312089995184277e+00 3.257618867026529141e+00
1.630000000000000115e+00 3.242288097306166073e+00 3.257661093629922178e+00
1.640000000000000124e+00 3.242252431947811875e+00 3.257731860535517665e+00
1.650000000000000133e+00 3.242200005637688065e+00 3.257807772286849257e+00
1.660000000000000142e+00 3.242116791799056763e+00 3.257946280767929359e+00
1.669999999999999929e+00 3.242094671769029990e+00 3.257988974189870657e+00
1.679999999999999938e+00 3.242064854374945959e+00 3.258056850894867296e+00
1.689999999999999947e+00 3.241948658369040448e+00 3.258255613657975669e+00
1.699999999999999956e+00 3.241687046538888950e+00 3.258626476396024430e+00
1.709999999999999964e+00 3.241496820462221429e+00 3.258945854069715153e+00
1.719999999999999973e+00 3.241578675793264086e+00 3.258902213708307460e+00
1.729999999999999982e+00 3.241539025022007525e+00 3.259013904212496815e+00
1.739999999999999991e+00 3.241504400703447253e+00 3.259193099225027090e+00
1.750000000000000000e+00 3.241335354129834645e+00 3.259569097865061327e+00
1.760000000000000009e+00 3.241153708542151346e+00 3.260034178344445532e+00
1.770000000000000018e+00 3.241047135635327869e+00 3.260328621801424021e+00
1.780000000000000027e+00 3.240977119735945600e+00 3.260510207210312927e+00
1.790000000000000036e+00 3.240953478320856007e+00 3.260586078373174601e+00
1.800000000000000044e+00 3.240892999866236135e+00 3.260830632517110583e+00
1.810000000000000053e+00 3.240845877923436369e+00 3.261019676862291661e+00
1.820000000000000062e+00 3.240622773921775224e+00 3.261526131326867084e+00
1.830000000000000071e+00 3.240531552391936909e+00 3.261702489446709041e+00
1.840000000000000080e+00 3.240416214109006265e+00 3.261863872575220480e+00
1.850000000000000089e+00 3.240212494513128316e+00 3.262133122867014290e+00
1.860000000000000098e+00 3.239972952768431558e+00 3.262345320685281269e+00
1.870000000000000107e+00 3.239795514498552187e+00 3.262597060317197872e+00
1.880000000000000115e+00 3.239564430126543826e+00 3.262822493143681335e+00
1.890000000000000124e+00 3.239479010560060157e+00 3.262930217426275536e+00
1.900000000000000133e+00 3.239379654557827060e+00 3.263054773418780918e+00
1.910000000000000142e+00 3.239306593778290555e+00 3.263166064936957156e+00
1.919999999999999929e+00 3.238980931352319903e+00 3.263433060113249073e+00
1.929999999999999938e+00 3.238914691043215832e+00 3.263526065544766652e+00
1.939999999999999947e+00 3.238763462195527243e+00 3.263895458555091000e+00
1.949999999999999956e+00 3.238680180451260604e+00 3.264089507444514204e+00
1.959999999999999964e+00 3.238877243226300884e+00 3.264019489151705145e+00
1.969999999999999973e+00 3.238869684640761637e+00 3.264220094435814179e+00
1.979999999999999982e+00 3.238829252118361257e+00 3.264291323304879366e+00
1.989999999999999991e+00 3.238767623636070514e+00 3.264327862337288000e+00
2.000000000000000000e+00 3.238718917757832383e+00 3.264365797408259606e+00
2.010000000000000231e+00 3.238711469743165150e+00 3.264364983465757764e+00
2.020000000000000018e+00 3.238680611014029154e+00 3.264398418946603542e+00
2.030000000000000249e+00 3.238667362207947154e+00 3.264435540037573968e+00
2.040000000000000036e+00 3.238632464192656712e+00 3.264467697278710112e+00
2.049999999999999822e+00 3.238598344683202068e+00 3.264487436385600017e+00
2.060000000000000053e+00 3.238559070262650330e+00 3.264543198747893449e+00
2.069999999999999840e+00 3.238440324892985167e+00 3.264706501245511205e+00
2.080000000000000071e+00 3.238237794443560968e+00 3.264950914972828411e+00
2.089999999999999858e+00 3.238036884865224785e+00 3.265143675995409112e+00
2.100000000000000089e+00 3.237694230645913773e+00 3.265446403628569083e+00
2.109999999999999876e+00 3.237566924579468708e+00 3.265616040069731607e+00
2.120000000000000107e+00 3.237539584319240937e+00 3.265680495732181221e+00
2.129999999999999893e+00 3.237491525694424332e+00 3.265782333234255930e+00
2.140000000000000124e+00 3.237410079409885899e+00 3.265868417999934881e+00
2.149999999999999911e+00 3.237353063537135256e+00 3.266006046546444885e+00
2.160000000000000142e+00 3.237305045615070487e+00 3.266119179576999709e+00
2.169999999999999929e+00 3.237054827854931371e+00 3.266304308931529565e+00
2.180000000000000160e+00 3.236952263386602802e+00 3.266343514458779573e+00
2.189999999999999947e+00 3.236797210000543767e+00 3.266410189672918296e+00
2.200000000000000178e+00 3.236774707999541700e+00 3.266458412789985832e+00
2.209999999999999964e+00 3.236845614815370809e+00 3.266469744338376557e+00
2.220000000000000195e+00 3.236859751879925806e+00 3.266520751712565396e+00
2.229999999999999982e+00 3.236858180179725153e+00 3.266536589040627270e+00
2.240000000000000213e+00 3.236825084426481869e+00 3.266583150107781552e+00
2.250000000000000000e+00 3.236816620878236073e+00 3.266609340120298910e+00
2.260000000000000231e+00 3.236821857204869701e+00 3.266594347986742974e+00
2.270000000000000018e+00 3.236814361550182984e+00 3.266612904933123840e+00
2.280000000000000249e+00 3.236812330310300467e+00 3.266614520056291937e+00
2.290000000000000036e+00 3.236767415958584415e+00 3.266700145829974922e+00
2.300000000000000266e+00 3.236717404403989917e+00 3.266829214482004140e+00
2.310000000000000053e+00 3.236706956207528574e+00 3.266864830615743731e+00
2.319999999999999840e+00 3.236635852395673751e+00 3.267006115001062305e+00
2.330000000000000071e+00 3.236530451696729926e+00 3.267219300567292706e+00
2.339999999999999858e+00 3.236415903734947808e+00 3.267476834912513173e+00
2.350000000000000089e+00 3.236307857264826726e+00 3.267849124003102457e+00
2.359999999999999876e+00 3.236205730699961869e+00 3.268236684990459828e+00
2.370000000000000107e+00 3.236252673064683894e+00 3.268282430022741547e+00
2.379999999999999893e+00 3.236157581951711215e+00 3.268528843343164958e+00
2.390000000000000124e+00 3.236087841650841401e+00 3.268694520757796429e+00
2.399999999999999911e+00 3.236082984797691520e+00 3.268807104475761616e+00
2.410000000000000142e+00 3.236014943354611706e+00 3.268984548313135452e+00
2.419999999999999929e+00 3.235976370983558503e+00 3.269164012999099533e+00
2.430000000000000160e+00 3.235944825889288001e+00 3.269334305747331637e+00
2.439999999999999947e+00 3.235907985631106154e+00 3.269553897632481831e+00
2.450000000000000178e+00 3.235837665804668362e+00 3.269740766650394370e+00
2.459999999999999964e+00 3.235152188245075777e+00 3.270628589113933060e+00
2.470000000000000195e+00 3.234462886587286423e+00 3.271649828571175700e+00
2.479999999999999982e+00 3.233616177859335306e+00 3.272807703504533539e+00
2.490000000000000213e+00 3.232508055727169261e+00 3.274453731053188488e+00
2.500000000000000000e+00 3.228651876628950035e+00 3.279783350898668459e+00
2.510000000000000231e+00 3.224081004696739416e+00 3.286646492666351005e+00
2.520000000000000018e+00 3.219254720883522491e+00 3.294649889063682391e+00
2.530000000000000249e+00 3.214704126492643255e+00 3.302923229736185462e+00
2.540000000000000036e+00 3.206849820669449791e+00 3.319973869039260173e+00
2.550000000000000266e+00 3.199317119711449386e+00 3.342723771387526632e+00
2.560000000000000053e+00 3.194480394850811589e+00 3.366551820167460907e+00
2.569999999999999840e+00 3.192815614177691774e+00 3.392352921736728977e+00
2.580000000000000071e+00 3.195053857787470086e+00 3.419453447176595162e+00
2.589999999999999858e+00 3.202140172834183840e+00 3.449613376941893517e+00
2.600000000000000089e+00 3.216835353929293095e+00 3.484160871628034339e+00
2.609999999999999876e+00 3.235662720381611290e+00 3.513778192380077048e+00
2.620000000000000107e+00 3.260682278243330678e+00 3.540954851940842474e+00
2.629999999999999893e+00 3.295183984165038993e+00 3.562562095317993283e+00
2.640000000000000124e+00 3.331853966367126052e+00 3.576658574822067838e+00
2.649999999999999911e+00 3.362910965862142998e+00 3.582874467029702803e+00
2.660000000000000142e+00 3.385777658222907771e+00 3.584986181880241762e+00
2.669999999999999929e+00 3.412261419621642311e+00 3.584229460729424055e+00
2.680000000000000160e+00 3.435106957348296852e+00 3.580744798046638699e+00
2.689999999999999947e+00 3.453641403778182628e+00 3.575650857536209593e+00
2.700000000000000178e+00 3.465428570097251360e+00 3.571024698569016387e+00
2.709999999999999964e+00 3.476277256587370079e+00 3.566381363784448144e+00
2.720000000000000195e+00 3.483321377607208280e+00 3.563183393720764425e+00
2.729999999999999982e+00 3.488763818852932186e+00 3.560509654748409414e+00
2.740000000000000213e+00 3.492470349848690425e+00 3.558548391196307392e+00
2.750000000000000000e+00 3.498259094251855661e+00 3.555322819596067330e+00
2.760000000000000231e+00 3.502319555022399555e+00 3.552859036705810603e+00
2.770000000000000018e+00 3.504957149163020258e+00 3.551215153793560564e+00
2.780000000000000249e+00 3.507484023868456813e+00 3.549628063662633171e+00
2.790000000000000036e+00 3.509619743469453823e+00 3.548130688950323020e+00
2.800000000000000266e+00 3.510888727399728015e+00 3.547217063840010010e+00
2.810000000000000053e+00 3.511746391377296828e+00 3.546572139539871049e+00
2.819999999999999840e+00 3.512928387385233275e+00 3.545705748571531313e+00
2.830000000000000071e+00 3.514162031854328294e+00 3.544837700353923982e+00
2.839999999999999858e+00 3.514703147180786136e+00 3.544447942215690706e+00
2.850000000000000089e+00 3.515103057388416108e+00 3.544166155658611483e+00
2.859999999999999876e+00 3.518327631826362545e+00 3.541759232182541073e+00
2.870000000000000107e+00 3.519365605305628364e+00 3.540961131764455594e+00
2.879999999999999893e+00 3.520125598752448681e+00 3.540367575933982991e+00
2.890000000000000124e+00 3.520639821761276878e+00 3.539953655497405371e+00
2.899999999999999911e+00 3.520779072299283108e+00 3.539840452713686858e+00
2.910000000000000142e+00 3.520848233925454096e+00 3.539803723266967239e+00
2.919999999999999929e+00 3.520975294945915657e+00 3.539744519140044510e+00
2.930000000000000160e+00 3.521071929838545778e+00 3.539707871129624372e+00
2.939999999999999947e+00 3.521120352350345595e+00 3.539699453681835362e+00
2.950000000000000178e+00 3.521169207710027838e+00 3.539688072553872633e+00
2.959999999999999964e+00 3.521186179998378574e+00 3.539686141454715607e+00
2.970000000000000195e+00 3.521185825110321854e+00 3.539686108063811343e+00
2.979999999999999982e+00 3.521185825110321854e+00 3.539686108063811343e+00
2.990000000000000213e+00 3.521185825110321854e+00 3.539686108063811343e+00
3.000000000000000000e+00 3.521185825110321854e+00 3.539686108063811343e+00
