0.000000000000000000e+00 1.797530497253180815e-01 1.857468558060882957e-01
1.000000000000000021e-02 1.016066185838880642e+00 1.045816173125801107e+00
2.000000000000000042e-02 1.016191481157338483e+00 1.045226636373007612e+00
2.999999999999999889e-02 1.016214789546177055e+00 1.045204644786670745e+00
4.000000000000000083e-02 1.016206247794063655e+00 1.045172701111404256e+00
5.000000000000000278e-02 1.016203597229263345e+00 1.045171114746787921e+00
5.999999999999999778e-02 2.445105926949398878e+00 4.224354984953982317e+00
7.000000000000000666e-02 3.575925059569016184e+00 3.804985961387023607e+00
8.000000000000000167e-02 3.578758745165913968e+00 3.805411005386263756e+00
8.999999999999999667e-02 3.595175815899554816e+00 3.805748174817379148e+00
1.000000000000000056e-01 3.602087990671474227e+00 3.807839740914028770e+00
1.100000000000000006e-01 3.607432933061665903e+00 3.809933965680056378e+00
1.199999999999999956e-01 3.610075429711278705e+00 3.811399457106653177e+00
1.300000000000000044e-01 3.612126185506157938e+00 3.813050598870940000e+00
1.400000000000000133e-01 3.613206109540663125e+00 3.814152306029595874e+00
1.499999999999999944e-01 3.613644257788954484e+00 3.814556599125565661e+00
1.600000000000000033e-01 3.613778070601957992e+00 3.814817489457589694e+00
1.700000000000000122e-01 3.613663038681887762e+00 3.814785584207631253e+00
1.799999999999999933e-01 3.613483569472490498e+00 3.814664804302991374e+00
1.900000000000000022e-01 3.613414892808197720e+00 3.814795396436454489e+00
2.000000000000000111e-01 3.613274135438085732e+00 3.815004954813836502e+00
2.099999999999999922e-01 3.613179870436755259e+00 3.815182480618389604e+00
2.200000000000000011e-01 3.612705933136617364e+00 3.815613565473878754e+00
2.300000000000000100e-01 3.611018846553867956e+00 3.816324344383174694e+00
2.399999999999999911e-01 3.592028597003706469e+00 3.824720475857965152e+00
2.500000000000000000e-01 3.575866897316663184e+00 3.830876212319643592e+00
2.600000000000000089e-01 3.550556725442940653e+00 3.838433139349882950e+00
2.700000000000000178e-01 3.509280750494361723e+00 3.850379145102142520e+00
2.800000000000000266e-01 3.390473932009747671e+00 3.865916638053843002e+00
2.899999999999999800e-01 3.258696112039920934e+00 3.850075535508755031e+00
2.999999999999999889e-01 3.132106127412864538e+00 3.804352448536804765e+00
3.099999999999999978e-01 2.998453162312167297e+00 3.718276358166081597e+00
3.200000000000000067e-01 2.903720381484971025e+00 3.611816319931997921e+00
3.300000000000000155e-01 2.835045618196362138e+00 3.481206490697032141e+00
3.400000000000000244e-01 2.802801231018784645e+00 3.351521494606253260e+00
3.500000000000000333e-01 2.802360666886166918e+00 3.242489971532030779e+00
3.599999999999999867e-01 2.818869855774254862e+00 3.142933871781020461e+00
3.699999999999999956e-01 2.840003577481633901e+00 3.079977836078279463e+00
3.800000000000000044e-01 2.848363463922550132e+00 3.061674632138203123e+00
3.900000000000000133e-01 2.856172789227962028e+00 3.045810640447140116e+00
4.000000000000000222e-01 2.857783554713531515e+00 3.046820709021286433e+00
4.100000000000000311e-01 2.859563847758500366e+00 3.049182605569631832e+00
4.199999999999999845e-01 2.861717707828549173e+00 3.052018087707492278e+00
4.299999999999999933e-01 2.863592150855940766e+00 3.056792161416130860e+00
4.400000000000000022e-01 2.866254471693940875e+00 3.064257508715681144e+00
4.500000000000000111e-01 2.871400460942805655e+00 3.073604933749615409e+00
4.600000000000000200e-01 2.876664685477334782e+00 3.085918046027105621e+00
4.700000000000000289e-01 2.883025259591208922e+00 3.099818982738388407e+00
4.799999999999999822e-01 2.892869305508710465e+00 3.115495367380999081e+00
4.899999999999999911e-01 2.902839513536413563e+00 3.128671111134568861e+00
5.000000000000000000e-01 2.913344117000272515e+00 3.140623011653253638e+00
5.100000000000000089e-01 2.921659369930628802e+00 3.150621014853115742e+00
5.200000000000000178e-01 2.930325151288622809e+00 3.160640379159337154e+00
5.300000000000000266e-01 2.940837390450571576e+00 3.171256971035863792e+00
5.400000000000000355e-01 2.951125910645794992e+00 3.181173253520655830e+00
5.500000000000000444e-01 2.961126155165815010e+00 3.191249504800654169e+00
5.600000000000000533e-01 2.970444862010537257e+00 3.200068340508879672e+00
5.700000000000000622e-01 2.978875249767307665e+00 3.212053371639247423e+00
5.799999999999999600e-01 2.984800759290634709e+00 3.232391373859465844e+00
5.899999999999999689e-01 2.998023662865866523e+00 3.250679029485474825e+00
5.999999999999999778e-01 3.010732253728896080e+00 3.269950763629883905e+00
6.099999999999999867e-01 3.016218466823707978e+00 3.298768269259322317e+00
6.199999999999999956e-01 3.026457066233749771e+00 3.309163087040785989e+00
6.300000000000000044e-01 3.039677396884886029e+00 3.311821723460229627e+00
6.400000000000000133e-01 3.051615867192117637e+00 3.316906261060865280e+00
6.500000000000000222e-01 3.063435494035676498e+00 3.316139458600088297e+00
6.600000000000000311e-01 3.075110380379170838e+00 3.315513164957552217e+00
6.700000000000000400e-01 3.082331519204916770e+00 3.314753598488030750e+00
6.800000000000000488e-01 3.092179239620773679e+00 3.309672357201964843e+00
6.900000000000000577e-01 3.107994847069390332e+00 3.292083981241575863e+00
7.000000000000000666e-01 3.122527659037034109e+00 3.278031617376883755e+00
7.099999999999999645e-01 3.137283145820920716e+00 3.265373471357996493e+00
7.199999999999999734e-01 3.142923414764718260e+00 3.265178193583174071e+00
7.299999999999999822e-01 3.150159208613988682e+00 3.265489639466646388e+00
7.399999999999999911e-01 3.155282719445227535e+00 3.265688174209596006e+00
7.500000000000000000e-01 3.159644984747390417e+00 3.265765465415497282e+00
7.600000000000000089e-01 3.164516252696252252e+00 3.265916341197752537e+00
7.700000000000000178e-01 3.168856114128585144e+00 3.265876905633454452e+00
7.800000000000000266e-01 3.171969641942798290e+00 3.265611943855465604e+00
7.900000000000000355e-01 3.173969545871268227e+00 3.265471806281556422e+00
8.000000000000000444e-01 3.174761264043524545e+00 3.265476704100892302e+00
8.100000000000000533e-01 3.175983393295734203e+00 3.265630904065639939e+00
8.200000000000000622e-01 3.177028499097169334e+00 3.265730152383505835e+00
8.300000000000000711e-01 3.177771525237243377e+00 3.265921676838714927e+00
8.399999999999999689e-01 3.178408319892305656e+00 3.266128473177533742e+00
8.499999999999999778e-01 3.179369788955440423e+00 3.266308257495174505e+00
8.599999999999999867e-01 3.179933793432656142e+00 3.266386062061843010e+00
8.699999999999999956e-01 3.180298128401044089e+00 3.266572626708742710e+00
8.800000000000000044e-01 3.180751554556628946e+00 3.266466196917751752e+00
8.900000000000000133e-01 3.181337563038806326e+00 3.266616318296451826e+00
9.000000000000000222e-01 3.181568249751861366e+00 3.266549631064598280e+00
9.100000000000000311e-01 3.181616432006112660e+00 3.266291220686682095e+00
9.200000000000000400e-01 3.181663179610182191e+00 3.266300086805413727e+00
9.300000000000000488e-01 3.181373657102907426e+00 3.266128138932859581e+00
9.400000000000000577e-01 3.180998927371238238e+00 3.265805971172119904e+00
9.500000000000000666e-01 3.180550780175917858e+00 3.265498062368637378e+00
9.599999999999999645e-01 3.180369861345950344e+00 3.265466107472713819e+00
9.699999999999999734e-01 3.180099451493987761e+00 3.265334881019821278e+00
9.799999999999999822e-01 3.179848226273766176e+00 3.264994784037360542e+00
9.899999999999999911e-01 3.179582364375518999e+00 3.265128397767615986e+00
1.000000000000000000e+00 3.179453324551830828e+00 3.265396659483660979e+00
1.010000000000000009e+00 3.178979570279371281e+00 3.265359916524637640e+00
1.020000000000000018e+00 3.178357151400226233e+00 3.265442414387088821e+00
1.030000000000000027e+00 3.177778900321839739e+00 3.265498586960913219e+00
1.040000000000000036e+00 3.177100234133667378e+00 3.265788167875342651e+00
1.050000000000000044e+00 3.176173243534528901e+00 3.265930007202661578e+00
1.060000000000000053e+00 3.175182927712153269e+00 3.266108244839955876e+00
1.070000000000000062e+00 3.173737745534966237e+00 3.266589844420363598e+00
1.080000000000000071e+00 3.172274611296223679e+00 3.266963983135653837e+00
1.090000000000000080e+00 3.170988834798523115e+00 3.267591640775016515e+00
1.100000000000000089e+00 3.169884786431984569e+00 3.268240921680731770e+00
1.110000000000000098e+00 3.169574168296324324e+00 3.269045629910958262e+00
1.120000000000000107e+00 3.169327017958271320e+00 3.269216661054980655e+00
1.130000000000000115e+00 3.168901185287675837e+00 3.269734667473592538e+00
1.140000000000000124e+00 3.168717189431840886e+00 3.270135234908407185e+00
1.150000000000000133e+00 3.168238711540281471e+00 3.271643693674028519e+00
1.159999999999999920e+00 3.167426923111622106e+00 3.273534871035869376e+00
1.169999999999999929e+00 3.166065209977929840e+00 3.277259464342290762e+00
1.179999999999999938e+00 3.164991920741889064e+00 3.280382747613099337e+00
1.189999999999999947e+00 3.164021573423680955e+00 3.284276950698557407e+00
1.199999999999999956e+00 3.163483471412126047e+00 3.290423830338057076e+00
1.209999999999999964e+00 3.162270253379325435e+00 3.298298008224983757e+00
1.219999999999999973e+00 3.161483389492910856e+00 3.305953987659532078e+00
1.229999999999999982e+00 3.160229588846758197e+00 3.314948366418287051e+00
1.239999999999999991e+00 3.159468949576554220e+00 3.322612803157630079e+00
1.250000000000000000e+00 3.159437684325886675e+00 3.331631107840823613e+00
1.260000000000000009e+00 3.160569092047618600e+00 3.342555837013317710e+00
1.270000000000000018e+00 3.162249926440151349e+00 3.353204803555576596e+00
1.280000000000000027e+00 3.164043519529204040e+00 3.364470281854767819e+00
1.290000000000000036e+00 3.165990498345932824e+00 3.375430292583861291e+00
1.300000000000000044e+00 3.168805370119264442e+00 3.385706479918310752e+00
1.310000000000000053e+00 3.172410406373406211e+00 3.396443995114897696e+00
1.320000000000000062e+00 3.175957642973454842e+00 3.407088836013285604e+00
1.330000000000000071e+00 3.180081010572822997e+00 3.417924064824668484e+00
1.340000000000000080e+00 3.184766637471184048e+00 3.428843469907775443e+00
1.350000000000000089e+00 3.184345407006177187e+00 3.445237948368159220e+00
1.360000000000000098e+00 3.124184782108111680e+00 3.497442150555805984e+00
1.370000000000000107e+00 3.143591640393099684e+00 3.507495284674801983e+00
1.380000000000000115e+00 3.191308165972877919e+00 3.508735285312484020e+00
1.390000000000000124e+00 3.236835204822857026e+00 3.506902293207805332e+00
1.400000000000000133e+00 3.247495615798996482e+00 3.518755218227339832e+00
1.409999999999999920e+00 3.258226415268176801e+00 3.530353523968464025e+00
1.419999999999999929e+00 3.267742316219072407e+00 3.541665304954785931e+00
1.429999999999999938e+00 3.278607610474633116e+00 3.555483122352553149e+00
1.439999999999999947e+00 3.288301399673043246e+00 3.565782830792846081e+00
1.449999999999999956e+00 3.297998698410601115e+00 3.574350348358541041e+00
1.459999999999999964e+00 3.307575909084667920e+00 3.580638912888178815e+00
1.469999999999999973e+00 3.315549810242696793e+00 3.585780576233819517e+00
1.479999999999999982e+00 3.326706464583291112e+00 3.591002611730681249e+00
1.489999999999999991e+00 3.338090365876165588e+00 3.594504328714403396e+00
1.500000000000000000e+00 3.346769419035059645e+00 3.597225648122685637e+00
1.510000000000000009e+00 3.354581872488887395e+00 3.598866750639050149e+00
1.520000000000000018e+00 3.363021029253815186e+00 3.599509581092979360e+00
1.530000000000000027e+00 3.371301242002580523e+00 3.599793544097806830e+00
1.540000000000000036e+00 3.378922116097938577e+00 3.599890951447951792e+00
1.550000000000000044e+00 3.386435171981871051e+00 3.600277954191148488e+00
1.560000000000000053e+00 3.393159690452343114e+00 3.601100354770893297e+00
1.570000000000000062e+00 3.400143343583868827e+00 3.600904352100564587e+00
1.580000000000000071e+00 3.406490934542097726e+00 3.599763526770196620e+00
1.590000000000000080e+00 3.412114178825162991e+00 3.598622875007845057e+00
1.600000000000000089e+00 3.417967794781414437e+00 3.595157166566165241e+00
1.610000000000000098e+00 3.423823725641954141e+00 3.592093888841879412e+00
1.620000000000000107e+00 3.429259934988692748e+00 3.589032273225113201e+00
1.630000000000000115e+00 3.433114684925226978e+00 3.585975234169812342e+00
1.640000000000000124e+00 3.435791528237930770e+00 3.585062280818351432e+00
1.650000000000000133e+00 3.438784834637461874e+00 3.583632690358342199e+00
1.660000000000000142e+00 3.442061719578243473e+00 3.582786155778431070e+00
1.669999999999999929e+00 3.444087694359212470e+00 3.582055938086122993e+00
1.679999999999999938e+00 3.445696625018060733e+00 3.581846170382558814e+00
1.689999999999999947e+00 3.448276932608416612e+00 3.581280815084645130e+00
1.699999999999999956e+00 3.450502945977012903e+00 3.580479838313300522e+00
1.709999999999999964e+00 3.451938662372810551e+00 3.579974019688384690e+00
1.719999999999999973e+00 3.453792026275926741e+00 3.578997149387067811e+00
1.729999999999999982e+00 3.454686622000903373e+00 3.578539568461209353e+00
1.739999999999999991e+00 3.456324009645597162e+00 3.578040520636422972e+00
1.750000000000000000e+00 3.457431389552906964e+00 3.577531324270411872e+00
1.760000000000000009e+00 3.458507781689371008e+00 3.577501478788648548e+00
1.770000000000000018e+00 3.459810874921040558e+00 3.576869977072520079e+00
1.780000000000000027e+00 3.460867460972977039e+00 3.576647251975822339e+00
1.790000000000000036e+00 3.461148967631844986e+00 3.576898699809522686e+00
1.800000000000000044e+00 3.461944882482985708e+00 3.577080219445725628e+00
1.810000000000000053e+00 3.462327833163498791e+00 3.578077324373961421e+00
1.820000000000000062e+00 3.462822715228390802e+00 3.578973580800699938e+00
1.830000000000000071e+00 3.463269514620360479e+00 3.580044387986603294e+00
1.840000000000000080e+00 3.463570142182570422e+00 3.580426442056436009e+00
1.850000000000000089e+00 3.463744289120324282e+00 3.580232016011588136e+00
1.860000000000000098e+00 3.463797499743271224e+00 3.580193208994102427e+00
1.870000000000000107e+00 3.463999145845525707e+00 3.579752492905504457e+00
1.880000000000000115e+00 3.464077894590365858e+00 3.579681559545528913e+00
1.890000000000000124e+00 3.464199063843766080e+00 3.579655283142050504e+00
1.900000000000000133e+00 3.464239738632541865e+00 3.579626504844325652e+00
1.910000000000000142e+00 3.464547950177021107e+00 3.579350642104320634e+00
1.919999999999999929e+00 3.464737877436698810e+00 3.579308649095474415e+00
1.929999999999999938e+00 3.464722895443470563e+00 3.579098875553576420e+00
1.939999999999999947e+00 3.464768862361057966e+00 3.578800875411883187e+00
1.949999999999999956e+00 3.464782093237478655e+00 3.578755702625673329e+00
1.959999999999999964e+00 3.464751926031444995e+00 3.578588250608111920e+00
1.969999999999999973e+00 3.464626641703865584e+00 3.578365443962791215e+00
1.979999999999999982e+00 3.464562353812043582e+00 3.578279716834242841e+00
1.989999999999999991e+00 3.464512051669127235e+00 3.578189926856988112e+00
2.000000000000000000e+00 3.464434214201610907e+00 3.578108952326137349e+00
2.010000000000000231e+00 3.464386001054888808e+00 3.578040020330304216e+00
2.020000000000000018e+00 3.464320972133842602e+00 3.577945242561134442e+00
2.030000000000000249e+00 3.464260677867831095e+00 3.577862255710659856e+00
2.040000000000000036e+00 3.464164338820778788e+00 3.577771255351699153e+00
2.049999999999999822e+00 3.463927542327969622e+00 3.577486673880488244e+00
2.060000000000000053e+00 3.463735643363402339e+00 3.577387510189606878e+00
2.069999999999999840e+00 3.463631793458223918e+00 3.577297497847317764e+00
2.080000000000000071e+00 3.463531861402108003e+00 3.577206860655234966e+00
2.089999999999999858e+00 3.463432593399337733e+00 3.577084114025780082e+00
2.100000000000000089e+00 3.463296149363066068e+00 3.576939072275613807e+00
2.109999999999999876e+00 3.463057235248864441e+00 3.576588211228072023e+00
2.120000000000000107e+00 3.462984019570800154e+00 3.576397934064415640e+00
2.129999999999999893e+00 3.462756922657887149e+00 3.575840539466937695e+00
2.140000000000000124e+00 3.462463030258121410e+00 3.575352615388927457e+00
2.149999999999999911e+00 3.462266546001438350e+00 3.575065934162135584e+00
2.160000000000000142e+00 3.461976115989279013e+00 3.574582045846391498e+00
2.169999999999999929e+00 3.461059500489371832e+00 3.574476591377121704e+00
2.180000000000000160e+00 3.460366948639856499e+00 3.574210034173024741e+00
2.189999999999999947e+00 3.458535516256096898e+00 3.574809247742888552e+00
2.200000000000000178e+00 3.456357167102340977e+00 3.575306315353866449e+00
2.209999999999999964e+00 3.449815168849174718e+00 3.577950902689750023e+00
2.220000000000000195e+00 3.442865521190926259e+00 3.580371893798544924e+00
2.229999999999999982e+00 3.437702633073609793e+00 3.582091521961408898e+00
2.240000000000000213e+00 3.434149092812420978e+00 3.582698490877268771e+00
2.250000000000000000e+00 3.432002391911824102e+00 3.582909156302134246e+00
2.260000000000000231e+00 3.428305985030382974e+00 3.583166014834195057e+00
2.270000000000000018e+00 3.424048521632868436e+00 3.583522653594297225e+00
2.280000000000000249e+00 3.420463284250490066e+00 3.583897571724661280e+00
2.290000000000000036e+00 3.413574854024487237e+00 3.588367918354434138e+00
2.300000000000000266e+00 3.404863408830511418e+00 3.594131232397210773e+00
2.310000000000000053e+00 3.398861371673810527e+00 3.596738961649668109e+00
2.319999999999999840e+00 3.396306528849557527e+00 3.597592187438055422e+00
2.330000000000000071e+00 3.389857990259659726e+00 3.600922460484969445e+00
2.339999999999999858e+00 3.381855252233776810e+00 3.604178804553714421e+00
2.350000000000000089e+00 3.377537345097550769e+00 3.605541137353887926e+00
2.359999999999999876e+00 3.375709121023882986e+00 3.607484257105122438e+00
2.370000000000000107e+00 3.372495661815130497e+00 3.608015128943002026e+00
2.379999999999999893e+00 3.370925608541329943e+00 3.608211653931776119e+00
2.390000000000000124e+00 3.368057823559743369e+00 3.609131109364526857e+00
2.399999999999999911e+00 3.369771722982398465e+00 3.608646261527069576e+00
2.410000000000000142e+00 3.372930760985346943e+00 3.607628725341823994e+00
2.419999999999999929e+00 3.373715546526101061e+00 3.606885007806632348e+00
2.430000000000000160e+00 3.379373749614158484e+00 3.605230565332969483e+00
2.439999999999999947e+00 3.387506476908853870e+00 3.602356798704930974e+00
2.450000000000000178e+00 3.390582028371183831e+00 3.601050499132783855e+00
2.459999999999999964e+00 3.394222085386440213e+00 3.599799457711055695e+00
2.470000000000000195e+00 3.401270961374724511e+00 3.597503620906387756e+00
2.479999999999999982e+00 3.404861303168018161e+00 3.596402350286762584e+00
2.490000000000000213e+00 3.406623454723403999e+00 3.596239355034782204e+00
2.500000000000000000e+00 3.409064253007729750e+00 3.596053056333701203e+00
2.510000000000000231e+00 3.409290612901004103e+00 3.596904939238277699e+00
2.520000000000000018e+00 3.406218312225975708e+00 3.599016917881331601e+00
2.530000000000000249e+00 3.407495506768150051e+00 3.598999067187385492e+00
2.540000000000000036e+00 3.405516846002496045e+00 3.600759224177442874e+00
2.550000000000000266e+00 3.388548243076971556e+00 3.612797686540910380e+00
2.560000000000000053e+00 3.359722238607239841e+00 3.632321191911863867e+00
2.569999999999999840e+00 3.357534427441829283e+00 3.634350147395855490e+00
2.580000000000000071e+00 3.370504205213207261e+00 3.628750417742115264e+00
2.589999999999999858e+00 3.367257129453544273e+00 3.631816405407066739e+00
2.600000000000000089e+00 3.369678464899456216e+00 3.632249906239116477e+00
2.609999999999999876e+00 3.368840284866283508e+00 3.635082421322871848e+00
2.620000000000000107e+00 3.377220512846786260e+00 3.630346717992943173e+00
2.629999999999999893e+00 3.398117207414037111e+00 3.615685356901758851e+00
2.640000000000000124e+00 3.398012684205674816e+00 3.615088142448759534e+00
2.649999999999999911e+00 3.395673521198230738e+00 3.615890989705127900e+00
2.660000000000000142e+00 3.393589661463136675e+00 3.616777751151686093e+00
2.669999999999999929e+00 3.390571898173683429e+00 3.617884209633476011e+00
2.680000000000000160e+00 3.386243655983559364e+00 3.620210866850264608e+00
2.689999999999999947e+00 3.383816229065307102e+00 3.621993582626930941e+00
2.700000000000000178e+00 3.374508390188397655e+00 3.627562731427965481e+00
2.709999999999999964e+00 3.364179000540366449e+00 3.634948097552666457e+00
2.720000000000000195e+00 3.357271298894000999e+00 3.641437666541027518e+00
2.729999999999999982e+00 3.351069861488189972e+00 3.647200855045470647e+00
2.740000000000000213e+00 3.346315424783697257e+00 3.652482685591707412e+00
2.750000000000000000e+00 3.344885365307056713e+00 3.657436484830653978e+00
2.760000000000000231e+00 3.346398001733990935e+00 3.661134226053980978e+00
2.770000000000000018e+00 3.360845534202459906e+00 3.660190086014863287e+00
2.780000000000000249e+00 3.365477014651380383e+00 3.663486304101862157e+00
2.790000000000000036e+00 3.372923942805367670e+00 3.665929436782759065e+00
2.800000000000000266e+00 3.375951241738023967e+00 3.672752991908368791e+00
2.810000000000000053e+00 3.381750498052235709e+00 3.676665929922465548e+00
2.819999999999999840e+00 3.368155145413517015e+00 3.689614064166904850e+00
2.830000000000000071e+00 3.332519952875206748e+00 3.715453956073691444e+00
2.839999999999999858e+00 3.315970950986093513e+00 3.728662974394612917e+00
2.850000000000000089e+00 3.299892345436638674e+00 3.740176475087576780e+00
2.859999999999999876e+00 3.293938479614167303e+00 3.749133857607932274e+00
2.870000000000000107e+00 3.290751429528288252e+00 3.758689644571252320e+00
2.879999999999999893e+00 3.284371035011960593e+00 3.768856224609659300e+00
2.890000000000000124e+00 3.286038774814227903e+00 3.777609032416721302e+00
2.899999999999999911e+00 3.302111442505835104e+00 3.785372892868996697e+00
2.910000000000000142e+00 3.306870746204491063e+00 3.796987419865493152e+00
2.919999999999999929e+00 3.304527467729733381e+00 3.811990586960627425e+00
2.930000000000000160e+00 3.323557612269131933e+00 3.822339144971163893e+00
2.939999999999999947e+00 3.348823226188530899e+00 3.827610581875930063e+00
2.950000000000000178e+00 3.385966076820544401e+00 3.827208211719342223e+00
2.959999999999999964e+00 3.428266972957312753e+00 3.827177950491249980e+00
2.970000000000000195e+00 3.476737041694724972e+00 3.821237031729614486e+00
2.979999999999999982e+00 3.535565936871590154e+00 3.805888823560652945e+00
2.990000000000000213e+00 3.593959241011821071e+00 3.786661506883419293e+00
3.000000000000000000e+00 3.668290843939100654e+00 3.748036108895028917e+00
