0.000000000000000000e+00 1.827499527657031886e-01
1.000000000000000021e-02 1.030941179482340875e+00
2.000000000000000042e-02 1.030709058765173047e+00
2.999999999999999889e-02 1.030709717166423900e+00
4.000000000000000083e-02 1.030689474452733956e+00
5.000000000000000278e-02 1.030687355988025633e+00
5.999999999999999778e-02 3.334730455951690598e+00
7.000000000000000666e-02 3.690455510478019896e+00
8.000000000000000167e-02 3.692084875276088862e+00
8.999999999999999667e-02 3.700461995358466982e+00
1.000000000000000056e-01 3.704963865792751498e+00
1.100000000000000006e-01 3.708683449370861140e+00
1.199999999999999956e-01 3.710737443408965941e+00
1.300000000000000044e-01 3.712588392188548969e+00
1.400000000000000133e-01 3.713679207785129499e+00
1.499999999999999944e-01 3.714100428457260072e+00
1.600000000000000033e-01 3.714297780029773843e+00
1.700000000000000122e-01 3.714224311444759508e+00
1.799999999999999933e-01 3.714074186887740936e+00
1.900000000000000022e-01 3.714105144622326105e+00
2.000000000000000111e-01 3.714139545125961117e+00
2.099999999999999922e-01 3.714181175527572432e+00
2.200000000000000011e-01 3.714159749305248059e+00
2.300000000000000100e-01 3.713671595468521325e+00
2.399999999999999911e-01 3.708374536430835811e+00
2.500000000000000000e-01 3.703371554818153388e+00
2.600000000000000089e-01 3.694494932396411802e+00
2.700000000000000178e-01 3.679829947798252121e+00
2.800000000000000266e-01 3.628195285031795336e+00
2.899999999999999800e-01 3.554385823774337982e+00
2.999999999999999889e-01 3.468229287974834651e+00
3.099999999999999978e-01 3.358364760239124447e+00
3.200000000000000067e-01 3.257768350708484473e+00
3.300000000000000155e-01 3.158126054446697140e+00
3.400000000000000244e-01 3.077161362812518952e+00
3.500000000000000333e-01 3.022425319209098848e+00
3.599999999999999867e-01 2.980901863777637661e+00
3.699999999999999956e-01 2.959990706779956682e+00
3.800000000000000044e-01 2.955019048030376627e+00
3.900000000000000133e-01 2.950991714837551072e+00
4.000000000000000222e-01 2.952302131867408974e+00
4.100000000000000311e-01 2.954373226664066099e+00
4.199999999999999845e-01 2.956867897768020725e+00
4.299999999999999933e-01 2.960192156136035813e+00
4.400000000000000022e-01 2.965255990204811010e+00
4.500000000000000111e-01 2.972502697346210532e+00
4.600000000000000200e-01 2.981291365752220202e+00
4.700000000000000289e-01 2.991422121164798664e+00
4.799999999999999822e-01 3.004182336444854773e+00
4.899999999999999911e-01 3.015755312335491212e+00
5.000000000000000000e-01 3.026983564326763076e+00
5.100000000000000089e-01 3.036140192391872272e+00
5.200000000000000178e-01 3.045482765223979982e+00
5.300000000000000266e-01 3.056047180743217684e+00
5.400000000000000355e-01 3.066149582083225411e+00
5.500000000000000444e-01 3.076187829983234590e+00
5.600000000000000533e-01 3.085256601259708464e+00
5.700000000000000622e-01 3.095464310703277544e+00
5.799999999999999600e-01 3.108596066575050276e+00
5.899999999999999689e-01 3.124351346175670674e+00
5.999999999999999778e-01 3.140341508679389992e+00
6.099999999999999867e-01 3.157493368041515147e+00
6.199999999999999956e-01 3.167810076637267880e+00
6.300000000000000044e-01 3.175749560172557828e+00
6.400000000000000133e-01 3.184261064126491458e+00
6.500000000000000222e-01 3.189787476317882398e+00
6.600000000000000311e-01 3.195311772668361527e+00
6.700000000000000400e-01 3.198542558846473760e+00
6.800000000000000488e-01 3.200925798411369261e+00
6.900000000000000577e-01 3.200039414155483097e+00
7.000000000000000666e-01 3.200279638206958932e+00
7.099999999999999645e-01 3.201328308589458604e+00
7.199999999999999734e-01 3.204050804173946165e+00
7.299999999999999822e-01 3.207824424040317535e+00
7.399999999999999911e-01 3.210485446827411771e+00
7.500000000000000000e-01 3.212705225081443849e+00
7.600000000000000089e-01 3.215216296947002395e+00
7.700000000000000178e-01 3.217366509881019798e+00
7.800000000000000266e-01 3.218790792899131947e+00
7.900000000000000355e-01 3.219720676076412325e+00
8.000000000000000444e-01 3.220118984072208423e+00
8.100000000000000533e-01 3.220807148680687071e+00
8.200000000000000622e-01 3.221379325740337585e+00
8.300000000000000711e-01 3.221846601037979152e+00
8.399999999999999689e-01 3.222268396534919699e+00
8.499999999999999778e-01 3.222839023225307464e+00
8.599999999999999867e-01 3.223159927747249576e+00
8.699999999999999956e-01 3.223435377554893400e+00
8.800000000000000044e-01 3.223608875737190349e+00
8.900000000000000133e-01 3.223976940667629076e+00
9.000000000000000222e-01 3.224058940408229823e+00
9.100000000000000311e-01 3.223953826346397378e+00
9.200000000000000400e-01 3.223981633207797959e+00
9.300000000000000488e-01 3.223750898017883504e+00
9.400000000000000577e-01 3.223402449271679071e+00
9.500000000000000666e-01 3.223024421272277618e+00
9.599999999999999645e-01 3.222917984409332082e+00
9.699999999999999734e-01 3.222717166256904520e+00
9.799999999999999822e-01 3.222421505155563359e+00
9.899999999999999911e-01 3.222355381071567493e+00
1.000000000000000000e+00 3.222424992017745904e+00
1.010000000000000009e+00 3.222169743402004460e+00
1.020000000000000018e+00 3.221899782893657527e+00
1.030000000000000027e+00 3.221638743641376479e+00
1.040000000000000036e+00 3.221444201004505015e+00
1.050000000000000044e+00 3.221051625368595239e+00
1.060000000000000053e+00 3.220645586276054573e+00
1.070000000000000062e+00 3.220163794977664917e+00
1.080000000000000071e+00 3.219619297215938758e+00
1.090000000000000080e+00 3.219290237786769815e+00
1.100000000000000089e+00 3.219062854056358169e+00
1.110000000000000098e+00 3.219309899103641293e+00
1.120000000000000107e+00 3.219271839506625987e+00
1.130000000000000115e+00 3.219317926380634187e+00
1.140000000000000124e+00 3.219426212170124035e+00
1.150000000000000133e+00 3.219941202607154995e+00
1.159999999999999920e+00 3.220480897073745741e+00
1.169999999999999929e+00 3.221662337160110301e+00
1.179999999999999938e+00 3.222687334177494201e+00
1.189999999999999947e+00 3.224149262061119181e+00
1.199999999999999956e+00 3.226953650875091562e+00
1.209999999999999964e+00 3.230284130802154596e+00
1.219999999999999973e+00 3.233718688576221467e+00
1.229999999999999982e+00 3.237588977632522624e+00
1.239999999999999991e+00 3.241040876367092149e+00
1.250000000000000000e+00 3.245534396083355144e+00
1.260000000000000009e+00 3.251562464530468155e+00
1.270000000000000018e+00 3.257727364997863972e+00
1.280000000000000027e+00 3.264256900691985930e+00
1.290000000000000036e+00 3.270710395464897058e+00
1.300000000000000044e+00 3.277255925018787597e+00
1.310000000000000053e+00 3.284427200744151953e+00
1.320000000000000062e+00 3.291523239493370223e+00
1.330000000000000071e+00 3.299002537698745741e+00
1.340000000000000080e+00 3.306805053689479745e+00
1.350000000000000089e+00 3.314791677687168203e+00
1.360000000000000098e+00 3.310813466331958832e+00
1.370000000000000107e+00 3.325543462533950834e+00
1.380000000000000115e+00 3.350021725642680970e+00
1.390000000000000124e+00 3.371868749015331179e+00
1.400000000000000133e+00 3.383125417013168157e+00
1.409999999999999920e+00 3.394289969618320413e+00
1.419999999999999929e+00 3.404703810586929169e+00
1.429999999999999938e+00 3.417045366413593133e+00
1.439999999999999947e+00 3.427042115232944663e+00
1.449999999999999956e+00 3.436174523384571078e+00
1.459999999999999964e+00 3.444107410986423368e+00
1.469999999999999973e+00 3.450665193238258155e+00
1.479999999999999982e+00 3.458854538156986180e+00
1.489999999999999991e+00 3.466297347295284492e+00
1.500000000000000000e+00 3.471997533578872641e+00
1.510000000000000009e+00 3.476724311563968772e+00
1.520000000000000018e+00 3.481265305173397273e+00
1.530000000000000027e+00 3.485547393050193676e+00
1.540000000000000036e+00 3.489406533772945185e+00
1.550000000000000044e+00 3.493356563086509770e+00
1.560000000000000053e+00 3.497130022611618205e+00
1.570000000000000062e+00 3.500523847842216707e+00
1.580000000000000071e+00 3.503127230656147173e+00
1.590000000000000080e+00 3.505368526916504024e+00
1.600000000000000089e+00 3.506562480673789839e+00
1.610000000000000098e+00 3.507958807241916777e+00
1.620000000000000107e+00 3.509146104106902975e+00
1.630000000000000115e+00 3.509544959547519660e+00
1.640000000000000124e+00 3.510426904528141101e+00
1.650000000000000133e+00 3.511208762497902036e+00
1.660000000000000142e+00 3.512423937678337271e+00
1.669999999999999929e+00 3.513071816222667731e+00
1.679999999999999938e+00 3.513771397700309773e+00
1.689999999999999947e+00 3.514778873846530871e+00
1.699999999999999956e+00 3.515491392145156713e+00
1.709999999999999964e+00 3.515956341030597621e+00
1.719999999999999973e+00 3.516394587831497276e+00
1.729999999999999982e+00 3.516613095231056363e+00
1.739999999999999991e+00 3.517182265141010067e+00
1.750000000000000000e+00 3.517481356911659418e+00
1.760000000000000009e+00 3.518004630239009778e+00
1.770000000000000018e+00 3.518340425996780318e+00
1.780000000000000027e+00 3.518757356474399689e+00
1.790000000000000036e+00 3.519023833720683836e+00
1.800000000000000044e+00 3.519512550964355668e+00
1.810000000000000053e+00 3.520202578768730106e+00
1.820000000000000062e+00 3.520898148014545370e+00
1.830000000000000071e+00 3.521656951303481886e+00
1.840000000000000080e+00 3.521998292119503216e+00
1.850000000000000089e+00 3.521988152565956209e+00
1.860000000000000098e+00 3.521995354368686826e+00
1.870000000000000107e+00 3.521875819375515082e+00
1.880000000000000115e+00 3.521879727067947385e+00
1.890000000000000124e+00 3.521927173492908292e+00
1.900000000000000133e+00 3.521933121738433758e+00
1.910000000000000142e+00 3.521949296140670871e+00
1.919999999999999929e+00 3.522023263266086612e+00
1.929999999999999938e+00 3.521910885498523491e+00
1.939999999999999947e+00 3.521784868886470576e+00
1.949999999999999956e+00 3.521768897931575992e+00
1.959999999999999964e+00 3.521670088319778458e+00
1.969999999999999973e+00 3.521496042833328399e+00
1.979999999999999982e+00 3.521421035323143212e+00
1.989999999999999991e+00 3.521350989263057674e+00
2.000000000000000000e+00 3.521271583263874128e+00
2.010000000000000231e+00 3.521213010692596512e+00
2.020000000000000018e+00 3.521133107347488522e+00
2.030000000000000249e+00 3.521061466789245475e+00
2.040000000000000036e+00 3.520967797086238971e+00
2.049999999999999822e+00 3.520707108104228933e+00
2.060000000000000053e+00 3.520561576776504609e+00
2.069999999999999840e+00 3.520464645652770841e+00
2.080000000000000071e+00 3.520369361028671484e+00
2.089999999999999858e+00 3.520258353712558907e+00
2.100000000000000089e+00 3.520117610819339937e+00
2.109999999999999876e+00 3.519822723238468232e+00
2.120000000000000107e+00 3.519690976817607897e+00
2.129999999999999893e+00 3.519298731062412422e+00
2.140000000000000124e+00 3.518907822823524434e+00
2.149999999999999911e+00 3.518666240081786967e+00
2.160000000000000142e+00 3.518279080917835255e+00
2.169999999999999929e+00 3.517768045933246768e+00
2.180000000000000160e+00 3.517288491406440620e+00
2.189999999999999947e+00 3.516672381999492725e+00
2.200000000000000178e+00 3.515831741228103713e+00
2.209999999999999964e+00 3.513883035769462371e+00
2.220000000000000195e+00 3.511618707494735592e+00
2.229999999999999982e+00 3.509897077517509345e+00
2.240000000000000213e+00 3.508423791844844875e+00
2.250000000000000000e+00 3.507455774106979174e+00
2.260000000000000231e+00 3.505735999932289015e+00
2.270000000000000018e+00 3.503785587613582830e+00
2.280000000000000249e+00 3.502180427987575673e+00
2.290000000000000036e+00 3.500971386189460688e+00
2.300000000000000266e+00 3.499497320613861095e+00
2.310000000000000053e+00 3.497800166661739318e+00
2.319999999999999840e+00 3.496949358143806474e+00
2.330000000000000071e+00 3.495390225372314585e+00
2.339999999999999858e+00 3.493017028393745615e+00
2.350000000000000089e+00 3.491539241225719348e+00
2.359999999999999876e+00 3.491596689064502712e+00
2.370000000000000107e+00 3.490255395379066261e+00
2.379999999999999893e+00 3.489568631236553031e+00
2.390000000000000124e+00 3.488594466462135113e+00
2.399999999999999911e+00 3.489208992254734021e+00
2.410000000000000142e+00 3.490279743163585469e+00
2.419999999999999929e+00 3.490300277166366705e+00
2.430000000000000160e+00 3.492302157473563984e+00
2.439999999999999947e+00 3.494931637806892422e+00
2.450000000000000178e+00 3.495816263751983843e+00
2.459999999999999964e+00 3.497010771548747954e+00
2.470000000000000195e+00 3.499387291140556133e+00
2.479999999999999982e+00 3.500631826727390372e+00
2.490000000000000213e+00 3.501431404879093101e+00
2.500000000000000000e+00 3.502558654670715477e+00
2.510000000000000231e+00 3.503097776069640901e+00
2.520000000000000018e+00 3.502617615053653655e+00
2.530000000000000249e+00 3.503247286977767772e+00
2.540000000000000036e+00 3.503138035089969460e+00
2.550000000000000266e+00 3.500672964808940968e+00
2.560000000000000053e+00 3.496021715259551854e+00
2.569999999999999840e+00 3.495942287418842387e+00
2.580000000000000071e+00 3.499627311477661262e+00
2.589999999999999858e+00 3.499536767430305506e+00
2.600000000000000089e+00 3.500964185569286347e+00
2.609999999999999876e+00 3.501961353094577678e+00
2.620000000000000107e+00 3.503783615419864717e+00
2.629999999999999893e+00 3.506901282157897981e+00
2.640000000000000124e+00 3.506550413327217175e+00
2.649999999999999911e+00 3.505782255451679319e+00
2.660000000000000142e+00 3.505183706307411384e+00
2.669999999999999929e+00 3.504228053903579720e+00
2.680000000000000160e+00 3.503227261416911986e+00
2.689999999999999947e+00 3.502904905846119021e+00
2.700000000000000178e+00 3.501035560808181568e+00
2.709999999999999964e+00 3.499563549046516453e+00
2.720000000000000195e+00 3.499354482717514259e+00
2.729999999999999982e+00 3.499135358266830309e+00
2.740000000000000213e+00 3.499399055187702334e+00
2.750000000000000000e+00 3.501160925068855345e+00
2.760000000000000231e+00 3.503766113893985956e+00
2.770000000000000018e+00 3.510517810108661596e+00
2.780000000000000249e+00 3.514481659376621270e+00
2.790000000000000036e+00 3.519426689794063368e+00
2.800000000000000266e+00 3.524352116823196379e+00
2.810000000000000053e+00 3.529208213987350629e+00
2.819999999999999840e+00 3.528884604790210933e+00
2.830000000000000071e+00 3.523986954474449096e+00
2.839999999999999858e+00 3.522316962690353215e+00
2.850000000000000089e+00 3.520034410262107727e+00
2.859999999999999876e+00 3.521536168611049789e+00
2.870000000000000107e+00 3.524720537049770286e+00
2.879999999999999893e+00 3.526613629810809947e+00
2.890000000000000124e+00 3.531823903615474602e+00
2.899999999999999911e+00 3.543742167687415900e+00
2.910000000000000142e+00 3.551929083034992107e+00
2.919999999999999929e+00 3.558259027345180403e+00
2.930000000000000160e+00 3.572948378620147913e+00
2.939999999999999947e+00 3.588216904032230481e+00
2.950000000000000178e+00 3.606587144269943312e+00
2.959999999999999964e+00 3.627722461724281366e+00
2.970000000000000195e+00 3.648987036712169729e+00
2.979999999999999982e+00 3.670727380216121549e+00
2.990000000000000213e+00 3.690310373947620182e+00
3.000000000000000000e+00 3.708163476417064786e+00
