0.000000000000000000e+00 8.498741213637482916e-01 1.030027824772011158e+00
1.000000000000000021e-02 8.725699595245360873e-01 1.051491242667770498e+00
2.000000000000000042e-02 9.354265856707340010e-01 1.193695172685360406e+00
2.999999999999999889e-02 1.025902093249236202e+00 1.456403409443224994e+00
4.000000000000000083e-02 1.225977272913729932e+00 2.940006544584953474e+00
5.000000000000000278e-02 3.067117843070796379e+00 3.257108681067653944e+00
5.999999999999999778e-02 3.149027578544932204e+00 3.190145731362981074e+00
7.000000000000000666e-02 3.149866710635685685e+00 3.188205410469508116e+00
8.000000000000000167e-02 3.150329343378047042e+00 3.186912571452160670e+00
8.999999999999999667e-02 3.150536370724226209e+00 3.186438814546082909e+00
1.000000000000000056e-01 3.150579369309139288e+00 3.186425789477634218e+00
1.100000000000000006e-01 3.150657575828009094e+00 3.186249401625222966e+00
1.199999999999999956e-01 3.150787954748238917e+00 3.185792526828680415e+00
1.300000000000000044e-01 3.150946530997045247e+00 3.185525981152765862e+00
1.400000000000000133e-01 3.151049274551698698e+00 3.185268770377805314e+00
1.499999999999999944e-01 3.151073180892931536e+00 3.185194709770215571e+00
1.600000000000000033e-01 3.151184163538214733e+00 3.184999535483124866e+00
1.700000000000000122e-01 3.151230258238274295e+00 3.184882133386176761e+00
1.799999999999999933e-01 3.151472195512766028e+00 3.184326096723562038e+00
1.900000000000000022e-01 3.151578516686098119e+00 3.183853793532712473e+00
2.000000000000000111e-01 3.151696958038329388e+00 3.183203795602798980e+00
2.099999999999999922e-01 3.151857140020194681e+00 3.182778248487648565e+00
2.200000000000000011e-01 3.151885095873782294e+00 3.182674186705639396e+00
2.300000000000000100e-01 3.151873127471095604e+00 3.182659885987156212e+00
2.399999999999999911e-01 3.151875917456751885e+00 3.182653086497182038e+00
2.500000000000000000e-01 3.151870344879498020e+00 3.182645644333491397e+00
2.600000000000000089e-01 3.151854545483125936e+00 3.182572014651761538e+00
2.700000000000000178e-01 3.151840114818237115e+00 3.182510370826103330e+00
2.800000000000000266e-01 3.151714552750766174e+00 3.182394161171734126e+00
2.899999999999999800e-01 3.151560945830455651e+00 3.182158107051739293e+00
2.999999999999999889e-01 3.151160717469180472e+00 3.182079933427845564e+00
3.099999999999999978e-01 3.151120178589111642e+00 3.181767694669478619e+00
3.200000000000000067e-01 3.151284989288487992e+00 3.181184289867243109e+00
3.300000000000000155e-01 3.151239313508874318e+00 3.181011041019552898e+00
3.400000000000000244e-01 3.151262726732047437e+00 3.180750748905388559e+00
3.500000000000000333e-01 3.151193205105281336e+00 3.180624675262951229e+00
3.599999999999999867e-01 3.151030239440396397e+00 3.180449778269335948e+00
3.699999999999999956e-01 3.150931840428080388e+00 3.180084060899052378e+00
3.800000000000000044e-01 3.150578169006275964e+00 3.179690380221438240e+00
3.900000000000000133e-01 3.150552778461217063e+00 3.179100663287402373e+00
4.000000000000000222e-01 3.150542562994731011e+00 3.178733987207639000e+00
4.100000000000000311e-01 3.150488939060805738e+00 3.178232902317406516e+00
4.199999999999999845e-01 3.150404265178624374e+00 3.178022250877436061e+00
4.299999999999999933e-01 3.150330325050202163e+00 3.177825867200049892e+00
4.400000000000000022e-01 3.150353546604739652e+00 3.177639645872486707e+00
4.500000000000000111e-01 3.150393035918487961e+00 3.177514963310943408e+00
4.600000000000000200e-01 3.150352423005402080e+00 3.177418233213126442e+00
4.700000000000000289e-01 3.150274447998297589e+00 3.177375522194611612e+00
4.799999999999999822e-01 3.150279638116614489e+00 3.177366658584816594e+00
4.899999999999999911e-01 3.150276717356181422e+00 3.177379270454907534e+00
5.000000000000000000e-01 3.150269784581616328e+00 3.177406496708438333e+00
5.100000000000000089e-01 3.150276243480343741e+00 3.177397902876239133e+00
5.200000000000000178e-01 3.150279616377421377e+00 3.177397110578946027e+00
5.300000000000000266e-01 3.150280019742360160e+00 3.177404477327952392e+00
5.400000000000000355e-01 3.150281912954015162e+00 3.177420086896257878e+00
5.500000000000000444e-01 3.150273377115540896e+00 3.177441180617995187e+00
5.600000000000000533e-01 3.150259922124009737e+00 3.177476846021551449e+00
5.700000000000000622e-01 3.150211682261446100e+00 3.177595851064703325e+00
5.799999999999999600e-01 3.150145535769377503e+00 3.177759863004769869e+00
5.899999999999999689e-01 3.150131055048188689e+00 3.177801802570142886e+00
5.999999999999999778e-01 3.150084515220028525e+00 3.177967155345576611e+00
6.099999999999999867e-01 3.150044359244419834e+00 3.178062179790423603e+00
6.199999999999999956e-01 3.149974992432609255e+00 3.178257478928551372e+00
6.300000000000000044e-01 3.149921499057749763e+00 3.178477376908322327e+00
6.400000000000000133e-01 3.149752097152711983e+00 3.178946518913266850e+00
6.500000000000000222e-01 3.149549657198281505e+00 3.179570170096068349e+00
6.600000000000000311e-01 3.149349289071464053e+00 3.180102093231773619e+00
6.700000000000000400e-01 3.149247741050070992e+00 3.180374634748154072e+00
6.800000000000000488e-01 3.149136874951024012e+00 3.180783935705523646e+00
6.900000000000000577e-01 3.149032759617836685e+00 3.181189062763182474e+00
7.000000000000000666e-01 3.148820768509835055e+00 3.181726581834823264e+00
7.099999999999999645e-01 3.148703825999509487e+00 3.182050105499018233e+00
7.199999999999999734e-01 3.148325691136040660e+00 3.183067235142073237e+00
7.299999999999999822e-01 3.147656898530156067e+00 3.184499446284144053e+00
7.399999999999999911e-01 3.146471121306927632e+00 3.186892661389796100e+00
7.500000000000000000e-01 3.144624031370579331e+00 3.190731661116183560e+00
7.600000000000000089e-01 3.141669308095995650e+00 3.196724886549886069e+00
7.700000000000000178e-01 3.138820301068613094e+00 3.202783318735769047e+00
7.800000000000000266e-01 3.135188130907915482e+00 3.211024920082188761e+00
7.900000000000000355e-01 3.131720667731552332e+00 3.220594180796355843e+00
8.000000000000000444e-01 3.129097815834027241e+00 3.229710438989657373e+00
8.100000000000000533e-01 3.127264512927061535e+00 3.238531726453774962e+00
8.200000000000000622e-01 3.125922067041755348e+00 3.247307607249855010e+00
8.300000000000000711e-01 3.124807885079564418e+00 3.256546168145952880e+00
8.399999999999999689e-01 3.124038773863498708e+00 3.266271059930140996e+00
8.499999999999999778e-01 3.123447262854642581e+00 3.276240664753847120e+00
8.599999999999999867e-01 3.122262108018823756e+00 3.293200964185766022e+00
8.699999999999999956e-01 3.122561263542854793e+00 3.309125713857925088e+00
8.800000000000000044e-01 3.119411332387137747e+00 3.338092067619156111e+00
8.900000000000000133e-01 3.112353847764510295e+00 3.402052053505402629e+00
9.000000000000000222e-01 3.115248669588554620e+00 3.461805227229606707e+00
9.100000000000000311e-01 3.128307929255072839e+00 3.511207817972595624e+00
9.200000000000000400e-01 3.139462607362316859e+00 3.564965299713565017e+00
9.300000000000000488e-01 3.148239297961202166e+00 3.588495847416910411e+00
9.400000000000000577e-01 3.161754228811572087e+00 3.622870343041112218e+00
9.500000000000000666e-01 3.178540650824461355e+00 3.660359758125391050e+00
9.599999999999999645e-01 3.201407981758224608e+00 3.714068494143378807e+00
9.699999999999999734e-01 3.229396950844432901e+00 3.766580473677013430e+00
9.799999999999999822e-01 3.259200415555023600e+00 3.808023927320456803e+00
9.899999999999999911e-01 3.291839433495909795e+00 3.849429043400376393e+00
1.000000000000000000e+00 3.335617517720588676e+00 3.886188177093139462e+00
1.010000000000000009e+00 3.394890776739458715e+00 3.923173798160214609e+00
1.020000000000000018e+00 3.449622923414417563e+00 3.946832538702777171e+00
1.030000000000000027e+00 3.515709312071865433e+00 3.963901594405109030e+00
1.040000000000000036e+00 3.565687197097382022e+00 3.971683691612640121e+00
1.050000000000000044e+00 3.600351343061551912e+00 3.975995396001711146e+00
1.060000000000000053e+00 3.620542459243257571e+00 3.978289294501821782e+00
1.070000000000000062e+00 3.643180686612625063e+00 3.979700642685394474e+00
1.080000000000000071e+00 3.657219879108521088e+00 3.980994410933402339e+00
1.090000000000000080e+00 3.667928824845383406e+00 3.981994152254034969e+00
1.100000000000000089e+00 3.683349671798902047e+00 3.981553383163256132e+00
1.110000000000000098e+00 3.695407586039404002e+00 3.981234579616685920e+00
1.120000000000000107e+00 3.712949892148364128e+00 3.979633709269177366e+00
1.130000000000000115e+00 3.730257495346237739e+00 3.977692234573195762e+00
1.140000000000000124e+00 3.746896850821412883e+00 3.974636890695654401e+00
1.150000000000000133e+00 3.754820754978671626e+00 3.972457852876171369e+00
1.159999999999999920e+00 3.756684924397344805e+00 3.971795596132401851e+00
1.169999999999999929e+00 3.740826663187795553e+00 3.982545215021318086e+00
1.179999999999999938e+00 3.703492997742630077e+00 4.002302981614135113e+00
1.189999999999999947e+00 3.654542638732045212e+00 4.024751703404337633e+00
1.199999999999999956e+00 3.605624237455057113e+00 4.041968461672140300e+00
1.209999999999999964e+00 3.520852624076876936e+00 4.061412660752262482e+00
1.219999999999999973e+00 3.417208529792781668e+00 4.067641945184711894e+00
1.229999999999999982e+00 3.316200135950325478e+00 4.055495595017196919e+00
1.239999999999999991e+00 3.141379657549813853e+00 3.990062299976393501e+00
1.250000000000000000e+00 2.971456590162135925e+00 3.857848574413440979e+00
1.260000000000000009e+00 2.861021346119424269e+00 3.682584001480558644e+00
1.270000000000000018e+00 2.810628175623445468e+00 3.468198815219373454e+00
1.280000000000000027e+00 2.817684944440397743e+00 3.331642285674538684e+00
1.290000000000000036e+00 2.834975261457761686e+00 3.251597375904718756e+00
1.300000000000000044e+00 2.862602786045556069e+00 3.168211764215941084e+00
1.310000000000000053e+00 2.891601411499563845e+00 3.108951729431565170e+00
1.320000000000000062e+00 2.911273446712543400e+00 3.076168656430195103e+00
1.330000000000000071e+00 2.941544586265958383e+00 3.032013364087663643e+00
1.340000000000000080e+00 2.952469438783734468e+00 3.020612817194849420e+00
1.350000000000000089e+00 2.954982528236361539e+00 3.019969898159054367e+00
1.360000000000000098e+00 2.956915108592337305e+00 3.019286904399567817e+00
1.370000000000000107e+00 2.957900800878430214e+00 3.019088985560511862e+00
1.380000000000000115e+00 2.958352880686795583e+00 3.019324817954027740e+00
1.390000000000000124e+00 2.959032668822513923e+00 3.019360443927539439e+00
1.400000000000000133e+00 2.959308066173616858e+00 3.019560985883649629e+00
1.409999999999999920e+00 2.959554959661916396e+00 3.019523996045633485e+00
1.419999999999999929e+00 2.959588460083133032e+00 3.019540495438450822e+00
1.429999999999999938e+00 2.959600793073250635e+00 3.019555514209197433e+00
1.439999999999999947e+00 2.959626811161612192e+00 3.019594770044709886e+00
1.449999999999999956e+00 2.959626811161612192e+00 3.019594770044709886e+00
1.459999999999999964e+00 2.959636288818860095e+00 3.019617876344179663e+00
1.469999999999999973e+00 2.959651051952850942e+00 3.019648896830069873e+00
1.479999999999999982e+00 2.959657418610924129e+00 3.019659690654403317e+00
1.489999999999999991e+00 2.959671411014810349e+00 3.019681185425505010e+00
1.500000000000000000e+00 2.959671972036721943e+00 3.019682272224066377e+00
1.510000000000000009e+00 2.959680133588891149e+00 3.019703808318991545e+00
1.520000000000000018e+00 2.959683988758358808e+00 3.019720174850192507e+00
1.530000000000000027e+00 2.959708761182784809e+00 3.019754846381187630e+00
1.540000000000000036e+00 2.959760730255138750e+00 3.019861156961428872e+00
1.550000000000000044e+00 2.959778496920808522e+00 3.019902736933484988e+00
1.560000000000000053e+00 2.959789201743338261e+00 3.019921147063042710e+00
1.570000000000000062e+00 2.959828440809737060e+00 3.020004276012887345e+00
1.580000000000000071e+00 2.959825752788903586e+00 3.020045204423544405e+00
1.590000000000000080e+00 2.959811287857905260e+00 3.020049191458805904e+00
1.600000000000000089e+00 2.959793070795149639e+00 3.020047596142678259e+00
1.610000000000000098e+00 2.959742700155549855e+00 3.019849814135259436e+00
1.620000000000000107e+00 2.959662689336949537e+00 3.019633337288683439e+00
1.630000000000000115e+00 2.958317632271755926e+00 3.021569335277567880e+00
1.640000000000000124e+00 2.953897086866691168e+00 3.028273607670471712e+00
1.650000000000000133e+00 2.952651411206975052e+00 3.029969522368654911e+00
1.660000000000000142e+00 2.950632580725091714e+00 3.034332535322767477e+00
1.669999999999999929e+00 2.950305893843219618e+00 3.034722812735988651e+00
1.679999999999999938e+00 2.950040006640637813e+00 3.035097838866030351e+00
1.689999999999999947e+00 2.949857749539953389e+00 3.035857896827119262e+00
1.699999999999999956e+00 2.949749400712374570e+00 3.037259841712590447e+00
1.709999999999999964e+00 2.949568243037952175e+00 3.038619346636043606e+00
1.719999999999999973e+00 2.949497428927750242e+00 3.039231772493987016e+00
1.729999999999999982e+00 2.949326852949293976e+00 3.040126181890336010e+00
1.739999999999999991e+00 2.949303874619578991e+00 3.040262564150714830e+00
1.750000000000000000e+00 2.949304661566663821e+00 3.040698252256464063e+00
1.760000000000000009e+00 2.949136876369886640e+00 3.041196540139741611e+00
1.770000000000000018e+00 2.948876348041753470e+00 3.041659877863664985e+00
1.780000000000000027e+00 2.948579904633107152e+00 3.041813206772265854e+00
1.790000000000000036e+00 2.948598218916830938e+00 3.041992965012612515e+00
1.800000000000000044e+00 2.943826079274588281e+00 3.048451259144372649e+00
1.810000000000000053e+00 2.922167845238964112e+00 3.078534722686488756e+00
1.820000000000000062e+00 2.871808170088387513e+00 3.163764907137297300e+00
1.830000000000000071e+00 2.822275348260798733e+00 3.305104351093372639e+00
1.840000000000000080e+00 2.808315712281555854e+00 3.472752196401267533e+00
1.850000000000000089e+00 2.843986131518732474e+00 3.660746806532491515e+00
1.860000000000000098e+00 2.933528263268033953e+00 3.835382501650293818e+00
1.870000000000000107e+00 3.049299807343163415e+00 3.963149032531104510e+00
1.880000000000000115e+00 3.187161586904226684e+00 4.053457662005722995e+00
1.890000000000000124e+00 3.351915505832175679e+00 4.110643433338661445e+00
1.900000000000000133e+00 3.516786173390740622e+00 4.123617641993170935e+00
1.910000000000000142e+00 3.665403837000514198e+00 4.098201832359647412e+00
1.919999999999999929e+00 3.763520186848667848e+00 4.062423071212741377e+00
1.929999999999999938e+00 3.820578153888764650e+00 4.031770254953322308e+00
1.939999999999999947e+00 3.865674021168845176e+00 4.001680307864051933e+00
1.949999999999999956e+00 3.887915631524658799e+00 3.984532765811347410e+00
1.959999999999999964e+00 3.896081387104694649e+00 3.978180097565944706e+00
1.969999999999999973e+00 3.897450568968541695e+00 3.977117757871859283e+00
1.979999999999999982e+00 3.897667953096175086e+00 3.977153898872590521e+00
1.989999999999999991e+00 3.898354914017849282e+00 3.976885161298580051e+00
2.000000000000000000e+00 3.898513614045513886e+00 3.976920144604311869e+00
2.010000000000000231e+00 3.898938009279099060e+00 3.976872495824965714e+00
2.020000000000000018e+00 3.899429206187120300e+00 3.976684861901411239e+00
2.030000000000000249e+00 3.900092809151018969e+00 3.976474418803845445e+00
2.040000000000000036e+00 3.900730157904268136e+00 3.976334911265730465e+00
2.049999999999999822e+00 3.901163808889042794e+00 3.976274743843424719e+00
2.060000000000000053e+00 3.901558029879374612e+00 3.976198160177426555e+00
2.069999999999999840e+00 3.901867057195170574e+00 3.976196778692738576e+00
2.080000000000000071e+00 3.902184455140323749e+00 3.976183446780948927e+00
2.089999999999999858e+00 3.902650485835128968e+00 3.976114171628898575e+00
2.100000000000000089e+00 3.902954666861668365e+00 3.976095432549342057e+00
2.109999999999999876e+00 3.903355420443857859e+00 3.976055679447804359e+00
2.120000000000000107e+00 3.903792613204177808e+00 3.976030700089279168e+00
2.129999999999999893e+00 3.904018094266478389e+00 3.976003048182900290e+00
2.140000000000000124e+00 3.904331876607887608e+00 3.976013610352523209e+00
2.149999999999999911e+00 3.904588852719207193e+00 3.975994868131737636e+00
2.160000000000000142e+00 3.904813572753689677e+00 3.975980852962710088e+00
2.169999999999999929e+00 3.904995613657016307e+00 3.976052350877743002e+00
2.180000000000000160e+00 3.905164928833067428e+00 3.976046777061402970e+00
2.189999999999999947e+00 3.905192719965055570e+00 3.976069304385111192e+00
2.200000000000000178e+00 3.905425119044417581e+00 3.976123517005806907e+00
2.209999999999999964e+00 3.905520183516152599e+00 3.976175896653525221e+00
2.220000000000000195e+00 3.905527795265391955e+00 3.976192400409504391e+00
2.229999999999999982e+00 3.905545711684759169e+00 3.976197929853860558e+00
2.240000000000000213e+00 3.905545711684759169e+00 3.976197929853860558e+00
2.250000000000000000e+00 3.905545711684759169e+00 3.976197929853860558e+00
2.260000000000000231e+00 3.905512512739341080e+00 3.976193080593902973e+00
2.270000000000000018e+00 3.905496093907548705e+00 3.976186355924413718e+00
2.280000000000000249e+00 3.905453954239517245e+00 3.976174235481590102e+00
2.290000000000000036e+00 3.905422158503605079e+00 3.976158339443134349e+00
2.300000000000000266e+00 3.905309512876790734e+00 3.976120432263094528e+00
2.310000000000000053e+00 3.905279036606987386e+00 3.976090216046134440e+00
2.319999999999999840e+00 3.905267741386381442e+00 3.976078376906426737e+00
2.330000000000000071e+00 3.905268316585869925e+00 3.976078913376478674e+00
2.339999999999999858e+00 3.905269188963587101e+00 3.976072930725400578e+00
2.350000000000000089e+00 3.905269516047075395e+00 3.976070029188558674e+00
2.359999999999999876e+00 3.905269497119599809e+00 3.976070003765409755e+00
2.370000000000000107e+00 3.905269497119599809e+00 3.976070003765409755e+00
2.379999999999999893e+00 3.905269654063579399e+00 3.976068716149928850e+00
2.390000000000000124e+00 3.905269654063579399e+00 3.976068716149928850e+00
2.399999999999999911e+00 3.905315594959082759e+00 3.976064276452240698e+00
2.410000000000000142e+00 3.905325549961908393e+00 3.976068926909581691e+00
2.419999999999999929e+00 3.905442030606840476e+00 3.976066618761445959e+00
2.430000000000000160e+00 3.905564432984588219e+00 3.976066205142739118e+00
2.439999999999999947e+00 3.905734325849324229e+00 3.976073878463000533e+00
2.450000000000000178e+00 3.905895053061483324e+00 3.976089112425806427e+00
2.459999999999999964e+00 3.906082521767481275e+00 3.976089292712346790e+00
2.470000000000000195e+00 3.906178743600556835e+00 3.976099407701780386e+00
2.479999999999999982e+00 3.906359382924911916e+00 3.976124627127769262e+00
2.490000000000000213e+00 3.906462361933207728e+00 3.976150884269261443e+00
2.500000000000000000e+00 3.906436536396126424e+00 3.976163892576118020e+00
2.510000000000000231e+00 3.906502798622183192e+00 3.976206373493142543e+00
2.520000000000000018e+00 3.906459666945269582e+00 3.976217835934827249e+00
2.530000000000000249e+00 3.906291620911002127e+00 3.976223841072678233e+00
2.540000000000000036e+00 3.905827085783470043e+00 3.976416487939369748e+00
2.550000000000000266e+00 3.905630775410850131e+00 3.976457301705162539e+00
2.560000000000000053e+00 3.905312600097949005e+00 3.976601013154690722e+00
2.569999999999999840e+00 3.904816858800793433e+00 3.976795289784526233e+00
2.580000000000000071e+00 3.903354988078976184e+00 3.977363075904941425e+00
2.589999999999999858e+00 3.902620238171163436e+00 3.977613893017228897e+00
2.600000000000000089e+00 3.901528086010089158e+00 3.978104533022770450e+00
2.609999999999999876e+00 3.901205060380276368e+00 3.978338871146861688e+00
2.620000000000000107e+00 3.900033004017944727e+00 3.979062556494597835e+00
2.629999999999999893e+00 3.896358235325515285e+00 3.981118816924392956e+00
2.640000000000000124e+00 3.892565151996155048e+00 3.983328653908233097e+00
2.649999999999999911e+00 3.890043946269437392e+00 3.984536163107470053e+00
2.660000000000000142e+00 3.888041016036893005e+00 3.985391857679461580e+00
2.669999999999999929e+00 3.886376869062154960e+00 3.985984686728746063e+00
2.680000000000000160e+00 3.883369825023255117e+00 3.987255910321631625e+00
2.689999999999999947e+00 3.881583810991426908e+00 3.988046823120931172e+00
2.700000000000000178e+00 3.878703219662249069e+00 3.989363939537465598e+00
2.709999999999999964e+00 3.877323176661594761e+00 3.990100750655070971e+00
2.720000000000000195e+00 3.871969257880774506e+00 3.993656723020943211e+00
2.729999999999999982e+00 3.868239141818321514e+00 3.995936575220786935e+00
2.740000000000000213e+00 3.863278618598575687e+00 3.998741927480106373e+00
2.750000000000000000e+00 3.859278146760055872e+00 4.000454984877516829e+00
2.760000000000000231e+00 3.848757082294754106e+00 4.006563403902717369e+00
2.770000000000000018e+00 3.833485922737060569e+00 4.015414519252837877e+00
2.780000000000000249e+00 3.825407520538824269e+00 4.019662780288201454e+00
2.790000000000000036e+00 3.813691736150577327e+00 4.025642895697758128e+00
2.800000000000000266e+00 3.803928983152329746e+00 4.030271065585196766e+00
2.810000000000000053e+00 3.631255056814751914e+00 4.147340372724928947e+00
2.819999999999999840e+00 2.712495935281942216e+00 4.366209921272566241e+00
2.830000000000000071e+00 1.294581804313025497e+00 3.229593173645177284e+00
2.839999999999999858e+00 1.423045121688092607e+00 1.980274454038893239e+00
2.850000000000000089e+00 1.579848993624850539e+00 1.754393698681190994e+00
2.859999999999999876e+00 1.579797293714083839e+00 1.754362251666985451e+00
2.870000000000000107e+00 1.579795749384257819e+00 1.754361545458938965e+00
2.879999999999999893e+00 1.506837681135505980e+00 1.850795977094798817e+00
2.890000000000000124e+00 1.468752455015948755e+00 1.907189365171619855e+00
2.899999999999999911e+00 1.294211346779595928e+00 2.298688091239202702e+00
2.910000000000000142e+00 1.420534788150400018e+00 3.403333575902372843e+00
2.919999999999999929e+00 2.586154793661022744e+00 4.188014573282813124e+00
2.930000000000000160e+00 3.089774744609298907e+00 4.157565871764717258e+00
2.939999999999999947e+00 3.392495336634056002e+00 4.053127914146049449e+00
2.950000000000000178e+00 3.619067217713675344e+00 3.921137696551003859e+00
2.959999999999999964e+00 3.732321560245440928e+00 3.831098239630772007e+00
2.970000000000000195e+00 3.738293335193712430e+00 3.827206302500646196e+00
2.979999999999999982e+00 3.745320561236840540e+00 3.822540811524885562e+00
2.990000000000000213e+00 3.755818276485647811e+00 3.814871463580880917e+00
3.000000000000000000e+00 3.768051734278730525e+00 3.805134130784936897e+00
