0.000000000000000000e+00 1.064973254721288454e+00 1.259111731115455823e+00
1.000000000000000021e-02 1.064976791468231987e+00 1.259104991927773476e+00
2.000000000000000042e-02 6.506474821002081743e-01 2.277063611342232008e+00
2.999999999999999889e-02 3.603443584761944152e+00 4.119989024092826746e+00
4.000000000000000083e-02 3.793381603443598760e+00 3.977639628155255291e+00
5.000000000000000278e-02 3.793381603443598760e+00 3.977639628155255291e+00
5.999999999999999778e-02 3.793381603443598760e+00 3.977639628155255291e+00
7.000000000000000666e-02 3.761408041796148183e+00 3.997158613052904208e+00
8.000000000000000167e-02 3.667461880215095782e+00 4.041529878946853671e+00
8.999999999999999667e-02 3.478391660444431821e+00 4.083893152740306398e+00
1.000000000000000056e-01 3.206929130880152190e+00 4.047770358279432656e+00
1.100000000000000006e-01 2.952202647427312421e+00 3.891086003404863547e+00
1.199999999999999956e-01 2.794727502215518022e+00 3.665704452630864196e+00
1.300000000000000044e-01 2.729441277739875549e+00 3.431471654579765218e+00
1.400000000000000133e-01 2.732209915013476209e+00 3.270936281976536630e+00
1.499999999999999944e-01 2.756628574087679695e+00 3.161256678492962990e+00
1.600000000000000033e-01 2.777078741599505740e+00 3.098924248302990847e+00
1.700000000000000122e-01 2.804246223490534984e+00 3.039756438443363518e+00
1.799999999999999933e-01 2.818930898473591018e+00 3.014544373995929671e+00
1.900000000000000022e-01 2.834995775045470179e+00 2.997110856929703804e+00
2.000000000000000111e-01 2.843233760692664536e+00 2.995126665318421200e+00
2.099999999999999922e-01 2.845764627789645562e+00 2.994730266929478635e+00
2.200000000000000011e-01 2.847728631724335546e+00 2.994528593293212193e+00
2.300000000000000100e-01 2.849907773887397244e+00 2.994174101875542338e+00
2.399999999999999911e-01 2.853337959577756600e+00 2.993507499850077025e+00
2.500000000000000000e-01 2.859165415214290906e+00 2.991625169826754860e+00
2.600000000000000089e-01 2.864766652368728739e+00 2.989696647330100543e+00
2.700000000000000178e-01 2.869612079383493608e+00 2.988513523391126192e+00
2.800000000000000266e-01 2.873041761820741780e+00 2.987643035842947103e+00
2.899999999999999800e-01 2.882285591867183694e+00 2.985010846993709333e+00
2.999999999999999889e-01 2.894859913320089184e+00 2.979902435379480075e+00
3.099999999999999978e-01 2.900711047391621111e+00 2.977467388077052579e+00
3.200000000000000067e-01 2.909136872367002802e+00 2.973254466935060236e+00
3.300000000000000155e-01 2.915847437144193144e+00 2.969152955297556851e+00
3.400000000000000244e-01 2.916656594566847893e+00 2.968690588174316858e+00
3.500000000000000333e-01 2.916666547492702488e+00 2.968689962054531062e+00
3.599999999999999867e-01 2.916688028720610060e+00 2.968690707379586957e+00
3.699999999999999956e-01 2.916700792244422136e+00 2.968687674190056303e+00
3.800000000000000044e-01 2.916712545476409346e+00 2.968686784591224814e+00
3.900000000000000133e-01 2.916721978161810558e+00 2.968686975638390901e+00
4.000000000000000222e-01 2.916721978161810558e+00 2.968686975638390901e+00
4.100000000000000311e-01 2.916721758011921128e+00 2.968688078366176430e+00
4.199999999999999845e-01 2.916720493355033028e+00 2.968684937200310792e+00
4.299999999999999933e-01 2.916715355361064965e+00 2.968676490532795142e+00
4.400000000000000022e-01 2.916714750110531273e+00 2.968677993715381103e+00
4.500000000000000111e-01 2.916715345900844802e+00 2.968678009173084220e+00
4.600000000000000200e-01 2.916709944869388504e+00 2.968691197942387117e+00
4.700000000000000289e-01 2.916709951019639924e+00 2.968691613001470664e+00
4.799999999999999822e-01 2.916710047145930407e+00 2.968691745122822301e+00
4.899999999999999911e-01 2.916711034194130470e+00 2.968692886413436760e+00
5.000000000000000000e-01 2.916720989135741515e+00 2.968700295792580324e+00
5.100000000000000089e-01 2.916722879900708776e+00 2.968700479178652429e+00
5.200000000000000178e-01 2.916732060490716094e+00 2.968717732876669402e+00
5.300000000000000266e-01 2.916731882139571574e+00 2.968717851804367314e+00
5.400000000000000355e-01 2.916732353170707448e+00 2.968745549003288353e+00
5.500000000000000444e-01 2.916730602573995856e+00 2.968752521667833211e+00
5.600000000000000533e-01 2.916730352309505392e+00 2.968777006661136753e+00
5.700000000000000622e-01 2.916717057642376876e+00 2.968801294971072036e+00
5.799999999999999600e-01 2.916721098265870449e+00 2.968781413569228089e+00
5.899999999999999689e-01 2.916709971567281290e+00 2.968854459942690038e+00
5.999999999999999778e-01 2.916699109120066691e+00 2.968884628978078144e+00
6.099999999999999867e-01 2.916661129953687315e+00 2.968945822260553591e+00
6.199999999999999956e-01 2.916648463079062559e+00 2.968936567405137339e+00
6.300000000000000044e-01 2.916603977073956688e+00 2.968979873672198178e+00
6.400000000000000133e-01 2.916596353967622068e+00 2.969006058136984816e+00
6.500000000000000222e-01 2.916589641416020839e+00 2.969038607060960899e+00
6.600000000000000311e-01 2.916562220777524583e+00 2.969070406924234629e+00
6.700000000000000400e-01 2.916520549838037990e+00 2.969205933225659511e+00
6.800000000000000488e-01 2.916450014321907869e+00 2.969242923958197888e+00
6.900000000000000577e-01 2.915730977741020080e+00 2.970243408955794973e+00
7.000000000000000666e-01 2.913054208594000993e+00 2.974659215773904020e+00
7.099999999999999645e-01 2.910697535716386231e+00 2.978989333380369420e+00
7.199999999999999734e-01 2.908466244607458950e+00 2.983224169635285694e+00
7.299999999999999822e-01 2.906280496362815491e+00 2.987737756725182159e+00
7.399999999999999911e-01 2.902722541792774003e+00 2.995022764594173381e+00
7.500000000000000000e-01 2.899768479784268660e+00 3.001835887595873498e+00
7.600000000000000089e-01 2.896675591278004003e+00 3.010573379387927684e+00
7.700000000000000178e-01 2.892581989079932914e+00 3.023893792623062016e+00
7.800000000000000266e-01 2.888346393842185389e+00 3.040208729987656344e+00
7.900000000000000355e-01 2.885626061421754596e+00 3.058458303154585334e+00
8.000000000000000444e-01 2.883907305909553465e+00 3.081867577212890730e+00
8.100000000000000533e-01 2.885208028489586685e+00 3.108958151014807658e+00
8.200000000000000622e-01 2.890380309647480495e+00 3.138408174706539100e+00
8.300000000000000711e-01 2.899868482997201014e+00 3.168635331437804403e+00
8.399999999999999689e-01 2.914765784923129210e+00 3.199474046567387653e+00
8.499999999999999778e-01 2.935804139663372503e+00 3.232740547502841899e+00
8.599999999999999867e-01 2.959642651397762947e+00 3.257665562828005790e+00
8.699999999999999956e-01 2.988114085361012418e+00 3.279259262960902088e+00
8.800000000000000044e-01 3.022026400699890480e+00 3.297875300459586434e+00
8.900000000000000133e-01 3.058449827300842028e+00 3.310338110807602430e+00
9.000000000000000222e-01 3.085262045617933158e+00 3.316693233908777128e+00
9.100000000000000311e-01 3.111148301318423570e+00 3.321943570434314985e+00
9.200000000000000400e-01 3.132434629308824103e+00 3.323501466319914055e+00
9.300000000000000488e-01 3.147628173740118385e+00 3.324711950833589391e+00
9.400000000000000577e-01 3.159540551167924871e+00 3.320630145972768954e+00
9.500000000000000666e-01 3.165881019563628662e+00 3.327127759776161930e+00
9.599999999999999645e-01 3.167548449092251417e+00 3.332733415183680492e+00
9.699999999999999734e-01 3.170796646912148464e+00 3.339210043909499159e+00
9.799999999999999822e-01 3.179503602329466272e+00 3.332300015581872277e+00
9.899999999999999911e-01 3.183033174573889124e+00 3.329707696106920078e+00
1.000000000000000000e+00 3.190845213919637047e+00 3.319748151682856196e+00
1.010000000000000009e+00 3.199347175594336345e+00 3.309857117909424939e+00
1.020000000000000018e+00 3.206201755522262609e+00 3.301613592516410733e+00
1.030000000000000027e+00 3.213025823333150122e+00 3.293973083636873689e+00
1.040000000000000036e+00 3.216371094891739446e+00 3.292269837339209637e+00
1.050000000000000044e+00 3.219101473743026798e+00 3.290081826165610845e+00
1.060000000000000053e+00 3.222030264289316825e+00 3.286595402343335692e+00
1.070000000000000062e+00 3.225813158492959243e+00 3.283323951320731293e+00
1.080000000000000071e+00 3.226718370890540477e+00 3.282417291131096704e+00
1.090000000000000080e+00 3.227819252800570471e+00 3.281806458382977798e+00
1.100000000000000089e+00 3.229904227206627176e+00 3.280459862220367562e+00
1.110000000000000098e+00 3.231989660116996177e+00 3.279053701222572670e+00
1.120000000000000107e+00 3.233052061856682702e+00 3.278342779246871341e+00
1.130000000000000115e+00 3.235819063524895345e+00 3.276609685769385383e+00
1.140000000000000124e+00 3.237042829912774256e+00 3.275703177033789881e+00
1.150000000000000133e+00 3.237754672645959619e+00 3.275119868021574288e+00
1.159999999999999920e+00 3.238497782604631503e+00 3.274528923451963003e+00
1.169999999999999929e+00 3.238635442650938057e+00 3.274340677930688503e+00
1.179999999999999938e+00 3.238716173263164855e+00 3.274266808924106265e+00
1.189999999999999947e+00 3.238850712224722095e+00 3.274101565769433897e+00
1.199999999999999956e+00 3.238993417867753077e+00 3.273850466175940443e+00
1.209999999999999964e+00 3.239057705882905314e+00 3.273748878728033329e+00
1.219999999999999973e+00 3.239109961992844511e+00 3.273656983908072249e+00
1.229999999999999982e+00 3.239262785483087104e+00 3.273463350228583035e+00
1.239999999999999991e+00 3.239336237707371779e+00 3.273341212019686530e+00
1.250000000000000000e+00 3.239340509530937773e+00 3.273334242880904910e+00
1.260000000000000009e+00 3.239383818287320249e+00 3.273323371649317526e+00
1.270000000000000018e+00 3.239452797362515124e+00 3.273242184827617418e+00
1.280000000000000027e+00 3.239533030408582093e+00 3.273124863783159810e+00
1.290000000000000036e+00 3.239584894304612384e+00 3.273059090590139775e+00
1.300000000000000044e+00 3.239605401012592978e+00 3.273059548538035379e+00
1.310000000000000053e+00 3.239605554604173321e+00 3.273055226974844523e+00
1.320000000000000062e+00 3.239610956904546146e+00 3.273049176500185897e+00
1.330000000000000071e+00 3.239614044497787670e+00 3.273049637052238392e+00
1.340000000000000080e+00 3.239655210451100054e+00 3.273065264650370843e+00
1.350000000000000089e+00 3.239671553420933048e+00 3.273071526117412144e+00
1.360000000000000098e+00 3.239733630039498102e+00 3.273097148754790631e+00
1.370000000000000107e+00 3.239772814595168526e+00 3.273087934868866178e+00
1.380000000000000115e+00 3.239783939660118683e+00 3.273089946367217173e+00
1.390000000000000124e+00 3.239796860546588775e+00 3.273092531328678056e+00
1.400000000000000133e+00 3.239831446304908713e+00 3.273095425595649477e+00
1.409999999999999920e+00 3.239879740361416349e+00 3.273108115864550971e+00
1.419999999999999929e+00 3.239908159215857619e+00 3.273110302817414219e+00
1.429999999999999938e+00 3.239920578080563551e+00 3.273113594211191746e+00
1.439999999999999947e+00 3.239930164342728958e+00 3.273116304678114652e+00
1.449999999999999956e+00 3.239937415251382014e+00 3.273117779722563903e+00
1.459999999999999964e+00 3.239937415251382014e+00 3.273117779722563903e+00
1.469999999999999973e+00 3.239957455836429467e+00 3.273122389468059446e+00
1.479999999999999982e+00 3.239957455836429467e+00 3.273122389468059446e+00
1.489999999999999991e+00 3.239957455836429467e+00 3.273122389468059446e+00
1.500000000000000000e+00 3.239959068202152626e+00 3.273123054195270054e+00
1.510000000000000009e+00 3.239969616462408109e+00 3.273126126406969316e+00
1.520000000000000018e+00 3.239990309081335340e+00 3.273130215978365065e+00
1.530000000000000027e+00 3.240007530855953721e+00 3.273137536678493387e+00
1.540000000000000036e+00 3.240008001967465745e+00 3.273137898668253776e+00
1.550000000000000044e+00 3.240008001967465745e+00 3.273137898668253776e+00
1.560000000000000053e+00 3.240007756823118701e+00 3.273137860189858639e+00
1.570000000000000062e+00 3.240012144970295438e+00 3.273139028559329589e+00
1.580000000000000071e+00 3.240012800148965866e+00 3.273139144993780114e+00
1.590000000000000080e+00 3.240012800148965866e+00 3.273139144993780114e+00
1.600000000000000089e+00 3.240032427618921407e+00 3.273146732008039184e+00
1.610000000000000098e+00 3.240038389200897484e+00 3.273149767360954421e+00
1.620000000000000107e+00 3.240059429640080868e+00 3.273155844383928592e+00
1.630000000000000115e+00 3.240067849263395416e+00 3.273158160062585864e+00
1.640000000000000124e+00 3.240068944483927016e+00 3.273158225811787947e+00
1.650000000000000133e+00 3.240061869037852205e+00 3.273156977931752643e+00
1.660000000000000142e+00 3.240061899914931320e+00 3.273156981196213788e+00
1.669999999999999929e+00 3.240069755393651274e+00 3.273157994955393502e+00
1.679999999999999938e+00 3.240066289056094284e+00 3.273157882763592319e+00
1.689999999999999947e+00 3.240071717751328961e+00 3.273159536411459847e+00
1.699999999999999956e+00 3.240071717751328961e+00 3.273159536411459847e+00
1.709999999999999964e+00 3.240073588481297229e+00 3.273159805168758041e+00
1.719999999999999973e+00 3.240073342825528613e+00 3.273159767201784476e+00
1.729999999999999982e+00 3.240073342825528613e+00 3.273159767201784476e+00
1.739999999999999991e+00 3.240073454159194455e+00 3.273159830848282326e+00
1.750000000000000000e+00 3.240073454159194455e+00 3.273159830848282326e+00
1.760000000000000009e+00 3.240073454159194455e+00 3.273159830848282326e+00
1.770000000000000018e+00 3.240077528159897913e+00 3.273159730341154816e+00
1.780000000000000027e+00 3.240073851109751324e+00 3.273159640549413218e+00
1.790000000000000036e+00 3.240073851109751324e+00 3.273159640549413218e+00
1.800000000000000044e+00 3.240073851109751324e+00 3.273159640549413218e+00
1.810000000000000053e+00 3.240061805076182466e+00 3.273161262298047269e+00
1.820000000000000062e+00 3.240045600976972473e+00 3.273165615625353020e+00
1.830000000000000071e+00 3.240041083500162955e+00 3.273165774100049497e+00
1.840000000000000080e+00 3.240032696018768199e+00 3.273166120252059663e+00
1.850000000000000089e+00 3.240028122933284127e+00 3.273166909520253132e+00
1.860000000000000098e+00 3.240025582203345245e+00 3.273167677045388579e+00
1.870000000000000107e+00 3.240022963484111784e+00 3.273168274509128395e+00
1.880000000000000115e+00 3.240023670594589955e+00 3.273172530171973182e+00
1.890000000000000124e+00 3.240022524002399429e+00 3.273172781626376704e+00
1.900000000000000133e+00 3.240021394694577062e+00 3.273177572094668975e+00
1.910000000000000142e+00 3.240022447399518501e+00 3.273184647532084046e+00
1.919999999999999929e+00 3.240015527951676244e+00 3.273193884594481684e+00
1.929999999999999938e+00 3.240012693951513700e+00 3.273201291763399023e+00
1.939999999999999947e+00 3.240015476968985286e+00 3.273205571014183857e+00
1.949999999999999956e+00 3.240011960281225178e+00 3.273208380361704251e+00
1.959999999999999964e+00 3.240013523949302421e+00 3.273213274856888066e+00
1.969999999999999973e+00 3.240016709375837856e+00 3.273216774324914091e+00
1.979999999999999982e+00 3.240022756530806181e+00 3.273228189332917371e+00
1.989999999999999991e+00 3.240031693738299801e+00 3.273239150621098048e+00
2.000000000000000000e+00 3.240046294334494981e+00 3.273248269044792380e+00
2.010000000000000231e+00 3.240050533557612855e+00 3.273256507930080605e+00
2.020000000000000018e+00 3.240051056491813242e+00 3.273257864363708691e+00
2.030000000000000249e+00 3.240054411920203936e+00 3.273265307737693863e+00
2.040000000000000036e+00 3.240055833445855793e+00 3.273267566817930518e+00
2.049999999999999822e+00 3.240053523805143776e+00 3.273267517364022439e+00
2.060000000000000053e+00 3.240053674025248132e+00 3.273267902593900214e+00
2.069999999999999840e+00 3.240057963108675665e+00 3.273271742053372790e+00
2.080000000000000071e+00 3.240061035166609926e+00 3.273279583710801077e+00
2.089999999999999858e+00 3.240055865475428121e+00 3.273279158571469338e+00
2.100000000000000089e+00 3.240056049273502659e+00 3.273283294918048369e+00
2.109999999999999876e+00 3.240060716406219399e+00 3.273291498197204774e+00
2.120000000000000107e+00 3.240061053473212382e+00 3.273291794217369599e+00
2.129999999999999893e+00 3.240067620382403479e+00 3.273296698584462039e+00
2.140000000000000124e+00 3.240069755900560011e+00 3.273299186169447594e+00
2.149999999999999911e+00 3.240077010804139679e+00 3.273308452519453571e+00
2.160000000000000142e+00 3.240079628774803489e+00 3.273323849871474955e+00
2.169999999999999929e+00 3.240079790389962522e+00 3.273324349042944892e+00
2.180000000000000160e+00 3.240082450744179443e+00 3.273323840015860409e+00
2.189999999999999947e+00 3.240082739274067425e+00 3.273322927835421670e+00
2.200000000000000178e+00 3.240083816987428200e+00 3.273324075692739754e+00
2.209999999999999964e+00 3.240085755938187262e+00 3.273335842081412927e+00
2.220000000000000195e+00 3.240085672824647656e+00 3.273337084924909934e+00
2.229999999999999982e+00 3.240086694744523488e+00 3.273335214191976927e+00
2.240000000000000213e+00 3.240086248994492379e+00 3.273357173647261753e+00
2.250000000000000000e+00 3.240082999884753345e+00 3.273368627460331748e+00
2.260000000000000231e+00 3.240083624566069354e+00 3.273368178636559378e+00
2.270000000000000018e+00 3.240083796476072475e+00 3.273368278781229268e+00
2.280000000000000249e+00 3.240083643464553464e+00 3.273368950939667510e+00
2.290000000000000036e+00 3.240055354318566838e+00 3.273444821982435915e+00
2.300000000000000266e+00 3.240047004295000033e+00 3.273454409317365421e+00
2.310000000000000053e+00 3.240045979131567222e+00 3.273457607709062245e+00
2.319999999999999840e+00 3.240032416206398036e+00 3.273475542119941739e+00
2.330000000000000071e+00 3.240023125190972131e+00 3.273483513788939980e+00
2.339999999999999858e+00 3.240006687733064439e+00 3.273508938721288786e+00
2.350000000000000089e+00 3.239999374279935118e+00 3.273521749367755085e+00
2.359999999999999876e+00 3.239999307128254014e+00 3.273521676009830461e+00
2.370000000000000107e+00 3.239962636840890031e+00 3.273566660940100181e+00
2.379999999999999893e+00 3.239951953955760633e+00 3.273559853228458660e+00
2.390000000000000124e+00 3.239919805112934981e+00 3.273601250184916545e+00
2.399999999999999911e+00 3.239884458105125820e+00 3.273636579587897888e+00
2.410000000000000142e+00 3.239833445245976051e+00 3.273670469453578313e+00
2.419999999999999929e+00 3.239806566201521409e+00 3.273731422146485937e+00
2.430000000000000160e+00 3.239623157575855839e+00 3.273870232030619665e+00
2.439999999999999947e+00 3.239541258095802512e+00 3.273937164603172079e+00
2.450000000000000178e+00 3.239487396664983532e+00 3.273964562029474390e+00
2.459999999999999964e+00 3.239158510160881299e+00 3.274305081677002072e+00
2.470000000000000195e+00 3.238765324840751081e+00 3.274611609253678335e+00
2.479999999999999982e+00 3.238388919163001756e+00 3.275056585345016646e+00
2.490000000000000213e+00 3.237473153782446378e+00 3.276009444059770015e+00
2.500000000000000000e+00 3.237179661029061073e+00 3.276387474743644113e+00
2.510000000000000231e+00 3.236273075761480822e+00 3.277540330205277908e+00
2.520000000000000018e+00 3.235454309665132477e+00 3.278380476125311027e+00
2.530000000000000249e+00 3.235184541459481533e+00 3.278733247427542796e+00
2.540000000000000036e+00 3.234505260063893939e+00 3.279499392655603973e+00
2.550000000000000266e+00 3.232979595954361240e+00 3.281271145260391098e+00
2.560000000000000053e+00 3.231257392311514209e+00 3.283057224039612976e+00
2.569999999999999840e+00 3.230402697494642705e+00 3.284141384245736983e+00
2.580000000000000071e+00 3.229387962524426392e+00 3.285541368530260797e+00
2.589999999999999858e+00 3.227941127955791245e+00 3.287539298126819887e+00
2.600000000000000089e+00 3.226734462799464520e+00 3.289326385069454961e+00
2.609999999999999876e+00 3.225278257241363189e+00 3.291330943770294670e+00
2.620000000000000107e+00 3.223245178401625832e+00 3.293955026872002367e+00
2.629999999999999893e+00 3.222239664185343688e+00 3.296401032793224939e+00
2.640000000000000124e+00 3.220885810738383093e+00 3.299271616548718811e+00
2.649999999999999911e+00 3.219148099331294421e+00 3.302111491280163680e+00
2.660000000000000142e+00 3.217331601468850444e+00 3.305627065871427739e+00
2.669999999999999929e+00 3.214162264978426720e+00 3.310271863701802708e+00
2.680000000000000160e+00 3.209690417776237314e+00 3.316098251676429687e+00
2.689999999999999947e+00 3.206515770019533917e+00 3.320865807763096811e+00
2.700000000000000178e+00 3.201715375025435240e+00 3.327112146107988000e+00
2.709999999999999964e+00 3.197328450628379670e+00 3.333527099570175345e+00
2.720000000000000195e+00 3.194745328148326013e+00 3.339875232903042335e+00
2.729999999999999982e+00 3.192826242540438120e+00 3.345852847530286223e+00
2.740000000000000213e+00 3.193754932493528376e+00 3.350906683803239527e+00
2.750000000000000000e+00 3.195759833413918560e+00 3.356156072014014224e+00
2.760000000000000231e+00 3.194529506162012034e+00 3.362588140165006401e+00
2.770000000000000018e+00 3.194954890316081819e+00 3.369220869995998680e+00
2.780000000000000249e+00 3.194537183369833944e+00 3.375713566041749214e+00
2.790000000000000036e+00 3.190474860136854662e+00 3.386816978609215933e+00
2.800000000000000266e+00 3.185686184987799319e+00 3.399746990246995448e+00
2.810000000000000053e+00 3.184777228290764040e+00 3.410004970162185511e+00
2.819999999999999840e+00 3.181430122373253067e+00 3.422082921254486099e+00
2.830000000000000071e+00 3.185435286419211920e+00 3.433715137493789982e+00
2.839999999999999858e+00 3.192782451120752540e+00 3.442524066876035072e+00
2.850000000000000089e+00 3.202554540535955230e+00 3.449948416898699133e+00
2.859999999999999876e+00 3.213513019003837456e+00 3.458913653779060127e+00
2.870000000000000107e+00 3.224349333237806370e+00 3.467439251261552613e+00
2.879999999999999893e+00 3.233118156498057782e+00 3.478439937769787438e+00
2.890000000000000124e+00 3.241948463681901593e+00 3.489081605554853915e+00
2.899999999999999911e+00 3.252565156708011163e+00 3.500184991273632473e+00
2.910000000000000142e+00 3.265010552641625097e+00 3.511422483223205049e+00
2.919999999999999929e+00 3.276815098124547632e+00 3.521122806719736431e+00
2.930000000000000160e+00 3.289971692220419630e+00 3.530045154503137272e+00
2.939999999999999947e+00 3.307601291092210793e+00 3.537346811529821444e+00
2.950000000000000178e+00 3.326628312802010434e+00 3.544190663514442008e+00
2.959999999999999964e+00 3.346645859769053377e+00 3.549657934500508372e+00
2.970000000000000195e+00 3.368318614175431325e+00 3.552815476529486372e+00
2.979999999999999982e+00 3.393528632950408852e+00 3.553588933020012330e+00
2.990000000000000213e+00 3.428442086380143916e+00 3.548498881399015925e+00
3.000000000000000000e+00 3.483991915591333921e+00 3.522329192973996825e+00
