0.000000000000000000e+00 5.059542888614353418e-01 5.527302982106986340e-01
1.000000000000000021e-02 5.059537615669249533e-01 5.527301235675334823e-01
2.000000000000000042e-02 3.129288977104637937e+00 3.141509649652030056e+00
2.999999999999999889e-02 3.129288977104637937e+00 3.141509649652030056e+00
4.000000000000000083e-02 3.129288977104637937e+00 3.141509649652030056e+00
5.000000000000000278e-02 3.129288977104637937e+00 3.141509649652030056e+00
5.999999999999999778e-02 3.129288977104637937e+00 3.141509649652030056e+00
7.000000000000000666e-02 3.129288977104637937e+00 3.141509649652030056e+00
8.000000000000000167e-02 3.129288977104637937e+00 3.141509649652030056e+00
8.999999999999999667e-02 3.129288977104637937e+00 3.141509649652030056e+00
1.000000000000000056e-01 3.129288709041460503e+00 3.141509400942937180e+00
1.100000000000000006e-01 3.129288709041460503e+00 3.141509400942937180e+00
1.199999999999999956e-01 3.129288709041460503e+00 3.141509400942937180e+00
1.300000000000000044e-01 3.129288655430138899e+00 3.141509351199804900e+00
1.400000000000000133e-01 3.129288655430138899e+00 3.141509351199804900e+00
1.499999999999999944e-01 3.129288655430138899e+00 3.141509351199804900e+00
1.600000000000000033e-01 3.129288280163136093e+00 3.141509002985629628e+00
1.700000000000000122e-01 3.129288365871500499e+00 3.141509026997495457e+00
1.799999999999999933e-01 3.129288191151463838e+00 3.141508912854349855e+00
1.900000000000000022e-01 3.129288137544400605e+00 3.141508863106959204e+00
2.000000000000000111e-01 3.129288308959226050e+00 3.141508911132593340e+00
2.099999999999999922e-01 3.129288330580353161e+00 3.141508936684966891e+00
2.200000000000000011e-01 3.129287774506807729e+00 3.141508464697598590e+00
2.300000000000000100e-01 3.129289235460749552e+00 3.141509532821187278e+00
2.399999999999999911e-01 3.129289743217774422e+00 3.141510000568083605e+00
2.500000000000000000e-01 3.129290708254977460e+00 3.141510530129269618e+00
2.600000000000000089e-01 3.129290965442109496e+00 3.141510602102827399e+00
2.700000000000000178e-01 3.129291729012112278e+00 3.141511083487888101e+00
2.800000000000000266e-01 3.129291745114493040e+00 3.141511085061860165e+00
2.899999999999999800e-01 3.129291713694659638e+00 3.141511066623600801e+00
2.999999999999999889e-01 3.129291676950843204e+00 3.141511067118256229e+00
3.099999999999999978e-01 3.129290916945648426e+00 3.141510483873176440e+00
3.200000000000000067e-01 3.129291967749350700e+00 3.141511540098435251e+00
3.300000000000000155e-01 3.129291603125010202e+00 3.141511535731877469e+00
3.400000000000000244e-01 3.129289719987610408e+00 3.141510478142996998e+00
3.500000000000000333e-01 3.129285149038213198e+00 3.141507769057375832e+00
3.599999999999999867e-01 3.129284941322670210e+00 3.141507645862235965e+00
3.699999999999999956e-01 3.129283632355390754e+00 3.141506809634508013e+00
3.800000000000000044e-01 3.129283627313273808e+00 3.141506935039860782e+00
3.900000000000000133e-01 3.129277424711687239e+00 3.141505919318692719e+00
4.000000000000000222e-01 3.129229816843263290e+00 3.141514295605429385e+00
4.100000000000000311e-01 3.129216448935573158e+00 3.141519468189174713e+00
4.199999999999999845e-01 3.129186866527166266e+00 3.141527576064500948e+00
4.299999999999999933e-01 3.129113269407131970e+00 3.141559248850962494e+00
4.400000000000000022e-01 3.129042000612542118e+00 3.141582371187880973e+00
4.500000000000000111e-01 3.127207428233757636e+00 3.143778120229109962e+00
4.600000000000000200e-01 3.124503018927250242e+00 3.147063421149578044e+00
4.700000000000000289e-01 3.120639686796227164e+00 3.152219956810912382e+00
4.799999999999999822e-01 3.117460477537106200e+00 3.156851373926211402e+00
4.899999999999999911e-01 3.115445980709244722e+00 3.160097124959777126e+00
5.000000000000000000e-01 3.112418827223882634e+00 3.165321552719964959e+00
5.100000000000000089e-01 3.107610303997021095e+00 3.174340214644451041e+00
5.200000000000000178e-01 3.094540320136684564e+00 3.189960515124660390e+00
5.300000000000000266e-01 3.047794298580793981e+00 3.226677726661057566e+00
5.400000000000000355e-01 3.064773765908433312e+00 3.247358823441313547e+00
5.500000000000000444e-01 3.092032703077379097e+00 3.272818136828359314e+00
5.600000000000000533e-01 3.094679286714096200e+00 3.305765855664710706e+00
5.700000000000000622e-01 3.104425947095550420e+00 3.345229818709693603e+00
5.799999999999999600e-01 3.142214459656747394e+00 3.366687089897124174e+00
5.899999999999999689e-01 3.176936265339441956e+00 3.383708105044774594e+00
5.999999999999999778e-01 3.216811575463176975e+00 3.397248335668682007e+00
6.099999999999999867e-01 3.252248007906091587e+00 3.399309608203756383e+00
6.199999999999999956e-01 3.283668838049504934e+00 3.394328571651842097e+00
6.300000000000000044e-01 3.308756469168528280e+00 3.385497467689649209e+00
6.400000000000000133e-01 3.325495024592828752e+00 3.376676037595319979e+00
6.500000000000000222e-01 3.339814281840553623e+00 3.366889742092857407e+00
6.600000000000000311e-01 3.343258294154734411e+00 3.364154526842503490e+00
6.700000000000000400e-01 3.344605380029829433e+00 3.363058686375467232e+00
6.800000000000000488e-01 3.344961547353416442e+00 3.362792390863746483e+00
6.900000000000000577e-01 3.344983298512953951e+00 3.362779162538987343e+00
7.000000000000000666e-01 3.345070865857708853e+00 3.362725134885203637e+00
7.099999999999999645e-01 3.345278733012350791e+00 3.362605175469247420e+00
7.199999999999999734e-01 3.345530614131281499e+00 3.362477716905285963e+00
7.299999999999999822e-01 3.345702913154398050e+00 3.362394675561155122e+00
7.399999999999999911e-01 3.345879637360211767e+00 3.362311620569590431e+00
7.500000000000000000e-01 3.346048409613773256e+00 3.362231219487979761e+00
7.600000000000000089e-01 3.346333569471096059e+00 3.362089438675190056e+00
7.700000000000000178e-01 3.346488060232958972e+00 3.362009530318417205e+00
7.800000000000000266e-01 3.346598696891061930e+00 3.361952138751752361e+00
7.900000000000000355e-01 3.346777666861050715e+00 3.361853427413470374e+00
8.000000000000000444e-01 3.346931470100469763e+00 3.361768465578965692e+00
8.100000000000000533e-01 3.346950330271910357e+00 3.361758527087975512e+00
8.200000000000000622e-01 3.347023438680821972e+00 3.361719328920190986e+00
8.300000000000000711e-01 3.347023438680821972e+00 3.361719328920190986e+00
8.399999999999999689e-01 3.347023438680821972e+00 3.361719328920190986e+00
8.499999999999999778e-01 3.347023438680821972e+00 3.361719328920190986e+00
8.599999999999999867e-01 3.347023438680821972e+00 3.361719328920190986e+00
8.699999999999999956e-01 3.347023438680821972e+00 3.361719328920190986e+00
8.800000000000000044e-01 3.347023438680821972e+00 3.361719328920190986e+00
8.900000000000000133e-01 3.347023438680821972e+00 3.361719328920190986e+00
9.000000000000000222e-01 3.347023438680821972e+00 3.361719328920190986e+00
9.100000000000000311e-01 3.347023438680821972e+00 3.361719328920190986e+00
9.200000000000000400e-01 3.347023438680821972e+00 3.361719328920190986e+00
9.300000000000000488e-01 3.347023438680821972e+00 3.361719328920190986e+00
9.400000000000000577e-01 3.347023438680821972e+00 3.361719328920190986e+00
9.500000000000000666e-01 3.347023438680821972e+00 3.361719328920190986e+00
9.599999999999999645e-01 3.347023438680821972e+00 3.361719328920190986e+00
9.699999999999999734e-01 3.347023438680821972e+00 3.361719328920190986e+00
9.799999999999999822e-01 3.347018989934164246e+00 3.361712198820871578e+00
9.899999999999999911e-01 3.347018989934164246e+00 3.361712198820871578e+00
1.000000000000000000e+00 3.347013027355925541e+00 3.361702704131348529e+00
1.010000000000000009e+00 3.347004846540893919e+00 3.361678603595291026e+00
1.020000000000000018e+00 3.347001414586444845e+00 3.361669956134418769e+00
1.030000000000000027e+00 3.346998886631132653e+00 3.361659639021752799e+00
1.040000000000000036e+00 3.346995394133932766e+00 3.361649201388947628e+00
1.050000000000000044e+00 3.346993428309009033e+00 3.361636618630840623e+00
1.060000000000000053e+00 3.346992897181805038e+00 3.361635656284991835e+00
1.070000000000000062e+00 3.346991020431932196e+00 3.361634490751806315e+00
1.080000000000000071e+00 3.346990819523041782e+00 3.361636299908453918e+00
1.090000000000000080e+00 3.346987733345538008e+00 3.361633071288556263e+00
1.100000000000000089e+00 3.346979295245480657e+00 3.361624122861551989e+00
1.110000000000000098e+00 3.346977878982476451e+00 3.361622693336554502e+00
1.120000000000000107e+00 3.346969619362647919e+00 3.361614132845107683e+00
1.130000000000000115e+00 3.346968841328706201e+00 3.361612831697379011e+00
1.140000000000000124e+00 3.346934785895554043e+00 3.361622019881995271e+00
1.150000000000000133e+00 3.346080689355861892e+00 3.362220194795597195e+00
1.159999999999999920e+00 3.345714964476728781e+00 3.362448463739251991e+00
1.169999999999999929e+00 3.344580075181719625e+00 3.363187280064824147e+00
1.179999999999999938e+00 3.343417081025430448e+00 3.363936709105185052e+00
1.189999999999999947e+00 3.342772460455358363e+00 3.364303207774698379e+00
1.199999999999999956e+00 3.342174391805825096e+00 3.364694770291151826e+00
1.209999999999999964e+00 3.342107248228073146e+00 3.364718288881301866e+00
1.219999999999999973e+00 3.342163537915357363e+00 3.364678479115359000e+00
1.229999999999999982e+00 3.342372934802488871e+00 3.364537065521760795e+00
1.239999999999999991e+00 3.342364040321577523e+00 3.364494904576074585e+00
1.250000000000000000e+00 3.342538370524692048e+00 3.364332238010121046e+00
1.260000000000000009e+00 3.342833665227333828e+00 3.364122082090933663e+00
1.270000000000000018e+00 3.343152112393972253e+00 3.363943040575388288e+00
1.280000000000000027e+00 3.343830346394928821e+00 3.363549025591459962e+00
1.290000000000000036e+00 3.344565845524393843e+00 3.363106011927998296e+00
1.300000000000000044e+00 3.345047191630695416e+00 3.362816738871242883e+00
1.310000000000000053e+00 3.345316526657764467e+00 3.362677888592059627e+00
1.320000000000000062e+00 3.345527471656172036e+00 3.362557993784578425e+00
1.330000000000000071e+00 3.345658292950132395e+00 3.362523529516717513e+00
1.340000000000000080e+00 3.345742531079460402e+00 3.362514062949012672e+00
1.350000000000000089e+00 3.345742446329841968e+00 3.362514041926612407e+00
1.360000000000000098e+00 3.345903758342622325e+00 3.362520066892744630e+00
1.370000000000000107e+00 3.345919766671097140e+00 3.362521800454223442e+00
1.380000000000000115e+00 3.345919628552373570e+00 3.362521763664309216e+00
1.390000000000000124e+00 3.345919694328790772e+00 3.362521904024595276e+00
1.400000000000000133e+00 3.345973262443376672e+00 3.362584043955969104e+00
1.409999999999999920e+00 3.346051235338635799e+00 3.362765675338319937e+00
1.419999999999999929e+00 3.346078633493718701e+00 3.362809857063952190e+00
1.429999999999999938e+00 3.346074907455264036e+00 3.362819941439809224e+00
1.439999999999999947e+00 3.346058798883611907e+00 3.362878130695169610e+00
1.449999999999999956e+00 3.346053832713616227e+00 3.362890824941146217e+00
1.459999999999999964e+00 3.346048351550570565e+00 3.362919067091473480e+00
1.469999999999999973e+00 3.346032140159960644e+00 3.362989769153240882e+00
1.479999999999999982e+00 3.346027570002382046e+00 3.363010067212278908e+00
1.489999999999999991e+00 3.346021697962397123e+00 3.363092511584645283e+00
1.500000000000000000e+00 3.346020132669377922e+00 3.363128138829302394e+00
1.510000000000000009e+00 3.346008371481742127e+00 3.363218768763695632e+00
1.520000000000000018e+00 3.345998001191814453e+00 3.363243570487300715e+00
1.530000000000000027e+00 3.345979802493905808e+00 3.363276974973821609e+00
1.540000000000000036e+00 3.345937942192534376e+00 3.363424360988160000e+00
1.550000000000000044e+00 3.345857209818984046e+00 3.363528777610635068e+00
1.560000000000000053e+00 3.345780659777639610e+00 3.363612447007180872e+00
1.570000000000000062e+00 3.345562538538498387e+00 3.363999898271041289e+00
1.580000000000000071e+00 3.345493002877629518e+00 3.364073557705485218e+00
1.590000000000000080e+00 3.345390854054720808e+00 3.364178381088940295e+00
1.600000000000000089e+00 3.345357137875740072e+00 3.364205611576850607e+00
1.610000000000000098e+00 3.345332728749310647e+00 3.364215859383548057e+00
1.620000000000000107e+00 3.345291778145751849e+00 3.364236845764198236e+00
1.630000000000000115e+00 3.342911742737676217e+00 3.366749681183909271e+00
1.640000000000000124e+00 3.337777216054721219e+00 3.372399445226864412e+00
1.650000000000000133e+00 3.328464192147376988e+00 3.383454052572127946e+00
1.660000000000000142e+00 3.327494868913730919e+00 3.384593792132297274e+00
1.669999999999999929e+00 3.315742055080276529e+00 3.399807517606872942e+00
1.679999999999999938e+00 3.305391916640676442e+00 3.414535093223176609e+00
1.689999999999999947e+00 3.295595743499531771e+00 3.430111028842196319e+00
1.699999999999999956e+00 3.292069222477202572e+00 3.436178632795090948e+00
1.709999999999999964e+00 3.290590352379902939e+00 3.438777321241274443e+00
1.719999999999999973e+00 3.288136284157424871e+00 3.443423016856522079e+00
1.729999999999999982e+00 3.284703726489241582e+00 3.449843617036645327e+00
1.739999999999999991e+00 3.279536627635300849e+00 3.459789515114485514e+00
1.750000000000000000e+00 3.276458323284624718e+00 3.466374678061963088e+00
1.760000000000000009e+00 3.266464805048926223e+00 3.488069636317269406e+00
1.770000000000000018e+00 3.251018707325652013e+00 3.529705711400314971e+00
1.780000000000000027e+00 3.234607722798127138e+00 3.604062493466597683e+00
1.790000000000000036e+00 3.231728163879600046e+00 3.691126025163445235e+00
1.800000000000000044e+00 3.243806769971556037e+00 3.770054908151918127e+00
1.810000000000000053e+00 3.281124506990466205e+00 3.868792705133404564e+00
1.820000000000000062e+00 3.355464778971229300e+00 3.972953988419021698e+00
1.830000000000000071e+00 3.465974951217024369e+00 4.055525751483590291e+00
1.840000000000000080e+00 3.581363376005519239e+00 4.096909178501736193e+00
1.850000000000000089e+00 3.685852826049955677e+00 4.104371707703439398e+00
1.860000000000000098e+00 3.772035227158750281e+00 4.092160124060426618e+00
1.870000000000000107e+00 3.835929354740627240e+00 4.071885583485118865e+00
1.880000000000000115e+00 3.906342351257222845e+00 4.035735096819979439e+00
1.890000000000000124e+00 3.937683400092368835e+00 4.013934857926124700e+00
1.900000000000000133e+00 3.949605899167768275e+00 4.004564019865282987e+00
1.910000000000000142e+00 3.952434024068213425e+00 4.002625548704766167e+00
1.919999999999999929e+00 3.952678076144831909e+00 4.002473568294864670e+00
1.929999999999999938e+00 3.953063488584490415e+00 4.002263175047902521e+00
1.939999999999999947e+00 3.953993349414607561e+00 4.001686443151692529e+00
1.949999999999999956e+00 3.954116011738835645e+00 4.001615152063311420e+00
1.959999999999999964e+00 3.955038938869451570e+00 4.001096995435739601e+00
1.969999999999999973e+00 3.955528325647637899e+00 4.000814305787756098e+00
1.979999999999999982e+00 3.956006742967844492e+00 4.000546803007841490e+00
1.989999999999999991e+00 3.957088576088391374e+00 3.999880436563052033e+00
2.000000000000000000e+00 3.957521322485472393e+00 3.999635602687332980e+00
2.010000000000000231e+00 3.957945149590682998e+00 3.999351576888847237e+00
2.020000000000000018e+00 3.958056975198011695e+00 3.999278106708306968e+00
2.030000000000000249e+00 3.958058834360287381e+00 3.999279155661418006e+00
2.040000000000000036e+00 3.958063305989496516e+00 3.999282081564671909e+00
2.049999999999999822e+00 3.958060756106443812e+00 3.999279768209389907e+00
2.060000000000000053e+00 3.958063737283580963e+00 3.999281718720562040e+00
2.069999999999999840e+00 3.958063737283580963e+00 3.999281718720562040e+00
2.080000000000000071e+00 3.958063380343419091e+00 3.999281214950579866e+00
2.089999999999999858e+00 3.958056288245248133e+00 3.999279832655859401e+00
2.100000000000000089e+00 3.958052760673813175e+00 3.999278365262695090e+00
2.109999999999999876e+00 3.958049154333019182e+00 3.999278017555332632e+00
2.120000000000000107e+00 3.958047326516998421e+00 3.999277244324791258e+00
2.129999999999999893e+00 3.958047326516998421e+00 3.999277244324791258e+00
2.140000000000000124e+00 3.958032508646573966e+00 3.999274566658411523e+00
2.149999999999999911e+00 3.958014883505681425e+00 3.999267490614077047e+00
2.160000000000000142e+00 3.958006063384078121e+00 3.999265230995156184e+00
2.169999999999999929e+00 3.957993346417551184e+00 3.999262366744871233e+00
2.180000000000000160e+00 3.957976458547933785e+00 3.999260689922944589e+00
2.189999999999999947e+00 3.957964446810147141e+00 3.999256408769229498e+00
2.200000000000000178e+00 3.957937896143780332e+00 3.999254670599116768e+00
2.209999999999999964e+00 3.957894026444623847e+00 3.999245888573457641e+00
2.220000000000000195e+00 3.957887747672453660e+00 3.999246952211007677e+00
2.229999999999999982e+00 3.957864080211404900e+00 3.999244577673193302e+00
2.240000000000000213e+00 3.957828622225977977e+00 3.999245840354702874e+00
2.250000000000000000e+00 3.957829427262264943e+00 3.999247087282221891e+00
2.260000000000000231e+00 3.957803412550706224e+00 3.999242275425177073e+00
2.270000000000000018e+00 3.957795498358877229e+00 3.999243037650911159e+00
2.280000000000000249e+00 3.957671125970385617e+00 3.999273537153698932e+00
2.290000000000000036e+00 3.957607987919604664e+00 3.999300727161610336e+00
2.300000000000000266e+00 3.957588159826538110e+00 3.999308810264327718e+00
2.310000000000000053e+00 3.957527328681145207e+00 3.999332140017356707e+00
2.319999999999999840e+00 3.957427750726710602e+00 3.999382830280293621e+00
2.330000000000000071e+00 3.957348939111920316e+00 3.999405838753489206e+00
2.339999999999999858e+00 3.957202556592001041e+00 3.999457314471231317e+00
2.350000000000000089e+00 3.957040283432658345e+00 3.999537705272976584e+00
2.359999999999999876e+00 3.956799683884080210e+00 3.999637822400633702e+00
2.370000000000000107e+00 3.956629922835332991e+00 3.999702745974557772e+00
2.379999999999999893e+00 3.956465983256800101e+00 3.999768786826627398e+00
2.390000000000000124e+00 3.955989180336366484e+00 3.999965069875349055e+00
2.399999999999999911e+00 3.955784754851706886e+00 4.000051091405502746e+00
2.410000000000000142e+00 3.955506640159815124e+00 4.000179021818906833e+00
2.419999999999999929e+00 3.955292819774770763e+00 4.000293773404932196e+00
2.430000000000000160e+00 3.955165258618512869e+00 4.000357833651385420e+00
2.439999999999999947e+00 3.955161064930501347e+00 4.000366058129724678e+00
2.450000000000000178e+00 3.955091516753748593e+00 4.000399428041859551e+00
2.459999999999999964e+00 3.954966449600832323e+00 4.000454020622593809e+00
2.470000000000000195e+00 3.954913420624743381e+00 4.000477288713445212e+00
2.479999999999999982e+00 3.954942614614277652e+00 4.000479503491610522e+00
2.490000000000000213e+00 3.954961013133147851e+00 4.000480754573723097e+00
2.500000000000000000e+00 3.954980407237111084e+00 4.000470599623621837e+00
2.510000000000000231e+00 3.954929998621754095e+00 4.000513140449710292e+00
2.520000000000000018e+00 3.954889722032844723e+00 4.000532683453261740e+00
2.530000000000000249e+00 3.954862588693054626e+00 4.000556801565734233e+00
2.540000000000000036e+00 3.954830544699437400e+00 4.000578861967318822e+00
2.550000000000000266e+00 3.954849232737053022e+00 4.000572473076354996e+00
2.560000000000000053e+00 3.954776862732245490e+00 4.000610010346100864e+00
2.569999999999999840e+00 3.954753197339536896e+00 4.000626542908189975e+00
2.580000000000000071e+00 3.954598388096677741e+00 4.000722192471636518e+00
2.589999999999999858e+00 3.954497838892916839e+00 4.000777536034603621e+00
2.600000000000000089e+00 3.954459373439943803e+00 4.000788590555989899e+00
2.609999999999999876e+00 3.954254831086438493e+00 4.000849798611361585e+00
2.620000000000000107e+00 3.954102452518891031e+00 4.000892253568220980e+00
2.629999999999999893e+00 3.953933484757333083e+00 4.000946876937956809e+00
2.640000000000000124e+00 3.953621767176611623e+00 4.001076305709855063e+00
2.649999999999999911e+00 3.953472122391309629e+00 4.001143854848298709e+00
2.660000000000000142e+00 3.953165684907909760e+00 4.001269311205867929e+00
2.669999999999999929e+00 3.952562033411547660e+00 4.001529941609814678e+00
2.680000000000000160e+00 3.951974068979753785e+00 4.001814191251264141e+00
2.689999999999999947e+00 3.950512743137578386e+00 4.002470802170535080e+00
2.700000000000000178e+00 3.948748709825125047e+00 4.003274053999337667e+00
2.709999999999999964e+00 3.947474904144741004e+00 4.003707711040043193e+00
2.720000000000000195e+00 3.947115369838491095e+00 4.003839187298997793e+00
2.729999999999999982e+00 3.947067979880402699e+00 4.003853506616523283e+00
2.740000000000000213e+00 3.946877941381966792e+00 4.003932038700544815e+00
2.750000000000000000e+00 3.946765270545777415e+00 4.003980858442488078e+00
2.760000000000000231e+00 3.946495910202994839e+00 4.004120898015960606e+00
2.770000000000000018e+00 3.946211015995710891e+00 4.004251029273302009e+00
2.780000000000000249e+00 3.946162463603230641e+00 4.004276254677561653e+00
2.790000000000000036e+00 3.946031261219966613e+00 4.004322616772663324e+00
2.800000000000000266e+00 3.945367547792240082e+00 4.004656062637523384e+00
2.810000000000000053e+00 3.944142460975373687e+00 4.005217253546987877e+00
2.819999999999999840e+00 3.943144222280833500e+00 4.005644243347790123e+00
2.830000000000000071e+00 3.942799138426996475e+00 4.005783692002081509e+00
2.839999999999999858e+00 3.942593440142353689e+00 4.005884735283176568e+00
2.850000000000000089e+00 3.942375160221620600e+00 4.005991545281843536e+00
2.859999999999999876e+00 3.942351989339975660e+00 4.006003885632368089e+00
2.870000000000000107e+00 3.942155242409649762e+00 4.006080776495990037e+00
2.879999999999999893e+00 3.941947126541276880e+00 4.006171603283743110e+00
2.890000000000000124e+00 3.941846761275603406e+00 4.006204346250221704e+00
2.899999999999999911e+00 3.871535872380374332e+00 4.067801647096040085e+00
2.910000000000000142e+00 3.796317634651832584e+00 4.125128770220108265e+00
2.919999999999999929e+00 3.110354640587067010e+00 4.456686382054591888e+00
2.930000000000000160e+00 8.558869104506705572e-01 1.903515989297416278e+00
2.939999999999999947e+00 2.293984385341642174e+00 4.478526861620904853e+00
2.950000000000000178e+00 3.376159365816343350e+00 4.389470617437136291e+00
2.959999999999999964e+00 3.969760032818374640e+00 3.995815429570617638e+00
2.970000000000000195e+00 3.969758051395816167e+00 3.995815278005199644e+00
2.979999999999999982e+00 3.969758264198614217e+00 3.995815223016428330e+00
2.990000000000000213e+00 3.969756921923734083e+00 3.995815069229029071e+00
3.000000000000000000e+00 3.969756921923734083e+00 3.995815069229029071e+00
