0.000000000000000000e+00 8.752321905148029435e-01
1.000000000000000021e-02 9.228403470116853802e-01
2.000000000000000042e-02 9.983932664263248657e-01
2.999999999999999889e-02 1.434843544244170266e+00
4.000000000000000083e-02 1.496322749322652745e+00
5.000000000000000278e-02 1.525325396078824891e+00
5.999999999999999778e-02 1.545062981238365163e+00
7.000000000000000666e-02 1.545457148025035865e+00
8.000000000000000167e-02 1.545274788364171981e+00
8.999999999999999667e-02 1.544373771930932948e+00
1.000000000000000056e-01 1.542899985553026099e+00
1.100000000000000006e-01 1.540496170340776461e+00
1.199999999999999956e-01 1.539248522819280707e+00
1.300000000000000044e-01 1.538977952033281360e+00
1.400000000000000133e-01 1.539427715617418313e+00
1.499999999999999944e-01 1.540973789194822308e+00
1.600000000000000033e-01 1.545141564049720806e+00
1.700000000000000122e-01 1.701759200959205520e+00
1.799999999999999933e-01 1.913976374036073791e+00
1.900000000000000022e-01 2.889548632411956586e+00
2.000000000000000111e-01 3.648270373058319027e+00
2.099999999999999922e-01 3.860173217569589532e+00
2.200000000000000011e-01 3.898569527951479152e+00
2.300000000000000100e-01 3.902015448904037509e+00
2.399999999999999911e-01 3.903017116675377096e+00
2.500000000000000000e-01 3.903071689269542510e+00
2.600000000000000089e-01 3.903175852277279034e+00
2.700000000000000178e-01 3.903224909734726022e+00
2.800000000000000266e-01 3.903219029486179270e+00
2.899999999999999800e-01 3.903076849591732067e+00
2.999999999999999889e-01 3.902906027858257243e+00
3.099999999999999978e-01 3.902778145995140058e+00
3.200000000000000067e-01 3.902612943313121807e+00
3.300000000000000155e-01 3.902592680826187266e+00
3.400000000000000244e-01 3.902636653678417389e+00
3.500000000000000333e-01 3.902523509485721576e+00
3.599999999999999867e-01 3.902303516147136886e+00
3.699999999999999956e-01 3.902013861207962009e+00
3.800000000000000044e-01 3.901831982231140028e+00
3.900000000000000133e-01 3.901546366393566334e+00
4.000000000000000222e-01 3.901166893601417662e+00
4.100000000000000311e-01 3.900103791306019030e+00
4.199999999999999845e-01 3.893448171262741120e+00
4.299999999999999933e-01 3.875462622585296835e+00
4.400000000000000022e-01 3.842141870863437614e+00
4.500000000000000111e-01 3.771525199704170106e+00
4.600000000000000200e-01 3.672382944657802462e+00
4.700000000000000289e-01 3.549264624547958213e+00
4.799999999999999822e-01 3.455834353811741089e+00
4.899999999999999911e-01 3.389435848736762846e+00
5.000000000000000000e-01 3.345077339372634739e+00
5.100000000000000089e-01 3.315930971841812180e+00
5.200000000000000178e-01 3.299106078808307529e+00
5.300000000000000266e-01 3.293440182938575767e+00
5.400000000000000355e-01 3.291510380053520368e+00
5.500000000000000444e-01 3.291285885329246597e+00
5.600000000000000533e-01 3.291504991159439175e+00
5.700000000000000622e-01 3.292072673923969184e+00
5.799999999999999600e-01 3.292552719759941127e+00
5.899999999999999689e-01 3.292885749630928061e+00
5.999999999999999778e-01 3.292964987246990383e+00
6.099999999999999867e-01 3.292916099188327728e+00
6.199999999999999956e-01 3.292929624612331185e+00
6.300000000000000044e-01 3.292832869257926731e+00
6.400000000000000133e-01 3.292781605300903358e+00
6.500000000000000222e-01 3.292735646514892700e+00
6.600000000000000311e-01 3.292675218229293765e+00
6.700000000000000400e-01 3.292594872138500328e+00
6.800000000000000488e-01 3.292528479604721170e+00
6.900000000000000577e-01 3.292497733314037500e+00
7.000000000000000666e-01 3.292443663091659367e+00
7.099999999999999645e-01 3.292407548077106672e+00
7.199999999999999734e-01 3.292241101741790743e+00
7.299999999999999822e-01 3.292148879971504183e+00
7.399999999999999911e-01 3.292127011005878234e+00
7.500000000000000000e-01 3.292309386277198602e+00
7.600000000000000089e-01 3.292295422127246685e+00
7.700000000000000178e-01 3.292198196532726495e+00
7.800000000000000266e-01 3.292047490713596147e+00
7.900000000000000355e-01 3.291830072872638624e+00
8.000000000000000444e-01 3.291763926563262999e+00
8.100000000000000533e-01 3.291537815141677648e+00
8.200000000000000622e-01 3.291524965260028690e+00
8.300000000000000711e-01 3.291610489823818320e+00
8.399999999999999689e-01 3.291489156532287463e+00
8.499999999999999778e-01 3.291398669526576892e+00
8.599999999999999867e-01 3.291442226355075995e+00
8.699999999999999956e-01 3.291523578119277982e+00
8.800000000000000044e-01 3.291505732421875052e+00
8.900000000000000133e-01 3.291517195639610094e+00
9.000000000000000222e-01 3.291506128489971150e+00
9.100000000000000311e-01 3.291523923141956409e+00
9.200000000000000400e-01 3.291642333917617957e+00
9.300000000000000488e-01 3.291638740699291077e+00
9.400000000000000577e-01 3.292065742385387406e+00
9.500000000000000666e-01 3.292390224471092086e+00
9.599999999999999645e-01 3.292649934294223701e+00
9.699999999999999734e-01 3.292723740036487712e+00
9.799999999999999822e-01 3.292803493671417225e+00
9.899999999999999911e-01 3.292902743039131330e+00
1.000000000000000000e+00 3.292947121648788666e+00
1.010000000000000009e+00 3.292994158668518079e+00
1.020000000000000018e+00 3.293078861091137011e+00
1.030000000000000027e+00 3.293139978144168811e+00
1.040000000000000036e+00 3.293211550509929531e+00
1.050000000000000044e+00 3.293291372745037027e+00
1.060000000000000053e+00 3.293358609790801861e+00
1.070000000000000062e+00 3.293406641502380161e+00
1.080000000000000071e+00 3.293467891135215542e+00
1.090000000000000080e+00 3.293526068203449064e+00
1.100000000000000089e+00 3.293785671362877032e+00
1.110000000000000098e+00 3.294675594847202404e+00
1.120000000000000107e+00 3.294413570070266584e+00
1.130000000000000115e+00 3.295189886369705334e+00
1.140000000000000124e+00 3.295331163673401065e+00
1.150000000000000133e+00 3.295376419467925810e+00
1.159999999999999920e+00 3.296662260382175358e+00
1.169999999999999929e+00 3.299443542590141387e+00
1.179999999999999938e+00 3.300504841842651249e+00
1.189999999999999947e+00 3.300665024228095934e+00
1.199999999999999956e+00 3.298382585921287635e+00
1.209999999999999964e+00 3.297025857672691185e+00
1.219999999999999973e+00 3.296776554861068576e+00
1.229999999999999982e+00 3.296109589531421857e+00
1.239999999999999991e+00 3.295622427845001035e+00
1.250000000000000000e+00 3.295078312397003106e+00
1.260000000000000009e+00 3.294740104141235193e+00
1.270000000000000018e+00 3.294255364058017665e+00
1.280000000000000027e+00 3.293908758091926625e+00
1.290000000000000036e+00 3.294172709460258641e+00
1.300000000000000044e+00 3.294957011156081972e+00
1.310000000000000053e+00 3.295912486367225558e+00
1.320000000000000062e+00 3.296719063711166520e+00
1.330000000000000071e+00 3.297350385179519616e+00
1.340000000000000080e+00 3.297563841392993744e+00
1.350000000000000089e+00 3.297863359889984025e+00
1.360000000000000098e+00 3.298207841272354113e+00
1.370000000000000107e+00 3.298500192193984937e+00
1.380000000000000115e+00 3.299004473998546683e+00
1.390000000000000124e+00 3.299319224708080256e+00
1.400000000000000133e+00 3.299779925274848758e+00
1.409999999999999920e+00 3.300166743054389951e+00
1.419999999999999929e+00 3.300796748867035113e+00
1.429999999999999938e+00 3.301510748243332127e+00
1.439999999999999947e+00 3.303636730866432281e+00
1.449999999999999956e+00 3.304168931615352633e+00
1.459999999999999964e+00 3.304554193887710767e+00
1.469999999999999973e+00 3.304270762465000288e+00
1.479999999999999982e+00 3.300483479685783372e+00
1.489999999999999991e+00 3.292026960399150770e+00
1.500000000000000000e+00 3.283843703401088554e+00
1.510000000000000009e+00 3.278646647903919131e+00
1.520000000000000018e+00 3.277523960244655754e+00
1.530000000000000027e+00 3.277103702874183622e+00
1.540000000000000036e+00 3.276155270962715083e+00
1.550000000000000044e+00 3.273488425133228130e+00
1.560000000000000053e+00 3.271320822231769565e+00
1.570000000000000062e+00 3.268880996987819643e+00
1.580000000000000071e+00 3.266752208774089894e+00
1.590000000000000080e+00 3.264480303316116494e+00
1.600000000000000089e+00 3.260453016498088719e+00
1.610000000000000098e+00 3.255498026742935203e+00
1.620000000000000107e+00 3.237675808880329242e+00
1.630000000000000115e+00 3.230450064089298134e+00
1.640000000000000124e+00 3.222197534649372308e+00
1.650000000000000133e+00 3.217115111300945074e+00
1.660000000000000142e+00 3.227731970686912533e+00
1.669999999999999929e+00 3.240339800028801065e+00
1.679999999999999938e+00 3.239502928016185557e+00
1.689999999999999947e+00 3.248260146024227080e+00
1.699999999999999956e+00 3.257504630525112077e+00
1.709999999999999964e+00 3.262955596027374394e+00
1.719999999999999973e+00 3.261132119636535709e+00
1.729999999999999982e+00 3.259881977038383560e+00
1.739999999999999991e+00 3.256733559789657395e+00
1.750000000000000000e+00 3.262184053788184990e+00
1.760000000000000009e+00 3.259994772529601903e+00
1.770000000000000018e+00 3.263775638413429103e+00
1.780000000000000027e+00 3.262942761210203102e+00
1.790000000000000036e+00 3.260410642542839188e+00
1.800000000000000044e+00 3.269476185185909323e+00
1.810000000000000053e+00 3.274704242036342805e+00
1.820000000000000062e+00 3.276441599047184017e+00
1.830000000000000071e+00 3.285547051919698536e+00
1.840000000000000080e+00 3.297152715426683312e+00
1.850000000000000089e+00 3.294187236254215279e+00
1.860000000000000098e+00 3.244389196139573883e+00
1.870000000000000107e+00 3.262934663809538005e+00
1.880000000000000115e+00 3.354338050282001493e+00
1.890000000000000124e+00 3.374856802787780552e+00
1.900000000000000133e+00 3.380232753558158887e+00
1.910000000000000142e+00 3.381264289476871632e+00
1.919999999999999929e+00 3.384320943312645102e+00
1.929999999999999938e+00 3.385791855642795500e+00
1.939999999999999947e+00 3.385287395260334176e+00
1.949999999999999956e+00 3.382459702233076015e+00
1.959999999999999964e+00 3.387459860192537420e+00
1.969999999999999973e+00 3.403666225490570074e+00
1.979999999999999982e+00 3.419976707222461609e+00
1.989999999999999991e+00 3.428432182095050962e+00
2.000000000000000000e+00 3.430187365174293568e+00
2.010000000000000231e+00 3.430755343742370567e+00
2.020000000000000018e+00 3.430222929353714090e+00
2.030000000000000249e+00 3.429029579832553853e+00
2.040000000000000036e+00 3.428365492513179902e+00
2.049999999999999822e+00 3.426823474848270212e+00
2.060000000000000053e+00 3.424988111369609900e+00
2.069999999999999840e+00 3.419738593480587063e+00
2.080000000000000071e+00 3.414073469197750121e+00
2.089999999999999858e+00 3.414412584602832812e+00
2.100000000000000089e+00 3.423870457787513644e+00
2.109999999999999876e+00 3.427328852176666274e+00
2.120000000000000107e+00 3.428135057516097817e+00
2.129999999999999893e+00 3.427162874422073457e+00
2.140000000000000124e+00 3.425770100631714055e+00
2.149999999999999911e+00 3.417521707177161971e+00
2.160000000000000142e+00 3.401505639681816184e+00
2.169999999999999929e+00 3.389777842450141687e+00
2.180000000000000160e+00 3.373720860140323463e+00
2.189999999999999947e+00 3.368119426078796330e+00
2.200000000000000178e+00 3.383018494338989157e+00
2.209999999999999964e+00 3.388251548969745564e+00
2.220000000000000195e+00 3.391017774901389892e+00
2.229999999999999982e+00 3.392372227230072035e+00
2.240000000000000213e+00 3.397720679798126309e+00
2.250000000000000000e+00 3.402523709721565037e+00
2.260000000000000231e+00 3.419715544154644071e+00
2.270000000000000018e+00 3.438515660552978304e+00
2.280000000000000249e+00 3.448928210711479370e+00
2.290000000000000036e+00 3.453473933699131138e+00
2.300000000000000266e+00 3.461922910554409150e+00
2.310000000000000053e+00 3.462972087526321463e+00
2.319999999999999840e+00 3.463513775467872424e+00
2.330000000000000071e+00 3.462166125257015281e+00
2.339999999999999858e+00 3.458853959033489023e+00
2.350000000000000089e+00 3.449776474099159440e+00
2.359999999999999876e+00 3.431772681899070587e+00
2.370000000000000107e+00 3.398910825625657939e+00
2.379999999999999893e+00 3.319401271283626720e+00
2.390000000000000124e+00 3.326437487177848595e+00
2.399999999999999911e+00 3.381080580096244681e+00
2.410000000000000142e+00 3.376659845905304103e+00
2.419999999999999929e+00 3.366569896569251874e+00
2.430000000000000160e+00 3.357508214755058340e+00
2.439999999999999947e+00 3.344785449111461695e+00
2.450000000000000178e+00 3.338160826280117011e+00
2.459999999999999964e+00 3.336867655770778818e+00
2.470000000000000195e+00 3.331128653252124927e+00
2.479999999999999982e+00 3.328751345915794246e+00
2.490000000000000213e+00 3.337555661672353846e+00
2.500000000000000000e+00 3.347308657526969711e+00
2.510000000000000231e+00 3.351106319841146597e+00
2.520000000000000018e+00 3.353757968674897949e+00
2.530000000000000249e+00 3.367061380996704045e+00
2.540000000000000036e+00 3.301225878970623029e+00
2.550000000000000266e+00 3.369775088783502515e+00
2.560000000000000053e+00 3.377432814291715601e+00
2.569999999999999840e+00 3.382408059512376663e+00
2.580000000000000071e+00 3.343482863717079034e+00
2.589999999999999858e+00 3.342803807013035033e+00
2.600000000000000089e+00 3.360152123025655690e+00
2.609999999999999876e+00 3.401882629331350216e+00
2.620000000000000107e+00 3.411641660591363756e+00
2.629999999999999893e+00 3.415787818864584047e+00
2.640000000000000124e+00 3.414787237176895029e+00
2.649999999999999911e+00 3.411899071168899678e+00
2.660000000000000142e+00 3.407265977220535369e+00
2.669999999999999929e+00 3.387088422733545379e+00
2.680000000000000160e+00 3.365619841895103548e+00
2.689999999999999947e+00 3.367632890754938213e+00
2.700000000000000178e+00 3.385610170196294622e+00
2.709999999999999964e+00 3.393924744513034941e+00
2.720000000000000195e+00 3.391854189226627181e+00
2.729999999999999982e+00 3.396145607762336649e+00
2.740000000000000213e+00 3.402467883048057473e+00
2.750000000000000000e+00 3.412618013890981850e+00
2.760000000000000231e+00 3.425413350912332344e+00
2.770000000000000018e+00 3.438108186733722871e+00
2.780000000000000249e+00 3.452091911871433272e+00
2.790000000000000036e+00 3.453042983933687360e+00
2.800000000000000266e+00 3.451250666763782338e+00
2.810000000000000053e+00 3.456824716781377926e+00
2.819999999999999840e+00 3.460924062227010545e+00
2.830000000000000071e+00 3.442273562066555215e+00
2.839999999999999858e+00 3.420983275325298223e+00
2.850000000000000089e+00 3.418818409622907506e+00
2.859999999999999876e+00 3.369360678508281914e+00
2.870000000000000107e+00 3.335505744310617526e+00
2.879999999999999893e+00 3.316290525690317015e+00
2.890000000000000124e+00 3.301033770343065221e+00
2.899999999999999911e+00 3.290730199317932314e+00
2.910000000000000142e+00 3.257728782071471318e+00
2.919999999999999929e+00 3.300165185378789889e+00
2.930000000000000160e+00 3.372407534519433980e+00
2.939999999999999947e+00 3.452683067747354340e+00
2.950000000000000178e+00 3.509921734883785227e+00
2.959999999999999964e+00 3.526140846884250557e+00
2.970000000000000195e+00 3.542781217582225750e+00
2.979999999999999982e+00 3.562641828280687317e+00
2.990000000000000213e+00 3.588520024375915440e+00
3.000000000000000000e+00 3.601457096683978953e+00
