0.000000000000000000e+00 3.880959533539414252e-01
1.000000000000000021e-02 3.880960952678322862e-01
2.000000000000000042e-02 1.045574649240374576e+00
2.999999999999999889e-02 1.045574649240374576e+00
4.000000000000000083e-02 1.045574649240374576e+00
5.000000000000000278e-02 1.525728394219875383e+00
5.999999999999999778e-02 1.590114084079265577e+00
7.000000000000000666e-02 1.590114084079265577e+00
8.000000000000000167e-02 1.590114084079265577e+00
8.999999999999999667e-02 1.590114084079265577e+00
1.000000000000000056e-01 1.590114084079265577e+00
1.100000000000000006e-01 1.590113539888858840e+00
1.199999999999999956e-01 1.590112608842849662e+00
1.300000000000000044e-01 1.590112608842849662e+00
1.400000000000000133e-01 1.590111945872306753e+00
1.499999999999999944e-01 1.628659974335431970e+00
1.600000000000000033e-01 3.551971014981269992e+00
1.700000000000000122e-01 3.915269249374866423e+00
1.799999999999999933e-01 3.915261411271095060e+00
1.900000000000000022e-01 3.915259747314453254e+00
2.000000000000000111e-01 3.915205450830459455e+00
2.099999999999999922e-01 3.915208175823688297e+00
2.200000000000000011e-01 3.915222618327141024e+00
2.300000000000000100e-01 3.915208612253665788e+00
2.399999999999999911e-01 3.915177353482246492e+00
2.500000000000000000e-01 3.915169305155277168e+00
2.600000000000000089e-01 3.915146894021034107e+00
2.700000000000000178e-01 3.915134631483554895e+00
2.800000000000000266e-01 3.915161982140541230e+00
2.899999999999999800e-01 3.915144485363960314e+00
2.999999999999999889e-01 3.915006405775546927e+00
3.099999999999999978e-01 3.914393290002346149e+00
3.200000000000000067e-01 3.909117841696739148e+00
3.300000000000000155e-01 3.905645556926727213e+00
3.400000000000000244e-01 3.904521134486198530e+00
3.500000000000000333e-01 3.903649801402091946e+00
3.599999999999999867e-01 3.887715272276401457e+00
3.699999999999999956e-01 3.824763058178424657e+00
3.800000000000000044e-01 3.643141919240951321e+00
3.900000000000000133e-01 3.416257878718376162e+00
4.000000000000000222e-01 3.290852663881778550e+00
4.100000000000000311e-01 3.243985913717746694e+00
4.199999999999999845e-01 3.229648502433299928e+00
4.299999999999999933e-01 3.219573414347171703e+00
4.400000000000000022e-01 3.215665026268959004e+00
4.500000000000000111e-01 3.214041682794094079e+00
4.600000000000000200e-01 3.213482365899086091e+00
4.700000000000000289e-01 3.212644357156753561e+00
4.799999999999999822e-01 3.212650247590541852e+00
4.899999999999999911e-01 3.212661969873905399e+00
5.000000000000000000e-01 3.212605730903148604e+00
5.100000000000000089e-01 3.212606622121334077e+00
5.200000000000000178e-01 3.212604697284698663e+00
5.300000000000000266e-01 3.212593608357906305e+00
5.400000000000000355e-01 3.212554337096214407e+00
5.500000000000000444e-01 3.212549483382701965e+00
5.600000000000000533e-01 3.212525293197631804e+00
5.700000000000000622e-01 3.212518062579631906e+00
5.799999999999999600e-01 3.212507881073951577e+00
5.899999999999999689e-01 3.212507881073951577e+00
5.999999999999999778e-01 3.212507452850341672e+00
6.099999999999999867e-01 3.212507173533439619e+00
6.199999999999999956e-01 3.212493014402389324e+00
6.300000000000000044e-01 3.212478677315711906e+00
6.400000000000000133e-01 3.212476065452098961e+00
6.500000000000000222e-01 3.212474896969795157e+00
6.600000000000000311e-01 3.212472015039920858e+00
6.700000000000000400e-01 3.212471561648845508e+00
6.800000000000000488e-01 3.212467518241405529e+00
6.900000000000000577e-01 3.212465285530090142e+00
7.000000000000000666e-01 3.212465110030174209e+00
7.099999999999999645e-01 3.212464186329841542e+00
7.199999999999999734e-01 3.212461860680579928e+00
7.299999999999999822e-01 3.212461413178443692e+00
7.399999999999999911e-01 3.212461189427375796e+00
7.500000000000000000e-01 3.212460518174171664e+00
7.600000000000000089e-01 3.212459623169899192e+00
7.700000000000000178e-01 3.212459623169899192e+00
7.800000000000000266e-01 3.212459623169899192e+00
7.900000000000000355e-01 3.212459623169899192e+00
8.000000000000000444e-01 3.212459591369628775e+00
8.100000000000000533e-01 3.212459441082477607e+00
8.200000000000000622e-01 3.212459441082477607e+00
8.300000000000000711e-01 3.212460804064273923e+00
8.399999999999999689e-01 3.212469012210369179e+00
8.499999999999999778e-01 3.212488495857715787e+00
8.599999999999999867e-01 3.212521546578407161e+00
8.699999999999999956e-01 3.212535492677688787e+00
8.800000000000000044e-01 3.212538482904434112e+00
8.900000000000000133e-01 3.212545241308212063e+00
9.000000000000000222e-01 3.212551182656288251e+00
9.100000000000000311e-01 3.212552290310859870e+00
9.200000000000000400e-01 3.212556846539974309e+00
9.300000000000000488e-01 3.212567884154319930e+00
9.400000000000000577e-01 3.212590752880573053e+00
9.500000000000000666e-01 3.212594803030490720e+00
9.599999999999999645e-01 3.212606751887798318e+00
9.699999999999999734e-01 3.212618576779365576e+00
9.799999999999999822e-01 3.212628112037181793e+00
9.899999999999999911e-01 3.212640745220184169e+00
1.000000000000000000e+00 3.212652282109260682e+00
1.010000000000000009e+00 3.212657476742267537e+00
1.020000000000000018e+00 3.212657476742267537e+00
1.030000000000000027e+00 3.212657613067626983e+00
1.040000000000000036e+00 3.212658023738860891e+00
1.050000000000000044e+00 3.212659970443248802e+00
1.060000000000000053e+00 3.212661886909008224e+00
1.070000000000000062e+00 3.212664055597782120e+00
1.080000000000000071e+00 3.212664055597782120e+00
1.090000000000000080e+00 3.212664421112537472e+00
1.100000000000000089e+00 3.212664649622440471e+00
1.110000000000000098e+00 3.212666294438839110e+00
1.120000000000000107e+00 3.212668990299701655e+00
1.130000000000000115e+00 3.212669997739791672e+00
1.140000000000000124e+00 3.212670059967040803e+00
1.150000000000000133e+00 3.212670059967040803e+00
1.159999999999999920e+00 3.212670184421539510e+00
1.169999999999999929e+00 3.212669607043266318e+00
1.179999999999999938e+00 3.212668299446105991e+00
1.189999999999999947e+00 3.212667670776844009e+00
1.199999999999999956e+00 3.212666920185089037e+00
1.209999999999999964e+00 3.212664955689906954e+00
1.219999999999999973e+00 3.212664757871627863e+00
1.229999999999999982e+00 3.212663485071658886e+00
1.239999999999999991e+00 3.212663445444106980e+00
1.250000000000000000e+00 3.212660138244628705e+00
1.260000000000000009e+00 3.212656107485294399e+00
1.270000000000000018e+00 3.212655113322735012e+00
1.280000000000000027e+00 3.212655128200054389e+00
1.290000000000000036e+00 3.212654212636947726e+00
1.300000000000000044e+00 3.212652191476821795e+00
1.310000000000000053e+00 3.212652191476821795e+00
1.320000000000000062e+00 3.212651345961093696e+00
1.330000000000000071e+00 3.212651594903469299e+00
1.340000000000000080e+00 3.212651074600219925e+00
1.350000000000000089e+00 3.212649252154827106e+00
1.360000000000000098e+00 3.212648433268070036e+00
1.370000000000000107e+00 3.212646742632389252e+00
1.380000000000000115e+00 3.212644500107765033e+00
1.390000000000000124e+00 3.212644620110988836e+00
1.400000000000000133e+00 3.212644897010326517e+00
1.409999999999999920e+00 3.212644117083549578e+00
1.419999999999999929e+00 3.212644461538791685e+00
1.429999999999999938e+00 3.212646932773590258e+00
1.439999999999999947e+00 3.212646292901039313e+00
1.449999999999999956e+00 3.212646660327911352e+00
1.459999999999999964e+00 3.212652447235584408e+00
1.469999999999999973e+00 3.212654178602695421e+00
1.479999999999999982e+00 3.212650619904994898e+00
1.489999999999999991e+00 3.212650628845691525e+00
1.500000000000000000e+00 3.212658363668918771e+00
1.510000000000000009e+00 3.212655130071639942e+00
1.520000000000000018e+00 3.212657229566574291e+00
1.530000000000000027e+00 3.212659594488143977e+00
1.540000000000000036e+00 3.212667494671344937e+00
1.550000000000000044e+00 3.212670465774535966e+00
1.560000000000000053e+00 3.212670497593879571e+00
1.570000000000000062e+00 3.212670505084991301e+00
1.580000000000000071e+00 3.212670515713691888e+00
1.590000000000000080e+00 3.212670987567901815e+00
1.600000000000000089e+00 3.212671622467040855e+00
1.610000000000000098e+00 3.212668186013698524e+00
1.620000000000000107e+00 3.212668258776664842e+00
1.630000000000000115e+00 3.212670964519977357e+00
1.640000000000000124e+00 3.212675884556770445e+00
1.650000000000000133e+00 3.212677262089252306e+00
1.660000000000000142e+00 3.212669412760734478e+00
1.669999999999999929e+00 3.212666939461231053e+00
1.679999999999999938e+00 3.212660264816284084e+00
1.689999999999999947e+00 3.212654961287975119e+00
1.699999999999999956e+00 3.212661080405712077e+00
1.709999999999999964e+00 3.212686160070896246e+00
1.719999999999999973e+00 3.212737051525115906e+00
1.729999999999999982e+00 3.212790377123355690e+00
1.739999999999999991e+00 3.212899541068077180e+00
1.750000000000000000e+00 3.212974944908618902e+00
1.760000000000000009e+00 3.213058437056541372e+00
1.770000000000000018e+00 3.213375223288536198e+00
1.780000000000000027e+00 3.213581716568469915e+00
1.790000000000000036e+00 3.213919378492832379e+00
1.800000000000000044e+00 3.214392776420116338e+00
1.810000000000000053e+00 3.214633420240879058e+00
1.820000000000000062e+00 3.214717954745292872e+00
1.830000000000000071e+00 3.215047855358123652e+00
1.840000000000000080e+00 3.215212728545665755e+00
1.850000000000000089e+00 3.215334061958790013e+00
1.860000000000000098e+00 3.215559306659698358e+00
1.870000000000000107e+00 3.215726769106387994e+00
1.880000000000000115e+00 3.216158991644382681e+00
1.890000000000000124e+00 3.216436378886699643e+00
1.900000000000000133e+00 3.218027272884845580e+00
1.910000000000000142e+00 3.220000012724399507e+00
1.919999999999999929e+00 3.223311029298305375e+00
1.929999999999999938e+00 3.228207188546657669e+00
1.939999999999999947e+00 3.233206934442520275e+00
1.949999999999999956e+00 3.240561777360439155e+00
1.959999999999999964e+00 3.248336676661968347e+00
1.969999999999999973e+00 3.254679607136249597e+00
1.979999999999999982e+00 3.262280789744854026e+00
1.989999999999999991e+00 3.269485135192871095e+00
2.000000000000000000e+00 3.275371318380832619e+00
2.010000000000000231e+00 3.285560199413299465e+00
2.020000000000000018e+00 3.301206667854785781e+00
2.030000000000000249e+00 3.313354199781417986e+00
2.040000000000000036e+00 3.331859811599254595e+00
2.049999999999999822e+00 3.352398383560180495e+00
2.060000000000000053e+00 3.372385931551456384e+00
2.069999999999999840e+00 3.397596731462478648e+00
2.080000000000000071e+00 3.433168095574378853e+00
2.089999999999999858e+00 3.469870734281539804e+00
2.100000000000000089e+00 3.507565065147876915e+00
2.109999999999999876e+00 3.549269404540062123e+00
2.120000000000000107e+00 3.589940182142257630e+00
2.129999999999999893e+00 3.625159044461250257e+00
2.140000000000000124e+00 3.660651870985031309e+00
2.149999999999999911e+00 3.690805963115692201e+00
2.160000000000000142e+00 3.708702074308395602e+00
2.169999999999999929e+00 3.723921336545944261e+00
2.180000000000000160e+00 3.736113154911994805e+00
2.189999999999999947e+00 3.746936572492122863e+00
2.200000000000000178e+00 3.757924154109954618e+00
2.209999999999999964e+00 3.769442936766147501e+00
2.220000000000000195e+00 3.777331746671199753e+00
2.229999999999999982e+00 3.782376332848071954e+00
2.240000000000000213e+00 3.787445420687198805e+00
2.250000000000000000e+00 3.790175610861778122e+00
2.260000000000000231e+00 3.792449869632720905e+00
2.270000000000000018e+00 3.794669352047443489e+00
2.280000000000000249e+00 3.798046770670413963e+00
2.290000000000000036e+00 3.801028811206817792e+00
2.300000000000000266e+00 3.804597373292446072e+00
2.310000000000000053e+00 3.806822733526229907e+00
2.319999999999999840e+00 3.809858766019344145e+00
2.330000000000000071e+00 3.811475070362090989e+00
2.339999999999999858e+00 3.812489013056755027e+00
2.350000000000000089e+00 3.813322669568061762e+00
2.359999999999999876e+00 3.813677659366130790e+00
2.370000000000000107e+00 3.813935648415088586e+00
2.379999999999999893e+00 3.814161046380996734e+00
2.390000000000000124e+00 3.814092771663665893e+00
2.399999999999999911e+00 3.814132602784633619e+00
2.410000000000000142e+00 3.814003463277816586e+00
2.419999999999999929e+00 3.813625853962898216e+00
2.430000000000000160e+00 3.813385225365161890e+00
2.439999999999999947e+00 3.813078030810356012e+00
2.450000000000000178e+00 3.812858260900974461e+00
2.459999999999999964e+00 3.812739522016048266e+00
2.470000000000000195e+00 3.812613915982246304e+00
2.479999999999999982e+00 3.812570082993507192e+00
2.490000000000000213e+00 3.812478175477981512e+00
2.500000000000000000e+00 3.812524545459747394e+00
2.510000000000000231e+00 3.812557976791858483e+00
2.520000000000000018e+00 3.812511545743942243e+00
2.530000000000000249e+00 3.812548179974555751e+00
2.540000000000000036e+00 3.812555835101604451e+00
2.550000000000000266e+00 3.812552417328357812e+00
2.560000000000000053e+00 3.812472173283099952e+00
2.569999999999999840e+00 3.811787836961746390e+00
2.580000000000000071e+00 3.811149931344985919e+00
2.589999999999999858e+00 3.809887659981250785e+00
2.600000000000000089e+00 3.808250777177810686e+00
2.609999999999999876e+00 3.806319882538318655e+00
2.620000000000000107e+00 3.804587119622230507e+00
2.629999999999999893e+00 3.802576859817504928e+00
2.640000000000000124e+00 3.800254752178191975e+00
2.649999999999999911e+00 3.797089327642917844e+00
2.660000000000000142e+00 3.794683366634845623e+00
2.669999999999999929e+00 3.791586653072834157e+00
2.680000000000000160e+00 3.789046479456424699e+00
2.689999999999999947e+00 3.786019105856418765e+00
2.700000000000000178e+00 3.783179985797405109e+00
2.709999999999999964e+00 3.780078796896934712e+00
2.720000000000000195e+00 3.777879735345840650e+00
2.729999999999999982e+00 3.774336041347980508e+00
2.740000000000000213e+00 3.770728695893287519e+00
2.750000000000000000e+00 3.764439553136825545e+00
2.760000000000000231e+00 3.754868889253139663e+00
2.770000000000000018e+00 3.742416919109821105e+00
2.780000000000000249e+00 3.732734893995523606e+00
2.790000000000000036e+00 3.714073437464237237e+00
2.800000000000000266e+00 3.666267869417667580e+00
2.810000000000000053e+00 3.587799483425617275e+00
2.819999999999999840e+00 3.488038385224342175e+00
2.830000000000000071e+00 3.328257339158058326e+00
2.839999999999999858e+00 3.178832342880964390e+00
2.850000000000000089e+00 3.056452756175994878e+00
2.859999999999999876e+00 2.876968624429702803e+00
2.870000000000000107e+00 2.700009744441509429e+00
2.879999999999999893e+00 2.492666039483547369e+00
2.890000000000000124e+00 2.342134903727769668e+00
2.899999999999999911e+00 2.186707548255920397e+00
2.910000000000000142e+00 2.195167985274195654e+00
2.919999999999999929e+00 2.377446084533930026e+00
2.930000000000000160e+00 2.558732493274211706e+00
2.939999999999999947e+00 2.741969416006803328e+00
2.950000000000000178e+00 2.911193959801197106e+00
2.959999999999999964e+00 3.076823395808935047e+00
2.970000000000000195e+00 3.226653345427513031e+00
2.979999999999999982e+00 3.396573048334121658e+00
2.990000000000000213e+00 3.516087401895523268e+00
3.000000000000000000e+00 3.614001788856983310e+00
