0.000000000000000000e+00 6.948536328256130767e-01
1.000000000000000021e-02 6.948536347818374814e-01
2.000000000000000042e-02 6.948536347818374814e-01
2.999999999999999889e-02 2.955646919496059510e+00
4.000000000000000083e-02 2.987590155129432823e+00
5.000000000000000278e-02 2.999100679643154077e+00
5.999999999999999778e-02 3.110455064473152120e+00
7.000000000000000666e-02 3.294442691249847233e+00
8.000000000000000167e-02 3.514764303510188981e+00
8.999999999999999667e-02 3.782964293332099714e+00
1.000000000000000056e-01 3.891553181192874966e+00
1.100000000000000006e-01 3.921617939534187247e+00
1.199999999999999956e-01 3.924291578888893017e+00
1.300000000000000044e-01 3.925384112446308027e+00
1.400000000000000133e-01 3.926143279151916410e+00
1.499999999999999944e-01 3.926160278611183330e+00
1.600000000000000033e-01 3.926187569100856756e+00
1.700000000000000122e-01 3.926226549336910399e+00
1.799999999999999933e-01 3.926331073436736929e+00
1.900000000000000022e-01 3.926369410622120082e+00
2.000000000000000111e-01 3.912380554363727558e+00
2.099999999999999922e-01 3.841163687608242228e+00
2.200000000000000011e-01 3.451046505157947752e+00
2.300000000000000100e-01 2.719308894200325177e+00
2.399999999999999911e-01 2.379442295881509573e+00
2.500000000000000000e-01 2.371097722307443423e+00
2.600000000000000089e-01 2.382984556740522564e+00
2.700000000000000178e-01 2.579344236564636184e+00
2.800000000000000266e-01 2.805382640097141334e+00
2.899999999999999800e-01 3.119204885566234431e+00
2.999999999999999889e-01 3.193782851150035906e+00
3.099999999999999978e-01 3.216669260144233711e+00
3.200000000000000067e-01 3.228220122671127346e+00
3.300000000000000155e-01 3.233868749561309652e+00
3.400000000000000244e-01 3.236154415047168609e+00
3.500000000000000333e-01 3.236321946220397816e+00
3.599999999999999867e-01 3.236172929503917661e+00
3.699999999999999956e-01 3.229630910348892048e+00
3.800000000000000044e-01 3.221389320516586441e+00
3.900000000000000133e-01 3.216872074439525608e+00
4.000000000000000222e-01 3.216575811905860949e+00
4.100000000000000311e-01 3.216575811905860949e+00
4.199999999999999845e-01 3.216575811905860949e+00
4.299999999999999933e-01 3.216575811905860949e+00
4.400000000000000022e-01 3.216575811905860949e+00
4.500000000000000111e-01 3.216575811905860949e+00
4.600000000000000200e-01 3.216575811905860949e+00
4.700000000000000289e-01 3.216575811905860949e+00
4.799999999999999822e-01 3.216575811905860949e+00
4.899999999999999911e-01 3.216575811905860949e+00
5.000000000000000000e-01 3.216575811905860949e+00
5.100000000000000089e-01 3.216575811905860949e+00
5.200000000000000178e-01 3.216575811905860949e+00
5.300000000000000266e-01 3.216575811905860949e+00
5.400000000000000355e-01 3.216575811905860949e+00
5.500000000000000444e-01 3.216575811905860949e+00
5.600000000000000533e-01 3.216575811905860949e+00
5.700000000000000622e-01 3.216575811905860949e+00
5.799999999999999600e-01 3.216575811905860949e+00
5.899999999999999689e-01 3.216575811905860949e+00
5.999999999999999778e-01 3.216575811905860949e+00
6.099999999999999867e-01 3.216575811905860949e+00
6.199999999999999956e-01 3.216575811905860949e+00
6.300000000000000044e-01 3.216575811905860949e+00
6.400000000000000133e-01 3.216575811905860949e+00
6.500000000000000222e-01 3.216575811905860949e+00
6.600000000000000311e-01 3.216575811905860949e+00
6.700000000000000400e-01 3.216575811905860949e+00
6.800000000000000488e-01 3.216575811905860949e+00
6.900000000000000577e-01 3.216575811905860949e+00
7.000000000000000666e-01 3.216575811905860949e+00
7.099999999999999645e-01 3.216575811905860949e+00
7.199999999999999734e-01 3.216575811905860949e+00
7.299999999999999822e-01 3.216575811905860949e+00
7.399999999999999911e-01 3.216575811905860949e+00
7.500000000000000000e-01 3.216575811905860949e+00
7.600000000000000089e-01 3.216575811905860949e+00
7.700000000000000178e-01 3.216575811905860949e+00
7.800000000000000266e-01 3.216575811905860949e+00
7.900000000000000355e-01 3.216575811905860949e+00
8.000000000000000444e-01 3.216575811905860949e+00
8.100000000000000533e-01 3.216575811905860949e+00
8.200000000000000622e-01 3.216575811905860949e+00
8.300000000000000711e-01 3.216575811905860949e+00
8.399999999999999689e-01 3.216575811905860949e+00
8.499999999999999778e-01 3.216575811905860949e+00
8.599999999999999867e-01 3.216575811905860949e+00
8.699999999999999956e-01 3.216575523204803666e+00
8.800000000000000044e-01 3.216575523204803666e+00
8.900000000000000133e-01 3.216575491998195702e+00
9.000000000000000222e-01 3.216575463838577065e+00
9.100000000000000311e-01 3.216574609360694836e+00
9.200000000000000400e-01 3.216572764647006810e+00
9.300000000000000488e-01 3.216569592883586903e+00
9.400000000000000577e-01 3.216542858712672981e+00
9.500000000000000666e-01 3.216525940194129962e+00
9.599999999999999645e-01 3.216501234490871219e+00
9.699999999999999734e-01 3.216473073468208099e+00
9.799999999999999822e-01 3.216395934519767685e+00
9.899999999999999911e-01 3.216356245858669194e+00
1.000000000000000000e+00 3.216334382042884688e+00
1.010000000000000009e+00 3.216323998017311059e+00
1.020000000000000018e+00 3.216259794340133649e+00
1.030000000000000027e+00 3.216231231944560953e+00
1.040000000000000036e+00 3.216207793707847706e+00
1.050000000000000044e+00 3.216176397368907924e+00
1.060000000000000053e+00 3.216115890786647835e+00
1.070000000000000062e+00 3.216055719063282137e+00
1.080000000000000071e+00 3.216029602179527380e+00
1.090000000000000080e+00 3.215945880835056503e+00
1.100000000000000089e+00 3.215896904146671176e+00
1.110000000000000098e+00 3.215876577193736985e+00
1.120000000000000107e+00 3.215878392455577828e+00
1.130000000000000115e+00 3.215884178822040695e+00
1.140000000000000124e+00 3.215901230893134954e+00
1.150000000000000133e+00 3.215913836691379757e+00
1.159999999999999920e+00 3.215981676878929107e+00
1.169999999999999929e+00 3.215970969166755733e+00
1.179999999999999938e+00 3.215991566209793096e+00
1.189999999999999947e+00 3.215995999853610954e+00
1.199999999999999956e+00 3.216006626772880406e+00
1.209999999999999964e+00 3.215983553605079592e+00
1.219999999999999973e+00 3.215999746334552878e+00
1.229999999999999982e+00 3.216000701911449600e+00
1.239999999999999991e+00 3.216041599488258296e+00
1.250000000000000000e+00 3.216050493583679337e+00
1.260000000000000009e+00 3.216045738191604553e+00
1.270000000000000018e+00 3.216047274069786077e+00
1.280000000000000027e+00 3.216016545035838892e+00
1.290000000000000036e+00 3.216022149581909240e+00
1.300000000000000044e+00 3.216019432220459162e+00
1.310000000000000053e+00 3.216024680280685555e+00
1.320000000000000062e+00 3.216025565001964459e+00
1.330000000000000071e+00 3.216037326679229924e+00
1.340000000000000080e+00 3.216036939899921343e+00
1.350000000000000089e+00 3.216044319519996808e+00
1.360000000000000098e+00 3.216044551777839544e+00
1.370000000000000107e+00 3.216046733140945246e+00
1.380000000000000115e+00 3.216046792094707563e+00
1.390000000000000124e+00 3.216052702970504829e+00
1.400000000000000133e+00 3.216052275087833312e+00
1.409999999999999920e+00 3.216051881811618607e+00
1.419999999999999929e+00 3.216051881811618607e+00
1.429999999999999938e+00 3.216065610034466005e+00
1.439999999999999947e+00 3.216066530957221836e+00
1.449999999999999956e+00 3.216067203729152890e+00
1.459999999999999964e+00 3.216067539319992008e+00
1.469999999999999973e+00 3.216067403528690249e+00
1.479999999999999982e+00 3.216069114413261598e+00
1.489999999999999991e+00 3.216071825423240771e+00
1.500000000000000000e+00 3.216070166227817495e+00
1.510000000000000009e+00 3.216069091885089826e+00
1.520000000000000018e+00 3.216055510964393793e+00
1.530000000000000027e+00 3.216050225605964652e+00
1.540000000000000036e+00 3.216016852092742795e+00
1.550000000000000044e+00 3.216016014797687728e+00
1.560000000000000053e+00 3.215996336064338657e+00
1.570000000000000062e+00 3.215980124094486303e+00
1.580000000000000071e+00 3.215979441936016148e+00
1.590000000000000080e+00 3.215983438003063188e+00
1.600000000000000089e+00 3.215978678629398235e+00
1.610000000000000098e+00 3.215976868152618628e+00
1.620000000000000107e+00 3.215956611690521161e+00
1.630000000000000115e+00 3.215910298130512324e+00
1.640000000000000124e+00 3.215832479629516794e+00
1.650000000000000133e+00 3.215755522940158873e+00
1.660000000000000142e+00 3.215741730613708604e+00
1.669999999999999929e+00 3.215709045650958942e+00
1.679999999999999938e+00 3.215683548476695908e+00
1.689999999999999947e+00 3.215622455441951910e+00
1.699999999999999956e+00 3.215501782419681653e+00
1.709999999999999964e+00 3.215424013772010703e+00
1.719999999999999973e+00 3.215270126764774528e+00
1.729999999999999982e+00 3.215086736395359246e+00
1.739999999999999991e+00 3.215041551532745512e+00
1.750000000000000000e+00 3.214999915077686232e+00
1.760000000000000009e+00 3.214924230749606870e+00
1.770000000000000018e+00 3.214905212559699965e+00
1.780000000000000027e+00 3.214937966282367832e+00
1.790000000000000036e+00 3.214917134623527684e+00
1.800000000000000044e+00 3.214930760095119577e+00
1.810000000000000053e+00 3.214974488823413967e+00
1.820000000000000062e+00 3.215137657217979505e+00
1.830000000000000071e+00 3.215446045594215541e+00
1.840000000000000080e+00 3.216155590624809157e+00
1.850000000000000089e+00 3.216512013111114676e+00
1.860000000000000098e+00 3.217294209001064331e+00
1.870000000000000107e+00 3.217451091439723854e+00
1.880000000000000115e+00 3.217976032750606397e+00
1.890000000000000124e+00 3.219099869656562696e+00
1.900000000000000133e+00 3.220099884285926972e+00
1.910000000000000142e+00 3.221842886896133518e+00
1.919999999999999929e+00 3.222265272200107500e+00
1.929999999999999938e+00 3.222755281791687132e+00
1.939999999999999947e+00 3.222732253668308289e+00
1.949999999999999956e+00 3.222560349419116843e+00
1.959999999999999964e+00 3.222306164572239062e+00
1.969999999999999973e+00 3.222163874433040753e+00
1.979999999999999982e+00 3.221779964480400160e+00
1.989999999999999991e+00 3.221216105234622873e+00
2.000000000000000000e+00 3.220616244213581059e+00
2.010000000000000231e+00 3.220270737438201802e+00
2.020000000000000018e+00 3.220466199316978528e+00
2.030000000000000249e+00 3.220516463756561087e+00
2.040000000000000036e+00 3.220741990163326296e+00
2.049999999999999822e+00 3.220828083260059316e+00
2.060000000000000053e+00 3.221143358829021253e+00
2.069999999999999840e+00 3.221204591774940340e+00
2.080000000000000071e+00 3.223725297605991358e+00
2.089999999999999858e+00 3.226951247005462431e+00
2.100000000000000089e+00 3.234504254119396016e+00
2.109999999999999876e+00 3.250601824796199857e+00
2.120000000000000107e+00 3.287365543680190960e+00
2.129999999999999893e+00 3.350965799849033200e+00
2.140000000000000124e+00 3.444858966555595536e+00
2.149999999999999911e+00 3.542901049134731473e+00
2.160000000000000142e+00 3.635638995945453811e+00
2.169999999999999929e+00 3.687991469879150497e+00
2.180000000000000160e+00 3.716438783440589866e+00
2.189999999999999947e+00 3.731476503324508531e+00
2.200000000000000178e+00 3.738884796760082452e+00
2.209999999999999964e+00 3.742166971359253136e+00
2.220000000000000195e+00 3.744329583344459422e+00
2.229999999999999982e+00 3.745077900114059499e+00
2.240000000000000213e+00 3.745378648128509624e+00
2.250000000000000000e+00 3.745636672666072808e+00
2.260000000000000231e+00 3.746475561585426384e+00
2.270000000000000018e+00 3.747274784452915064e+00
2.280000000000000249e+00 3.748188402733802604e+00
2.290000000000000036e+00 3.749391524882316418e+00
2.300000000000000266e+00 3.750650894320011197e+00
2.310000000000000053e+00 3.752029446592330952e+00
2.319999999999999840e+00 3.752557223393917063e+00
2.330000000000000071e+00 3.752463984711170042e+00
2.339999999999999858e+00 3.752296534433364972e+00
2.350000000000000089e+00 3.752258200633525664e+00
2.359999999999999876e+00 3.752102577564716324e+00
2.370000000000000107e+00 3.751811531012058332e+00
2.379999999999999893e+00 3.751498084907531894e+00
2.390000000000000124e+00 3.751265781376361907e+00
2.399999999999999911e+00 3.751057768952846594e+00
2.410000000000000142e+00 3.750974952337741808e+00
2.419999999999999929e+00 3.750815575578212879e+00
2.430000000000000160e+00 3.750691058688163881e+00
2.439999999999999947e+00 3.750558201508522149e+00
2.450000000000000178e+00 3.750488105444908182e+00
2.459999999999999964e+00 3.750485918202400182e+00
2.470000000000000195e+00 3.750443188855648202e+00
2.479999999999999982e+00 3.750411004900932266e+00
2.490000000000000213e+00 3.750404400961399265e+00
2.500000000000000000e+00 3.750392370641231654e+00
2.510000000000000231e+00 3.750402234337329777e+00
2.520000000000000018e+00 3.750401800200939384e+00
2.530000000000000249e+00 3.750403074455261443e+00
2.540000000000000036e+00 3.750380898194312973e+00
2.550000000000000266e+00 3.750376409206390260e+00
2.560000000000000053e+00 3.750374758856296342e+00
2.569999999999999840e+00 3.750357976965904339e+00
2.580000000000000071e+00 3.750353312723636812e+00
2.589999999999999858e+00 3.750344563426971423e+00
2.600000000000000089e+00 3.750332872350215840e+00
2.609999999999999876e+00 3.750330570013522991e+00
2.620000000000000107e+00 3.750330496296882643e+00
2.629999999999999893e+00 3.750327872102260596e+00
2.640000000000000124e+00 3.750320789067745242e+00
2.649999999999999911e+00 3.750320173232555288e+00
2.660000000000000142e+00 3.750330330967903247e+00
2.669999999999999929e+00 3.750332960782051028e+00
2.680000000000000160e+00 3.750333597252368811e+00
2.689999999999999947e+00 3.750333176255226331e+00
2.700000000000000178e+00 3.750360460114479100e+00
2.709999999999999964e+00 3.750363464207649322e+00
2.720000000000000195e+00 3.750365318822860505e+00
2.729999999999999982e+00 3.750365318822860505e+00
2.740000000000000213e+00 3.750367659606933746e+00
2.750000000000000000e+00 3.750367659606933746e+00
2.760000000000000231e+00 3.750367659606933746e+00
2.770000000000000018e+00 3.750367626037597546e+00
2.780000000000000249e+00 3.750367626037597546e+00
2.790000000000000036e+00 3.750376276605129178e+00
2.800000000000000266e+00 3.750377415506839895e+00
2.810000000000000053e+00 3.750397324271201871e+00
2.819999999999999840e+00 3.750400999357700549e+00
2.830000000000000071e+00 3.750425026988982946e+00
2.839999999999999858e+00 3.750446813035011484e+00
2.850000000000000089e+00 3.750453219320774245e+00
2.859999999999999876e+00 3.750467832717895522e+00
2.870000000000000107e+00 3.750491224806308921e+00
2.879999999999999893e+00 3.750514951500892646e+00
2.890000000000000124e+00 3.750537757606506428e+00
2.899999999999999911e+00 3.750554669895171944e+00
2.910000000000000142e+00 3.750569867160320481e+00
2.919999999999999929e+00 3.750576161453723856e+00
2.930000000000000160e+00 3.750577005264759123e+00
2.939999999999999947e+00 3.750577005264759123e+00
2.950000000000000178e+00 3.750577005264759123e+00
2.959999999999999964e+00 3.750577005264759123e+00
2.970000000000000195e+00 3.750577094783782872e+00
2.979999999999999982e+00 3.750577094783782872e+00
2.990000000000000213e+00 3.750577074959278168e+00
3.000000000000000000e+00 3.750577074959278168e+00
