0.000000000000000000e+00 5.293422935360669879e-01
1.000000000000000021e-02 5.293419425672292178e-01
2.000000000000000042e-02 3.135399313378333996e+00
2.999999999999999889e-02 3.135399313378333996e+00
4.000000000000000083e-02 3.135399313378333996e+00
5.000000000000000278e-02 3.135399313378333996e+00
5.999999999999999778e-02 3.135399313378333996e+00
7.000000000000000666e-02 3.135399313378333996e+00
8.000000000000000167e-02 3.135399313378333996e+00
8.999999999999999667e-02 3.135399313378333996e+00
1.000000000000000056e-01 3.135399054992198842e+00
1.100000000000000006e-01 3.135399054992198842e+00
1.199999999999999956e-01 3.135399054992198842e+00
1.300000000000000044e-01 3.135399003314971900e+00
1.400000000000000133e-01 3.135399003314971900e+00
1.499999999999999944e-01 3.135399003314971900e+00
1.600000000000000033e-01 3.135398641574382861e+00
1.700000000000000122e-01 3.135398696434497978e+00
1.799999999999999933e-01 3.135398552002906847e+00
1.900000000000000022e-01 3.135398500325679905e+00
2.000000000000000111e-01 3.135398610045909695e+00
2.099999999999999922e-01 3.135398633632660026e+00
2.200000000000000011e-01 3.135398119602203160e+00
2.300000000000000100e-01 3.135399384140968415e+00
2.399999999999999911e-01 3.135399871892929013e+00
2.500000000000000000e-01 3.135400619192123539e+00
2.600000000000000089e-01 3.135400783772468447e+00
2.700000000000000178e-01 3.135401406250000189e+00
2.800000000000000266e-01 3.135401415088176602e+00
2.899999999999999800e-01 3.135401390159130219e+00
2.999999999999999889e-01 3.135401372034549716e+00
3.099999999999999978e-01 3.135400700409412433e+00
3.200000000000000067e-01 3.135401753923892976e+00
3.300000000000000155e-01 3.135401569428443835e+00
3.400000000000000244e-01 3.135400099065303703e+00
3.500000000000000333e-01 3.135396459047794515e+00
3.599999999999999867e-01 3.135396293592453087e+00
3.699999999999999956e-01 3.135395220994949383e+00
3.800000000000000044e-01 3.135395281176567295e+00
3.900000000000000133e-01 3.135391672015189979e+00
4.000000000000000222e-01 3.135372056224346338e+00
4.100000000000000311e-01 3.135367958562373936e+00
4.199999999999999845e-01 3.135357221295833607e+00
4.299999999999999933e-01 3.135336259129047232e+00
4.400000000000000022e-01 3.135312185900211546e+00
4.500000000000000111e-01 3.135492774231433799e+00
4.600000000000000200e-01 3.135783220038414143e+00
4.700000000000000289e-01 3.136429821803569773e+00
4.799999999999999822e-01 3.137155925731658801e+00
4.899999999999999911e-01 3.137771552834510924e+00
5.000000000000000000e-01 3.138870189971923796e+00
5.100000000000000089e-01 3.140975259320736068e+00
5.200000000000000178e-01 3.142250417630672477e+00
5.300000000000000266e-01 3.137236012620925774e+00
5.400000000000000355e-01 3.156066294674873429e+00
5.500000000000000444e-01 3.182425419952869206e+00
5.600000000000000533e-01 3.200222571189403453e+00
5.700000000000000622e-01 3.224827882902622012e+00
5.799999999999999600e-01 3.254450774776935784e+00
5.899999999999999689e-01 3.280322185192108275e+00
5.999999999999999778e-01 3.307029955565929491e+00
6.099999999999999867e-01 3.325778808054923985e+00
6.199999999999999956e-01 3.338998704850673516e+00
6.300000000000000044e-01 3.347126968429088745e+00
6.400000000000000133e-01 3.351085531094074366e+00
6.500000000000000222e-01 3.353352011966705515e+00
6.600000000000000311e-01 3.353706410498618951e+00
6.700000000000000400e-01 3.353832033202648333e+00
6.800000000000000488e-01 3.353876969108581463e+00
6.900000000000000577e-01 3.353881230525970647e+00
7.000000000000000666e-01 3.353898000371456245e+00
7.099999999999999645e-01 3.353941954240799106e+00
7.199999999999999734e-01 3.354004165518283731e+00
7.299999999999999822e-01 3.354048794357776586e+00
7.399999999999999911e-01 3.354095628964901099e+00
7.500000000000000000e-01 3.354139814550876508e+00
7.600000000000000089e-01 3.354211504073143058e+00
7.700000000000000178e-01 3.354248795275688089e+00
7.800000000000000266e-01 3.354275417821407146e+00
7.900000000000000355e-01 3.354315547137260545e+00
8.000000000000000444e-01 3.354349967839717728e+00
8.100000000000000533e-01 3.354354428679942934e+00
8.200000000000000622e-01 3.354371383800506479e+00
8.300000000000000711e-01 3.354371383800506479e+00
8.399999999999999689e-01 3.354371383800506479e+00
8.499999999999999778e-01 3.354371383800506479e+00
8.599999999999999867e-01 3.354371383800506479e+00
8.699999999999999956e-01 3.354371383800506479e+00
8.800000000000000044e-01 3.354371383800506479e+00
8.900000000000000133e-01 3.354371383800506479e+00
9.000000000000000222e-01 3.354371383800506479e+00
9.100000000000000311e-01 3.354371383800506479e+00
9.200000000000000400e-01 3.354371383800506479e+00
9.300000000000000488e-01 3.354371383800506479e+00
9.400000000000000577e-01 3.354371383800506479e+00
9.500000000000000666e-01 3.354371383800506479e+00
9.599999999999999645e-01 3.354371383800506479e+00
9.699999999999999734e-01 3.354371383800506479e+00
9.799999999999999822e-01 3.354365594377517912e+00
9.899999999999999911e-01 3.354365594377517912e+00
1.000000000000000000e+00 3.354357865743637035e+00
1.010000000000000009e+00 3.354341725068092472e+00
1.020000000000000018e+00 3.354335685360431807e+00
1.030000000000000027e+00 3.354329262826442726e+00
1.040000000000000036e+00 3.354322297761440197e+00
1.050000000000000044e+00 3.354315023469924828e+00
1.060000000000000053e+00 3.354314276733398437e+00
1.070000000000000062e+00 3.354312755591869255e+00
1.080000000000000071e+00 3.354313559715747850e+00
1.090000000000000080e+00 3.354310402317047135e+00
1.100000000000000089e+00 3.354301709053516323e+00
1.110000000000000098e+00 3.354300286159515476e+00
1.120000000000000107e+00 3.354291876103877801e+00
1.130000000000000115e+00 3.354290836513042606e+00
1.140000000000000124e+00 3.354278402888774657e+00
1.150000000000000133e+00 3.354150442075729543e+00
1.159999999999999920e+00 3.354081714107990386e+00
1.169999999999999929e+00 3.353883677623271886e+00
1.179999999999999938e+00 3.353676895065307750e+00
1.189999999999999947e+00 3.353537834115028371e+00
1.199999999999999956e+00 3.353434581048488461e+00
1.209999999999999964e+00 3.353412768554687506e+00
1.219999999999999973e+00 3.353421008515358182e+00
1.229999999999999982e+00 3.353455000162124833e+00
1.239999999999999991e+00 3.353429472448826054e+00
1.250000000000000000e+00 3.353435304267406547e+00
1.260000000000000009e+00 3.353477873659133746e+00
1.270000000000000018e+00 3.353547576484680270e+00
1.280000000000000027e+00 3.353689685993194392e+00
1.290000000000000036e+00 3.353835928726196070e+00
1.300000000000000044e+00 3.353931965250969149e+00
1.310000000000000053e+00 3.353997207624912047e+00
1.320000000000000062e+00 3.354042732720375231e+00
1.330000000000000071e+00 3.354090911233424954e+00
1.340000000000000080e+00 3.354128297014236537e+00
1.350000000000000089e+00 3.354128244128227188e+00
1.360000000000000098e+00 3.354211912617683478e+00
1.370000000000000107e+00 3.354220783562660291e+00
1.380000000000000115e+00 3.354220696108341393e+00
1.390000000000000124e+00 3.354220799176693024e+00
1.400000000000000133e+00 3.354278653199672888e+00
1.409999999999999920e+00 3.354408455338477868e+00
1.419999999999999929e+00 3.354444245278835446e+00
1.429999999999999938e+00 3.354447424447536630e+00
1.439999999999999947e+00 3.354468464789390758e+00
1.449999999999999956e+00 3.354472328827381222e+00
1.459999999999999964e+00 3.354483709321022022e+00
1.469999999999999973e+00 3.354510954656600763e+00
1.479999999999999982e+00 3.354518818607330477e+00
1.489999999999999991e+00 3.354557104773521203e+00
1.500000000000000000e+00 3.354574135749340158e+00
1.510000000000000009e+00 3.354613570122718880e+00
1.520000000000000018e+00 3.354620785839557584e+00
1.530000000000000027e+00 3.354628388733863709e+00
1.540000000000000036e+00 3.354681151590347188e+00
1.550000000000000044e+00 3.354692993714809557e+00
1.560000000000000053e+00 3.354696553392410241e+00
1.570000000000000062e+00 3.354781218404769838e+00
1.580000000000000071e+00 3.354783280291557368e+00
1.590000000000000080e+00 3.354784617571830552e+00
1.600000000000000089e+00 3.354781374726295340e+00
1.610000000000000098e+00 3.354774294066429352e+00
1.620000000000000107e+00 3.354764311954975042e+00
1.630000000000000115e+00 3.354830711960792744e+00
1.640000000000000124e+00 3.355088330640792815e+00
1.650000000000000133e+00 3.355959122359752467e+00
1.660000000000000142e+00 3.356044330523014096e+00
1.669999999999999929e+00 3.357774786343574736e+00
1.679999999999999938e+00 3.359963504931926526e+00
1.689999999999999947e+00 3.362853386170864045e+00
1.699999999999999956e+00 3.364123927636146760e+00
1.709999999999999964e+00 3.364683836810588691e+00
1.719999999999999973e+00 3.365779650506973475e+00
1.729999999999999982e+00 3.367273671762943454e+00
1.739999999999999991e+00 3.369663071374893182e+00
1.750000000000000000e+00 3.371416500673293903e+00
1.760000000000000009e+00 3.377267220683097815e+00
1.770000000000000018e+00 3.390362209362983492e+00
1.780000000000000027e+00 3.419335108132362411e+00
1.790000000000000036e+00 3.461427094521522640e+00
1.800000000000000044e+00 3.506930839061737082e+00
1.810000000000000053e+00 3.574958606061935384e+00
1.820000000000000062e+00 3.664209383695125499e+00
1.830000000000000071e+00 3.760750351350307330e+00
1.840000000000000080e+00 3.839136277253627938e+00
1.850000000000000089e+00 3.895112266876697760e+00
1.860000000000000098e+00 3.932097675609588450e+00
1.870000000000000107e+00 3.953907469112873052e+00
1.880000000000000115e+00 3.971038724038601142e+00
1.890000000000000124e+00 3.975809129009246767e+00
1.900000000000000133e+00 3.977084959516525409e+00
1.910000000000000142e+00 3.977529786386489796e+00
1.919999999999999929e+00 3.977575822219848511e+00
1.929999999999999938e+00 3.977663331816196468e+00
1.939999999999999947e+00 3.977839896283149823e+00
1.949999999999999956e+00 3.977865581901073533e+00
1.959999999999999964e+00 3.978067967152595585e+00
1.969999999999999973e+00 3.978171315717696999e+00
1.979999999999999982e+00 3.978276772987842769e+00
1.989999999999999991e+00 3.978484506325721703e+00
2.000000000000000000e+00 3.978578462586402686e+00
2.010000000000000231e+00 3.978648363239765118e+00
2.020000000000000018e+00 3.978667540953159332e+00
2.030000000000000249e+00 3.978668995010852694e+00
2.040000000000000036e+00 3.978672693777084213e+00
2.049999999999999822e+00 3.978670262157916859e+00
2.060000000000000053e+00 3.978672728002071501e+00
2.069999999999999840e+00 3.978672728002071501e+00
2.080000000000000071e+00 3.978672297646999478e+00
2.089999999999999858e+00 3.978668060450553767e+00
2.100000000000000089e+00 3.978665562968254132e+00
2.109999999999999876e+00 3.978663585944175907e+00
2.120000000000000107e+00 3.978662285420894840e+00
2.129999999999999893e+00 3.978662285420894840e+00
2.140000000000000124e+00 3.978653537652492744e+00
2.149999999999999911e+00 3.978641187059879236e+00
2.160000000000000142e+00 3.978635647189617153e+00
2.169999999999999929e+00 3.978627856581211208e+00
2.180000000000000160e+00 3.978618574235439187e+00
2.189999999999999947e+00 3.978610427789688320e+00
2.200000000000000178e+00 3.978596283371448550e+00
2.209999999999999964e+00 3.978569957509040744e+00
2.220000000000000195e+00 3.978567349941730669e+00
2.229999999999999982e+00 3.978554328942299101e+00
2.240000000000000213e+00 3.978537231290340426e+00
2.250000000000000000e+00 3.978538257272243417e+00
2.260000000000000231e+00 3.978522843987941648e+00
2.270000000000000018e+00 3.978519268004894194e+00
2.280000000000000249e+00 3.978472331562042275e+00
2.290000000000000036e+00 3.978454357540607500e+00
2.300000000000000266e+00 3.978448485045432914e+00
2.310000000000000053e+00 3.978429734349250957e+00
2.319999999999999840e+00 3.978405290503502112e+00
2.330000000000000071e+00 3.978377388932704761e+00
2.339999999999999858e+00 3.978329935531616179e+00
2.350000000000000089e+00 3.978288994352817465e+00
2.359999999999999876e+00 3.978218753142356956e+00
2.370000000000000107e+00 3.978166334404945381e+00
2.379999999999999893e+00 3.978117385041713749e+00
2.390000000000000124e+00 3.977977125105857770e+00
2.399999999999999911e+00 3.977917923128604816e+00
2.410000000000000142e+00 3.977842830989360756e+00
2.419999999999999929e+00 3.977793296589851479e+00
2.430000000000000160e+00 3.977761546134948922e+00
2.439999999999999947e+00 3.977763561530113012e+00
2.450000000000000178e+00 3.977745472397804072e+00
2.459999999999999964e+00 3.977710235111713288e+00
2.470000000000000195e+00 3.977695354669094296e+00
2.479999999999999982e+00 3.977711059052944087e+00
2.490000000000000213e+00 3.977720883853435474e+00
2.500000000000000000e+00 3.977725503430366683e+00
2.510000000000000231e+00 3.977721569535732193e+00
2.520000000000000018e+00 3.977711202743053232e+00
2.530000000000000249e+00 3.977709695129394429e+00
2.540000000000000036e+00 3.977704703333377889e+00
2.550000000000000266e+00 3.977710852906704009e+00
2.560000000000000053e+00 3.977693436539173177e+00
2.569999999999999840e+00 3.977689870123863436e+00
2.580000000000000071e+00 3.977660290284156908e+00
2.589999999999999858e+00 3.977637687463760230e+00
2.600000000000000089e+00 3.977623981997966851e+00
2.609999999999999876e+00 3.977552314848900039e+00
2.620000000000000107e+00 3.977497353043556227e+00
2.629999999999999893e+00 3.977440180847644946e+00
2.640000000000000124e+00 3.977349036443233565e+00
2.649999999999999911e+00 3.977307988619804391e+00
2.660000000000000142e+00 3.977217498056888623e+00
2.669999999999999929e+00 3.977045987510681169e+00
2.680000000000000160e+00 3.976894130115509185e+00
2.689999999999999947e+00 3.976491772654056511e+00
2.700000000000000178e+00 3.976011381912231357e+00
2.709999999999999964e+00 3.975591307592392099e+00
2.720000000000000195e+00 3.975477278568744666e+00
2.729999999999999982e+00 3.975460743248462769e+00
2.740000000000000213e+00 3.975404990041255804e+00
2.750000000000000000e+00 3.975373064494132969e+00
2.760000000000000231e+00 3.975308404109477944e+00
2.770000000000000018e+00 3.975231022634506228e+00
2.780000000000000249e+00 3.975219359140396147e+00
2.790000000000000036e+00 3.975176938996315190e+00
2.800000000000000266e+00 3.975011805214881733e+00
2.810000000000000053e+00 3.974679857261180782e+00
2.819999999999999840e+00 3.974394232814312033e+00
2.830000000000000071e+00 3.974291415214538770e+00
2.839999999999999858e+00 3.974239087712764906e+00
2.850000000000000089e+00 3.974183352751731846e+00
2.859999999999999876e+00 3.974177937486171874e+00
2.870000000000000107e+00 3.974118009452819678e+00
2.879999999999999893e+00 3.974059364912509995e+00
2.890000000000000124e+00 3.974025553762912555e+00
2.899999999999999911e+00 3.969668759738206987e+00
2.910000000000000142e+00 3.960723202435970425e+00
2.919999999999999929e+00 3.783520511320829449e+00
2.930000000000000160e+00 1.379701449874043417e+00
2.939999999999999947e+00 3.386255623481273513e+00
2.950000000000000178e+00 3.882814991626739598e+00
2.959999999999999964e+00 3.982787731194496139e+00
2.970000000000000195e+00 3.982786664700507906e+00
2.979999999999999982e+00 3.982786743607521274e+00
2.990000000000000213e+00 3.982785995576381577e+00
3.000000000000000000e+00 3.982785995576381577e+00
