0.000000000000000000e+00 7.631813858571072640e-01 9.872829951724986230e-01
1.000000000000000021e-02 8.306030534612515170e-01 1.015077640562119354e+00
2.000000000000000042e-02 8.047041784513495610e-01 1.192082354401300170e+00
2.999999999999999889e-02 1.245494718064736217e+00 1.624192370423604315e+00
4.000000000000000083e-02 1.381167085242484438e+00 1.611478413402821053e+00
5.000000000000000278e-02 1.442572536364975733e+00 1.608078255792674049e+00
5.999999999999999778e-02 1.489515255603840016e+00 1.600610706872890310e+00
7.000000000000000666e-02 1.490219182700525558e+00 1.600695113349546173e+00
8.000000000000000167e-02 1.489520054682158090e+00 1.601029522046185871e+00
8.999999999999999667e-02 1.486435596796168435e+00 1.602311947065697462e+00
1.000000000000000056e-01 1.482180878013557024e+00 1.603619093092495174e+00
1.100000000000000006e-01 1.474877793865863040e+00 1.606114546815689881e+00
1.199999999999999956e-01 1.471603036394325104e+00 1.606894009244236310e+00
1.300000000000000044e-01 1.470777242644060179e+00 1.607178661422502541e+00
1.400000000000000133e-01 1.469914661660830735e+00 1.608940769574005891e+00
1.499999999999999944e-01 1.468747138585363876e+00 1.613200439804280739e+00
1.600000000000000033e-01 1.464432722871971793e+00 1.625850405227469819e+00
1.700000000000000122e-01 1.137332752522846047e+00 2.266185649395564994e+00
1.799999999999999933e-01 1.099476807224166741e+00 2.728475940847980841e+00
1.900000000000000022e-01 1.765544549546717912e+00 4.013552715277195482e+00
2.000000000000000111e-01 2.963256934884752614e+00 4.333283811231884997e+00
2.099999999999999922e-01 3.572692121017653655e+00 4.147654314121525410e+00
2.200000000000000011e-01 3.784281792120301802e+00 4.012857263782656503e+00
2.300000000000000100e-01 3.814366862892565102e+00 3.989664034915509916e+00
2.399999999999999911e-01 3.820991081582544080e+00 3.985043151768210112e+00
2.500000000000000000e-01 3.821297482981496518e+00 3.984845895557588502e+00
2.600000000000000089e-01 3.821362186184165566e+00 3.984989518370392503e+00
2.700000000000000178e-01 3.821360902724846298e+00 3.985088916744605747e+00
2.800000000000000266e-01 3.821311264820215214e+00 3.985126794152143326e+00
2.899999999999999800e-01 3.821008597627200576e+00 3.985145101556263558e+00
2.999999999999999889e-01 3.820697046306932076e+00 3.985115009409582409e+00
3.099999999999999978e-01 3.820457486656673396e+00 3.985098805333606720e+00
3.200000000000000067e-01 3.820119044526081531e+00 3.985106842100162083e+00
3.300000000000000155e-01 3.820025815281284043e+00 3.985159546371090489e+00
3.400000000000000244e-01 3.819988092212213360e+00 3.985285215144621418e+00
3.500000000000000333e-01 3.819774272988310848e+00 3.985272745983132303e+00
3.599999999999999867e-01 3.819270853814224598e+00 3.985336178480049174e+00
3.699999999999999956e-01 3.818658166972881407e+00 3.985369555443042611e+00
3.800000000000000044e-01 3.818370815840034460e+00 3.985293148622245596e+00
3.900000000000000133e-01 3.817953853676897324e+00 3.985138879110235344e+00
4.000000000000000222e-01 3.817071175173265996e+00 3.985262612029569329e+00
4.100000000000000311e-01 3.813279227404514860e+00 3.986928355207523200e+00
4.199999999999999845e-01 3.788079805087948060e+00 3.998816537437534180e+00
4.299999999999999933e-01 3.732507175476480921e+00 4.018418069694113193e+00
4.400000000000000022e-01 3.652757972869627778e+00 4.031525768857247449e+00
4.500000000000000111e-01 3.522137930027001929e+00 4.020912469381338283e+00
4.600000000000000200e-01 3.384187533680889981e+00 3.960578355634714942e+00
4.700000000000000289e-01 3.260976981036794342e+00 3.837552268059122085e+00
4.799999999999999822e-01 3.202138845305298354e+00 3.709529862318183824e+00
4.899999999999999911e-01 3.183553598158156639e+00 3.595318099315369054e+00
5.000000000000000000e-01 3.190631439306508277e+00 3.499523239438761202e+00
5.100000000000000089e-01 3.204659389423178073e+00 3.427202554260446288e+00
5.200000000000000178e-01 3.227892553439183576e+00 3.370319604177431483e+00
5.300000000000000266e-01 3.246969445822934119e+00 3.339910920054217414e+00
5.400000000000000355e-01 3.257588315463488815e+00 3.325432444643551921e+00
5.500000000000000444e-01 3.259923097698094185e+00 3.322648672960399008e+00
5.600000000000000533e-01 3.262251158575492305e+00 3.320758823743386046e+00
5.700000000000000622e-01 3.267632259361224811e+00 3.316513088486713556e+00
5.799999999999999600e-01 3.272241150225505102e+00 3.312864289294377151e+00
5.899999999999999689e-01 3.274876754262858736e+00 3.310894744998997385e+00
5.999999999999999778e-01 3.275747250837150126e+00 3.310182723656830639e+00
6.099999999999999867e-01 3.276002483535978005e+00 3.309829714840677450e+00
6.199999999999999956e-01 3.276288431898659592e+00 3.309570817326002778e+00
6.300000000000000044e-01 3.276436801693662026e+00 3.309228936822191436e+00
6.400000000000000133e-01 3.276490669273659062e+00 3.309072541328147654e+00
6.500000000000000222e-01 3.276525311899018966e+00 3.308945981130766434e+00
6.600000000000000311e-01 3.276543263180955901e+00 3.308807173277631630e+00
6.700000000000000400e-01 3.276543295315730742e+00 3.308646448961269915e+00
6.800000000000000488e-01 3.276545067664613953e+00 3.308511891544828387e+00
6.900000000000000577e-01 3.276517148957849734e+00 3.308478317670225266e+00
7.000000000000000666e-01 3.276420720651558316e+00 3.308466605531760418e+00
7.099999999999999645e-01 3.276330750791774271e+00 3.308484345362439072e+00
7.199999999999999734e-01 3.275122032506723624e+00 3.309360170976857862e+00
7.299999999999999822e-01 3.274668996997915915e+00 3.309628762945092451e+00
7.399999999999999911e-01 3.274621301669749407e+00 3.309632720342007062e+00
7.500000000000000000e-01 3.276053997849160293e+00 3.308564774705236911e+00
7.600000000000000089e-01 3.276019931423930220e+00 3.308570912830563149e+00
7.700000000000000178e-01 3.275484209346156472e+00 3.308912183719296518e+00
7.800000000000000266e-01 3.274894949801718802e+00 3.309200031625473493e+00
7.900000000000000355e-01 3.273753110173539760e+00 3.309907035571737488e+00
8.000000000000000444e-01 3.273668571635258040e+00 3.309859281491267957e+00
8.100000000000000533e-01 3.272649168230738592e+00 3.310426462052616703e+00
8.200000000000000622e-01 3.272581969356040510e+00 3.310467961164016870e+00
8.300000000000000711e-01 3.273244172027478971e+00 3.309976807620157668e+00
8.399999999999999689e-01 3.272671779088445643e+00 3.310306533976129284e+00
8.499999999999999778e-01 3.272217463127205850e+00 3.310579875925947935e+00
8.599999999999999867e-01 3.272325675265594036e+00 3.310558777444557954e+00
8.699999999999999956e-01 3.272846693360631054e+00 3.310200462877924910e+00
8.800000000000000044e-01 3.272678263629807294e+00 3.310333201213942811e+00
8.900000000000000133e-01 3.272702850396286056e+00 3.310331540882934132e+00
9.000000000000000222e-01 3.272580419017329323e+00 3.310431837962612978e+00
9.100000000000000311e-01 3.272527081464644994e+00 3.310520764819267825e+00
9.200000000000000400e-01 3.272789806749233144e+00 3.310494861086002771e+00
9.300000000000000488e-01 3.272067746130281840e+00 3.311209735268300314e+00
9.400000000000000577e-01 3.273698983944579144e+00 3.310432500826195668e+00
9.500000000000000666e-01 3.274986365658876686e+00 3.309794083283307486e+00
9.599999999999999645e-01 3.276043258437602468e+00 3.309256610150844935e+00
9.699999999999999734e-01 3.276406476894902386e+00 3.309041003178073037e+00
9.799999999999999822e-01 3.276599280722682916e+00 3.309007706620151534e+00
9.899999999999999911e-01 3.276754956589876588e+00 3.309050529488386072e+00
1.000000000000000000e+00 3.276790430218930794e+00 3.309103813078646539e+00
1.010000000000000009e+00 3.276794223309370757e+00 3.309194094027665400e+00
1.020000000000000018e+00 3.276841365652309879e+00 3.309316356529964143e+00
1.030000000000000027e+00 3.276849326195534484e+00 3.309430630092803138e+00
1.040000000000000036e+00 3.276865766995689544e+00 3.309557334024169517e+00
1.050000000000000044e+00 3.276919091747459323e+00 3.309663653742614731e+00
1.060000000000000053e+00 3.276974300273901353e+00 3.309742919307702369e+00
1.070000000000000062e+00 3.276972230268255348e+00 3.309841052736504974e+00
1.080000000000000071e+00 3.276999049941627717e+00 3.309936732328803366e+00
1.090000000000000080e+00 3.277016643040113308e+00 3.310035493366784820e+00
1.100000000000000089e+00 3.274563718418376013e+00 3.313007624307378052e+00
1.110000000000000098e+00 3.265817512677998025e+00 3.323533677016406784e+00
1.120000000000000107e+00 3.270245305377309730e+00 3.318581834763223437e+00
1.130000000000000115e+00 3.264478615749068169e+00 3.325901156990342500e+00
1.140000000000000124e+00 3.262845800706176913e+00 3.327816526640625217e+00
1.150000000000000133e+00 3.262818780169052246e+00 3.327934058766799374e+00
1.159999999999999920e+00 3.254873803463451676e+00 3.338450717300899040e+00
1.169999999999999929e+00 3.242414435237988446e+00 3.356472649942294328e+00
1.179999999999999938e+00 3.239478917409599035e+00 3.361530766275703463e+00
1.189999999999999947e+00 3.240318929904747680e+00 3.361011118551444188e+00
1.199999999999999956e+00 3.250547206294648106e+00 3.346217965547927164e+00
1.209999999999999964e+00 3.259815255046462745e+00 3.334236460298919624e+00
1.219999999999999973e+00 3.262333118692741341e+00 3.331219991029395811e+00
1.229999999999999982e+00 3.266369465572178221e+00 3.325849713490665494e+00
1.239999999999999991e+00 3.268121740012901899e+00 3.323123115677100170e+00
1.250000000000000000e+00 3.269706661412687065e+00 3.320449963381319147e+00
1.260000000000000009e+00 3.270479142211272894e+00 3.319001066071197492e+00
1.270000000000000018e+00 3.271495252205738780e+00 3.317015475910296551e+00
1.280000000000000027e+00 3.271899364642674168e+00 3.315918151541179082e+00
1.290000000000000036e+00 3.269823756634666623e+00 3.318521662285850660e+00
1.300000000000000044e+00 3.267443645794980256e+00 3.322470376517183688e+00
1.310000000000000053e+00 3.264957919512116558e+00 3.326867053222334558e+00
1.320000000000000062e+00 3.262845049746346149e+00 3.330593077675986891e+00
1.330000000000000071e+00 3.261520293867390841e+00 3.333180476491648392e+00
1.340000000000000080e+00 3.261342580540426805e+00 3.333785102245560683e+00
1.350000000000000089e+00 3.260954384804047201e+00 3.334772334975920849e+00
1.360000000000000098e+00 3.260530961905089065e+00 3.335884720639619161e+00
1.370000000000000107e+00 3.260135572692813177e+00 3.336864811695156696e+00
1.380000000000000115e+00 3.259317285321865043e+00 3.338691662675228322e+00
1.390000000000000124e+00 3.258642389198095124e+00 3.339996060218065388e+00
1.400000000000000133e+00 3.258604699291629103e+00 3.340955151258068412e+00
1.409999999999999920e+00 3.258392094944081219e+00 3.341941391164698683e+00
1.419999999999999929e+00 3.257497225422412601e+00 3.344096272311657625e+00
1.429999999999999938e+00 3.255154856417636466e+00 3.347866640069027788e+00
1.439999999999999947e+00 3.247752509018118960e+00 3.359520952714745601e+00
1.449999999999999956e+00 3.246048421538084483e+00 3.362289441692620784e+00
1.459999999999999964e+00 3.245189788461238845e+00 3.363918599314182689e+00
1.469999999999999973e+00 3.242585936630317800e+00 3.365955588299682777e+00
1.479999999999999982e+00 3.224793106065849013e+00 3.376173853305717731e+00
1.489999999999999991e+00 3.190999395825981022e+00 3.393054524972320518e+00
1.500000000000000000e+00 3.167247235028208152e+00 3.400440171773968956e+00
1.510000000000000009e+00 3.148664244933161438e+00 3.408629050874676825e+00
1.520000000000000018e+00 3.144863642402860204e+00 3.410184278086451304e+00
1.530000000000000027e+00 3.144479668063108857e+00 3.409727737685258386e+00
1.540000000000000036e+00 3.143688347019891083e+00 3.408622194905539082e+00
1.550000000000000044e+00 3.140359630862088469e+00 3.406617219404367791e+00
1.560000000000000053e+00 3.138062606342689964e+00 3.404579038120849166e+00
1.570000000000000062e+00 3.133969997171335731e+00 3.403791996804303555e+00
1.580000000000000071e+00 3.130730440903980227e+00 3.402773976644199561e+00
1.590000000000000080e+00 3.126588192661397425e+00 3.402372413970835563e+00
1.600000000000000089e+00 3.118097662353598309e+00 3.402808370642579128e+00
1.610000000000000098e+00 3.105924494975936145e+00 3.405071558509934260e+00
1.620000000000000107e+00 3.039682853420638153e+00 3.435668764340020331e+00
1.630000000000000115e+00 3.027756307652984091e+00 3.433143820525612178e+00
1.640000000000000124e+00 3.012081262965591311e+00 3.432313806333153305e+00
1.650000000000000133e+00 2.996166322348794875e+00 3.438063900253095273e+00
1.660000000000000142e+00 3.017547588122199365e+00 3.437916353251625701e+00
1.669999999999999929e+00 3.026752624266547009e+00 3.453926975791055121e+00
1.679999999999999938e+00 3.024489267809371551e+00 3.454516588222999562e+00
1.689999999999999947e+00 3.037334878818755968e+00 3.459185413229698192e+00
1.699999999999999956e+00 3.048365737077872506e+00 3.466643523972351648e+00
1.709999999999999964e+00 3.060127376786078379e+00 3.465783815268670409e+00
1.719999999999999973e+00 3.052527531144057615e+00 3.469736708129013802e+00
1.729999999999999982e+00 3.047531826565789359e+00 3.472232127510977762e+00
1.739999999999999991e+00 3.039337787675640445e+00 3.474129331903674345e+00
1.750000000000000000e+00 3.041654134291225109e+00 3.482713973285144871e+00
1.760000000000000009e+00 3.032004006721647826e+00 3.487985538337555980e+00
1.770000000000000018e+00 3.019340286894276915e+00 3.508210989932581292e+00
1.780000000000000027e+00 2.995793949954805857e+00 3.530091572465600347e+00
1.790000000000000036e+00 2.979550288903979549e+00 3.541270996181698827e+00
1.800000000000000044e+00 2.988407410766335204e+00 3.550544959605483442e+00
1.810000000000000053e+00 2.965854830098610506e+00 3.583553653974075104e+00
1.820000000000000062e+00 2.940497234905478763e+00 3.612385963188889271e+00
1.830000000000000071e+00 2.957195149657661837e+00 3.613898954181735235e+00
1.840000000000000080e+00 2.989604420021817699e+00 3.604701010831548924e+00
1.850000000000000089e+00 2.990233299064064543e+00 3.598141173444366014e+00
1.860000000000000098e+00 2.787948803852264845e+00 3.700829588426882921e+00
1.870000000000000107e+00 2.821686684421399693e+00 3.704182643197676317e+00
1.880000000000000115e+00 3.092073296164780771e+00 3.616602804399222215e+00
1.890000000000000124e+00 3.130592227856775267e+00 3.619121377718785837e+00
1.900000000000000133e+00 3.137916260332975327e+00 3.622549246783342447e+00
1.910000000000000142e+00 3.138669658662485595e+00 3.623858920291257668e+00
1.919999999999999929e+00 3.142181813896870679e+00 3.626460072728419526e+00
1.929999999999999938e+00 3.144084601553173375e+00 3.627499109732417626e+00
1.939999999999999947e+00 3.138612408089658690e+00 3.631962382431009662e+00
1.949999999999999956e+00 3.117128157263043597e+00 3.647791247203108433e+00
1.959999999999999964e+00 3.122483025675088619e+00 3.652436694709986220e+00
1.969999999999999973e+00 3.157943685360905750e+00 3.649388765620234398e+00
1.979999999999999982e+00 3.201431866785586333e+00 3.638521547659336886e+00
1.989999999999999991e+00 3.221363076107179868e+00 3.635501288082922056e+00
2.000000000000000000e+00 3.223612059729058288e+00 3.636762670619528848e+00
2.010000000000000231e+00 3.224463029926880164e+00 3.637047657557860969e+00
2.020000000000000018e+00 3.222253950351709584e+00 3.638191908355718596e+00
2.030000000000000249e+00 3.218551850723355923e+00 3.639507308941751784e+00
2.040000000000000036e+00 3.215606671432488906e+00 3.641124313593870898e+00
2.049999999999999822e+00 3.208712835748580794e+00 3.644934113947959631e+00
2.060000000000000053e+00 3.203272239487842565e+00 3.646703983251377235e+00
2.069999999999999840e+00 3.183927124805707276e+00 3.655550062155466851e+00
2.080000000000000071e+00 3.163189256383023285e+00 3.664957682012476958e+00
2.089999999999999858e+00 3.159026333366576456e+00 3.669798835839089168e+00
2.100000000000000089e+00 3.180457078476267352e+00 3.667283837098759935e+00
2.109999999999999876e+00 3.185340301814719499e+00 3.669317402538613049e+00
2.120000000000000107e+00 3.184980258354735305e+00 3.671289856677460328e+00
2.129999999999999893e+00 3.182315701902423299e+00 3.672010046941723616e+00
2.140000000000000124e+00 3.179210081205653626e+00 3.672330120057774483e+00
2.149999999999999911e+00 3.156710033215097688e+00 3.678333381139226255e+00
2.160000000000000142e+00 3.112043644041979196e+00 3.690967635321653173e+00
2.169999999999999929e+00 3.079134724300987003e+00 3.700420960599296372e+00
2.180000000000000160e+00 3.039014873943195916e+00 3.708426846337451011e+00
2.189999999999999947e+00 3.023731274921231282e+00 3.712507577236361378e+00
2.200000000000000178e+00 3.065738727998025048e+00 3.700298260679953266e+00
2.209999999999999964e+00 3.072130648178248435e+00 3.704372449761242692e+00
2.220000000000000195e+00 3.073185960644520431e+00 3.708849589158259352e+00
2.229999999999999982e+00 3.073754865918576051e+00 3.710989588541568018e+00
2.240000000000000213e+00 3.082596930875422636e+00 3.712844428720829981e+00
2.250000000000000000e+00 3.086650278021230598e+00 3.718397141421899477e+00
2.260000000000000231e+00 3.118128896477601497e+00 3.721302191831686645e+00
2.270000000000000018e+00 3.165134214337124607e+00 3.711897106768832000e+00
2.280000000000000249e+00 3.195323784078505369e+00 3.702532637344453370e+00
2.290000000000000036e+00 3.206527853024628616e+00 3.700420014373633659e+00
2.300000000000000266e+00 3.229009442375697869e+00 3.694836378733120430e+00
2.310000000000000053e+00 3.237627285904275620e+00 3.688316889148367306e+00
2.319999999999999840e+00 3.244127754619197557e+00 3.682899796316547292e+00
2.330000000000000071e+00 3.243070429048720893e+00 3.681261821465309669e+00
2.339999999999999858e+00 3.239628885695001959e+00 3.678079032371976087e+00
2.350000000000000089e+00 3.226928790470383390e+00 3.672624157727935490e+00
2.359999999999999876e+00 3.194008281031554208e+00 3.669537082766586966e+00
2.370000000000000107e+00 3.115772973570171800e+00 3.682048677681144078e+00
2.379999999999999893e+00 2.822787570290713699e+00 3.816014972276539741e+00
2.390000000000000124e+00 2.867571468526238121e+00 3.785303505829459070e+00
2.399999999999999911e+00 3.103266292980518148e+00 3.658894867211971214e+00
2.410000000000000142e+00 3.092909543972621744e+00 3.660410147837986461e+00
2.419999999999999929e+00 3.065514514860168571e+00 3.667625278278335177e+00
2.430000000000000160e+00 3.039859586000043468e+00 3.675156843510073212e+00
2.439999999999999947e+00 3.002919441845902426e+00 3.686651456377020963e+00
2.450000000000000178e+00 2.992237542768847902e+00 3.684084109791386119e+00
2.459999999999999964e+00 2.991959064072795549e+00 3.681776247468762087e+00
2.470000000000000195e+00 2.979843343438240311e+00 3.682413963066009543e+00
2.479999999999999982e+00 2.974449538783146885e+00 3.683053153048441608e+00
2.490000000000000213e+00 2.995605207308472462e+00 3.679506116036235230e+00
2.500000000000000000e+00 3.021174841520029464e+00 3.673442473533909958e+00
2.510000000000000231e+00 3.031472873722984573e+00 3.670739765959308620e+00
2.520000000000000018e+00 3.035384559841678431e+00 3.672131377508117467e+00
2.530000000000000249e+00 3.064153418351798663e+00 3.669969343641609427e+00
2.540000000000000036e+00 2.830549952116353296e+00 3.771901805824892762e+00
2.550000000000000266e+00 3.041131556103875422e+00 3.698418621463129607e+00
2.560000000000000053e+00 3.068515215308253108e+00 3.686350413275178095e+00
2.569999999999999840e+00 3.089500211899153026e+00 3.675315907125600301e+00
2.580000000000000071e+00 2.960102742601576242e+00 3.726862984832581827e+00
2.589999999999999858e+00 2.952910744184116698e+00 3.732696869841953369e+00
2.600000000000000089e+00 2.996735484392747839e+00 3.723568761658563542e+00
2.609999999999999876e+00 3.138540688575188309e+00 3.665224570087512124e+00
2.620000000000000107e+00 3.168607587415301019e+00 3.654675733767426493e+00
2.629999999999999893e+00 3.179609532601833433e+00 3.651966105127334661e+00
2.640000000000000124e+00 3.171525904474371327e+00 3.658048569879418732e+00
2.649999999999999911e+00 3.160025298295066509e+00 3.663772844042732846e+00
2.660000000000000142e+00 3.142845775822631360e+00 3.671686178618439378e+00
2.669999999999999929e+00 3.074928179054944533e+00 3.699248666412146225e+00
2.680000000000000160e+00 2.998113314292064846e+00 3.733126369498142250e+00
2.689999999999999947e+00 2.999665969270122634e+00 3.735599812239753792e+00
2.700000000000000178e+00 3.053047427410192860e+00 3.718172912982396383e+00
2.709999999999999964e+00 3.074641927528759311e+00 3.713207561497310571e+00
2.720000000000000195e+00 3.060726743054284160e+00 3.722981635398970202e+00
2.729999999999999982e+00 3.067827215697459753e+00 3.724463999827213545e+00
2.740000000000000213e+00 3.081861488310079444e+00 3.723074277786035502e+00
2.750000000000000000e+00 3.104894988240538112e+00 3.720341039541425587e+00
2.760000000000000231e+00 3.136693997304879300e+00 3.714132704519785388e+00
2.770000000000000018e+00 3.172708613962281099e+00 3.703507759505164643e+00
2.780000000000000249e+00 3.213524345432380969e+00 3.690659478310485575e+00
2.790000000000000036e+00 3.204678522861305723e+00 3.701407445006068997e+00
2.800000000000000266e+00 3.187133434501319584e+00 3.715367899026245091e+00
2.810000000000000053e+00 3.202125789128823730e+00 3.711523644433932123e+00
2.819999999999999840e+00 3.200021976629260134e+00 3.721826147824760955e+00
2.830000000000000071e+00 3.111012621992443439e+00 3.773534502140666991e+00
2.839999999999999858e+00 3.037346244991595334e+00 3.804620305659001112e+00
2.850000000000000089e+00 3.022912152855879331e+00 3.814724666389935681e+00
2.859999999999999876e+00 2.919431340638672268e+00 3.819290016377891561e+00
2.870000000000000107e+00 2.847392459695924138e+00 3.823619028925310914e+00
2.879999999999999893e+00 2.805264162085276958e+00 3.827316889295357072e+00
2.890000000000000124e+00 2.772840727188981447e+00 3.829226813497148996e+00
2.899999999999999911e+00 2.740339720616852492e+00 3.841120678019012136e+00
2.910000000000000142e+00 2.646085946324167271e+00 3.869371617818775366e+00
2.919999999999999929e+00 2.732689812549272901e+00 3.867640558208306878e+00
2.930000000000000160e+00 2.884264380959858265e+00 3.860550688079009696e+00
2.939999999999999947e+00 3.067748743617144669e+00 3.837617391877564010e+00
2.950000000000000178e+00 3.218406595214410526e+00 3.801436874553159928e+00
2.959999999999999964e+00 3.259026968453294870e+00 3.793254725315206244e+00
2.970000000000000195e+00 3.301746757066480242e+00 3.783815678097971258e+00
2.979999999999999982e+00 3.363550595702258228e+00 3.761733060859116407e+00
2.990000000000000213e+00 3.472928468693385007e+00 3.704111580058445874e+00
3.000000000000000000e+00 3.561214596003714039e+00 3.641699597364243868e+00
