0.000000000000000000e+00 9.399509730678796693e-01
1.000000000000000021e-02 9.620306010961532373e-01
2.000000000000000042e-02 1.064560879178047204e+00
2.999999999999999889e-02 1.241152751346230598e+00
4.000000000000000083e-02 2.082991908749341814e+00
5.000000000000000278e-02 3.162113262069225161e+00
5.999999999999999778e-02 3.169586654953956639e+00
7.000000000000000666e-02 3.169036060552596901e+00
8.000000000000000167e-02 3.168620957415103856e+00
8.999999999999999667e-02 3.168487592635154559e+00
1.000000000000000056e-01 3.168502579393386753e+00
1.100000000000000006e-01 3.168453488726616030e+00
1.199999999999999956e-01 3.168290240788459666e+00
1.300000000000000044e-01 3.168236256074905555e+00
1.400000000000000133e-01 3.168159022464752006e+00
1.499999999999999944e-01 3.168133945331573553e+00
1.600000000000000033e-01 3.168091849510669800e+00
1.700000000000000122e-01 3.168056195812225528e+00
1.799999999999999933e-01 3.167899146118164033e+00
1.900000000000000022e-01 3.167716155109405296e+00
2.000000000000000111e-01 3.167450376820564184e+00
2.099999999999999922e-01 3.167317694253921623e+00
2.200000000000000011e-01 3.167279641289710845e+00
2.300000000000000100e-01 3.167266506729125908e+00
2.399999999999999911e-01 3.167264501976966962e+00
2.500000000000000000e-01 3.167257994606494709e+00
2.600000000000000089e-01 3.167213280067443737e+00
2.700000000000000178e-01 3.167175242822170222e+00
2.800000000000000266e-01 3.167054356961250150e+00
2.899999999999999800e-01 3.166859526441097472e+00
2.999999999999999889e-01 3.166620325448513018e+00
3.099999999999999978e-01 3.166443936629295131e+00
3.200000000000000067e-01 3.166234639577865551e+00
3.300000000000000155e-01 3.166125177264213608e+00
3.400000000000000244e-01 3.166006737818717998e+00
3.500000000000000333e-01 3.165908940184116283e+00
3.599999999999999867e-01 3.165740008854866172e+00
3.699999999999999956e-01 3.165507950663566383e+00
3.800000000000000044e-01 3.165134274613857102e+00
3.900000000000000133e-01 3.164826720874309718e+00
4.000000000000000222e-01 3.164638275101185005e+00
4.100000000000000311e-01 3.164360920689106127e+00
4.199999999999999845e-01 3.164213258028030218e+00
4.299999999999999933e-01 3.164078096125126027e+00
4.400000000000000022e-01 3.163996596238613179e+00
4.500000000000000111e-01 3.163953999614715684e+00
4.600000000000000200e-01 3.163885328109264261e+00
4.700000000000000289e-01 3.163824985096454601e+00
4.799999999999999822e-01 3.163823148350715542e+00
4.899999999999999911e-01 3.163827993905544478e+00
5.000000000000000000e-01 3.163838140645027330e+00
5.100000000000000089e-01 3.163837073178291437e+00
5.200000000000000178e-01 3.163838363478183702e+00
5.300000000000000266e-01 3.163842248535156276e+00
5.400000000000000355e-01 3.163850999925136520e+00
5.500000000000000444e-01 3.163857278866768041e+00
5.600000000000000533e-01 3.163868384072780593e+00
5.700000000000000622e-01 3.163903766663074713e+00
5.799999999999999600e-01 3.163952699387073686e+00
5.899999999999999689e-01 3.163966428809165787e+00
5.999999999999999778e-01 3.164025835282802568e+00
6.099999999999999867e-01 3.164053269517421718e+00
6.199999999999999956e-01 3.164116235680580314e+00
6.300000000000000044e-01 3.164199437983036045e+00
6.400000000000000133e-01 3.164349308032989416e+00
6.500000000000000222e-01 3.164559913647174927e+00
6.600000000000000311e-01 3.164725691151618836e+00
6.700000000000000400e-01 3.164811187899112532e+00
6.800000000000000488e-01 3.164960405328273829e+00
6.900000000000000577e-01 3.165110911190509579e+00
7.000000000000000666e-01 3.165273675172329160e+00
7.099999999999999645e-01 3.165376965749263860e+00
7.199999999999999734e-01 3.165696463139056949e+00
7.299999999999999822e-01 3.166078172407150060e+00
7.399999999999999911e-01 3.166681891348361866e+00
7.500000000000000000e-01 3.167677846243381445e+00
7.600000000000000089e-01 3.169197097322940859e+00
7.700000000000000178e-01 3.170801809902191071e+00
7.800000000000000266e-01 3.173106525495052121e+00
7.900000000000000355e-01 3.176157424263954088e+00
8.000000000000000444e-01 3.179404127411842307e+00
8.100000000000000533e-01 3.182898119690418248e+00
8.200000000000000622e-01 3.186614837145805179e+00
8.300000000000000711e-01 3.190677026612758649e+00
8.399999999999999689e-01 3.195154916896819852e+00
8.499999999999999778e-01 3.199843963804244851e+00
8.599999999999999867e-01 3.207731536102294889e+00
8.699999999999999956e-01 3.215843488700389941e+00
8.800000000000000044e-01 3.228751700003146929e+00
8.900000000000000133e-01 3.257202950634956462e+00
9.000000000000000222e-01 3.288526948409080664e+00
9.100000000000000311e-01 3.319757873613834231e+00
9.200000000000000400e-01 3.352213953537940938e+00
9.300000000000000488e-01 3.368367572689056288e+00
9.400000000000000577e-01 3.392312285926342152e+00
9.500000000000000666e-01 3.419450204474926203e+00
9.599999999999999645e-01 3.457738237950801707e+00
9.699999999999999734e-01 3.497988712260723165e+00
9.799999999999999822e-01 3.533612171437740201e+00
9.899999999999999911e-01 3.570634238448143094e+00
1.000000000000000000e+00 3.610902847406864069e+00
1.010000000000000009e+00 3.659032287449836662e+00
1.020000000000000018e+00 3.698227731058597367e+00
1.030000000000000027e+00 3.739805453238487232e+00
1.040000000000000036e+00 3.768685444355011072e+00
1.050000000000000044e+00 3.788173369531631529e+00
1.060000000000000053e+00 3.799415876872539677e+00
1.070000000000000062e+00 3.811440664649009769e+00
1.080000000000000071e+00 3.819107145020961713e+00
1.090000000000000080e+00 3.824961488549709188e+00
1.100000000000000089e+00 3.832451527481079090e+00
1.110000000000000098e+00 3.838321082828044961e+00
1.120000000000000107e+00 3.846291800708770747e+00
1.130000000000000115e+00 3.853974864959716751e+00
1.140000000000000124e+00 3.860766870758533642e+00
1.150000000000000133e+00 3.863639303927421498e+00
1.159999999999999920e+00 3.864240260264873328e+00
1.169999999999999929e+00 3.861685939104556820e+00
1.179999999999999938e+00 3.852897989678382817e+00
1.189999999999999947e+00 3.839647171068191422e+00
1.199999999999999956e+00 3.823796349563598707e+00
1.209999999999999964e+00 3.791132642414569709e+00
1.219999999999999973e+00 3.742425237488746781e+00
1.229999999999999982e+00 3.685847865483760977e+00
1.239999999999999991e+00 3.565720978763103677e+00
1.250000000000000000e+00 3.414652582287788452e+00
1.260000000000000009e+00 3.271802673799991457e+00
1.270000000000000018e+00 3.139413495421409461e+00
1.280000000000000027e+00 3.074663615057468213e+00
1.290000000000000036e+00 3.043286318681240221e+00
1.300000000000000044e+00 3.015407275130748577e+00
1.310000000000000053e+00 3.000276570465564507e+00
1.320000000000000062e+00 2.993721051571369252e+00
1.330000000000000071e+00 2.986778975176811013e+00
1.340000000000000080e+00 2.986541127989291944e+00
1.350000000000000089e+00 2.987476213197707953e+00
1.360000000000000098e+00 2.988101006495952561e+00
1.370000000000000107e+00 2.988494893219471038e+00
1.380000000000000115e+00 2.988838849320411661e+00
1.390000000000000124e+00 2.989196556375026681e+00
1.400000000000000133e+00 2.989434526028633243e+00
1.409999999999999920e+00 2.989539477853774940e+00
1.419999999999999929e+00 2.989564477760791927e+00
1.429999999999999938e+00 2.989578153641224034e+00
1.439999999999999947e+00 2.989610790603161039e+00
1.449999999999999956e+00 2.989610790603161039e+00
1.459999999999999964e+00 2.989627082581519879e+00
1.469999999999999973e+00 2.989649974391460407e+00
1.479999999999999982e+00 2.989658554632663723e+00
1.489999999999999991e+00 2.989676298220157680e+00
1.500000000000000000e+00 2.989677122130394160e+00
1.510000000000000009e+00 2.989691970953941347e+00
1.520000000000000018e+00 2.989702081804275657e+00
1.530000000000000027e+00 2.989731803781986219e+00
1.540000000000000036e+00 2.989810943608283811e+00
1.550000000000000044e+00 2.989840616927146755e+00
1.560000000000000053e+00 2.989855174403190485e+00
1.570000000000000062e+00 2.989916358411312203e+00
1.580000000000000071e+00 2.989935478606223995e+00
1.590000000000000080e+00 2.989930239658355582e+00
1.600000000000000089e+00 2.989920333468913949e+00
1.610000000000000098e+00 2.989796257145404645e+00
1.620000000000000107e+00 2.989648013312816488e+00
1.630000000000000115e+00 2.989943483774661903e+00
1.640000000000000124e+00 2.991085347268581440e+00
1.650000000000000133e+00 2.991310466787814981e+00
1.660000000000000142e+00 2.992482558023929595e+00
1.669999999999999929e+00 2.992514353289604134e+00
1.679999999999999938e+00 2.992568922753334082e+00
1.689999999999999947e+00 2.992857823183536325e+00
1.699999999999999956e+00 2.993504621212482508e+00
1.709999999999999964e+00 2.994093794836997890e+00
1.719999999999999973e+00 2.994364600710868629e+00
1.729999999999999982e+00 2.994726517419814993e+00
1.739999999999999991e+00 2.994783219385146911e+00
1.750000000000000000e+00 2.995001456911563942e+00
1.760000000000000009e+00 2.995166708254814125e+00
1.770000000000000018e+00 2.995268112952709227e+00
1.780000000000000027e+00 2.995196555702686503e+00
1.790000000000000036e+00 2.995295591964721726e+00
1.800000000000000044e+00 2.996138669209480465e+00
1.810000000000000053e+00 3.000351283962726434e+00
1.820000000000000062e+00 3.017786538612842406e+00
1.830000000000000071e+00 3.063689849677085686e+00
1.840000000000000080e+00 3.140533954341411693e+00
1.850000000000000089e+00 3.252366469025611995e+00
1.860000000000000098e+00 3.384455382459163886e+00
1.870000000000000107e+00 3.506224419937133963e+00
1.880000000000000115e+00 3.620309624454975062e+00
1.890000000000000124e+00 3.731279469585418784e+00
1.900000000000000133e+00 3.820201907691955778e+00
1.910000000000000142e+00 3.881802834680080583e+00
1.919999999999999929e+00 3.912971629030704612e+00
1.929999999999999938e+00 3.926174204421043257e+00
1.939999999999999947e+00 3.933677164516448777e+00
1.949999999999999956e+00 3.936224198668003105e+00
1.959999999999999964e+00 3.937130742335319677e+00
1.969999999999999973e+00 3.937284163420200489e+00
1.979999999999999982e+00 3.937410925984382803e+00
1.989999999999999991e+00 3.937620037658214667e+00
2.000000000000000000e+00 3.937716879324912878e+00
2.010000000000000231e+00 3.937905252552032387e+00
2.020000000000000018e+00 3.938057034044265770e+00
2.030000000000000249e+00 3.938283613977432207e+00
2.040000000000000036e+00 3.938532534584999301e+00
2.049999999999999822e+00 3.938719276366233757e+00
2.060000000000000053e+00 3.938878095028400583e+00
2.069999999999999840e+00 3.939031917943954575e+00
2.080000000000000071e+00 3.939183950960636338e+00
2.089999999999999858e+00 3.939382328732013772e+00
2.100000000000000089e+00 3.939525049705505211e+00
2.109999999999999876e+00 3.939705549945831109e+00
2.120000000000000107e+00 3.939911656646728488e+00
2.129999999999999893e+00 3.940010571224689340e+00
2.140000000000000124e+00 3.940172743480205408e+00
2.149999999999999911e+00 3.940291860425472414e+00
2.160000000000000142e+00 3.940397212858199882e+00
2.169999999999999929e+00 3.940523982267379655e+00
2.180000000000000160e+00 3.940605852947235199e+00
2.189999999999999947e+00 3.940631012175083381e+00
2.200000000000000178e+00 3.940774318025112244e+00
2.209999999999999964e+00 3.940848040084838910e+00
2.220000000000000195e+00 3.940860097837448173e+00
2.229999999999999982e+00 3.940871820769309863e+00
2.240000000000000213e+00 3.940871820769309863e+00
2.250000000000000000e+00 3.940871820769309863e+00
2.260000000000000231e+00 3.940852796666622027e+00
2.270000000000000018e+00 3.940841224915981211e+00
2.280000000000000249e+00 3.940814094860553674e+00
2.290000000000000036e+00 3.940790248973369714e+00
2.300000000000000266e+00 3.940714972569942631e+00
2.310000000000000053e+00 3.940684626326560913e+00
2.319999999999999840e+00 3.940673059146404089e+00
2.330000000000000071e+00 3.940673614981174300e+00
2.339999999999999858e+00 3.940671059844493840e+00
2.350000000000000089e+00 3.940669772617817035e+00
2.359999999999999876e+00 3.940669750442504782e+00
2.370000000000000107e+00 3.940669750442504782e+00
2.379999999999999893e+00 3.940669185106754124e+00
2.390000000000000124e+00 3.940669185106754124e+00
2.399999999999999911e+00 3.940689935705661728e+00
2.410000000000000142e+00 3.940697238435745042e+00
2.419999999999999929e+00 3.940754324684143217e+00
2.430000000000000160e+00 3.940815319063663669e+00
2.439999999999999947e+00 3.940904102156162381e+00
2.450000000000000178e+00 3.940992082743644875e+00
2.459999999999999964e+00 3.941085907239914032e+00
2.470000000000000195e+00 3.941139075651168611e+00
2.479999999999999982e+00 3.941242005026340589e+00
2.490000000000000213e+00 3.941306623101234585e+00
2.500000000000000000e+00 3.941300214486122222e+00
2.510000000000000231e+00 3.941354586057662868e+00
2.520000000000000018e+00 3.941338751440048416e+00
2.530000000000000249e+00 3.941257730991840180e+00
2.540000000000000036e+00 3.941121786861419896e+00
2.550000000000000266e+00 3.941044038558006335e+00
2.560000000000000053e+00 3.940956806626319864e+00
2.569999999999999840e+00 3.940806074292659833e+00
2.580000000000000071e+00 3.940359031991958805e+00
2.589999999999999858e+00 3.940117065594196166e+00
2.600000000000000089e+00 3.939816309516429804e+00
2.609999999999999876e+00 3.939771965763569028e+00
2.620000000000000107e+00 3.939547780256271281e+00
2.629999999999999893e+00 3.938738526124954120e+00
2.640000000000000124e+00 3.937946902952194073e+00
2.649999999999999911e+00 3.937290054688453722e+00
2.660000000000000142e+00 3.936716436858177293e+00
2.669999999999999929e+00 3.936180777895450511e+00
2.680000000000000160e+00 3.935312867672443371e+00
2.689999999999999947e+00 3.934815317056179040e+00
2.700000000000000178e+00 3.934033579599857333e+00
2.709999999999999964e+00 3.933711963658332866e+00
2.720000000000000195e+00 3.932812990450858859e+00
2.729999999999999982e+00 3.932087858519554224e+00
2.740000000000000213e+00 3.931010273039341030e+00
2.750000000000000000e+00 3.929866565818786572e+00
2.760000000000000231e+00 3.927660243098735737e+00
2.770000000000000018e+00 3.924450220994949223e+00
2.780000000000000249e+00 3.922535150413513083e+00
2.790000000000000036e+00 3.919667315924167728e+00
2.800000000000000266e+00 3.917100024368763034e+00
2.810000000000000053e+00 3.889297714769840209e+00
2.819999999999999840e+00 3.539352928277254229e+00
2.830000000000000071e+00 2.262087488979101391e+00
2.839999999999999858e+00 1.701659787863492923e+00
2.850000000000000089e+00 1.667121346153020767e+00
2.859999999999999876e+00 1.667079772690534645e+00
2.870000000000000107e+00 1.667078647421598392e+00
2.879999999999999893e+00 1.678816829115152398e+00
2.890000000000000124e+00 1.687970910093784305e+00
2.899999999999999911e+00 1.796449719009399315e+00
2.910000000000000142e+00 2.411934182026386431e+00
2.919999999999999929e+00 3.387084683471917934e+00
2.930000000000000160e+00 3.623670308187008082e+00
2.939999999999999947e+00 3.722811625390052725e+00
2.950000000000000178e+00 3.770102457132339602e+00
2.959999999999999964e+00 3.781709899938106467e+00
2.970000000000000195e+00 3.782749818847179313e+00
2.979999999999999982e+00 3.783930686380863051e+00
2.990000000000000213e+00 3.785344870033264364e+00
3.000000000000000000e+00 3.786592932531833711e+00
