0.000000000000000000e+00 5.620814085439661545e-01 8.626315346195480016e-01
1.000000000000000021e-02 5.527924513353985603e-01 9.227753606621342808e-01
2.000000000000000042e-02 1.082525900235982608e+00 1.900340346975712080e+00
2.999999999999999889e-02 1.548791173464375115e+00 2.071466751234216197e+00
4.000000000000000083e-02 1.618899952971216250e+00 2.098799750848535872e+00
5.000000000000000278e-02 1.572636058088397348e+00 2.209435707119847159e+00
5.999999999999999778e-02 1.486500942568366845e+00 2.864929415316994188e+00
7.000000000000000666e-02 1.879652188886145714e+00 3.691362198273201223e+00
8.000000000000000167e-02 2.599103367350051208e+00 4.120145258975079550e+00
8.999999999999999667e-02 3.188911060769413552e+00 4.144944860851909496e+00
1.000000000000000056e-01 3.492537408708287661e+00 4.066349325166987327e+00
1.100000000000000006e-01 3.614726250768715232e+00 4.004068665770477153e+00
1.199999999999999956e-01 3.646553106258602739e+00 3.986326095611361531e+00
1.300000000000000044e-01 3.649542787564695967e+00 3.984525423552094825e+00
1.400000000000000133e-01 3.649596118669816480e+00 3.984473876180342433e+00
1.499999999999999944e-01 3.649412790991905187e+00 3.984345463207123128e+00
1.600000000000000033e-01 3.649287463175487467e+00 3.984199254811572999e+00
1.700000000000000122e-01 3.649170864153178151e+00 3.984163970684734934e+00
1.799999999999999933e-01 3.648120992809676277e+00 3.983921684201813473e+00
1.900000000000000022e-01 3.647382938882632875e+00 3.983994349463657603e+00
2.000000000000000111e-01 3.646446986165087445e+00 3.984083265838582300e+00
2.099999999999999922e-01 3.643868228012196120e+00 3.984605968188174252e+00
2.200000000000000011e-01 3.632665143988083933e+00 3.987793265879203020e+00
2.300000000000000100e-01 3.611253802527520484e+00 3.995212436524298028e+00
2.399999999999999911e-01 3.574807985655979792e+00 4.006494722526355190e+00
2.500000000000000000e-01 3.504643162502613318e+00 4.024972393708857510e+00
2.600000000000000089e-01 3.420599275435459052e+00 4.036890782774437803e+00
2.700000000000000178e-01 3.304894916271207794e+00 4.054041103671552904e+00
2.800000000000000266e-01 3.214534070098986618e+00 4.042022671310315118e+00
2.899999999999999800e-01 3.095065947591379096e+00 4.016081927669928220e+00
2.999999999999999889e-01 2.956073212506245440e+00 3.978736525853205919e+00
3.099999999999999978e-01 2.816639728001371079e+00 3.925856993044599452e+00
3.200000000000000067e-01 2.608807089329950202e+00 3.792175998569734752e+00
3.300000000000000155e-01 2.493496569891341608e+00 3.651214855484596455e+00
3.400000000000000244e-01 2.419261487800621779e+00 3.526357545609926980e+00
3.500000000000000333e-01 2.371850718288003090e+00 3.431645894566000887e+00
3.599999999999999867e-01 2.325595580586292677e+00 3.320692897945544786e+00
3.699999999999999956e-01 2.321608377789214472e+00 3.208290406676574946e+00
3.800000000000000044e-01 2.313462486372241056e+00 3.095655725850811724e+00
3.900000000000000133e-01 2.345639532314854669e+00 3.072195921288413345e+00
4.000000000000000222e-01 2.383700473533757691e+00 3.057230571760050086e+00
4.100000000000000311e-01 2.410402369583151572e+00 3.040708002204396632e+00
4.199999999999999845e-01 2.423292415515561959e+00 3.037362969971517668e+00
4.299999999999999933e-01 2.445732930381890657e+00 3.043954890367392085e+00
4.400000000000000022e-01 2.477421894748986109e+00 3.050535695139586334e+00
4.500000000000000111e-01 2.443538087427141736e+00 3.035727118969437921e+00
4.600000000000000200e-01 2.464190538621719551e+00 3.024712197221938847e+00
4.700000000000000289e-01 2.468934523888605348e+00 3.028725066398603616e+00
4.799999999999999822e-01 2.472868141679806175e+00 3.032156935043292645e+00
4.899999999999999911e-01 2.491119394527653963e+00 3.050471271313448529e+00
5.000000000000000000e-01 2.525499286173480407e+00 3.081596967593533520e+00
5.100000000000000089e-01 2.546138677032467434e+00 3.099076440841677993e+00
5.200000000000000178e-01 2.562603061233610813e+00 3.116018200239091041e+00
5.300000000000000266e-01 2.580984722104149753e+00 3.128049697160643738e+00
5.400000000000000355e-01 2.618449245678088566e+00 3.148962163356640254e+00
5.500000000000000444e-01 2.657635570892820098e+00 3.180078556862344641e+00
5.600000000000000533e-01 2.744883855631595537e+00 3.212157565328831232e+00
5.700000000000000622e-01 2.785568531424347238e+00 3.225217906873878437e+00
5.799999999999999600e-01 2.806893467199543135e+00 3.222624634626171325e+00
5.899999999999999689e-01 2.815461415431814718e+00 3.219783583972139152e+00
5.999999999999999778e-01 2.825822187775809180e+00 3.219248317504685541e+00
6.099999999999999867e-01 2.836247976149154582e+00 3.228116689387725557e+00
6.199999999999999956e-01 2.848770785619188395e+00 3.224764009641241103e+00
6.300000000000000044e-01 2.860506422219702749e+00 3.222245563044121575e+00
6.400000000000000133e-01 2.869120585354074215e+00 3.222871221191183189e+00
6.500000000000000222e-01 2.873858861570784295e+00 3.225198853644899000e+00
6.600000000000000311e-01 2.878881779922248807e+00 3.229506341038940409e+00
6.700000000000000400e-01 2.882514384776655003e+00 3.231268351705965269e+00
6.800000000000000488e-01 2.885278706510215230e+00 3.233128456523270522e+00
6.900000000000000577e-01 2.886665875245131296e+00 3.233185593971215077e+00
7.000000000000000666e-01 2.885453867115283177e+00 3.234146998315548860e+00
7.099999999999999645e-01 2.887639708455149723e+00 3.231719319440777838e+00
7.199999999999999734e-01 2.892878515544074158e+00 3.228098185820443167e+00
7.299999999999999822e-01 2.903643122192752113e+00 3.225840761517155375e+00
7.399999999999999911e-01 2.909150250114422853e+00 3.227258779526728460e+00
7.500000000000000000e-01 2.916051711224022291e+00 3.229016341644820542e+00
7.600000000000000089e-01 2.920619197511456377e+00 3.230111683306910564e+00
7.700000000000000178e-01 2.925243697484652294e+00 3.240641812092145635e+00
7.800000000000000266e-01 2.935902953837240759e+00 3.260941237032090712e+00
7.900000000000000355e-01 2.944784128623498809e+00 3.290126137508855741e+00
8.000000000000000444e-01 2.950812806416526435e+00 3.299054648994430572e+00
8.100000000000000533e-01 2.955382859736674916e+00 3.299751234639889397e+00
8.200000000000000622e-01 2.960755934776980958e+00 3.300578636298458157e+00
8.300000000000000711e-01 2.963547772677125547e+00 3.303517144892035073e+00
8.399999999999999689e-01 2.966542022236078324e+00 3.314441351744443764e+00
8.499999999999999778e-01 2.970439187834831962e+00 3.323794566094306013e+00
8.599999999999999867e-01 2.976326029579836607e+00 3.337195042984288484e+00
8.699999999999999956e-01 2.988108122609147710e+00 3.348400782558431654e+00
8.800000000000000044e-01 2.993207130150833173e+00 3.349465658397636325e+00
8.900000000000000133e-01 2.994708306755156979e+00 3.349500544505982003e+00
9.000000000000000222e-01 2.995154102542735064e+00 3.349347003681324875e+00
9.100000000000000311e-01 2.996139406370380343e+00 3.349520117622158288e+00
9.200000000000000400e-01 2.995980025786435519e+00 3.351779940496409260e+00
9.300000000000000488e-01 2.996229819053783494e+00 3.353178808270320665e+00
9.400000000000000577e-01 2.996861349689019516e+00 3.352024032472120663e+00
9.500000000000000666e-01 2.996654352331415083e+00 3.352847680144056319e+00
9.599999999999999645e-01 2.997206422238093193e+00 3.351372352166432922e+00
9.699999999999999734e-01 2.997668773730515213e+00 3.349389934555770054e+00
9.799999999999999822e-01 2.997825668977919022e+00 3.348254935441789648e+00
9.899999999999999911e-01 2.998916745512038240e+00 3.344152036927193983e+00
1.000000000000000000e+00 3.003274164497125476e+00 3.330610472625028962e+00
1.010000000000000009e+00 3.010792746140948495e+00 3.308804168288715708e+00
1.020000000000000018e+00 3.017106741444790963e+00 3.292249262016093247e+00
1.030000000000000027e+00 3.023186914447910212e+00 3.277028092938297554e+00
1.040000000000000036e+00 3.026341945408321799e+00 3.266856608611606205e+00
1.050000000000000044e+00 3.028465577655103047e+00 3.259540107693407407e+00
1.060000000000000053e+00 3.028311612268728581e+00 3.257505442718224842e+00
1.070000000000000062e+00 3.027422733111757136e+00 3.256611909799200344e+00
1.080000000000000071e+00 3.027924360694731032e+00 3.251234850597536141e+00
1.090000000000000080e+00 3.034882839777063968e+00 3.235078529231954381e+00
1.100000000000000089e+00 3.044101561769507303e+00 3.216985504585244460e+00
1.110000000000000098e+00 3.047979621570498399e+00 3.207843816773503054e+00
1.120000000000000107e+00 3.048324957515449629e+00 3.201284971454886996e+00
1.130000000000000115e+00 3.045547991209300864e+00 3.199095014228550138e+00
1.140000000000000124e+00 3.043131393699781029e+00 3.197440850491388709e+00
1.150000000000000133e+00 3.040331358844608367e+00 3.196823870609431850e+00
1.159999999999999920e+00 3.040358581669595939e+00 3.196257254683705806e+00
1.169999999999999929e+00 3.039119490393619394e+00 3.196282142964382622e+00
1.179999999999999938e+00 3.038098776008129942e+00 3.196282028549670695e+00
1.189999999999999947e+00 3.037237992116241792e+00 3.196262691796989408e+00
1.199999999999999956e+00 3.037163005709626162e+00 3.196329212012313015e+00
1.209999999999999964e+00 3.037436132507018272e+00 3.196575172567673206e+00
1.219999999999999973e+00 3.037542046665291373e+00 3.196748882408996018e+00
1.229999999999999982e+00 3.037579412902868814e+00 3.197234514270745454e+00
1.239999999999999991e+00 3.037554117344880122e+00 3.197794087925887485e+00
1.250000000000000000e+00 3.037491377414051730e+00 3.198286355640109324e+00
1.260000000000000009e+00 3.037411557146053820e+00 3.198553268770236269e+00
1.270000000000000018e+00 3.037192456648851735e+00 3.198613248660062691e+00
1.280000000000000027e+00 3.036907113566954308e+00 3.198786344179551655e+00
1.290000000000000036e+00 3.036568578383727512e+00 3.199005848128990692e+00
1.300000000000000044e+00 3.036327516786677005e+00 3.199513137648481109e+00
1.310000000000000053e+00 3.036151375553777232e+00 3.200233490116426882e+00
1.320000000000000062e+00 3.035722783866851682e+00 3.200910546368629372e+00
1.330000000000000071e+00 3.035380316377696008e+00 3.201469577154103074e+00
1.340000000000000080e+00 3.034891774355169769e+00 3.201878282102349704e+00
1.350000000000000089e+00 3.034692110303913726e+00 3.202722669745410311e+00
1.360000000000000098e+00 3.034481870878126930e+00 3.203782157637688588e+00
1.370000000000000107e+00 3.034186293099472298e+00 3.204549983598640406e+00
1.380000000000000115e+00 3.033717525428083928e+00 3.204905178977700775e+00
1.390000000000000124e+00 3.033324397231788261e+00 3.205293694675712679e+00
1.400000000000000133e+00 3.033155463918844053e+00 3.205776933174929066e+00
1.409999999999999920e+00 3.032949475286731644e+00 3.206457162858714849e+00
1.419999999999999929e+00 3.032665718435213265e+00 3.207181197424962882e+00
1.429999999999999938e+00 3.032278933764237294e+00 3.208304012603026223e+00
1.439999999999999947e+00 3.031814683840186042e+00 3.210137620627969035e+00
1.449999999999999956e+00 3.031667458392130587e+00 3.216444805783284178e+00
1.459999999999999964e+00 3.033221998234302941e+00 3.230645119161098311e+00
1.469999999999999973e+00 3.033771662399655789e+00 3.239883575890177170e+00
1.479999999999999982e+00 3.034856615959520720e+00 3.248705882500295683e+00
1.489999999999999991e+00 3.036029138655526260e+00 3.258187049775259858e+00
1.500000000000000000e+00 3.036511113611001900e+00 3.264195887011747121e+00
1.510000000000000009e+00 3.036977576220564856e+00 3.269472570588059845e+00
1.520000000000000018e+00 3.036497842402754888e+00 3.273139149174393747e+00
1.530000000000000027e+00 3.036394698379934809e+00 3.278180400864182609e+00
1.540000000000000036e+00 3.035661146782953512e+00 3.282080612064282921e+00
1.550000000000000044e+00 3.034649576314788710e+00 3.286276241899627415e+00
1.560000000000000053e+00 3.032061423414671886e+00 3.296727949940239988e+00
1.570000000000000062e+00 3.029299365897074381e+00 3.309324837474926895e+00
1.580000000000000071e+00 3.026512180635935856e+00 3.324045700757496391e+00
1.590000000000000080e+00 3.023784415436634898e+00 3.346239659356226692e+00
1.600000000000000089e+00 3.022416730808664909e+00 3.365939886127065073e+00
1.610000000000000098e+00 3.022770439739150827e+00 3.386022388501243707e+00
1.620000000000000107e+00 3.025034837372707397e+00 3.405366472665858790e+00
1.630000000000000115e+00 3.027218087935236834e+00 3.420411071386548318e+00
1.640000000000000124e+00 3.029135631450989852e+00 3.432241115451475810e+00
1.650000000000000133e+00 3.030639093207963430e+00 3.442192575769773999e+00
1.660000000000000142e+00 3.032862845561971277e+00 3.452428788039217267e+00
1.669999999999999929e+00 3.035018071984422861e+00 3.461709833083975063e+00
1.679999999999999938e+00 3.038846184255557414e+00 3.473449546435398272e+00
1.689999999999999947e+00 3.043917859501630296e+00 3.487928047023028277e+00
1.699999999999999956e+00 3.051787888828518813e+00 3.505950673440692444e+00
1.709999999999999964e+00 3.060008902518453144e+00 3.524018654883203983e+00
1.719999999999999973e+00 3.072888988681035993e+00 3.544298188390535120e+00
1.729999999999999982e+00 3.087728784108242586e+00 3.563909530138889004e+00
1.739999999999999991e+00 3.103879601257387488e+00 3.584531430766042082e+00
1.750000000000000000e+00 3.120432581003539596e+00 3.603519853665001271e+00
1.760000000000000009e+00 3.139281083426632257e+00 3.621724380264125465e+00
1.770000000000000018e+00 3.159196080008994212e+00 3.639046357048500990e+00
1.780000000000000027e+00 3.182393514719576100e+00 3.655687441806226179e+00
1.790000000000000036e+00 3.203393800697445393e+00 3.667863620276332171e+00
1.800000000000000044e+00 3.221519635466019160e+00 3.676896573931296430e+00
1.810000000000000053e+00 3.238393800710942294e+00 3.684260919361803666e+00
1.820000000000000062e+00 3.255920961448864226e+00 3.690728792717738571e+00
1.830000000000000071e+00 3.273803437377439618e+00 3.696596781357301520e+00
1.840000000000000080e+00 3.297324622904138192e+00 3.700572532824202288e+00
1.850000000000000089e+00 3.317625581765812903e+00 3.703085520662622976e+00
1.860000000000000098e+00 3.339545665974978483e+00 3.704251990494366709e+00
1.870000000000000107e+00 3.358075464650899011e+00 3.704486419323175905e+00
1.880000000000000115e+00 3.371540570136581927e+00 3.704132411588156870e+00
1.890000000000000124e+00 3.381230513038812724e+00 3.703955020999731396e+00
1.900000000000000133e+00 3.390151823014489363e+00 3.703337357345351410e+00
1.910000000000000142e+00 3.397541655650338388e+00 3.702596638378897520e+00
1.919999999999999929e+00 3.403732748719145995e+00 3.701800243014405467e+00
1.929999999999999938e+00 3.409640731519912205e+00 3.700947523113037985e+00
1.939999999999999947e+00 3.415139086386356215e+00 3.700043404639568490e+00
1.949999999999999956e+00 3.418921888276657661e+00 3.699411420353332147e+00
1.959999999999999964e+00 3.422570511069551458e+00 3.698912070245489403e+00
1.969999999999999973e+00 3.425228293770541388e+00 3.698399052425633382e+00
1.979999999999999982e+00 3.427219864714324604e+00 3.698123930232345646e+00
1.989999999999999991e+00 3.428640573505236322e+00 3.698036539283917623e+00
2.000000000000000000e+00 3.429729805781842167e+00 3.698059635217188834e+00
2.010000000000000231e+00 3.430728898562451334e+00 3.698149080482463269e+00
2.020000000000000018e+00 3.431938783334545828e+00 3.698327657772250365e+00
2.030000000000000249e+00 3.432915467639416462e+00 3.698512793664485265e+00
2.040000000000000036e+00 3.433494081261272868e+00 3.698698548586254020e+00
2.049999999999999822e+00 3.433852120051663181e+00 3.698843726963717327e+00
2.060000000000000053e+00 3.434229745300896752e+00 3.698984319673888521e+00
2.069999999999999840e+00 3.434811104061888720e+00 3.699146038319779173e+00
2.080000000000000071e+00 3.435858462754375786e+00 3.699284219688289355e+00
2.089999999999999858e+00 3.436383953693693094e+00 3.699380652577096917e+00
2.100000000000000089e+00 3.436943304335380311e+00 3.699593437441086152e+00
2.109999999999999876e+00 3.437418839228694178e+00 3.699835560647900312e+00
2.120000000000000107e+00 3.438481277720403462e+00 3.700502057374048803e+00
2.129999999999999893e+00 3.439432126225483000e+00 3.701119787674892248e+00
2.140000000000000124e+00 3.440231048200433683e+00 3.701518644230062272e+00
2.149999999999999911e+00 3.441912311698964722e+00 3.702342466752955197e+00
2.160000000000000142e+00 3.444263704606464138e+00 3.703601173237392352e+00
2.169999999999999929e+00 3.446136709020584554e+00 3.704374860097915168e+00
2.180000000000000160e+00 3.447455717701141342e+00 3.704959233165558086e+00
2.189999999999999947e+00 3.449508691434217678e+00 3.706182225418733100e+00
2.200000000000000178e+00 3.451444824442346793e+00 3.707074790635625838e+00
2.209999999999999964e+00 3.452852100220890286e+00 3.707918357208995985e+00
2.220000000000000195e+00 3.454251528587322984e+00 3.708902822108286923e+00
2.229999999999999982e+00 3.456070769608523108e+00 3.710029693805669382e+00
2.240000000000000213e+00 3.460501890664781310e+00 3.712442550467764502e+00
2.250000000000000000e+00 3.466496072777110804e+00 3.715849947435062361e+00
2.260000000000000231e+00 3.471046531502612886e+00 3.717605658548466252e+00
2.270000000000000018e+00 3.473686262297387639e+00 3.718035407934431102e+00
2.280000000000000249e+00 3.475907805600103373e+00 3.718175837359491531e+00
2.290000000000000036e+00 3.478004398536370445e+00 3.718197083344771059e+00
2.300000000000000266e+00 3.479205638660386235e+00 3.718325767837568741e+00
2.310000000000000053e+00 3.480650933009588499e+00 3.718427633122002973e+00
2.319999999999999840e+00 3.482150274177672866e+00 3.719022738565322950e+00
2.330000000000000071e+00 3.483212056090962072e+00 3.719612269484866118e+00
2.339999999999999858e+00 3.485762405544845954e+00 3.720804826739700033e+00
2.350000000000000089e+00 3.490783604972520937e+00 3.723357271692594228e+00
2.359999999999999876e+00 3.497716363864765476e+00 3.725889995273723443e+00
2.370000000000000107e+00 3.503859022444488325e+00 3.728062791424988198e+00
2.379999999999999893e+00 3.507281182298972677e+00 3.729827248530075412e+00
2.390000000000000124e+00 3.511721178895677919e+00 3.732169981115613933e+00
2.399999999999999911e+00 3.516960806162387154e+00 3.734097192132443066e+00
2.410000000000000142e+00 3.519251997375934415e+00 3.734792389153987813e+00
2.419999999999999929e+00 3.522791405413165489e+00 3.735675359795079142e+00
2.430000000000000160e+00 3.527544910705425529e+00 3.736177798697612573e+00
2.439999999999999947e+00 3.530149963648989253e+00 3.736780771958157832e+00
2.450000000000000178e+00 3.531590364954176220e+00 3.737193515589532833e+00
2.459999999999999964e+00 3.533272405886417111e+00 3.737614663009876104e+00
2.470000000000000195e+00 3.533898317669873723e+00 3.737898607626909619e+00
2.479999999999999982e+00 3.534207575795742517e+00 3.738013624937442270e+00
2.490000000000000213e+00 3.534203395493498157e+00 3.738198102213869056e+00
2.500000000000000000e+00 3.534258365655107426e+00 3.738602378201322907e+00
2.510000000000000231e+00 3.534320164512287032e+00 3.738613231488575384e+00
2.520000000000000018e+00 3.534357080081926394e+00 3.738691742816938390e+00
2.530000000000000249e+00 3.534386893252486228e+00 3.739011124492531923e+00
2.540000000000000036e+00 3.534383281859564185e+00 3.739316712146592891e+00
2.550000000000000266e+00 3.534479895605224353e+00 3.739540122433524960e+00
2.560000000000000053e+00 3.534650708353078485e+00 3.739884637473070761e+00
2.569999999999999840e+00 3.534765705126079016e+00 3.739891241671291500e+00
2.580000000000000071e+00 3.534810987575893737e+00 3.739728554889316658e+00
2.589999999999999858e+00 3.534870473424850612e+00 3.739629949510634876e+00
2.600000000000000089e+00 3.534983328308046957e+00 3.739353265963613282e+00
2.609999999999999876e+00 3.535112525952286422e+00 3.738765583002142900e+00
2.620000000000000107e+00 3.535252665123546301e+00 3.738195178618823888e+00
2.629999999999999893e+00 3.535282034639072091e+00 3.737717709337520677e+00
2.640000000000000124e+00 3.535377846748507302e+00 3.737210472538793127e+00
2.649999999999999911e+00 3.535552592775617509e+00 3.736200867645945056e+00
2.660000000000000142e+00 3.535626918836442645e+00 3.736037365526350573e+00
2.669999999999999929e+00 3.535793032743849373e+00 3.735544003932557366e+00
2.680000000000000160e+00 3.536126897146407710e+00 3.734532553866203752e+00
2.689999999999999947e+00 3.536334649612561165e+00 3.733955908906802179e+00
2.700000000000000178e+00 3.536486988595070269e+00 3.733577981912551191e+00
2.709999999999999964e+00 3.536700096986924002e+00 3.733119974972571420e+00
2.720000000000000195e+00 3.536798857940002261e+00 3.732644600311950445e+00
2.729999999999999982e+00 3.536966107248693980e+00 3.732155600438684218e+00
2.740000000000000213e+00 3.537000944233026800e+00 3.731412733707341722e+00
2.750000000000000000e+00 3.537013363976704738e+00 3.730921873011363132e+00
2.760000000000000231e+00 3.537023138921267407e+00 3.730344442737095978e+00
2.770000000000000018e+00 3.537009989468101079e+00 3.729799496534820680e+00
2.780000000000000249e+00 3.536969703131268794e+00 3.729102960791040644e+00
2.790000000000000036e+00 3.536999044847747520e+00 3.728007132816055780e+00
2.800000000000000266e+00 3.537099405685547371e+00 3.726462783697959136e+00
2.810000000000000053e+00 3.537250936902442966e+00 3.724387385212501123e+00
2.819999999999999840e+00 3.537373773868838001e+00 3.722110399028500716e+00
2.830000000000000071e+00 3.537681515394387244e+00 3.718958076366247756e+00
2.839999999999999858e+00 3.538118750780157917e+00 3.714990146486229605e+00
2.850000000000000089e+00 3.538607387941886895e+00 3.710956923114249850e+00
2.859999999999999876e+00 3.539374967505434011e+00 3.706014941199323953e+00
2.870000000000000107e+00 3.540382809357390581e+00 3.700422521305336776e+00
2.879999999999999893e+00 3.541202986388900520e+00 3.695981896137497280e+00
2.890000000000000124e+00 3.542078315279109990e+00 3.691959185927288001e+00
2.899999999999999911e+00 3.542470014626341257e+00 3.689768646042985711e+00
2.910000000000000142e+00 3.542757346132944463e+00 3.687768990613271569e+00
2.919999999999999929e+00 3.542987221808287845e+00 3.686468527541305829e+00
2.930000000000000160e+00 3.543326706212706512e+00 3.684703901773743517e+00
2.939999999999999947e+00 3.543870610513783159e+00 3.681903188304805230e+00
2.950000000000000178e+00 3.544925450483237483e+00 3.677522585381592712e+00
2.959999999999999964e+00 3.545827598284760018e+00 3.674179347406349105e+00
2.970000000000000195e+00 3.547070724338849956e+00 3.669718549385706297e+00
2.979999999999999982e+00 3.548353697639491600e+00 3.665522169274304076e+00
2.990000000000000213e+00 3.549128479999341224e+00 3.662878568426333636e+00
3.000000000000000000e+00 3.549711345811161767e+00 3.660629897422519097e+00
