0.000000000000000000e+00 6.743506552502807061e-01 7.153566104009454474e-01
1.000000000000000021e-02 6.743506546762783049e-01 7.153566148873966579e-01
2.000000000000000042e-02 6.743506546762783049e-01 7.153566148873966579e-01
2.999999999999999889e-02 2.698079499239848467e+00 3.213214339752270554e+00
4.000000000000000083e-02 2.781499281340358287e+00 3.193681028918507359e+00
5.000000000000000278e-02 2.769122021974870229e+00 3.229079337311437925e+00
5.999999999999999778e-02 2.776655179766820858e+00 3.444254949179483383e+00
7.000000000000000666e-02 2.862410974534196129e+00 3.726474407965498337e+00
8.000000000000000167e-02 3.066988932539074231e+00 3.962539674481303731e+00
8.999999999999999667e-02 3.469590536945414083e+00 4.096338049718784902e+00
1.000000000000000056e-01 3.724288348872057064e+00 4.058818013513692868e+00
1.100000000000000006e-01 3.843910771630192791e+00 3.999325107438181703e+00
1.199999999999999956e-01 3.857174691238406616e+00 3.991408466539379418e+00
1.300000000000000044e-01 3.862516837703088068e+00 3.988251387189527986e+00
1.400000000000000133e-01 3.866912618213259822e+00 3.985373940090572997e+00
1.499999999999999944e-01 3.866929301897330085e+00 3.985391255325036575e+00
1.600000000000000033e-01 3.866950245697325705e+00 3.985424892504387806e+00
1.700000000000000122e-01 3.866975424954229634e+00 3.985477673719591163e+00
1.799999999999999933e-01 3.867050794268427794e+00 3.985611352605046065e+00
1.900000000000000022e-01 3.867077396398336919e+00 3.985661424845903245e+00
2.000000000000000111e-01 3.756762647226618235e+00 4.067998461500836882e+00
2.099999999999999922e-01 3.486216064515264001e+00 4.196111310701220454e+00
2.200000000000000011e-01 2.753663678987174901e+00 4.148429331328721048e+00
2.300000000000000100e-01 2.084841544106012190e+00 3.353776244294638165e+00
2.399999999999999911e-01 2.211237754444011827e+00 2.547646837319007318e+00
2.500000000000000000e-01 2.246079169244379781e+00 2.496116275370507065e+00
2.600000000000000089e-01 2.226919741578386791e+00 2.539049371902658336e+00
2.700000000000000178e-01 2.209099218511987317e+00 2.949589254617285050e+00
2.800000000000000266e-01 2.367307816600209502e+00 3.243457463594073165e+00
2.899999999999999800e-01 2.823157042425761265e+00 3.415252728706707597e+00
2.999999999999999889e-01 2.995849222181901972e+00 3.391716480118169841e+00
3.099999999999999978e-01 3.060177290426961072e+00 3.373161229861506349e+00
3.200000000000000067e-01 3.097786189072904595e+00 3.358654056269350097e+00
3.300000000000000155e-01 3.117041925611509168e+00 3.350695573511110137e+00
3.400000000000000244e-01 3.124406305919630977e+00 3.347902524174706240e+00
3.500000000000000333e-01 3.123856589424354624e+00 3.348787303016441008e+00
3.599999999999999867e-01 3.123963806428088130e+00 3.348382052579747192e+00
3.699999999999999956e-01 3.138569536951408612e+00 3.320692283746375484e+00
3.800000000000000044e-01 3.164610941025565172e+00 3.278167700007607710e+00
3.900000000000000133e-01 3.201650452384980916e+00 3.232093696494070301e+00
4.000000000000000222e-01 3.210527586967859115e+00 3.222624036843862783e+00
4.100000000000000311e-01 3.210527586967859115e+00 3.222624036843862783e+00
4.199999999999999845e-01 3.210527586967859115e+00 3.222624036843862783e+00
4.299999999999999933e-01 3.210527586967859115e+00 3.222624036843862783e+00
4.400000000000000022e-01 3.210527586967859115e+00 3.222624036843862783e+00
4.500000000000000111e-01 3.210527586967859115e+00 3.222624036843862783e+00
4.600000000000000200e-01 3.210527586967859115e+00 3.222624036843862783e+00
4.700000000000000289e-01 3.210527586967859115e+00 3.222624036843862783e+00
4.799999999999999822e-01 3.210527586967859115e+00 3.222624036843862783e+00
4.899999999999999911e-01 3.210527586967859115e+00 3.222624036843862783e+00
5.000000000000000000e-01 3.210527586967859115e+00 3.222624036843862783e+00
5.100000000000000089e-01 3.210527586967859115e+00 3.222624036843862783e+00
5.200000000000000178e-01 3.210527586967859115e+00 3.222624036843862783e+00
5.300000000000000266e-01 3.210527586967859115e+00 3.222624036843862783e+00
5.400000000000000355e-01 3.210527586967859115e+00 3.222624036843862783e+00
5.500000000000000444e-01 3.210527586967859115e+00 3.222624036843862783e+00
5.600000000000000533e-01 3.210527586967859115e+00 3.222624036843862783e+00
5.700000000000000622e-01 3.210527586967859115e+00 3.222624036843862783e+00
5.799999999999999600e-01 3.210527586967859115e+00 3.222624036843862783e+00
5.899999999999999689e-01 3.210527586967859115e+00 3.222624036843862783e+00
5.999999999999999778e-01 3.210527586967859115e+00 3.222624036843862783e+00
6.099999999999999867e-01 3.210527586967859115e+00 3.222624036843862783e+00
6.199999999999999956e-01 3.210527586967859115e+00 3.222624036843862783e+00
6.300000000000000044e-01 3.210527586967859115e+00 3.222624036843862783e+00
6.400000000000000133e-01 3.210527586967859115e+00 3.222624036843862783e+00
6.500000000000000222e-01 3.210527586967859115e+00 3.222624036843862783e+00
6.600000000000000311e-01 3.210527586967859115e+00 3.222624036843862783e+00
6.700000000000000400e-01 3.210527586967859115e+00 3.222624036843862783e+00
6.800000000000000488e-01 3.210527586967859115e+00 3.222624036843862783e+00
6.900000000000000577e-01 3.210527586967859115e+00 3.222624036843862783e+00
7.000000000000000666e-01 3.210527586967859115e+00 3.222624036843862783e+00
7.099999999999999645e-01 3.210527586967859115e+00 3.222624036843862783e+00
7.199999999999999734e-01 3.210527586967859115e+00 3.222624036843862783e+00
7.299999999999999822e-01 3.210527586967859115e+00 3.222624036843862783e+00
7.399999999999999911e-01 3.210527586967859115e+00 3.222624036843862783e+00
7.500000000000000000e-01 3.210527586967859115e+00 3.222624036843862783e+00
7.600000000000000089e-01 3.210527586967859115e+00 3.222624036843862783e+00
7.700000000000000178e-01 3.210527586967859115e+00 3.222624036843862783e+00
7.800000000000000266e-01 3.210527586967859115e+00 3.222624036843862783e+00
7.900000000000000355e-01 3.210527586967859115e+00 3.222624036843862783e+00
8.000000000000000444e-01 3.210527586967859115e+00 3.222624036843862783e+00
8.100000000000000533e-01 3.210527586967859115e+00 3.222624036843862783e+00
8.200000000000000622e-01 3.210527586967859115e+00 3.222624036843862783e+00
8.300000000000000711e-01 3.210527586967859115e+00 3.222624036843862783e+00
8.399999999999999689e-01 3.210527586967859115e+00 3.222624036843862783e+00
8.499999999999999778e-01 3.210527586967859115e+00 3.222624036843862783e+00
8.599999999999999867e-01 3.210527586967859115e+00 3.222624036843862783e+00
8.699999999999999956e-01 3.210527687330217095e+00 3.222623359079390237e+00
8.800000000000000044e-01 3.210527687330217095e+00 3.222623359079390237e+00
8.900000000000000133e-01 3.210527702231642522e+00 3.222623281764748882e+00
9.000000000000000222e-01 3.210527721536873269e+00 3.222623206140280860e+00
9.100000000000000311e-01 3.210528119472574993e+00 3.222621099248814680e+00
9.200000000000000400e-01 3.210529365329597873e+00 3.222616163964415748e+00
9.300000000000000488e-01 3.210530364143378446e+00 3.222608821623795361e+00
9.400000000000000577e-01 3.210467664340833416e+00 3.222618053084512546e+00
9.500000000000000666e-01 3.210434736687747037e+00 3.222617143700512887e+00
9.599999999999999645e-01 3.210412258268155128e+00 3.222590210713587311e+00
9.699999999999999734e-01 3.210319284300711562e+00 3.222626862635704637e+00
9.799999999999999822e-01 3.210036034293247464e+00 3.222755834746287906e+00
9.899999999999999911e-01 3.209951729627115391e+00 3.222760762090222997e+00
1.000000000000000000e+00 3.209874895611435353e+00 3.222793868474334023e+00
1.010000000000000009e+00 3.209835271683490365e+00 3.222812724351131752e+00
1.020000000000000018e+00 3.209593704277396764e+00 3.222925884402870533e+00
1.030000000000000027e+00 3.209508568953643781e+00 3.222953894935478125e+00
1.040000000000000036e+00 3.209430862765665804e+00 3.222984724650029609e+00
1.050000000000000044e+00 3.209301640466351913e+00 3.223051154271463936e+00
1.060000000000000053e+00 3.209055142801872318e+00 3.223176638771423352e+00
1.070000000000000062e+00 3.208737361179093028e+00 3.223374076947471245e+00
1.080000000000000071e+00 3.208621566419424642e+00 3.223437637939630118e+00
1.090000000000000080e+00 3.207988055055697618e+00 3.223903706614415388e+00
1.100000000000000089e+00 3.207697725308237491e+00 3.224096082985104861e+00
1.110000000000000098e+00 3.207653442537461430e+00 3.224099711850012540e+00
1.120000000000000107e+00 3.207768809193197956e+00 3.223987975717957699e+00
1.130000000000000115e+00 3.207792962627208588e+00 3.223975395016872803e+00
1.140000000000000124e+00 3.207902571314539930e+00 3.223899890471729979e+00
1.150000000000000133e+00 3.208047062666527616e+00 3.223780610716231898e+00
1.159999999999999920e+00 3.208629153856608074e+00 3.223334199901250141e+00
1.169999999999999929e+00 3.208600617557134882e+00 3.223341320776376584e+00
1.179999999999999938e+00 3.208678940519737566e+00 3.223304191899848625e+00
1.189999999999999947e+00 3.208684372071298974e+00 3.223307627635922934e+00
1.199999999999999956e+00 3.208722465985643701e+00 3.223290787560117110e+00
1.209999999999999964e+00 3.208645729790689849e+00 3.223321377419469336e+00
1.219999999999999973e+00 3.208710507114692412e+00 3.223288985554413344e+00
1.229999999999999982e+00 3.208738695321967871e+00 3.223262708500931328e+00
1.239999999999999991e+00 3.208871895374107552e+00 3.223211303602409039e+00
1.250000000000000000e+00 3.208888972070612411e+00 3.223212015096746264e+00
1.260000000000000009e+00 3.208860630331092700e+00 3.223230846052116405e+00
1.270000000000000018e+00 3.208837222451048632e+00 3.223257325688523522e+00
1.280000000000000027e+00 3.208716373033920100e+00 3.223316717037757684e+00
1.290000000000000036e+00 3.208730868960361970e+00 3.223313430203456509e+00
1.300000000000000044e+00 3.208719143012313868e+00 3.223319721428604456e+00
1.310000000000000053e+00 3.208731515906691811e+00 3.223317844654679298e+00
1.320000000000000062e+00 3.208733218531671483e+00 3.223317911472257435e+00
1.330000000000000071e+00 3.208755655717830280e+00 3.223318997640629568e+00
1.340000000000000080e+00 3.208754615176884428e+00 3.223319264622958258e+00
1.350000000000000089e+00 3.208766024848238807e+00 3.223322614191754809e+00
1.360000000000000098e+00 3.208766303927288455e+00 3.223322799628390634e+00
1.370000000000000107e+00 3.208770446877909244e+00 3.223323019403981249e+00
1.380000000000000115e+00 3.208769821838076464e+00 3.223323762351338662e+00
1.390000000000000124e+00 3.208781518376470299e+00 3.223323887564539358e+00
1.400000000000000133e+00 3.208781295643827303e+00 3.223323254531839321e+00
1.409999999999999920e+00 3.208780205816478048e+00 3.223323557806759165e+00
1.419999999999999929e+00 3.208780205816478048e+00 3.223323557806759165e+00
1.429999999999999938e+00 3.208812566914630349e+00 3.223318653154301661e+00
1.439999999999999947e+00 3.208815907313138371e+00 3.223317154601305301e+00
1.449999999999999956e+00 3.208818232496457146e+00 3.223316174961848635e+00
1.459999999999999964e+00 3.208818825017810017e+00 3.223316253622173999e+00
1.469999999999999973e+00 3.208818514504191644e+00 3.223316292553188855e+00
1.479999999999999982e+00 3.208817740682960995e+00 3.223320488143562201e+00
1.489999999999999991e+00 3.208820912685613980e+00 3.223322738160867562e+00
1.500000000000000000e+00 3.208813768421570067e+00 3.223326564034064923e+00
1.510000000000000009e+00 3.208800173343493434e+00 3.223338010426686218e+00
1.520000000000000018e+00 3.208757643750731248e+00 3.223353378178056339e+00
1.530000000000000027e+00 3.208736332529131818e+00 3.223364118682797486e+00
1.540000000000000036e+00 3.208648269658382457e+00 3.223385434527103133e+00
1.550000000000000044e+00 3.208642067321386460e+00 3.223389962273988996e+00
1.560000000000000053e+00 3.208578330592366079e+00 3.223414341536311234e+00
1.570000000000000062e+00 3.208535174480016572e+00 3.223425073708956035e+00
1.580000000000000071e+00 3.208534255763189069e+00 3.223424628108843226e+00
1.590000000000000080e+00 3.208523662360893702e+00 3.223443213645232674e+00
1.600000000000000089e+00 3.208510146638810401e+00 3.223447210619986070e+00
1.610000000000000098e+00 3.208479187911852382e+00 3.223474548393384875e+00
1.620000000000000107e+00 3.208221991422158581e+00 3.223691231958883741e+00
1.630000000000000115e+00 3.207963063461829023e+00 3.223857532799195624e+00
1.640000000000000124e+00 3.207544091262619634e+00 3.224120867996413953e+00
1.650000000000000133e+00 3.207150508933628519e+00 3.224360536946689226e+00
1.660000000000000142e+00 3.207079527593613477e+00 3.224403933633803732e+00
1.669999999999999929e+00 3.206956294850564770e+00 3.224461796451353113e+00
1.679999999999999938e+00 3.206839011211553014e+00 3.224528085741838801e+00
1.689999999999999947e+00 3.206507742197684863e+00 3.224737168686218958e+00
1.699999999999999956e+00 3.205916501098315052e+00 3.225087063741048254e+00
1.709999999999999964e+00 3.205535854451541322e+00 3.225312173092480084e+00
1.719999999999999973e+00 3.204696410120371652e+00 3.225843843409177403e+00
1.729999999999999982e+00 3.203964947152814879e+00 3.226208525637903612e+00
1.739999999999999991e+00 3.203855752281097313e+00 3.226227350784393710e+00
1.750000000000000000e+00 3.203675519183766696e+00 3.226324310971605769e+00
1.760000000000000009e+00 3.203385610704144959e+00 3.226462850795068782e+00
1.770000000000000018e+00 3.203316695721532437e+00 3.226493729397867494e+00
1.780000000000000027e+00 3.203380866318700892e+00 3.226495066246034771e+00
1.790000000000000036e+00 3.203316770100033573e+00 3.226517499147021795e+00
1.800000000000000044e+00 3.203465387809545373e+00 3.226396132380693782e+00
1.810000000000000053e+00 3.203727205262079103e+00 3.226221772384748832e+00
1.820000000000000062e+00 3.202472705285671406e+00 3.227802609150287605e+00
1.830000000000000071e+00 3.199080623591280315e+00 3.231811467597150767e+00
1.840000000000000080e+00 3.193420730257503948e+00 3.238890450992114367e+00
1.850000000000000089e+00 3.191680860519738872e+00 3.241343165702490481e+00
1.860000000000000098e+00 3.187443360635114686e+00 3.247145057367013976e+00
1.870000000000000107e+00 3.186762848696830464e+00 3.248139334182617244e+00
1.880000000000000115e+00 3.184387307246564713e+00 3.251564758254648080e+00
1.890000000000000124e+00 3.180001330153825467e+00 3.258198409159299924e+00
1.900000000000000133e+00 3.176275176564191671e+00 3.263924592007662273e+00
1.910000000000000142e+00 3.171003017783178279e+00 3.272682756009088756e+00
1.919999999999999929e+00 3.169795320278561146e+00 3.274735224121653854e+00
1.929999999999999938e+00 3.168460291797511097e+00 3.277050271785863167e+00
1.939999999999999947e+00 3.168420886871010200e+00 3.277043620465606377e+00
1.949999999999999956e+00 3.168992257873418872e+00 3.276128440964814814e+00
1.959999999999999964e+00 3.170062293170537338e+00 3.274550035973940787e+00
1.969999999999999973e+00 3.170364447378915429e+00 3.273963301487166078e+00
1.979999999999999982e+00 3.171790221396468823e+00 3.271769707564331497e+00
1.989999999999999991e+00 3.174150698479451194e+00 3.268281511989794552e+00
2.000000000000000000e+00 3.176679500205644047e+00 3.264552988221518071e+00
2.010000000000000231e+00 3.178401126874617066e+00 3.262140348001786538e+00
2.020000000000000018e+00 3.178094609475371257e+00 3.262837789158585799e+00
2.030000000000000249e+00 3.178101683056580029e+00 3.262931244456542146e+00
2.040000000000000036e+00 3.177383674366888400e+00 3.264100305959764192e+00
2.049999999999999822e+00 3.176925096336580268e+00 3.264731070183538364e+00
2.060000000000000053e+00 3.174863821504205319e+00 3.267422896153837186e+00
2.069999999999999840e+00 3.173614906367291155e+00 3.268794277182589525e+00
2.080000000000000071e+00 3.164046935612907951e+00 3.283403659599074764e+00
2.089999999999999858e+00 3.154782295680132354e+00 3.299120198330792508e+00
2.100000000000000089e+00 3.140756663958465644e+00 3.328251844280326388e+00
2.109999999999999876e+00 3.123102872005251829e+00 3.378100777587147885e+00
2.120000000000000107e+00 3.109953645301413161e+00 3.464777442058968759e+00
2.129999999999999893e+00 3.123624871135681325e+00 3.578306728562385075e+00
2.140000000000000124e+00 3.184721143716280789e+00 3.704996789394910284e+00
2.149999999999999911e+00 3.286269161982866116e+00 3.799532936286596829e+00
2.160000000000000142e+00 3.418683098184870595e+00 3.852594893706037027e+00
2.169999999999999929e+00 3.517778144174660948e+00 3.858204795583640045e+00
2.180000000000000160e+00 3.585589650933363792e+00 3.847287915947815939e+00
2.189999999999999947e+00 3.627392485121787136e+00 3.835560521527229927e+00
2.200000000000000178e+00 3.651392777192635108e+00 3.826376816327529795e+00
2.209999999999999964e+00 3.663311594904384627e+00 3.821022347814121645e+00
2.220000000000000195e+00 3.670961478318957472e+00 3.817697688369961373e+00
2.229999999999999982e+00 3.673634098793302716e+00 3.816521701434816283e+00
2.240000000000000213e+00 3.674828205435340500e+00 3.815929090821678749e+00
2.250000000000000000e+00 3.676360470267227676e+00 3.814912875064917941e+00
2.260000000000000231e+00 3.679915884503915713e+00 3.813035238666937055e+00
2.270000000000000018e+00 3.683837700485254718e+00 3.810711868420575410e+00
2.280000000000000249e+00 3.688672737706647720e+00 3.807704067760957489e+00
2.290000000000000036e+00 3.695580606209862395e+00 3.803202443554770440e+00
2.300000000000000266e+00 3.704370127405936852e+00 3.796931661234085542e+00
2.310000000000000053e+00 3.716473511565583809e+00 3.787585381619078095e+00
2.319999999999999840e+00 3.722401069529384543e+00 3.782713377258449583e+00
2.330000000000000071e+00 3.726211191788010080e+00 3.778716777634330004e+00
2.339999999999999858e+00 3.728135607890465053e+00 3.776457460976264890e+00
2.350000000000000089e+00 3.729714674460392398e+00 3.774801726806658930e+00
2.359999999999999876e+00 3.730374142384010661e+00 3.773831012745421987e+00
2.370000000000000107e+00 3.731269050675184662e+00 3.772354011348932001e+00
2.379999999999999893e+00 3.732129595677955880e+00 3.770866574137107907e+00
2.390000000000000124e+00 3.732730032230965556e+00 3.769801530521758259e+00
2.399999999999999911e+00 3.733417339150177483e+00 3.768698198755515705e+00
2.410000000000000142e+00 3.733816628542299565e+00 3.768133276133184051e+00
2.419999999999999929e+00 3.734682797941535792e+00 3.766948353214889966e+00
2.430000000000000160e+00 3.735168691923531181e+00 3.766213425452796582e+00
2.439999999999999947e+00 3.736031993303897902e+00 3.765084409713146396e+00
2.450000000000000178e+00 3.736407892051615942e+00 3.764568318838200423e+00
2.459999999999999964e+00 3.736443821331563164e+00 3.764528015073237199e+00
2.470000000000000195e+00 3.736647796260963883e+00 3.764238581450332521e+00
2.479999999999999982e+00 3.736896244920572485e+00 3.763925764881292046e+00
2.490000000000000213e+00 3.736996958914596600e+00 3.763811843008201929e+00
2.500000000000000000e+00 3.737069536404546088e+00 3.763715204877917220e+00
2.510000000000000231e+00 3.737115234255981910e+00 3.763689234418677643e+00
2.520000000000000018e+00 3.737126178135401933e+00 3.763677422266476835e+00
2.530000000000000249e+00 3.737161693370250948e+00 3.763644455540271938e+00
2.540000000000000036e+00 3.737244270327075846e+00 3.763517526061550100e+00
2.550000000000000266e+00 3.737256195679353521e+00 3.763496622733426999e+00
2.560000000000000053e+00 3.737257923899385492e+00 3.763491593813207192e+00
2.569999999999999840e+00 3.737295914357379623e+00 3.763420039574429055e+00
2.580000000000000071e+00 3.737309481804750089e+00 3.763397143642523535e+00
2.589999999999999858e+00 3.737351375632397499e+00 3.763337751221545346e+00
2.600000000000000089e+00 3.737423459180579943e+00 3.763242285519851738e+00
2.609999999999999876e+00 3.737428048239772593e+00 3.763233091787273388e+00
2.620000000000000107e+00 3.737430257803574296e+00 3.763230734790190990e+00
2.629999999999999893e+00 3.737430548441111888e+00 3.763225195763409303e+00
2.640000000000000124e+00 3.737441332641203928e+00 3.763200245494286555e+00
2.649999999999999911e+00 3.737441370511104477e+00 3.763198975954006098e+00
2.660000000000000142e+00 3.737481784163191101e+00 3.763178877772615394e+00
2.669999999999999929e+00 3.737486865962812210e+00 3.763179055601289846e+00
2.680000000000000160e+00 3.737487945698976688e+00 3.763179248805760935e+00
2.689999999999999947e+00 3.737488159767841989e+00 3.763178192742610673e+00
2.700000000000000178e+00 3.737585961084303854e+00 3.763134959144654346e+00
2.709999999999999964e+00 3.737597240429261447e+00 3.763129687986037197e+00
2.720000000000000195e+00 3.737600675228292868e+00 3.763129962417428143e+00
2.729999999999999982e+00 3.737600675228292868e+00 3.763129962417428143e+00
2.740000000000000213e+00 3.737604995820226428e+00 3.763130323393641063e+00
2.750000000000000000e+00 3.737604995820226428e+00 3.763130323393641063e+00
2.760000000000000231e+00 3.737604995820226428e+00 3.763130323393641063e+00
2.770000000000000018e+00 3.737604972647695423e+00 3.763130279427499669e+00
2.780000000000000249e+00 3.737604972647695423e+00 3.763130279427499669e+00
2.790000000000000036e+00 3.737629164948967020e+00 3.763123388261291336e+00
2.800000000000000266e+00 3.737632072606630107e+00 3.763122758407049684e+00
2.810000000000000053e+00 3.737686537664973496e+00 3.763108110877430246e+00
2.819999999999999840e+00 3.737692938390278385e+00 3.763109060325122712e+00
2.830000000000000071e+00 3.737747764415541241e+00 3.763102289562424652e+00
2.839999999999999858e+00 3.737792718939520142e+00 3.763100907130502826e+00
2.850000000000000089e+00 3.737806626195498971e+00 3.763099812446049519e+00
2.859999999999999876e+00 3.737835069901386476e+00 3.763100595534404569e+00
2.870000000000000107e+00 3.737884307939536299e+00 3.763098141673081543e+00
2.879999999999999893e+00 3.737934576778624951e+00 3.763095326223160342e+00
2.890000000000000124e+00 3.737983757324975898e+00 3.763091757888036959e+00
2.899999999999999911e+00 3.738021155428264741e+00 3.763088184362079147e+00
2.910000000000000142e+00 3.738053890592952566e+00 3.763085843727688395e+00
2.919999999999999929e+00 3.738065231468366001e+00 3.763087091439081711e+00
2.930000000000000160e+00 3.738066962582640596e+00 3.763087047946877650e+00
2.939999999999999947e+00 3.738066962582640596e+00 3.763087047946877650e+00
2.950000000000000178e+00 3.738066962582640596e+00 3.763087047946877650e+00
2.959999999999999964e+00 3.738066962582640596e+00 3.763087047946877650e+00
2.970000000000000195e+00 3.738067078894132145e+00 3.763087110673433600e+00
2.979999999999999982e+00 3.738067078894132145e+00 3.763087110673433600e+00
2.990000000000000213e+00 3.738067057647147973e+00 3.763087092271408363e+00
3.000000000000000000e+00 3.738067057647147973e+00 3.763087092271408363e+00
