0.000000000000000000e+00 3.615412585537471912e+00 3.754636501352748290e+00
1.000000000000000021e-02 3.615422818182362885e+00 3.754633897024736822e+00
2.000000000000000042e-02 3.615407391230557543e+00 3.754622171671893049e+00
2.999999999999999889e-02 3.615409559195535305e+00 3.754619599549276376e+00
4.000000000000000083e-02 3.615401391272248688e+00 3.754632797317801085e+00
5.000000000000000278e-02 3.615346201868137488e+00 3.754648919329562684e+00
5.999999999999999778e-02 3.615327416744327671e+00 3.754711211981677899e+00
7.000000000000000666e-02 3.615183980864885349e+00 3.754771980305311452e+00
8.000000000000000167e-02 3.615114585533982350e+00 3.754821349877470738e+00
8.999999999999999667e-02 3.614937046757504824e+00 3.754908985904886976e+00
1.000000000000000056e-01 3.614380977503824255e+00 3.755290487363767582e+00
1.100000000000000006e-01 3.613665502364012738e+00 3.755673646596100923e+00
1.199999999999999956e-01 3.540130951018380490e+00 3.796975645236921881e+00
1.300000000000000044e-01 3.172107788112912719e+00 3.843468794643130071e+00
1.400000000000000133e-01 2.742144504340438438e+00 3.536700734416695191e+00
1.499999999999999944e-01 2.659972013672375013e+00 3.163746789876437759e+00
1.600000000000000033e-01 2.695260644770780978e+00 2.992123366688569597e+00
1.700000000000000122e-01 2.700974269787145943e+00 2.951324845846818867e+00
1.799999999999999933e-01 2.700018803944624679e+00 2.924295128896199358e+00
1.900000000000000022e-01 2.705314128228522463e+00 2.922609812904499726e+00
2.000000000000000111e-01 2.713193812917413350e+00 2.920203178662119203e+00
2.099999999999999922e-01 2.739613512342346624e+00 2.907786118700133926e+00
2.200000000000000011e-01 2.782033435899269769e+00 2.882448995793807534e+00
2.300000000000000100e-01 2.801874292589614956e+00 2.868498004387428413e+00
2.399999999999999911e-01 2.806570926552567347e+00 2.865414328440871738e+00
2.500000000000000000e-01 2.808665982826095142e+00 2.863691200177330476e+00
2.600000000000000089e-01 2.810371158229807875e+00 2.862787712681789998e+00
2.700000000000000178e-01 2.811580627687937373e+00 2.862177121788495704e+00
2.800000000000000266e-01 2.812930128300426880e+00 2.861635440819026321e+00
2.899999999999999800e-01 2.813393101289281439e+00 2.861469923160067097e+00
2.999999999999999889e-01 2.814295751952683666e+00 2.861220544400656429e+00
3.099999999999999978e-01 2.815145609134991123e+00 2.861057861271541380e+00
3.200000000000000067e-01 2.815609346962868020e+00 2.861019656700194869e+00
3.300000000000000155e-01 2.815658653948255097e+00 2.861020059063486887e+00
3.400000000000000244e-01 2.815890380207635602e+00 2.860980963514707653e+00
3.500000000000000333e-01 2.815909667287992413e+00 2.860981777218652766e+00
3.599999999999999867e-01 2.815938067585753490e+00 2.860978624728394148e+00
3.699999999999999956e-01 2.815941746497653053e+00 2.860983031305768254e+00
3.800000000000000044e-01 2.815943089240005026e+00 2.860985427009651527e+00
3.900000000000000133e-01 2.815941756072189328e+00 2.860984897451255726e+00
4.000000000000000222e-01 2.815943178377356304e+00 2.860992650198731724e+00
4.100000000000000311e-01 2.815943172408656547e+00 2.860992641886158427e+00
4.199999999999999845e-01 2.815943132256531367e+00 2.860992351594901617e+00
4.299999999999999933e-01 2.815942568316869732e+00 2.860990994548387789e+00
4.400000000000000022e-01 2.815941600843852477e+00 2.860988689154202014e+00
4.500000000000000111e-01 2.815938178889779486e+00 2.860992872421713074e+00
4.600000000000000200e-01 2.815913683212829977e+00 2.860985172430442258e+00
4.700000000000000289e-01 2.815909362832917484e+00 2.860993252256499364e+00
4.799999999999999822e-01 2.815901911796371948e+00 2.860996363269050491e+00
4.899999999999999911e-01 2.815898020536343971e+00 2.860997407320101438e+00
5.000000000000000000e-01 2.815845345749226070e+00 2.860968437090549266e+00
5.100000000000000089e-01 2.815803905682958685e+00 2.861050417027078296e+00
5.200000000000000178e-01 2.815677820539220999e+00 2.861301974892870081e+00
5.300000000000000266e-01 2.815463527368752938e+00 2.861784447575361323e+00
5.400000000000000355e-01 2.815333568968012568e+00 2.862185375920102803e+00
5.500000000000000444e-01 2.815216705424819832e+00 2.862547973077262942e+00
5.600000000000000533e-01 2.814894285394772933e+00 2.863350821960345183e+00
5.700000000000000622e-01 2.814718181624729532e+00 2.863693896836917219e+00
5.799999999999999600e-01 2.814207185132380662e+00 2.864401076705578308e+00
5.899999999999999689e-01 2.813423308890647068e+00 2.866088478686028562e+00
5.999999999999999778e-01 2.811376669366483672e+00 2.869347647144670166e+00
6.099999999999999867e-01 2.810023142103561078e+00 2.871625246925941788e+00
6.199999999999999956e-01 2.808675449828681892e+00 2.874052057624282952e+00
6.300000000000000044e-01 2.806524184822529300e+00 2.877871303868801078e+00
6.400000000000000133e-01 2.803937293138123898e+00 2.882636587639234804e+00
6.500000000000000222e-01 2.801513726429498696e+00 2.887756044412100209e+00
6.600000000000000311e-01 2.793789661857751128e+00 2.905132372839781318e+00
6.700000000000000400e-01 2.777019598371114117e+00 2.926177821381960253e+00
6.800000000000000488e-01 2.781241420534162234e+00 2.945026097561808331e+00
6.900000000000000577e-01 2.777786161099647710e+00 2.973374029973770316e+00
7.000000000000000666e-01 2.776842235515712520e+00 3.005622419468761297e+00
7.099999999999999645e-01 2.781734519903858338e+00 3.043888045522967989e+00
7.199999999999999734e-01 2.794012390759645470e+00 3.085126495982946082e+00
7.299999999999999822e-01 2.814265255982165481e+00 3.124832584722752049e+00
7.399999999999999911e-01 2.838547468446232180e+00 3.157218682271502708e+00
7.500000000000000000e-01 2.862041007332055909e+00 3.180463706737310492e+00
7.600000000000000089e-01 2.883489061653660368e+00 3.197477023065043777e+00
7.700000000000000178e-01 2.911761576644733118e+00 3.215324210422680018e+00
7.800000000000000266e-01 2.941430986765952049e+00 3.229902114864258600e+00
7.900000000000000355e-01 2.970921744093759642e+00 3.239865175199644121e+00
8.000000000000000444e-01 2.998023821110465281e+00 3.244918223986885675e+00
8.100000000000000533e-01 3.030901459599060654e+00 3.244533775143103593e+00
8.200000000000000622e-01 3.062627157402189493e+00 3.240252087502328404e+00
8.300000000000000711e-01 3.087126830372849629e+00 3.234407529201468012e+00
8.399999999999999689e-01 3.101232299337357112e+00 3.229605497474700826e+00
8.499999999999999778e-01 3.114499928221655445e+00 3.224458233599709622e+00
8.599999999999999867e-01 3.119903525136360489e+00 3.222262163035026550e+00
8.699999999999999956e-01 3.124799368873075078e+00 3.220265167202516654e+00
8.800000000000000044e-01 3.129324978745905206e+00 3.218322186280759389e+00
8.900000000000000133e-01 3.136335515149358155e+00 3.215097483011958079e+00
9.000000000000000222e-01 3.142423346446272969e+00 3.211902565638306672e+00
9.100000000000000311e-01 3.148242080184139091e+00 3.208669405196987512e+00
9.200000000000000400e-01 3.151288298900097207e+00 3.206909112021953501e+00
9.300000000000000488e-01 3.154521988420682543e+00 3.204899718537134401e+00
9.400000000000000577e-01 3.157857982674426633e+00 3.202652683676892043e+00
9.500000000000000666e-01 3.161300987004957097e+00 3.200241013365068721e+00
9.599999999999999645e-01 3.162064373985811194e+00 3.199711318386510683e+00
9.699999999999999734e-01 3.163375749639827816e+00 3.198807771273296296e+00
9.799999999999999822e-01 3.163852485144034610e+00 3.198503004028901309e+00
9.899999999999999911e-01 3.164018992979943157e+00 3.198419549777090864e+00
1.000000000000000000e+00 3.164127563686446099e+00 3.198375181503220421e+00
1.010000000000000009e+00 3.164351418268063654e+00 3.198279932349344712e+00
1.020000000000000018e+00 3.164398194314194779e+00 3.198272988375471915e+00
1.030000000000000027e+00 3.164557335361677826e+00 3.198211803413193888e+00
1.040000000000000036e+00 3.164634830165034440e+00 3.198193717102879585e+00
1.050000000000000044e+00 3.164713836500626432e+00 3.198167285153883821e+00
1.060000000000000053e+00 3.164797487326942438e+00 3.198130480369247408e+00
1.070000000000000062e+00 3.164823075386357321e+00 3.198123284262347266e+00
1.080000000000000071e+00 3.164909135582940181e+00 3.198103052951796421e+00
1.090000000000000080e+00 3.164982568438739374e+00 3.198090125238209236e+00
1.100000000000000089e+00 3.165040994799400931e+00 3.198078973753188503e+00
1.110000000000000098e+00 3.165148227465073294e+00 3.198053946430762462e+00
1.120000000000000107e+00 3.165188394000839622e+00 3.198054934594321885e+00
1.130000000000000115e+00 3.165245038978395264e+00 3.198045257943334718e+00
1.140000000000000124e+00 3.165269409474332107e+00 3.198042066594164901e+00
1.150000000000000133e+00 3.165291224930078862e+00 3.198039450257032179e+00
1.159999999999999920e+00 3.165319631112593957e+00 3.198032810265046155e+00
1.169999999999999929e+00 3.165365005121931308e+00 3.198025889977708314e+00
1.179999999999999938e+00 3.165374435552565036e+00 3.198029061275514007e+00
1.189999999999999947e+00 3.165393659997792319e+00 3.198031345519213531e+00
1.199999999999999956e+00 3.165401760149293864e+00 3.198038778648085056e+00
1.209999999999999964e+00 3.165425732744001852e+00 3.198036948716378891e+00
1.219999999999999973e+00 3.165434650796002281e+00 3.198037934395724591e+00
1.229999999999999982e+00 3.165441192275626925e+00 3.198040995963470579e+00
1.239999999999999991e+00 3.165443101967817086e+00 3.198043379226678695e+00
1.250000000000000000e+00 3.165446107724116942e+00 3.198044444214893645e+00
1.260000000000000009e+00 3.165451172850969552e+00 3.198042141639348745e+00
1.270000000000000018e+00 3.165451701933009065e+00 3.198042491835491941e+00
1.280000000000000027e+00 3.165449539791470368e+00 3.198041060980433503e+00
1.290000000000000036e+00 3.165455987839242535e+00 3.198049526997068792e+00
1.300000000000000044e+00 3.165452361940523485e+00 3.198047885075429253e+00
1.310000000000000053e+00 3.165453071108129901e+00 3.198048596367570884e+00
1.320000000000000062e+00 3.165463155673416296e+00 3.198058991610137625e+00
1.330000000000000071e+00 3.165475029823315190e+00 3.198067636645305356e+00
1.340000000000000080e+00 3.165479935901366115e+00 3.198068713962830767e+00
1.350000000000000089e+00 3.165487185124232550e+00 3.198075717121289241e+00
1.360000000000000098e+00 3.165489579693171240e+00 3.198077785404828344e+00
1.370000000000000107e+00 3.165505948936768288e+00 3.198082780888251708e+00
1.380000000000000115e+00 3.165519710209895532e+00 3.198086568576763877e+00
1.390000000000000124e+00 3.165649358730847407e+00 3.198161639532511646e+00
1.400000000000000133e+00 3.165707342716853834e+00 3.198189833620388445e+00
1.409999999999999920e+00 3.165768973204496906e+00 3.198214424994584082e+00
1.419999999999999929e+00 3.165800393495818987e+00 3.198228234224059996e+00
1.429999999999999938e+00 3.165844354888939005e+00 3.198262735741592255e+00
1.439999999999999947e+00 3.165920032861324174e+00 3.198312879731563640e+00
1.449999999999999956e+00 3.165966855063893526e+00 3.198335662345431096e+00
1.459999999999999964e+00 3.165996290345741482e+00 3.198348992332862739e+00
1.469999999999999973e+00 3.166058424707077545e+00 3.198399111666061057e+00
1.479999999999999982e+00 3.166093391557809777e+00 3.198428041776540720e+00
1.489999999999999991e+00 3.166119907474098660e+00 3.198453859072150962e+00
1.500000000000000000e+00 3.166123322545004282e+00 3.198456865052270448e+00
1.510000000000000009e+00 3.166133127036417694e+00 3.198481271018658756e+00
1.520000000000000018e+00 3.166161459069673612e+00 3.198511513299520104e+00
1.530000000000000027e+00 3.166176873639467537e+00 3.198530874320622885e+00
1.540000000000000036e+00 3.166187787002768594e+00 3.198544592066559389e+00
1.550000000000000044e+00 3.166198322557131295e+00 3.198550855470975396e+00
1.560000000000000053e+00 3.166210004316180715e+00 3.198573407744556896e+00
1.570000000000000062e+00 3.166223874904525726e+00 3.198601186845885902e+00
1.580000000000000071e+00 3.166236780486718416e+00 3.198628317298277679e+00
1.590000000000000080e+00 3.166263148644857583e+00 3.198696261436051902e+00
1.600000000000000089e+00 3.166273005390787265e+00 3.198710729050016521e+00
1.610000000000000098e+00 3.166284532685354591e+00 3.198733818483278313e+00
1.620000000000000107e+00 3.166318192942918941e+00 3.198797689668356092e+00
1.630000000000000115e+00 3.166335294199872585e+00 3.198847551449846449e+00
1.640000000000000124e+00 3.166352517375545794e+00 3.198916102791232952e+00
1.650000000000000133e+00 3.166367438251188826e+00 3.198934862931558154e+00
1.660000000000000142e+00 3.166376508323085925e+00 3.198952109774219732e+00
1.669999999999999929e+00 3.166405849531725547e+00 3.199014640184804303e+00
1.679999999999999938e+00 3.166415188454080543e+00 3.199026869165014553e+00
1.689999999999999947e+00 3.166416651043489239e+00 3.199035565634176237e+00
1.699999999999999956e+00 3.162568586462630726e+00 3.205245861011849051e+00
1.709999999999999964e+00 3.162462171695581414e+00 3.205462718417295687e+00
1.719999999999999973e+00 3.161615417134080452e+00 3.206904857390608043e+00
1.729999999999999982e+00 3.161417276290101608e+00 3.207327600566701964e+00
1.739999999999999991e+00 3.161157745316044654e+00 3.207857281315310338e+00
1.750000000000000000e+00 3.160810025314423566e+00 3.208653814946081706e+00
1.760000000000000009e+00 3.160440928852270126e+00 3.209533774659921512e+00
1.770000000000000018e+00 3.160129224283225735e+00 3.210195258462898327e+00
1.780000000000000027e+00 3.160109929949486141e+00 3.210267978833472480e+00
1.790000000000000036e+00 3.159285591612210009e+00 3.212097219862589892e+00
1.800000000000000044e+00 3.159211978582498581e+00 3.212321447306516475e+00
1.810000000000000053e+00 3.159134562814146729e+00 3.212496199967949995e+00
1.820000000000000062e+00 3.158950580581797674e+00 3.212970709939823699e+00
1.830000000000000071e+00 3.158789964956500107e+00 3.213349373417638155e+00
1.840000000000000080e+00 3.158791720407715609e+00 3.213389623109588200e+00
1.850000000000000089e+00 3.158639764995398114e+00 3.213829987826524626e+00
1.860000000000000098e+00 3.158361363541965172e+00 3.214543010480519047e+00
1.870000000000000107e+00 3.158267937168544925e+00 3.214782398124270912e+00
1.880000000000000115e+00 3.158219103404860117e+00 3.214963254836221029e+00
1.890000000000000124e+00 3.158168930468070901e+00 3.215129078608047752e+00
1.900000000000000133e+00 3.158143803600898636e+00 3.215209889126190212e+00
1.910000000000000142e+00 3.158084042577336881e+00 3.215469836197305753e+00
1.919999999999999929e+00 3.158063597720663918e+00 3.215565252148110620e+00
1.929999999999999938e+00 3.157991528826848082e+00 3.215882764409884409e+00
1.939999999999999947e+00 3.157874340109644962e+00 3.216271617484272483e+00
1.949999999999999956e+00 3.157771520164692980e+00 3.216732105519091611e+00
1.959999999999999964e+00 3.157713479546527591e+00 3.216919627653141323e+00
1.969999999999999973e+00 3.157590529812439595e+00 3.217385144702330724e+00
1.979999999999999982e+00 3.157503937779932102e+00 3.217771019156904444e+00
1.989999999999999991e+00 3.157370967890440472e+00 3.218292343242944664e+00
2.000000000000000000e+00 3.157343591124725179e+00 3.218459266860770995e+00
2.010000000000000231e+00 3.157317918406457036e+00 3.218596486567526949e+00
2.020000000000000018e+00 3.157288855424771334e+00 3.218827375072589092e+00
2.030000000000000249e+00 3.157234384823758511e+00 3.219209217661898492e+00
2.040000000000000036e+00 3.157160208791092604e+00 3.219624080697700119e+00
2.049999999999999822e+00 3.157137169985992919e+00 3.219850049886481713e+00
2.060000000000000053e+00 3.157078924579883594e+00 3.220249769725536115e+00
2.069999999999999840e+00 3.157019289775466309e+00 3.220621189355278968e+00
2.080000000000000071e+00 3.156932058234209748e+00 3.220938084483151442e+00
2.089999999999999858e+00 3.156856032985688287e+00 3.221298536149023839e+00
2.100000000000000089e+00 3.156798773736475550e+00 3.221661272078038873e+00
2.109999999999999876e+00 3.156715048418848646e+00 3.222079429010541674e+00
2.120000000000000107e+00 3.155781060729530907e+00 3.223606372789832086e+00
2.129999999999999893e+00 3.155511675840863006e+00 3.224138457730761687e+00
2.140000000000000124e+00 3.152417170713627037e+00 3.228515728890216430e+00
2.149999999999999911e+00 3.150189925521265977e+00 3.232101256081212348e+00
2.160000000000000142e+00 3.149518045478753248e+00 3.233261395806379834e+00
2.169999999999999929e+00 3.147869539358360669e+00 3.235942100689666034e+00
2.180000000000000160e+00 3.145467179309207939e+00 3.239458598750751595e+00
2.189999999999999947e+00 3.143234939164300190e+00 3.243194375058035650e+00
2.200000000000000178e+00 3.142600500525670082e+00 3.244120843020243949e+00
2.209999999999999964e+00 3.139054960885596657e+00 3.249342348298477567e+00
2.220000000000000195e+00 3.130801429141730985e+00 3.261802573820381745e+00
2.229999999999999982e+00 3.114993585207163740e+00 3.289276887347996947e+00
2.240000000000000213e+00 3.105521923521313177e+00 3.308245978352275074e+00
2.250000000000000000e+00 3.104227334211003608e+00 3.311785164391863212e+00
2.260000000000000231e+00 3.103331068795004200e+00 3.314111119649133741e+00
2.270000000000000018e+00 3.103021848567582452e+00 3.315020571404836858e+00
2.280000000000000249e+00 3.101821837294608031e+00 3.318216238820046904e+00
2.290000000000000036e+00 3.099760386779588206e+00 3.319853581483084515e+00
2.300000000000000266e+00 3.098103449075247262e+00 3.321761163866495004e+00
2.310000000000000053e+00 3.096707996575337241e+00 3.321354590228098758e+00
2.319999999999999840e+00 3.095973916516751689e+00 3.320436367516070408e+00
2.330000000000000071e+00 3.090413432982013653e+00 3.320085979244662866e+00
2.339999999999999858e+00 3.087528269325619856e+00 3.319374284313792334e+00
2.350000000000000089e+00 3.084334751558122978e+00 3.319324929094495058e+00
2.359999999999999876e+00 3.085195466461625458e+00 3.317904486360106375e+00
2.370000000000000107e+00 3.084746872571018095e+00 3.317143844329807578e+00
2.379999999999999893e+00 3.084774626898577843e+00 3.315534471183011256e+00
2.390000000000000124e+00 3.085168448046520684e+00 3.313945012327357720e+00
2.399999999999999911e+00 3.086734310686975125e+00 3.309425488860220366e+00
2.410000000000000142e+00 3.087859597533697986e+00 3.306771985146050419e+00
2.419999999999999929e+00 3.088182257513002238e+00 3.306634407182737601e+00
2.430000000000000160e+00 3.088245271744387566e+00 3.306471097369534817e+00
2.439999999999999947e+00 3.088985800559953532e+00 3.304485626747175608e+00
2.450000000000000178e+00 3.089361917283775849e+00 3.303517565376517862e+00
2.459999999999999964e+00 3.090317860130704641e+00 3.301521009507738302e+00
2.470000000000000195e+00 3.091045645043414503e+00 3.299735233672100421e+00
2.479999999999999982e+00 3.091482625640971538e+00 3.298254614654438921e+00
2.490000000000000213e+00 3.091317172263671420e+00 3.298487917324493868e+00
2.500000000000000000e+00 3.091822138837314604e+00 3.296991349965595397e+00
2.510000000000000231e+00 3.092437942823841546e+00 3.295649130125568149e+00
2.520000000000000018e+00 3.093801239572329553e+00 3.293164216741757411e+00
2.530000000000000249e+00 3.094117399144290737e+00 3.294908125238300123e+00
2.540000000000000036e+00 3.099546733080237093e+00 3.295443253940255612e+00
2.550000000000000266e+00 3.105806477857551595e+00 3.297666333517112580e+00
2.560000000000000053e+00 3.115813807714242767e+00 3.298198525979261664e+00
2.569999999999999840e+00 3.116120791411503888e+00 3.304206507310762930e+00
2.580000000000000071e+00 3.116563980344045248e+00 3.311258618542444410e+00
2.589999999999999858e+00 3.115026041809524582e+00 3.319935734914337022e+00
2.600000000000000089e+00 3.112408788714081442e+00 3.332950941429465797e+00
2.609999999999999876e+00 3.107140718364618692e+00 3.346480409560300018e+00
2.620000000000000107e+00 3.100675710509272598e+00 3.368408676535634250e+00
2.629999999999999893e+00 3.097106340879679287e+00 3.392637045670270801e+00
2.640000000000000124e+00 3.096194826701586411e+00 3.417548491822774093e+00
2.649999999999999911e+00 3.097914600732608381e+00 3.442389704515651960e+00
2.660000000000000142e+00 3.102905918347740766e+00 3.470719816086386800e+00
2.669999999999999929e+00 3.109722978703232776e+00 3.502319863813665890e+00
2.680000000000000160e+00 3.122853804772046438e+00 3.529565620591494479e+00
2.689999999999999947e+00 3.136045145225974107e+00 3.554404144534615728e+00
2.700000000000000178e+00 3.155290661528899143e+00 3.583632006584809737e+00
2.709999999999999964e+00 3.175708128961031385e+00 3.608677577015455107e+00
2.720000000000000195e+00 3.198446949524509808e+00 3.631357620416057141e+00
2.729999999999999982e+00 3.223451486414590228e+00 3.654271993833861032e+00
2.740000000000000213e+00 3.242939602208390504e+00 3.669929660110220482e+00
2.750000000000000000e+00 3.262890773799399735e+00 3.686751291673203479e+00
2.760000000000000231e+00 3.281402962598360951e+00 3.703048377681218639e+00
2.770000000000000018e+00 3.289556488730311479e+00 3.722675327461361761e+00
2.780000000000000249e+00 3.303086117946009814e+00 3.734960406783718767e+00
2.790000000000000036e+00 3.329972628655777811e+00 3.736858195180548847e+00
2.800000000000000266e+00 3.359425394821767163e+00 3.733198689464922282e+00
2.810000000000000053e+00 3.375710195184218776e+00 3.735763123840820654e+00
2.819999999999999840e+00 3.394896088309434568e+00 3.733071805338712856e+00
2.830000000000000071e+00 3.408218797953993295e+00 3.731563142139047606e+00
2.839999999999999858e+00 3.418843809706307635e+00 3.729344839485548402e+00
2.850000000000000089e+00 3.438161723625729138e+00 3.720481291558673576e+00
2.859999999999999876e+00 3.449900300697045896e+00 3.716075900684637556e+00
2.870000000000000107e+00 3.463753496987326486e+00 3.710556372278229986e+00
2.879999999999999893e+00 3.480653021614815490e+00 3.703429880482886905e+00
2.890000000000000124e+00 3.505052005299556406e+00 3.690715640083324978e+00
2.899999999999999911e+00 3.522203790581002636e+00 3.681414603650793538e+00
2.910000000000000142e+00 3.534058369206473316e+00 3.675686729508354844e+00
2.919999999999999929e+00 3.539222197368695255e+00 3.673918811785624072e+00
2.930000000000000160e+00 3.546360489384799308e+00 3.671104944470257259e+00
2.939999999999999947e+00 3.553239494765499273e+00 3.668155467492839605e+00
2.950000000000000178e+00 3.561191632918642380e+00 3.664782503309919282e+00
2.959999999999999964e+00 3.568601757979458000e+00 3.661348794593745737e+00
2.970000000000000195e+00 3.575856242190622147e+00 3.657573527978636108e+00
2.979999999999999982e+00 3.583210042501247194e+00 3.653366645492756248e+00
2.990000000000000213e+00 3.590782874494840016e+00 3.648624974259089271e+00
3.000000000000000000e+00 3.605257260282620280e+00 3.638285829078570899e+00
