0.000000000000000000e+00 5.600897772673985031e-01 6.163354307218174011e-01
1.000000000000000021e-02 5.600897874129182608e-01 6.163354339015119088e-01
2.000000000000000042e-02 3.891227291241936115e+00 3.995046625059790912e+00
2.999999999999999889e-02 3.891226346498667166e+00 3.995045414804280437e+00
4.000000000000000083e-02 3.891224397044775962e+00 3.995043832492234159e+00
5.000000000000000278e-02 3.891222279430026187e+00 3.995041897639638240e+00
5.999999999999999778e-02 3.874656706752822366e+00 4.007719284024193307e+00
7.000000000000000666e-02 3.735727919477504155e+00 4.088413316012340815e+00
8.000000000000000167e-02 3.610335858968426237e+00 4.131493223530124048e+00
8.999999999999999667e-02 3.266688497692414206e+00 4.124809159144095183e+00
1.000000000000000056e-01 2.894063706314899953e+00 3.883995337230823353e+00
1.100000000000000006e-01 2.800522531816847849e+00 3.721825607535950819e+00
1.199999999999999956e-01 2.744625997502436743e+00 3.493277056734929165e+00
1.300000000000000044e-01 2.754511847042246053e+00 3.284616602063969992e+00
1.400000000000000133e-01 2.784581885350408292e+00 3.155359623638926081e+00
1.499999999999999944e-01 2.797924397655132456e+00 3.118925445255634532e+00
1.600000000000000033e-01 2.799362718053595600e+00 3.113728242191537099e+00
1.700000000000000122e-01 2.803446813505532820e+00 3.102817508708593852e+00
1.799999999999999933e-01 2.841533407871108086e+00 3.023332971065659347e+00
1.900000000000000022e-01 2.873842307007055563e+00 2.974538722131509605e+00
2.000000000000000111e-01 2.874638618703805992e+00 2.973740791386640492e+00
2.099999999999999922e-01 2.875035976327606324e+00 2.973877749081901722e+00
2.200000000000000011e-01 2.875365120414758557e+00 2.973858169766401716e+00
2.300000000000000100e-01 2.875954885529953486e+00 2.974339376831572679e+00
2.399999999999999911e-01 2.876253643392495452e+00 2.974702728062697421e+00
2.500000000000000000e-01 2.876503197690370772e+00 2.975125541742917878e+00
2.600000000000000089e-01 2.876632358551038493e+00 2.975451298303591230e+00
2.700000000000000178e-01 2.876747027347090313e+00 2.975952814528939339e+00
2.800000000000000266e-01 2.876870673943975998e+00 2.976564942954560866e+00
2.899999999999999800e-01 2.876933296186104272e+00 2.976887867925986697e+00
2.999999999999999889e-01 2.876980209891031759e+00 2.977260757897664423e+00
3.099999999999999978e-01 2.876976827483044286e+00 2.977650192041530364e+00
3.200000000000000067e-01 2.876888297176126930e+00 2.978399290080304684e+00
3.300000000000000155e-01 2.876847704112358795e+00 2.978924411451987719e+00
3.400000000000000244e-01 2.876795957384675972e+00 2.979202662138372482e+00
3.500000000000000333e-01 2.876669826146144970e+00 2.979627207731227578e+00
3.599999999999999867e-01 2.876029403264530160e+00 2.982431461246005888e+00
3.699999999999999956e-01 2.874059205711788856e+00 2.996468786951594687e+00
3.800000000000000044e-01 2.873315878147142399e+00 3.023373279853803552e+00
3.900000000000000133e-01 2.873358701524651337e+00 3.031664767093741553e+00
4.000000000000000222e-01 2.873603060822213617e+00 3.035735886054311994e+00
4.100000000000000311e-01 2.873929281973779837e+00 3.041009868731557653e+00
4.199999999999999845e-01 2.874750607645305767e+00 3.052841757309642912e+00
4.299999999999999933e-01 2.875323926790845697e+00 3.063842364961016251e+00
4.400000000000000022e-01 2.875425172506471672e+00 3.072543684748510362e+00
4.500000000000000111e-01 2.876746435720388906e+00 3.096861170623834258e+00
4.600000000000000200e-01 2.880234104865771805e+00 3.120479977456349197e+00
4.700000000000000289e-01 2.886694840789824745e+00 3.150149764484376114e+00
4.799999999999999822e-01 2.899984511600389059e+00 3.188507427033529407e+00
4.899999999999999911e-01 2.922083770698511884e+00 3.229287332926785936e+00
5.000000000000000000e-01 2.960667506625461076e+00 3.273708178127003432e+00
5.100000000000000089e-01 3.009056122860671589e+00 3.308801535120247106e+00
5.200000000000000178e-01 3.061285077082716910e+00 3.330837653129494313e+00
5.300000000000000266e-01 3.112938411121857207e+00 3.339573760528075752e+00
5.400000000000000355e-01 3.160308900886338090e+00 3.338443996609885556e+00
5.500000000000000444e-01 3.193403788346663941e+00 3.337547461281402672e+00
5.600000000000000533e-01 3.218474094167897093e+00 3.328796587914278682e+00
5.700000000000000622e-01 3.239016075065333400e+00 3.318024313471120035e+00
5.799999999999999600e-01 3.248060940789597506e+00 3.312832958407981199e+00
5.899999999999999689e-01 3.252014193132438891e+00 3.309465520994147703e+00
5.999999999999999778e-01 3.256958045768324261e+00 3.305541995044167791e+00
6.099999999999999867e-01 3.257809322440096800e+00 3.304647672722866858e+00
6.199999999999999956e-01 3.258665835079657125e+00 3.303373537788881098e+00
6.300000000000000044e-01 3.259581969789912659e+00 3.301997242827961809e+00
6.400000000000000133e-01 3.259787524868454689e+00 3.301585349768195066e+00
6.500000000000000222e-01 3.259943979720571150e+00 3.301207911363146508e+00
6.600000000000000311e-01 3.260065737706284938e+00 3.300905925411123487e+00
6.700000000000000400e-01 3.260243222913251415e+00 3.300482136645808140e+00
6.800000000000000488e-01 3.260386259672729548e+00 3.300120448052795030e+00
6.900000000000000577e-01 3.260465046400718325e+00 3.299917273087806802e+00
7.000000000000000666e-01 3.260520077519326154e+00 3.299786065764517939e+00
7.099999999999999645e-01 3.260576579215550108e+00 3.299663334720111418e+00
7.199999999999999734e-01 3.260654011224386029e+00 3.299494077230814337e+00
7.299999999999999822e-01 3.260769996640922486e+00 3.299253205373046782e+00
7.399999999999999911e-01 3.260896693214855979e+00 3.299002676368274045e+00
7.500000000000000000e-01 3.261075489009260142e+00 3.298669065806032474e+00
7.600000000000000089e-01 3.261285194998964521e+00 3.298283282512441517e+00
7.700000000000000178e-01 3.261431595444701959e+00 3.298008235421157952e+00
7.800000000000000266e-01 3.261523284274909340e+00 3.297832412102845279e+00
7.900000000000000355e-01 3.261558767016993432e+00 3.297761008016003803e+00
8.000000000000000444e-01 3.261586225733025035e+00 3.297705552516715155e+00
8.100000000000000533e-01 3.261603440198460380e+00 3.297671568227252603e+00
8.200000000000000622e-01 3.261603440198460380e+00 3.297671568227252603e+00
8.300000000000000711e-01 3.261603440198460380e+00 3.297671568227252603e+00
8.399999999999999689e-01 3.261603440198460380e+00 3.297671568227252603e+00
8.499999999999999778e-01 3.261603440198460380e+00 3.297671568227252603e+00
8.599999999999999867e-01 3.261603440198460380e+00 3.297671568227252603e+00
8.699999999999999956e-01 3.261603440198460380e+00 3.297671568227252603e+00
8.800000000000000044e-01 3.261603440198460380e+00 3.297671568227252603e+00
8.900000000000000133e-01 3.261602995033201502e+00 3.297671201539102093e+00
9.000000000000000222e-01 3.261601878927291587e+00 3.297670118052422161e+00
9.100000000000000311e-01 3.261600331346806936e+00 3.297668553550425319e+00
9.200000000000000400e-01 3.261600353003019315e+00 3.297668723544603608e+00
9.300000000000000488e-01 3.261606397896638310e+00 3.297678248004088264e+00
9.400000000000000577e-01 3.261607291742696368e+00 3.297680192879305139e+00
9.500000000000000666e-01 3.261613183306129038e+00 3.297690383931724867e+00
9.599999999999999645e-01 3.261615968316288416e+00 3.297694729511050582e+00
9.699999999999999734e-01 3.261619818643418434e+00 3.297699906216773336e+00
9.799999999999999822e-01 3.261623777799557367e+00 3.297707841153194153e+00
9.899999999999999911e-01 3.261627870816350860e+00 3.297716167212366489e+00
1.000000000000000000e+00 3.261633505695776147e+00 3.297727962547822411e+00
1.010000000000000009e+00 3.261639296418200828e+00 3.297737166222561633e+00
1.020000000000000018e+00 3.261646268876654098e+00 3.297753301197427156e+00
1.030000000000000027e+00 3.261650102554144670e+00 3.297761003145394110e+00
1.040000000000000036e+00 3.261656752831612938e+00 3.297772626021231002e+00
1.050000000000000044e+00 3.261667673920717547e+00 3.297795545912656223e+00
1.060000000000000053e+00 3.261673235800812698e+00 3.297807575499464683e+00
1.070000000000000062e+00 3.261676786044973131e+00 3.297815211106402078e+00
1.080000000000000071e+00 3.261684300807522252e+00 3.297830934049083229e+00
1.090000000000000080e+00 3.261693770516649327e+00 3.297847877237066516e+00
1.100000000000000089e+00 3.261699189719471814e+00 3.297857422538486016e+00
1.110000000000000098e+00 3.261702803888061553e+00 3.297869027982017087e+00
1.120000000000000107e+00 3.261708017919792812e+00 3.297881581641898041e+00
1.130000000000000115e+00 3.261714474783194095e+00 3.297908354153383126e+00
1.140000000000000124e+00 3.261718473801284546e+00 3.297925503058761976e+00
1.150000000000000133e+00 3.261719647913983611e+00 3.297947131928392839e+00
1.159999999999999920e+00 3.261721982368587902e+00 3.297964989405513414e+00
1.169999999999999929e+00 3.261722437946581454e+00 3.297990753753400117e+00
1.179999999999999938e+00 3.261721807981920129e+00 3.298006431292105134e+00
1.189999999999999947e+00 3.261723482987981981e+00 3.298061629030603292e+00
1.199999999999999956e+00 3.261729372045340192e+00 3.298137651069818155e+00
1.209999999999999964e+00 3.261728013072318966e+00 3.298190920858077746e+00
1.219999999999999973e+00 3.261729617622169286e+00 3.298274095113006510e+00
1.229999999999999982e+00 3.261726907100585660e+00 3.298328735675903456e+00
1.239999999999999991e+00 3.261723244325087201e+00 3.298380761855676191e+00
1.250000000000000000e+00 3.261719762629093911e+00 3.298410398627696249e+00
1.260000000000000009e+00 3.261713375876476917e+00 3.298459201170871324e+00
1.270000000000000018e+00 3.261707164684402471e+00 3.298491132854354468e+00
1.280000000000000027e+00 3.261698907897101485e+00 3.298559454124344370e+00
1.290000000000000036e+00 3.261690540024996032e+00 3.298695490114926798e+00
1.300000000000000044e+00 3.261656639782961609e+00 3.298833603632870481e+00
1.310000000000000053e+00 3.261582651986274062e+00 3.299059553428497882e+00
1.320000000000000062e+00 3.261153720627140373e+00 3.300024046964336044e+00
1.330000000000000071e+00 3.260661945285323160e+00 3.301175035582062822e+00
1.340000000000000080e+00 3.260149041837204109e+00 3.302465590726386679e+00
1.350000000000000089e+00 3.259574075200137422e+00 3.303858786728802066e+00
1.360000000000000098e+00 3.258678131537966927e+00 3.306196582254833594e+00
1.370000000000000107e+00 3.257585546637096208e+00 3.309257006205998053e+00
1.380000000000000115e+00 3.256792451350804640e+00 3.312012834436777631e+00
1.390000000000000124e+00 3.256209979443720481e+00 3.314459281163045556e+00
1.400000000000000133e+00 3.255920179183421137e+00 3.316002544181408940e+00
1.409999999999999920e+00 3.255639080293648568e+00 3.317366126019484440e+00
1.419999999999999929e+00 3.255380158066961904e+00 3.318393397412087609e+00
1.429999999999999938e+00 3.255125240397376274e+00 3.319437647333222330e+00
1.439999999999999947e+00 3.255096858846642682e+00 3.319748687346479876e+00
1.449999999999999956e+00 3.255010612563302264e+00 3.320231594334433378e+00
1.459999999999999964e+00 3.254748301990653125e+00 3.321162799522255682e+00
1.469999999999999973e+00 3.254383569303729296e+00 3.322405289262555073e+00
1.479999999999999982e+00 3.253486624595849808e+00 3.325363689329893457e+00
1.489999999999999991e+00 3.252663433528081072e+00 3.328409717330798046e+00
1.500000000000000000e+00 3.252435269939705442e+00 3.329470792172148919e+00
1.510000000000000009e+00 3.252357092264789085e+00 3.330135797726017532e+00
1.520000000000000018e+00 3.252190803322935864e+00 3.331226404342507941e+00
1.530000000000000027e+00 3.252079072642012125e+00 3.331875156712845953e+00
1.540000000000000036e+00 3.251877710192129900e+00 3.332967816393449301e+00
1.550000000000000044e+00 3.251783861102164330e+00 3.333355850230156570e+00
1.560000000000000053e+00 3.251511768017718573e+00 3.334287322963764844e+00
1.570000000000000062e+00 3.251015761593263331e+00 3.336038703910429337e+00
1.580000000000000071e+00 3.250735715057809561e+00 3.337054258639852389e+00
1.590000000000000080e+00 3.250583564939326209e+00 3.337641127338581981e+00
1.600000000000000089e+00 3.250428316035768539e+00 3.338209927238920294e+00
1.610000000000000098e+00 3.250026870884567209e+00 3.339449908900588682e+00
1.620000000000000107e+00 3.249557884192707746e+00 3.340589553942439061e+00
1.630000000000000115e+00 3.248223025097118910e+00 3.343339528971446040e+00
1.640000000000000124e+00 3.246661050191244513e+00 3.346743891896882594e+00
1.650000000000000133e+00 3.243192936415346228e+00 3.353756925530759769e+00
1.660000000000000142e+00 3.239385137798649783e+00 3.361834008047716704e+00
1.669999999999999929e+00 3.236364101477536614e+00 3.369447293418970979e+00
1.679999999999999938e+00 3.232980699233359179e+00 3.377946567331009842e+00
1.689999999999999947e+00 3.231016800009575807e+00 3.383270015633734307e+00
1.699999999999999956e+00 3.229914914942618509e+00 3.386838559860352760e+00
1.709999999999999964e+00 3.227982174751967026e+00 3.392816197397500400e+00
1.719999999999999973e+00 3.224740079785934466e+00 3.402376206954368154e+00
1.729999999999999982e+00 3.216053262018582881e+00 3.428182098413088408e+00
1.739999999999999991e+00 3.203269079649468942e+00 3.478480542843321643e+00
1.750000000000000000e+00 3.195754179392912064e+00 3.562760916642091935e+00
1.760000000000000009e+00 3.223770782549191249e+00 3.667877756521891630e+00
1.770000000000000018e+00 3.288358134227659324e+00 3.765006195406053191e+00
1.780000000000000027e+00 3.384227352151672807e+00 3.836052307701308894e+00
1.790000000000000036e+00 3.478086585907514294e+00 3.865474843936388627e+00
1.800000000000000044e+00 3.560541055620074058e+00 3.868255789568066927e+00
1.810000000000000053e+00 3.610423039307248949e+00 3.860529348292696561e+00
1.820000000000000062e+00 3.633288442303704624e+00 3.854511638153029107e+00
1.830000000000000071e+00 3.650155405741723147e+00 3.849435679573027347e+00
1.840000000000000080e+00 3.657710158815693280e+00 3.847341671728778056e+00
1.850000000000000089e+00 3.664693212369980468e+00 3.845793458062110037e+00
1.860000000000000098e+00 3.672986393392581927e+00 3.843941813222866433e+00
1.870000000000000107e+00 3.678202391188915232e+00 3.842708714534465830e+00
1.880000000000000115e+00 3.681105534299641047e+00 3.841966460996836918e+00
1.890000000000000124e+00 3.683701719077372871e+00 3.841350727273678878e+00
1.900000000000000133e+00 3.686922770914318193e+00 3.840526410561321491e+00
1.910000000000000142e+00 3.690234430173798597e+00 3.839603620248869920e+00
1.919999999999999929e+00 3.693021480148739322e+00 3.838810665594630578e+00
1.929999999999999938e+00 3.696788084389647899e+00 3.837639477255859966e+00
1.939999999999999947e+00 3.700801062047816892e+00 3.836317769281528456e+00
1.949999999999999956e+00 3.704375273800902146e+00 3.835095916356034085e+00
1.959999999999999964e+00 3.708799101137994825e+00 3.833341405263067436e+00
1.969999999999999973e+00 3.715196102061321337e+00 3.830493062500904156e+00
1.979999999999999982e+00 3.723038447051247868e+00 3.826587889308730173e+00
1.989999999999999991e+00 3.730564777227068252e+00 3.822564711460447295e+00
2.000000000000000000e+00 3.737494686000111255e+00 3.818620995009181396e+00
2.010000000000000231e+00 3.741257939263699317e+00 3.816410018285396166e+00
2.020000000000000018e+00 3.744979098311959742e+00 3.814060389827192754e+00
2.030000000000000249e+00 3.747925526260906803e+00 3.812204010701602197e+00
2.040000000000000036e+00 3.750929874888579096e+00 3.810276114786943058e+00
2.049999999999999822e+00 3.754408699343338984e+00 3.807909754445418127e+00
2.060000000000000053e+00 3.757328301334063259e+00 3.805917480821927601e+00
2.069999999999999840e+00 3.760605418489950225e+00 3.803605808874589655e+00
2.080000000000000071e+00 3.762191498971163561e+00 3.802489920334637397e+00
2.089999999999999858e+00 3.762725336541759003e+00 3.802174221468342719e+00
2.100000000000000089e+00 3.762934346312237999e+00 3.802088296972559789e+00
2.109999999999999876e+00 3.763157427386678133e+00 3.801991799884401946e+00
2.120000000000000107e+00 3.763284955825025424e+00 3.801944217229670020e+00
2.129999999999999893e+00 3.763413646397617995e+00 3.801898764448138124e+00
2.140000000000000124e+00 3.763497871766771752e+00 3.801862849630627927e+00
2.149999999999999911e+00 3.763552398502805652e+00 3.801845260970613261e+00
2.160000000000000142e+00 3.763630009128320797e+00 3.801822619698774108e+00
2.169999999999999929e+00 3.763680998568344815e+00 3.801805704941939812e+00
2.180000000000000160e+00 3.763717368149906761e+00 3.801797687878459620e+00
2.189999999999999947e+00 3.763755808136549863e+00 3.801785350024613042e+00
2.200000000000000178e+00 3.763780042490782130e+00 3.801777285285172781e+00
2.209999999999999964e+00 3.763799444648273873e+00 3.801772868784419668e+00
2.220000000000000195e+00 3.763828103084232435e+00 3.801769624214503818e+00
2.229999999999999982e+00 3.763852923408958606e+00 3.801762520755317620e+00
2.240000000000000213e+00 3.763883994708388414e+00 3.801756382379204879e+00
2.250000000000000000e+00 3.764001739285109949e+00 3.801733791291596276e+00
2.260000000000000231e+00 3.764025520611369746e+00 3.801731699642574736e+00
2.270000000000000018e+00 3.764064659520443890e+00 3.801724929436389289e+00
2.280000000000000249e+00 3.764085974287759040e+00 3.801720812969435759e+00
2.290000000000000036e+00 3.764230626148319381e+00 3.801687363530063202e+00
2.300000000000000266e+00 3.764302306300511880e+00 3.801673560265192542e+00
2.310000000000000053e+00 3.764382039560095983e+00 3.801659108206017379e+00
2.319999999999999840e+00 3.764456602265197738e+00 3.801645108764808434e+00
2.330000000000000071e+00 3.764494826442736919e+00 3.801639563777905462e+00
2.339999999999999858e+00 3.764544370754580704e+00 3.801632250439305416e+00
2.350000000000000089e+00 3.764580251917661879e+00 3.801625915322480953e+00
2.359999999999999876e+00 3.764592563411473858e+00 3.801623529065370821e+00
2.370000000000000107e+00 3.764598438655034407e+00 3.801622803286417884e+00
2.379999999999999893e+00 3.764615723049258733e+00 3.801620902216816589e+00
2.390000000000000124e+00 3.764642863264453077e+00 3.801616889128315968e+00
2.399999999999999911e+00 3.764692188703072429e+00 3.801612864082800858e+00
2.410000000000000142e+00 3.764756863874466841e+00 3.801604769130675354e+00
2.419999999999999929e+00 3.764816015461748488e+00 3.801601700855428145e+00
2.430000000000000160e+00 3.764873987137878242e+00 3.801598659508621747e+00
2.439999999999999947e+00 3.764933437595650911e+00 3.801596832489683830e+00
2.450000000000000178e+00 3.764984883334849819e+00 3.801593057858730695e+00
2.459999999999999964e+00 3.765067855266397423e+00 3.801584281507665253e+00
2.470000000000000195e+00 3.765140868698195309e+00 3.801583404897614482e+00
2.479999999999999982e+00 3.765211175743932159e+00 3.801588411586886096e+00
2.490000000000000213e+00 3.765269785616835563e+00 3.801592975346604675e+00
2.500000000000000000e+00 3.765390191624193861e+00 3.801600523779362639e+00
2.510000000000000231e+00 3.765492459878001075e+00 3.801609179264035188e+00
2.520000000000000018e+00 3.765581664503887538e+00 3.801615324913188765e+00
2.530000000000000249e+00 3.765743670796259490e+00 3.801613938628331635e+00
2.540000000000000036e+00 3.765883444488762777e+00 3.801612760288000992e+00
2.550000000000000266e+00 3.766025994276185784e+00 3.801622306609968582e+00
2.560000000000000053e+00 3.766129967859832117e+00 3.801634210993202867e+00
2.569999999999999840e+00 3.766276906273867464e+00 3.801640964509938048e+00
2.580000000000000071e+00 3.766392968734818769e+00 3.801643689413947147e+00
2.589999999999999858e+00 3.766482855520896678e+00 3.801646631860085002e+00
2.600000000000000089e+00 3.766550946195948768e+00 3.801646460248600867e+00
2.609999999999999876e+00 3.766591232995227134e+00 3.801642591453358033e+00
2.620000000000000107e+00 3.766634154464650663e+00 3.801638342235635903e+00
2.629999999999999893e+00 3.766692757348008680e+00 3.801630618554166841e+00
2.640000000000000124e+00 3.766719750781346576e+00 3.801630678190897505e+00
2.649999999999999911e+00 3.766736202861513672e+00 3.801630639732632932e+00
2.660000000000000142e+00 3.766772680756312219e+00 3.801637179401654798e+00
2.669999999999999929e+00 3.766780328055508775e+00 3.801639156545512321e+00
2.680000000000000160e+00 3.766798995082390800e+00 3.801645631668554959e+00
2.689999999999999947e+00 3.766838401577797590e+00 3.801656735989722868e+00
2.700000000000000178e+00 3.766873499059347097e+00 3.801662946286531231e+00
2.709999999999999964e+00 3.766887953017382440e+00 3.801665763046117252e+00
2.720000000000000195e+00 3.766908508328359328e+00 3.801670588790018623e+00
2.729999999999999982e+00 3.766916865710940865e+00 3.801672627673420291e+00
2.740000000000000213e+00 3.766928520291426441e+00 3.801676166250131050e+00
2.750000000000000000e+00 3.766940542886028531e+00 3.801679851067294891e+00
2.760000000000000231e+00 3.766942633484127612e+00 3.801679892913577774e+00
2.770000000000000018e+00 3.766944560815233434e+00 3.801679918025594684e+00
2.780000000000000249e+00 3.766944997501318504e+00 3.801679907527025115e+00
2.790000000000000036e+00 3.766945262039362863e+00 3.801679806868375255e+00
2.800000000000000266e+00 3.766945442256651511e+00 3.801679823270119662e+00
2.810000000000000053e+00 3.766945442256651511e+00 3.801679823270119662e+00
2.819999999999999840e+00 3.766945442256651511e+00 3.801679823270119662e+00
2.830000000000000071e+00 3.766945704221220215e+00 3.801677937169580357e+00
2.839999999999999858e+00 3.766945704221220215e+00 3.801677937169580357e+00
2.850000000000000089e+00 3.766945704221220215e+00 3.801677937169580357e+00
2.859999999999999876e+00 3.766945704221220215e+00 3.801677937169580357e+00
2.870000000000000107e+00 3.766945841161093433e+00 3.801676885579743370e+00
2.879999999999999893e+00 3.766945909567990469e+00 3.801676348170122566e+00
2.890000000000000124e+00 3.766945909567990469e+00 3.801676348170122566e+00
2.899999999999999911e+00 3.766945936014239216e+00 3.801676361906941359e+00
2.910000000000000142e+00 3.766945936014239216e+00 3.801676361906941359e+00
2.919999999999999929e+00 3.766945936014239216e+00 3.801676361906941359e+00
2.930000000000000160e+00 3.766945976622300130e+00 3.801676388747496915e+00
2.939999999999999947e+00 3.766945976622300130e+00 3.801676388747496915e+00
2.950000000000000178e+00 3.766945936461989941e+00 3.801676401813919082e+00
2.959999999999999964e+00 3.766945941380960505e+00 3.801676403384703029e+00
2.970000000000000195e+00 3.766945941380960505e+00 3.801676403384703029e+00
2.979999999999999982e+00 3.766945941380960505e+00 3.801676403384703029e+00
2.990000000000000213e+00 3.766945941380960505e+00 3.801676403384703029e+00
3.000000000000000000e+00 3.766945941380960505e+00 3.801676403384703029e+00
