0.000000000000000000e+00 3.685024543445110101e+00
1.000000000000000021e-02 3.685028357603549853e+00
2.000000000000000042e-02 3.685014781451225296e+00
2.999999999999999889e-02 3.685014579372405841e+00
4.000000000000000083e-02 3.685017094295024886e+00
5.000000000000000278e-02 3.684997560598850086e+00
5.999999999999999778e-02 3.685019314363002785e+00
7.000000000000000666e-02 3.684977980585098400e+00
8.000000000000000167e-02 3.684967967705726544e+00
8.999999999999999667e-02 3.684923016331195900e+00
1.000000000000000056e-01 3.684835732433795918e+00
1.100000000000000006e-01 3.684669574480056831e+00
1.199999999999999956e-01 3.668553298127651185e+00
1.300000000000000044e-01 3.507788291378021395e+00
1.400000000000000133e-01 3.139422619378566814e+00
1.499999999999999944e-01 2.911859401774406386e+00
1.600000000000000033e-01 2.843692005729675287e+00
1.700000000000000122e-01 2.826149557816982405e+00
1.799999999999999933e-01 2.812156966420412019e+00
1.900000000000000022e-01 2.813961970566511095e+00
2.000000000000000111e-01 2.816698495789766277e+00
2.099999999999999922e-01 2.823699815521240275e+00
2.200000000000000011e-01 2.832241215846538651e+00
2.300000000000000100e-01 2.835186148488521685e+00
2.399999999999999911e-01 2.835992627496719543e+00
2.500000000000000000e-01 2.836178591501712809e+00
2.600000000000000089e-01 2.836579435455798937e+00
2.700000000000000178e-01 2.836878874738216538e+00
2.800000000000000266e-01 2.837282784559726601e+00
2.899999999999999800e-01 2.837431512224674268e+00
2.999999999999999889e-01 2.837758148176670048e+00
3.099999999999999978e-01 2.838101735203266252e+00
3.200000000000000067e-01 2.838314501831531445e+00
3.300000000000000155e-01 2.838339356505870992e+00
3.400000000000000244e-01 2.838435671861171627e+00
3.500000000000000333e-01 2.838445722253322590e+00
3.599999999999999867e-01 2.838458346157073819e+00
3.699999999999999956e-01 2.838462388901710653e+00
3.800000000000000044e-01 2.838464258124828277e+00
3.900000000000000133e-01 2.838463326761722527e+00
4.000000000000000222e-01 2.838467914288044014e+00
4.100000000000000311e-01 2.838467907147407487e+00
4.199999999999999845e-01 2.838467741925716492e+00
4.299999999999999933e-01 2.838466781432628760e+00
4.400000000000000022e-01 2.838465144999027245e+00
4.500000000000000111e-01 2.838465525655746280e+00
4.600000000000000200e-01 2.838449427821636117e+00
4.700000000000000289e-01 2.838451307544708424e+00
4.799999999999999822e-01 2.838449137532711219e+00
4.899999999999999911e-01 2.838447713928222704e+00
5.000000000000000000e-01 2.838406891419887668e+00
5.100000000000000089e-01 2.838427161355018491e+00
5.200000000000000178e-01 2.838489897716045540e+00
5.300000000000000266e-01 2.838623987472057131e+00
5.400000000000000355e-01 2.838759472444057685e+00
5.500000000000000444e-01 2.838882339251041387e+00
5.600000000000000533e-01 2.839122553677559058e+00
5.700000000000000622e-01 2.839206039230823375e+00
5.799999999999999600e-01 2.839304130918979485e+00
5.899999999999999689e-01 2.839755893788337815e+00
5.999999999999999778e-01 2.840362158255576919e+00
6.099999999999999867e-01 2.840824194514751433e+00
6.199999999999999956e-01 2.841363753726482422e+00
6.300000000000000044e-01 2.842197744345665189e+00
6.400000000000000133e-01 2.843286940388679351e+00
6.500000000000000222e-01 2.844634885420799453e+00
6.600000000000000311e-01 2.849461017348766223e+00
6.700000000000000400e-01 2.851598709876537185e+00
6.800000000000000488e-01 2.863133759047985283e+00
6.900000000000000577e-01 2.875580095536709013e+00
7.000000000000000666e-01 2.891232327492236909e+00
7.099999999999999645e-01 2.912811282713413163e+00
7.199999999999999734e-01 2.939569443371295776e+00
7.299999999999999822e-01 2.969548920352458765e+00
7.399999999999999911e-01 2.997883075358867444e+00
7.500000000000000000e-01 3.021252357034683200e+00
7.600000000000000089e-01 3.040483042359352073e+00
7.700000000000000178e-01 3.063542893533706568e+00
7.800000000000000266e-01 3.085666550815105325e+00
7.900000000000000355e-01 3.105393459646701881e+00
8.000000000000000444e-01 3.121471022548675478e+00
8.100000000000000533e-01 3.137717617371082124e+00
8.200000000000000622e-01 3.151439622452258948e+00
8.300000000000000711e-01 3.160767179787158820e+00
8.399999999999999689e-01 3.165418898406028969e+00
8.499999999999999778e-01 3.169479080910682534e+00
8.599999999999999867e-01 3.171082844085693520e+00
8.699999999999999956e-01 3.172532268037795866e+00
8.800000000000000044e-01 3.173823582513332298e+00
8.900000000000000133e-01 3.175716499080658117e+00
9.000000000000000222e-01 3.177162956042289821e+00
9.100000000000000311e-01 3.178455742690563302e+00
9.200000000000000400e-01 3.179098705461025354e+00
9.300000000000000488e-01 3.179710853478908472e+00
9.400000000000000577e-01 3.180255333175659338e+00
9.500000000000000666e-01 3.180771000185012909e+00
9.599999999999999645e-01 3.180887846186160939e+00
9.699999999999999734e-01 3.181091760456562056e+00
9.799999999999999822e-01 3.181177744586467959e+00
9.899999999999999911e-01 3.181219271378517011e+00
1.000000000000000000e+00 3.181251372594833260e+00
1.010000000000000009e+00 3.181315675308704183e+00
1.020000000000000018e+00 3.181335591344833347e+00
1.030000000000000027e+00 3.181384569387435857e+00
1.040000000000000036e+00 3.181414273633957013e+00
1.050000000000000044e+00 3.181440560827255126e+00
1.060000000000000053e+00 3.181463983848094923e+00
1.070000000000000062e+00 3.181473179824352293e+00
1.080000000000000071e+00 3.181506094267368301e+00
1.090000000000000080e+00 3.181536346838474305e+00
1.100000000000000089e+00 3.181559984276294717e+00
1.110000000000000098e+00 3.181601086947917878e+00
1.120000000000000107e+00 3.181621664297580754e+00
1.130000000000000115e+00 3.181645148460864991e+00
1.140000000000000124e+00 3.181655738034248504e+00
1.150000000000000133e+00 3.181665337593555520e+00
1.159999999999999920e+00 3.181676220688820056e+00
1.169999999999999929e+00 3.181695447549819811e+00
1.179999999999999938e+00 3.181701748414039521e+00
1.189999999999999947e+00 3.181712502758502925e+00
1.199999999999999956e+00 3.181720269398689460e+00
1.209999999999999964e+00 3.181731340730190372e+00
1.219999999999999973e+00 3.181736292595863436e+00
1.229999999999999982e+00 3.181741094119548752e+00
1.239999999999999991e+00 3.181743240597247890e+00
1.250000000000000000e+00 3.181745275969505293e+00
1.260000000000000009e+00 3.181746657245159149e+00
1.270000000000000018e+00 3.181747096884250503e+00
1.280000000000000027e+00 3.181745300385951936e+00
1.290000000000000036e+00 3.181752757418155664e+00
1.300000000000000044e+00 3.181750123507976369e+00
1.310000000000000053e+00 3.181750833737850392e+00
1.320000000000000062e+00 3.181761073641776960e+00
1.330000000000000071e+00 3.181771333234310273e+00
1.340000000000000080e+00 3.181774324932098441e+00
1.350000000000000089e+00 3.181781451122760895e+00
1.360000000000000098e+00 3.181783682548999792e+00
1.370000000000000107e+00 3.181794364912509998e+00
1.380000000000000115e+00 3.181803139393329705e+00
1.390000000000000124e+00 3.181905499131679527e+00
1.400000000000000133e+00 3.181948588168621139e+00
1.409999999999999920e+00 3.181991699099540494e+00
1.419999999999999929e+00 3.182014313859939492e+00
1.429999999999999938e+00 3.182053545315265630e+00
1.439999999999999947e+00 3.182116456296443907e+00
1.449999999999999956e+00 3.182151258704662311e+00
1.459999999999999964e+00 3.182172641339302110e+00
1.469999999999999973e+00 3.182228768186569301e+00
1.479999999999999982e+00 3.182260716667175249e+00
1.489999999999999991e+00 3.182286883273124811e+00
1.500000000000000000e+00 3.182290093798637365e+00
1.510000000000000009e+00 3.182307199027538225e+00
1.520000000000000018e+00 3.182336486184596858e+00
1.530000000000000027e+00 3.182353873980045211e+00
1.540000000000000036e+00 3.182366189534663992e+00
1.550000000000000044e+00 3.182374589014053345e+00
1.560000000000000053e+00 3.182391706030368805e+00
1.570000000000000062e+00 3.182412530875205814e+00
1.580000000000000071e+00 3.182432548892498048e+00
1.590000000000000080e+00 3.182479705040454743e+00
1.600000000000000089e+00 3.182491867220401893e+00
1.610000000000000098e+00 3.182509175584316452e+00
1.620000000000000107e+00 3.182557941305637517e+00
1.630000000000000115e+00 3.182591422824859517e+00
1.640000000000000124e+00 3.182634310083389373e+00
1.650000000000000133e+00 3.182651150591373490e+00
1.660000000000000142e+00 3.182664309048652829e+00
1.669999999999999929e+00 3.182710244858264925e+00
1.679999999999999938e+00 3.182721028809547548e+00
1.689999999999999947e+00 3.182726108338832738e+00
1.699999999999999956e+00 3.183907223737239889e+00
1.709999999999999964e+00 3.183962445056438550e+00
1.719999999999999973e+00 3.184260137262344248e+00
1.729999999999999982e+00 3.184372438428401786e+00
1.739999999999999991e+00 3.184507513315677496e+00
1.750000000000000000e+00 3.184731920130252636e+00
1.760000000000000009e+00 3.184987351756095819e+00
1.770000000000000018e+00 3.185162241373062031e+00
1.780000000000000027e+00 3.185188954391479310e+00
1.790000000000000036e+00 3.185691405737399950e+00
1.800000000000000044e+00 3.185766712944507528e+00
1.810000000000000053e+00 3.185815381391048362e+00
1.820000000000000062e+00 3.185960645260810686e+00
1.830000000000000071e+00 3.186069669187069131e+00
1.840000000000000080e+00 3.186090671758651904e+00
1.850000000000000089e+00 3.186234876410961370e+00
1.860000000000000098e+00 3.186452187011242110e+00
1.870000000000000107e+00 3.186525167646407919e+00
1.880000000000000115e+00 3.186591179120540573e+00
1.890000000000000124e+00 3.186649004538059327e+00
1.900000000000000133e+00 3.186676846363544424e+00
1.910000000000000142e+00 3.186776939387321317e+00
1.919999999999999929e+00 3.186814424934387269e+00
1.929999999999999938e+00 3.186937146618366246e+00
1.939999999999999947e+00 3.187072978796958722e+00
1.949999999999999956e+00 3.187251812841892296e+00
1.959999999999999964e+00 3.187316553599834457e+00
1.969999999999999973e+00 3.187487837257385159e+00
1.979999999999999982e+00 3.187637478468418273e+00
1.989999999999999991e+00 3.187831655566692568e+00
2.000000000000000000e+00 3.187901428992748087e+00
2.010000000000000231e+00 3.187957202486991992e+00
2.020000000000000018e+00 3.188058115248680213e+00
2.030000000000000249e+00 3.188221801242828501e+00
2.040000000000000036e+00 3.188392144744396361e+00
2.049999999999999822e+00 3.188493609936237316e+00
2.060000000000000053e+00 3.188664347152709855e+00
2.069999999999999840e+00 3.188820239565372638e+00
2.080000000000000071e+00 3.188935071358680595e+00
2.089999999999999858e+00 3.189077284567356063e+00
2.100000000000000089e+00 3.189230022907257212e+00
2.109999999999999876e+00 3.189397238714695160e+00
2.120000000000000107e+00 3.189693716759681497e+00
2.129999999999999893e+00 3.189825066785812346e+00
2.140000000000000124e+00 3.190466449801921733e+00
2.149999999999999911e+00 3.191145590801239162e+00
2.160000000000000142e+00 3.191389720642566541e+00
2.169999999999999929e+00 3.191905820024013352e+00
2.180000000000000160e+00 3.192462889029979767e+00
2.189999999999999947e+00 3.193214657111167920e+00
2.200000000000000178e+00 3.193360671772957016e+00
2.209999999999999964e+00 3.194198654592037112e+00
2.220000000000000195e+00 3.196302001481056365e+00
2.229999999999999982e+00 3.202135236277580344e+00
2.240000000000000213e+00 3.206883950936794125e+00
2.250000000000000000e+00 3.208006249301433410e+00
2.260000000000000231e+00 3.208721094222068970e+00
2.270000000000000018e+00 3.209021209986209655e+00
2.280000000000000249e+00 3.210019038057327467e+00
2.290000000000000036e+00 3.209806984131336360e+00
2.300000000000000266e+00 3.209932306470871133e+00
2.310000000000000053e+00 3.209031293401717999e+00
2.319999999999999840e+00 3.208205142016411049e+00
2.330000000000000071e+00 3.205249706113338259e+00
2.339999999999999858e+00 3.203451276819706095e+00
2.350000000000000089e+00 3.201829840326309018e+00
2.359999999999999876e+00 3.201549976410865916e+00
2.370000000000000107e+00 3.200945358450412837e+00
2.379999999999999893e+00 3.200154549040794549e+00
2.390000000000000124e+00 3.199556730186939202e+00
2.399999999999999911e+00 3.198079899773597745e+00
2.410000000000000142e+00 3.197315791339874202e+00
2.419999999999999929e+00 3.197408332347869919e+00
2.430000000000000160e+00 3.197358184556961191e+00
2.439999999999999947e+00 3.196735713653564570e+00
2.450000000000000178e+00 3.196439741330146855e+00
2.459999999999999964e+00 3.195919434819221472e+00
2.470000000000000195e+00 3.195390439357757462e+00
2.479999999999999982e+00 3.194868620147705229e+00
2.490000000000000213e+00 3.194902544794082644e+00
2.500000000000000000e+00 3.194406744401455001e+00
2.510000000000000231e+00 3.194043536474704847e+00
2.520000000000000018e+00 3.193482728157043482e+00
2.530000000000000249e+00 3.194512762191295430e+00
2.540000000000000036e+00 3.197494993510246353e+00
2.550000000000000266e+00 3.201736405687332088e+00
2.560000000000000053e+00 3.207006166846752215e+00
2.569999999999999840e+00 3.210163649361133409e+00
2.580000000000000071e+00 3.213911299443244829e+00
2.589999999999999858e+00 3.217480888361930802e+00
2.600000000000000089e+00 3.222679865071773619e+00
2.609999999999999876e+00 3.226810563962459355e+00
2.620000000000000107e+00 3.234542193522453424e+00
2.629999999999999893e+00 3.244871693274975044e+00
2.640000000000000124e+00 3.256871659262180252e+00
2.649999999999999911e+00 3.270152152624130171e+00
2.660000000000000142e+00 3.286812867217063783e+00
2.669999999999999929e+00 3.306021421258449333e+00
2.680000000000000160e+00 3.326209712681770458e+00
2.689999999999999947e+00 3.345224644880294917e+00
2.700000000000000178e+00 3.369461334056854440e+00
2.709999999999999964e+00 3.392192852988243246e+00
2.720000000000000195e+00 3.414902284970283475e+00
2.729999999999999982e+00 3.438861740124225630e+00
2.740000000000000213e+00 3.456434631159305493e+00
2.750000000000000000e+00 3.474821032736301607e+00
2.760000000000000231e+00 3.492225670139789795e+00
2.770000000000000018e+00 3.506115908095836620e+00
2.780000000000000249e+00 3.519023262364864291e+00
2.790000000000000036e+00 3.533415411918163329e+00
2.800000000000000266e+00 3.546312042143344723e+00
2.810000000000000053e+00 3.555736659512519715e+00
2.819999999999999840e+00 3.563983946824073712e+00
2.830000000000000071e+00 3.569890970046520451e+00
2.839999999999999858e+00 3.574094324595928018e+00
2.850000000000000089e+00 3.579321507592201357e+00
2.859999999999999876e+00 3.582988100690841726e+00
2.870000000000000107e+00 3.587154934632778236e+00
2.879999999999999893e+00 3.592041451048851197e+00
2.890000000000000124e+00 3.597883822691440692e+00
2.899999999999999911e+00 3.601809197115898087e+00
2.910000000000000142e+00 3.604872549357414080e+00
2.919999999999999929e+00 3.606570504577159664e+00
2.930000000000000160e+00 3.608732716927528283e+00
2.939999999999999947e+00 3.610697481129169439e+00
2.950000000000000178e+00 3.612987068114280831e+00
2.959999999999999964e+00 3.614975276286601868e+00
2.970000000000000195e+00 3.616714885084629127e+00
2.979999999999999982e+00 3.618288343997001721e+00
2.990000000000000213e+00 3.619703924376964643e+00
3.000000000000000000e+00 3.621771544680595589e+00
