0.000000000000000000e+00 4.318243427025526548e-01
1.000000000000000021e-02 1.032619863123297677e+00
2.000000000000000042e-02 1.038662888743877355e+00
2.999999999999999889e-02 1.039017287908196474e+00
4.000000000000000083e-02 1.039124909505844130e+00
5.000000000000000278e-02 1.039163340923190182e+00
5.999999999999999778e-02 1.039168025206923529e+00
7.000000000000000666e-02 1.041741070517301582e+00
8.000000000000000167e-02 3.968309807567596437e+00
8.999999999999999667e-02 3.968309807567596437e+00
1.000000000000000056e-01 3.968309807567596437e+00
1.100000000000000006e-01 3.968309807567596437e+00
1.199999999999999956e-01 3.968309807567596437e+00
1.300000000000000044e-01 3.968309807567596437e+00
1.400000000000000133e-01 3.968309807567596437e+00
1.499999999999999944e-01 3.968309807567596437e+00
1.600000000000000033e-01 3.968309807567596437e+00
1.700000000000000122e-01 3.968309807567596437e+00
1.799999999999999933e-01 3.968309807567596437e+00
1.900000000000000022e-01 3.968307461898326949e+00
2.000000000000000111e-01 3.968305116229057461e+00
2.099999999999999922e-01 3.968304177961349488e+00
2.200000000000000011e-01 3.968300870935916880e+00
2.300000000000000100e-01 3.968300347533225914e+00
2.399999999999999911e-01 3.968301065044403053e+00
2.500000000000000000e-01 3.968294146974086889e+00
2.600000000000000089e-01 3.968276190524101299e+00
2.700000000000000178e-01 3.968131806855201837e+00
2.800000000000000266e-01 3.968087722458839561e+00
2.899999999999999800e-01 3.968012731158733430e+00
2.999999999999999889e-01 3.968009323086738593e+00
3.099999999999999978e-01 3.967977920639514711e+00
3.200000000000000067e-01 3.967857859311104018e+00
3.300000000000000155e-01 3.967857250232696753e+00
3.400000000000000244e-01 3.967779864547252622e+00
3.500000000000000333e-01 3.967750683631896980e+00
3.599999999999999867e-01 3.967716132383346750e+00
3.699999999999999956e-01 3.967464773392677113e+00
3.800000000000000044e-01 3.913805464029312287e+00
3.900000000000000133e-01 3.643614280226230573e+00
4.000000000000000222e-01 3.040400015172958437e+00
4.100000000000000311e-01 2.713240979313850332e+00
4.199999999999999845e-01 2.687691480164527746e+00
4.299999999999999933e-01 2.680758320493698221e+00
4.400000000000000022e-01 2.680523670182227924e+00
4.500000000000000111e-01 2.680207248644828955e+00
4.600000000000000200e-01 2.679948158736229047e+00
4.700000000000000289e-01 2.679505782308578610e+00
4.799999999999999822e-01 2.678634833385944436e+00
4.899999999999999911e-01 2.678331838877201054e+00
5.000000000000000000e-01 2.678609123644828838e+00
5.100000000000000089e-01 2.679353147399425428e+00
5.200000000000000178e-01 2.680259745349883982e+00
5.300000000000000266e-01 2.681135615491867075e+00
5.400000000000000355e-01 2.688790484745502418e+00
5.500000000000000444e-01 2.697971266381740563e+00
5.600000000000000533e-01 2.734773610899448482e+00
5.700000000000000622e-01 2.790480201053619602e+00
5.799999999999999600e-01 2.867146625940799609e+00
5.899999999999999689e-01 3.011038376629352697e+00
5.999999999999999778e-01 3.166275613107681242e+00
6.099999999999999867e-01 3.258534751367569093e+00
6.199999999999999956e-01 3.294498645803928483e+00
6.300000000000000044e-01 3.304409863545894499e+00
6.400000000000000133e-01 3.309905524880885963e+00
6.500000000000000222e-01 3.310455539648532675e+00
6.600000000000000311e-01 3.310486644079685181e+00
6.700000000000000400e-01 3.310486644079685181e+00
6.800000000000000488e-01 3.310486644079685181e+00
6.900000000000000577e-01 3.310486644079685181e+00
7.000000000000000666e-01 3.310486644079685181e+00
7.099999999999999645e-01 3.310486644079685181e+00
7.199999999999999734e-01 3.310486644079685181e+00
7.299999999999999822e-01 3.310486644079685181e+00
7.399999999999999911e-01 3.310486644079685181e+00
7.500000000000000000e-01 3.310486644079685181e+00
7.600000000000000089e-01 3.310486644079685181e+00
7.700000000000000178e-01 3.310486644079685181e+00
7.800000000000000266e-01 3.310486644079685181e+00
7.900000000000000355e-01 3.310486644079685181e+00
8.000000000000000444e-01 3.310486644079685181e+00
8.100000000000000533e-01 3.310486644079685181e+00
8.200000000000000622e-01 3.310486644079685181e+00
8.300000000000000711e-01 3.310486644079685181e+00
8.399999999999999689e-01 3.310486644079685181e+00
8.499999999999999778e-01 3.310486644079685181e+00
8.599999999999999867e-01 3.310486644079685181e+00
8.699999999999999956e-01 3.310486644079685181e+00
8.800000000000000044e-01 3.310486644079685181e+00
8.900000000000000133e-01 3.310486644079685181e+00
9.000000000000000222e-01 3.310486644079685181e+00
9.100000000000000311e-01 3.310486644079685181e+00
9.200000000000000400e-01 3.310486644079685181e+00
9.300000000000000488e-01 3.310486644079685181e+00
9.400000000000000577e-01 3.310486644079685181e+00
9.500000000000000666e-01 3.310486644079685181e+00
9.599999999999999645e-01 3.310486644079685181e+00
9.699999999999999734e-01 3.310486644079685181e+00
9.799999999999999822e-01 3.310486644079685181e+00
9.899999999999999911e-01 3.310486644079685181e+00
1.000000000000000000e+00 3.310486644079685181e+00
1.010000000000000009e+00 3.310486644079685181e+00
1.020000000000000018e+00 3.310486644079685181e+00
1.030000000000000027e+00 3.310486644079685181e+00
1.040000000000000036e+00 3.310486644079685181e+00
1.050000000000000044e+00 3.310486644079685181e+00
1.060000000000000053e+00 3.310486644079685181e+00
1.070000000000000062e+00 3.310486644079685181e+00
1.080000000000000071e+00 3.310486644079685181e+00
1.090000000000000080e+00 3.310486644079685181e+00
1.100000000000000089e+00 3.310486644079685181e+00
1.110000000000000098e+00 3.310486644079685181e+00
1.120000000000000107e+00 3.310486644079685181e+00
1.130000000000000115e+00 3.310486644079685181e+00
1.140000000000000124e+00 3.310486644079685181e+00
1.150000000000000133e+00 3.310486644079685181e+00
1.159999999999999920e+00 3.310486644079685181e+00
1.169999999999999929e+00 3.310486644079685181e+00
1.179999999999999938e+00 3.310486696307659127e+00
1.189999999999999947e+00 3.310487716917991818e+00
1.199999999999999956e+00 3.310490179018974466e+00
1.209999999999999964e+00 3.310491418015956810e+00
1.219999999999999973e+00 3.310493320195674993e+00
1.229999999999999982e+00 3.310491779816150615e+00
1.239999999999999991e+00 3.310490224936008641e+00
1.250000000000000000e+00 3.310487761080265212e+00
1.260000000000000009e+00 3.310485656969547108e+00
1.270000000000000018e+00 3.310485656969547108e+00
1.280000000000000027e+00 3.310485656969547108e+00
1.290000000000000036e+00 3.310485656969547108e+00
1.300000000000000044e+00 3.310485656969547108e+00
1.310000000000000053e+00 3.310485656969547108e+00
1.320000000000000062e+00 3.310485656969547108e+00
1.330000000000000071e+00 3.310485656969547108e+00
1.340000000000000080e+00 3.310485656969547108e+00
1.350000000000000089e+00 3.310485656969547108e+00
1.360000000000000098e+00 3.310485656969547108e+00
1.370000000000000107e+00 3.310485656969547108e+00
1.380000000000000115e+00 3.310485656969547108e+00
1.390000000000000124e+00 3.310485656969547108e+00
1.400000000000000133e+00 3.310485656969547108e+00
1.409999999999999920e+00 3.310485656969547108e+00
1.419999999999999929e+00 3.310485656969547108e+00
1.429999999999999938e+00 3.310485656969547108e+00
1.439999999999999947e+00 3.310485656969547108e+00
1.449999999999999956e+00 3.310485656969547108e+00
1.459999999999999964e+00 3.310485656969547108e+00
1.469999999999999973e+00 3.310485656969547108e+00
1.479999999999999982e+00 3.310486172766685442e+00
1.489999999999999991e+00 3.310486149151325108e+00
1.500000000000000000e+00 3.310486729905605330e+00
1.510000000000000009e+00 3.310486647956371264e+00
1.520000000000000018e+00 3.310486647956371264e+00
1.530000000000000027e+00 3.310486670551299859e+00
1.540000000000000036e+00 3.310494127442836554e+00
1.550000000000000044e+00 3.310499154202938055e+00
1.560000000000000053e+00 3.310513934781551537e+00
1.570000000000000062e+00 3.310532767574787094e+00
1.580000000000000071e+00 3.310552950322628085e+00
1.590000000000000080e+00 3.310553677363395675e+00
1.600000000000000089e+00 3.310588474032878814e+00
1.610000000000000098e+00 3.310603459854125852e+00
1.620000000000000107e+00 3.310622480814457091e+00
1.630000000000000115e+00 3.310638425018787245e+00
1.640000000000000124e+00 3.310642018043994828e+00
1.650000000000000133e+00 3.310654909536838719e+00
1.660000000000000142e+00 3.310662588536739559e+00
1.669999999999999929e+00 3.310666410949230087e+00
1.679999999999999938e+00 3.310693698067665114e+00
1.689999999999999947e+00 3.310739626626968413e+00
1.699999999999999956e+00 3.310777783699035748e+00
1.709999999999999964e+00 3.310790026571750477e+00
1.719999999999999973e+00 3.310793119866847878e+00
1.729999999999999982e+00 3.310798227157592866e+00
1.739999999999999991e+00 3.310798983488083103e+00
1.750000000000000000e+00 3.310789886243343361e+00
1.760000000000000009e+00 3.310781654031276666e+00
1.770000000000000018e+00 3.310771077697276965e+00
1.780000000000000027e+00 3.310724512960910637e+00
1.790000000000000036e+00 3.310690488858222924e+00
1.800000000000000044e+00 3.310676782793998907e+00
1.810000000000000053e+00 3.310659203867912126e+00
1.820000000000000062e+00 3.310612580213546874e+00
1.830000000000000071e+00 3.310575115540027813e+00
1.840000000000000080e+00 3.310553339669704442e+00
1.850000000000000089e+00 3.310521508700847715e+00
1.860000000000000098e+00 3.310476637551784673e+00
1.870000000000000107e+00 3.310395572788715324e+00
1.880000000000000115e+00 3.310361314015388690e+00
1.890000000000000124e+00 3.310347027266025588e+00
1.900000000000000133e+00 3.310321115300655315e+00
1.910000000000000142e+00 3.310321115300655315e+00
1.919999999999999929e+00 3.310282815923690780e+00
1.929999999999999938e+00 3.310275460977554207e+00
1.939999999999999947e+00 3.310265206465721199e+00
1.949999999999999956e+00 3.310264448385238811e+00
1.959999999999999964e+00 3.310266376411914901e+00
1.969999999999999973e+00 3.310263565969467248e+00
1.979999999999999982e+00 3.310263513100147215e+00
1.989999999999999991e+00 3.310261994094848781e+00
2.000000000000000000e+00 3.310260709822177905e+00
2.010000000000000231e+00 3.310256848409175667e+00
2.020000000000000018e+00 3.310256809155941227e+00
2.030000000000000249e+00 3.310256028101444148e+00
2.040000000000000036e+00 3.310250052342414762e+00
2.049999999999999822e+00 3.310234710180759432e+00
2.060000000000000053e+00 3.310220607399940285e+00
2.069999999999999840e+00 3.310214588255882440e+00
2.080000000000000071e+00 3.310198059546947569e+00
2.089999999999999858e+00 3.310167107446193580e+00
2.100000000000000089e+00 3.310135922579765300e+00
2.109999999999999876e+00 3.310095739467143972e+00
2.120000000000000107e+00 3.309973225526809504e+00
2.129999999999999893e+00 3.309913818988800216e+00
2.140000000000000124e+00 3.309769742689132599e+00
2.149999999999999911e+00 3.309563124740123818e+00
2.160000000000000142e+00 3.309381113395690743e+00
2.169999999999999929e+00 3.309168358917236485e+00
2.180000000000000160e+00 3.309013064820766292e+00
2.189999999999999947e+00 3.308863452959060591e+00
2.200000000000000178e+00 3.308797396459579598e+00
2.209999999999999964e+00 3.308903545348644393e+00
2.220000000000000195e+00 3.309009518837928709e+00
2.229999999999999982e+00 3.309311842153072281e+00
2.240000000000000213e+00 3.309552436058521341e+00
2.250000000000000000e+00 3.311047505908012223e+00
2.260000000000000231e+00 3.313658823611736359e+00
2.270000000000000018e+00 3.316939596161842196e+00
2.280000000000000249e+00 3.324809729778766432e+00
2.290000000000000036e+00 3.335431049416065274e+00
2.300000000000000266e+00 3.353315590445995475e+00
2.310000000000000053e+00 3.384489903998375127e+00
2.319999999999999840e+00 3.429694379653930536e+00
2.330000000000000071e+00 3.489015948123932009e+00
2.339999999999999858e+00 3.565283080689907180e+00
2.350000000000000089e+00 3.634787695529460905e+00
2.359999999999999876e+00 3.700051755342483428e+00
2.370000000000000107e+00 3.748489291028976655e+00
2.379999999999999893e+00 3.786100967013835916e+00
2.390000000000000124e+00 3.809449280211925526e+00
2.399999999999999911e+00 3.820572326867580415e+00
2.410000000000000142e+00 3.826406923527717385e+00
2.419999999999999929e+00 3.828949532499313246e+00
2.430000000000000160e+00 3.830439006283283376e+00
2.439999999999999947e+00 3.831139767005443453e+00
2.450000000000000178e+00 3.831908632373809631e+00
2.459999999999999964e+00 3.832555867977142317e+00
2.470000000000000195e+00 3.833756336836815048e+00
2.479999999999999982e+00 3.834086431629657898e+00
2.490000000000000213e+00 3.834389866805076430e+00
2.500000000000000000e+00 3.834568743360042387e+00
2.510000000000000231e+00 3.834847782611846778e+00
2.520000000000000018e+00 3.835010864355564042e+00
2.530000000000000249e+00 3.835178308568000904e+00
2.540000000000000036e+00 3.835301850495338449e+00
2.550000000000000266e+00 3.835405208783149611e+00
2.560000000000000053e+00 3.835501193461418268e+00
2.569999999999999840e+00 3.835645133974552312e+00
2.580000000000000071e+00 3.835730168073177460e+00
2.589999999999999858e+00 3.835783790407180760e+00
2.600000000000000089e+00 3.835806774091720772e+00
2.609999999999999876e+00 3.835832448391914173e+00
2.620000000000000107e+00 3.835889078636169458e+00
2.629999999999999893e+00 3.835923270847797273e+00
2.640000000000000124e+00 3.835981835470199552e+00
2.649999999999999911e+00 3.836004168655872348e+00
2.660000000000000142e+00 3.836036441755295012e+00
2.669999999999999929e+00 3.836110542747974250e+00
2.680000000000000160e+00 3.836226491818428119e+00
2.689999999999999947e+00 3.836282470490932628e+00
2.700000000000000178e+00 3.836304493834972185e+00
2.709999999999999964e+00 3.836277310624122805e+00
2.720000000000000195e+00 3.836313549997806494e+00
2.729999999999999982e+00 3.836301513774395211e+00
2.740000000000000213e+00 3.836308779933452762e+00
2.750000000000000000e+00 3.836322531700134153e+00
2.760000000000000231e+00 3.836347189164161620e+00
2.770000000000000018e+00 3.836347206301689017e+00
2.780000000000000249e+00 3.836319648666381976e+00
2.790000000000000036e+00 3.836318733355998933e+00
2.800000000000000266e+00 3.836317379384040827e+00
2.810000000000000053e+00 3.836312693753242353e+00
2.819999999999999840e+00 3.836310192909240691e+00
2.830000000000000071e+00 3.836281186397075604e+00
2.839999999999999858e+00 3.836272128438949380e+00
2.850000000000000089e+00 3.836256679823398574e+00
2.859999999999999876e+00 3.836235479619503064e+00
2.870000000000000107e+00 3.836182929997444369e+00
2.879999999999999893e+00 3.836136731171607916e+00
2.890000000000000124e+00 3.836092169783115402e+00
2.899999999999999911e+00 3.836055346691608303e+00
2.910000000000000142e+00 3.836029761059284393e+00
2.919999999999999929e+00 3.835924885604381718e+00
2.930000000000000160e+00 3.835890096025466711e+00
2.939999999999999947e+00 3.835808611927032263e+00
2.950000000000000178e+00 3.835733185718059435e+00
2.959999999999999964e+00 3.835666331532001649e+00
2.970000000000000195e+00 3.835641081645488892e+00
2.979999999999999982e+00 3.835558276815414391e+00
2.990000000000000213e+00 3.835385445861816400e+00
3.000000000000000000e+00 3.835245329031944372e+00
