0.000000000000000000e+00 3.907775892155173070e-01 4.346157626743314406e-01
1.000000000000000021e-02 3.907687048656163231e-01 4.346143017035307698e-01
2.000000000000000042e-02 1.218564394807215789e+00 1.276378907907609106e+00
2.999999999999999889e-02 1.219014586064983474e+00 1.276341083574126900e+00
4.000000000000000083e-02 1.219134120987685810e+00 1.276393158451286647e+00
5.000000000000000278e-02 1.219136681778519193e+00 1.276392870011241243e+00
5.999999999999999778e-02 1.219142497310392814e+00 1.276415003915078783e+00
7.000000000000000666e-02 1.219071547816280798e+00 1.276512774173732545e+00
8.000000000000000167e-02 3.746262255359470217e+00 4.087560355359733499e+00
8.999999999999999667e-02 3.869194044806333999e+00 3.984805683496621675e+00
1.000000000000000056e-01 3.869194044806333999e+00 3.984805683496621675e+00
1.100000000000000006e-01 3.869194044806333999e+00 3.984805683496621675e+00
1.199999999999999956e-01 3.869194044806333999e+00 3.984805683496621675e+00
1.300000000000000044e-01 3.869194044806333999e+00 3.984805683496621675e+00
1.400000000000000133e-01 3.862146522824624562e+00 3.990053614494939893e+00
1.499999999999999944e-01 3.809574151644259832e+00 4.024696215343921857e+00
1.600000000000000033e-01 3.695009438501471344e+00 4.076917706626779214e+00
1.700000000000000122e-01 3.511643700442747651e+00 4.104248036770386854e+00
1.799999999999999933e-01 3.308707861357117253e+00 4.066537453956222237e+00
1.900000000000000022e-01 3.075363201165226101e+00 3.910148929848643817e+00
2.000000000000000111e-01 2.930719233457729445e+00 3.634958459980800249e+00
2.099999999999999922e-01 2.937452376769984941e+00 3.333056685887371362e+00
2.200000000000000011e-01 3.015373224491532778e+00 3.163080058732572919e+00
2.300000000000000100e-01 3.066319570916665960e+00 3.097930538407789314e+00
2.399999999999999911e-01 3.067441285745994062e+00 3.096815739128693235e+00
2.500000000000000000e-01 3.068864503922095199e+00 3.095786202354798622e+00
2.600000000000000089e-01 3.070010104909354887e+00 3.095031763810699665e+00
2.700000000000000178e-01 3.070490813564298538e+00 3.094806593910219394e+00
2.800000000000000266e-01 3.071990797582004440e+00 3.093925288562442866e+00
2.899999999999999800e-01 3.073636370783678018e+00 3.092941201905378357e+00
2.999999999999999889e-01 3.075001328558913727e+00 3.092060436630257314e+00
3.099999999999999978e-01 3.075999219260793893e+00 3.091389050878900591e+00
3.200000000000000067e-01 3.076423818974068691e+00 3.091103939061591088e+00
3.300000000000000155e-01 3.076427652834692772e+00 3.091104103933533409e+00
3.400000000000000244e-01 3.076426107876027327e+00 3.091091784870898085e+00
3.500000000000000333e-01 3.076425877498890404e+00 3.091080434375499397e+00
3.599999999999999867e-01 3.076430736811334388e+00 3.091054938943213148e+00
3.699999999999999956e-01 3.076439840376923307e+00 3.091031087214400230e+00
3.800000000000000044e-01 3.076450472752239484e+00 3.091008875001285183e+00
3.900000000000000133e-01 3.076462331181769372e+00 3.091007248443360389e+00
4.000000000000000222e-01 3.076470271498951803e+00 3.091007948844637809e+00
4.100000000000000311e-01 3.076482448317652718e+00 3.091007199476116796e+00
4.199999999999999845e-01 3.076503021372518631e+00 3.091006707516946506e+00
4.299999999999999933e-01 3.076541080504111569e+00 3.090997545065231833e+00
4.400000000000000022e-01 3.076563233724999069e+00 3.090994216059279598e+00
4.500000000000000111e-01 3.076599125647152100e+00 3.090990175424014552e+00
4.600000000000000200e-01 3.076645706513859047e+00 3.090981049729847108e+00
4.700000000000000289e-01 3.076667929660126699e+00 3.090975333908751121e+00
4.799999999999999822e-01 3.076682900594198244e+00 3.090974959370172748e+00
4.899999999999999911e-01 3.076687097731557241e+00 3.090973757185015547e+00
5.000000000000000000e-01 3.076711109848674575e+00 3.090968577780071058e+00
5.100000000000000089e-01 3.076728973701906789e+00 3.090963469010876707e+00
5.200000000000000178e-01 3.076744710734774291e+00 3.090957628637860832e+00
5.300000000000000266e-01 3.076750129005823009e+00 3.090955880453672311e+00
5.400000000000000355e-01 3.076763029181925457e+00 3.090952465326818110e+00
5.500000000000000444e-01 3.076764511671429503e+00 3.090952178759211577e+00
5.600000000000000533e-01 3.076780115187584208e+00 3.090947310907425027e+00
5.700000000000000622e-01 3.076781104757597252e+00 3.090947118618676992e+00
5.799999999999999600e-01 3.076798926002325185e+00 3.090942930372415187e+00
5.899999999999999689e-01 3.076820960525331827e+00 3.090934825769605432e+00
5.999999999999999778e-01 3.076825353857146617e+00 3.090933057402504680e+00
6.099999999999999867e-01 3.076849562399139426e+00 3.090923852489242396e+00
6.199999999999999956e-01 3.076863846969286165e+00 3.090917888379415501e+00
6.300000000000000044e-01 3.076873506958127447e+00 3.090914813115954285e+00
6.400000000000000133e-01 3.076873506958127447e+00 3.090914813115954285e+00
6.500000000000000222e-01 3.076872726233797817e+00 3.090913442846936032e+00
6.600000000000000311e-01 3.076882594489481093e+00 3.090908193836781948e+00
6.700000000000000400e-01 3.076882594489481093e+00 3.090908193836781948e+00
6.800000000000000488e-01 3.076881338635130803e+00 3.090904928645447747e+00
6.900000000000000577e-01 3.076880715402780186e+00 3.090903694101156507e+00
7.000000000000000666e-01 3.076880725121766247e+00 3.090903555969923389e+00
7.099999999999999645e-01 3.076880725121766247e+00 3.090903555969923389e+00
7.199999999999999734e-01 3.076880704233753150e+00 3.090903432795895078e+00
7.299999999999999822e-01 3.076879745161729574e+00 3.090900759875577997e+00
7.399999999999999911e-01 3.076879745161729574e+00 3.090900759875577997e+00
7.500000000000000000e-01 3.076879745161729574e+00 3.090900759875577997e+00
7.600000000000000089e-01 3.076879689463851264e+00 3.090900400782349067e+00
7.700000000000000178e-01 3.076879690607923656e+00 3.090900383697610998e+00
7.800000000000000266e-01 3.076880188834781205e+00 3.090900537598019415e+00
7.900000000000000355e-01 3.076880188450085818e+00 3.090900332175028353e+00
8.000000000000000444e-01 3.076880188450085818e+00 3.090900332175028353e+00
8.100000000000000533e-01 3.076880271805639833e+00 3.090900253721360347e+00
8.200000000000000622e-01 3.076880271805639833e+00 3.090900253721360347e+00
8.300000000000000711e-01 3.076880621760106127e+00 3.090900505802416820e+00
8.399999999999999689e-01 3.076880662849952763e+00 3.090900512024353120e+00
8.499999999999999778e-01 3.076880468341100183e+00 3.090900557245028324e+00
8.599999999999999867e-01 3.076880643321854958e+00 3.090900683282034489e+00
8.699999999999999956e-01 3.076880851428823505e+00 3.090900739676637698e+00
8.800000000000000044e-01 3.076880851428823505e+00 3.090900739676637698e+00
8.900000000000000133e-01 3.076880851428823505e+00 3.090900739676637698e+00
9.000000000000000222e-01 3.076880195343910884e+00 3.090900893823683937e+00
9.100000000000000311e-01 3.076878174845285585e+00 3.090901329630307615e+00
9.200000000000000400e-01 3.076875793773581780e+00 3.090901780107567109e+00
9.300000000000000488e-01 3.076875717621435413e+00 3.090901864671121047e+00
9.400000000000000577e-01 3.076874030897956303e+00 3.090904127094407094e+00
9.500000000000000666e-01 3.076875672242123549e+00 3.090907548516314662e+00
9.599999999999999645e-01 3.076877694208164815e+00 3.090908034236888202e+00
9.699999999999999734e-01 3.076879537715099477e+00 3.090908778978206595e+00
9.799999999999999822e-01 3.076880865629620931e+00 3.090910122067026311e+00
9.899999999999999911e-01 3.076737423899113644e+00 3.091093246209681844e+00
1.000000000000000000e+00 3.076737773069503579e+00 3.091094174395438987e+00
1.010000000000000009e+00 3.075945021247215916e+00 3.092098028460196435e+00
1.020000000000000018e+00 3.075523407204448834e+00 3.092645336396396605e+00
1.030000000000000027e+00 3.074823899982932041e+00 3.093545516792771011e+00
1.040000000000000036e+00 3.073044726975474816e+00 3.095852709738697861e+00
1.050000000000000044e+00 3.071856888848246037e+00 3.097535577243863969e+00
1.060000000000000053e+00 3.071694309907500031e+00 3.097794340309556471e+00
1.070000000000000062e+00 3.071222415928493543e+00 3.098553812427867538e+00
1.080000000000000071e+00 3.070036769902728668e+00 3.100207663505055056e+00
1.090000000000000080e+00 3.063356125809424402e+00 3.109410384791619020e+00
1.100000000000000089e+00 3.056532370030915491e+00 3.120271836073362781e+00
1.110000000000000098e+00 3.048097993601502687e+00 3.136429027539549885e+00
1.120000000000000107e+00 3.040990684561410973e+00 3.153529218430837666e+00
1.130000000000000115e+00 3.033972906480337350e+00 3.176649407491182409e+00
1.140000000000000124e+00 3.028198086665395028e+00 3.209977388374087415e+00
1.150000000000000133e+00 3.028351458389652251e+00 3.251931389315235066e+00
1.159999999999999920e+00 3.038655447072564186e+00 3.297768009405555034e+00
1.169999999999999929e+00 3.058252162129572849e+00 3.339816332247563135e+00
1.179999999999999938e+00 3.087038245420872240e+00 3.376937180337489242e+00
1.189999999999999947e+00 3.126289146760135473e+00 3.409008777014583380e+00
1.199999999999999956e+00 3.176509959811837369e+00 3.432948919568389101e+00
1.209999999999999964e+00 3.230289478227007294e+00 3.443400540059697867e+00
1.219999999999999973e+00 3.285663630750395470e+00 3.439644818413041705e+00
1.229999999999999982e+00 3.329758272609794734e+00 3.425311794400130783e+00
1.239999999999999991e+00 3.351390568064815501e+00 3.413916107974880543e+00
1.250000000000000000e+00 3.359079350212641923e+00 3.409012793747356884e+00
1.260000000000000009e+00 3.359989167073466287e+00 3.408581704251072875e+00
1.270000000000000018e+00 3.360428448474761076e+00 3.408342349135521587e+00
1.280000000000000027e+00 3.360801475251001147e+00 3.408146048795896998e+00
1.290000000000000036e+00 3.360866728166139072e+00 3.408114806009733488e+00
1.300000000000000044e+00 3.360924809122798784e+00 3.408086486644031687e+00
1.310000000000000053e+00 3.361216208734848276e+00 3.407952616729400308e+00
1.320000000000000062e+00 3.361926434876511660e+00 3.407591974428107573e+00
1.330000000000000071e+00 3.362939562217100331e+00 3.407112944210664907e+00
1.340000000000000080e+00 3.364061042934735735e+00 3.406572075914064524e+00
1.350000000000000089e+00 3.365264981459482829e+00 3.405985185772076651e+00
1.360000000000000098e+00 3.365541913486036041e+00 3.405866120633569860e+00
1.370000000000000107e+00 3.366367289191707801e+00 3.405442079156414170e+00
1.380000000000000115e+00 3.366701344584657196e+00 3.405300802360342605e+00
1.390000000000000124e+00 3.367220066151229485e+00 3.405033816461952245e+00
1.400000000000000133e+00 3.367681942220962732e+00 3.404783051880561295e+00
1.409999999999999920e+00 3.368104754348610008e+00 3.404520214232589659e+00
1.419999999999999929e+00 3.368471042435190022e+00 3.404313875291326674e+00
1.429999999999999938e+00 3.368674362610523776e+00 3.404192860971744228e+00
1.439999999999999947e+00 3.368680077449947685e+00 3.404166656496852905e+00
1.449999999999999956e+00 3.368803723000375783e+00 3.403934234200628239e+00
1.459999999999999964e+00 3.369134685434119536e+00 3.403365328489525776e+00
1.469999999999999973e+00 3.369351836511411236e+00 3.402943804972849762e+00
1.479999999999999982e+00 3.369519895712637325e+00 3.402637477939820965e+00
1.489999999999999991e+00 3.369566836532915666e+00 3.402539941387807687e+00
1.500000000000000000e+00 3.369598631434529423e+00 3.402453998193651685e+00
1.510000000000000009e+00 3.369608389731388431e+00 3.402422794016856766e+00
1.520000000000000018e+00 3.369617616080087252e+00 3.402384667292792209e+00
1.530000000000000027e+00 3.369619368938941761e+00 3.402370188842278154e+00
1.540000000000000036e+00 3.369618797628280760e+00 3.402356949108245487e+00
1.550000000000000044e+00 3.369618918053221446e+00 3.402349244650292537e+00
1.560000000000000053e+00 3.369617060648911977e+00 3.402326906826978803e+00
1.570000000000000062e+00 3.369618420087594046e+00 3.402312027195197430e+00
1.580000000000000071e+00 3.369620283846477271e+00 3.402258597436329524e+00
1.590000000000000080e+00 3.369625934348379648e+00 3.402179477395737894e+00
1.600000000000000089e+00 3.369628043638016379e+00 3.402156222895834858e+00
1.610000000000000098e+00 3.369629774596233585e+00 3.402141933062533763e+00
1.620000000000000107e+00 3.369630428783935816e+00 3.402134287173705918e+00
1.630000000000000115e+00 3.369631370727713904e+00 3.402121602785889376e+00
1.640000000000000124e+00 3.369632182330095649e+00 3.402109893437421650e+00
1.650000000000000133e+00 3.369599181213188022e+00 3.402124673199844462e+00
1.660000000000000142e+00 3.369599993702512730e+00 3.402120826838868961e+00
1.669999999999999929e+00 3.369550937889469022e+00 3.402138448754894018e+00
1.679999999999999938e+00 3.369525356829334406e+00 3.402127151820491413e+00
1.689999999999999947e+00 3.369477749202887562e+00 3.402154148756821872e+00
1.699999999999999956e+00 3.369205726165159565e+00 3.402305787301675100e+00
1.709999999999999964e+00 3.368784980466992263e+00 3.402573822614520349e+00
1.719999999999999973e+00 3.368338505552047391e+00 3.402833700554138918e+00
1.729999999999999982e+00 3.368111338848448266e+00 3.402967103768014479e+00
1.739999999999999991e+00 3.367959201141089931e+00 3.403061000375061429e+00
1.750000000000000000e+00 3.367906153659292912e+00 3.403099613643219890e+00
1.760000000000000009e+00 3.367917347239425485e+00 3.403102389293739538e+00
1.770000000000000018e+00 3.367922591766184137e+00 3.403111196123296711e+00
1.780000000000000027e+00 3.367934579088854186e+00 3.403117540566754862e+00
1.790000000000000036e+00 3.367947558254879237e+00 3.403113650403339019e+00
1.800000000000000044e+00 3.367949161774191236e+00 3.403119529851403424e+00
1.810000000000000053e+00 3.367950597236656129e+00 3.403124224340415616e+00
1.820000000000000062e+00 3.367950753441468770e+00 3.403125111994131480e+00
1.830000000000000071e+00 3.367952827179697017e+00 3.403130598857138089e+00
1.840000000000000080e+00 3.367953714397124543e+00 3.403135209019013452e+00
1.850000000000000089e+00 3.367954166147522077e+00 3.403136163990684526e+00
1.860000000000000098e+00 3.367953507463883778e+00 3.403140399806547922e+00
1.870000000000000107e+00 3.367953957834495249e+00 3.403145522155510250e+00
1.880000000000000115e+00 3.367954193027468346e+00 3.403151011650113578e+00
1.890000000000000124e+00 3.367954844019836358e+00 3.403152356192642003e+00
1.900000000000000133e+00 3.367961199661052341e+00 3.403164207777225947e+00
1.910000000000000142e+00 3.367965770827266336e+00 3.403177998675373406e+00
1.919999999999999929e+00 3.367969111579811603e+00 3.403184676447951418e+00
1.929999999999999938e+00 3.367991602241259930e+00 3.403201901963490261e+00
1.939999999999999947e+00 3.368021452710586061e+00 3.403219784667534498e+00
1.949999999999999956e+00 3.368055422110137087e+00 3.403231241741600854e+00
1.959999999999999964e+00 3.368072773320121005e+00 3.403243841703492034e+00
1.969999999999999973e+00 3.368101067277704086e+00 3.403251094310964842e+00
1.979999999999999982e+00 3.368123322442254874e+00 3.403256331965246240e+00
1.989999999999999991e+00 3.368173339609580541e+00 3.403266960015816078e+00
2.000000000000000000e+00 3.368189041535453399e+00 3.403284858777923638e+00
2.010000000000000231e+00 3.368198366644362896e+00 3.403291733081360793e+00
2.020000000000000018e+00 3.368212940855210835e+00 3.403301165795141525e+00
2.030000000000000249e+00 3.368175395972329955e+00 3.403549416945379047e+00
2.040000000000000036e+00 3.368164808103820462e+00 3.403687111923912489e+00
2.049999999999999822e+00 3.367411519273226794e+00 3.405232520696217513e+00
2.060000000000000053e+00 3.366472973094482679e+00 3.407331187610129763e+00
2.069999999999999840e+00 3.365743178253371770e+00 3.408966107349197916e+00
2.080000000000000071e+00 3.364917186240939717e+00 3.410680712528438630e+00
2.089999999999999858e+00 3.364769179651911024e+00 3.411028693363492792e+00
2.100000000000000089e+00 3.364770201788896298e+00 3.411040404299742423e+00
2.109999999999999876e+00 3.364759384582914681e+00 3.411051497003160460e+00
2.120000000000000107e+00 3.364754287988605430e+00 3.411056377714214438e+00
2.129999999999999893e+00 3.364757936140384764e+00 3.411159963625583380e+00
2.140000000000000124e+00 3.364759680189341573e+00 3.411165604582577338e+00
2.149999999999999911e+00 3.364764492400427631e+00 3.411174304253319800e+00
2.160000000000000142e+00 3.364764217031511961e+00 3.411174102470364566e+00
2.169999999999999929e+00 3.364764217031511961e+00 3.411174102470364566e+00
2.180000000000000160e+00 3.364766086100286380e+00 3.411176121488862734e+00
2.189999999999999947e+00 3.364766098434201158e+00 3.411176085232028310e+00
2.200000000000000178e+00 3.364767586416785861e+00 3.411178121285851184e+00
2.209999999999999964e+00 3.364766289639625096e+00 3.411178943385925866e+00
2.220000000000000195e+00 3.364766178806927410e+00 3.411178887745234700e+00
2.229999999999999982e+00 3.364768017520731291e+00 3.411181401820355674e+00
2.240000000000000213e+00 3.364764388093369973e+00 3.411185674644094945e+00
2.250000000000000000e+00 3.364765683980508015e+00 3.411186458792166754e+00
2.260000000000000231e+00 3.364751131293935327e+00 3.411186740991907218e+00
2.270000000000000018e+00 3.364613887217231980e+00 3.411284532387069302e+00
2.280000000000000249e+00 3.364614253330424631e+00 3.411284681978031585e+00
2.290000000000000036e+00 3.364487328094124319e+00 3.411342394925475308e+00
2.300000000000000266e+00 3.363923285887447268e+00 3.411726524584087539e+00
2.310000000000000053e+00 3.361520143351859335e+00 3.413496924781494801e+00
2.319999999999999840e+00 3.356236467718716199e+00 3.417215101514224251e+00
2.330000000000000071e+00 3.351570788038768622e+00 3.420376193906269346e+00
2.339999999999999858e+00 3.349755322921704526e+00 3.421355879079866824e+00
2.350000000000000089e+00 3.349104071609865674e+00 3.421137910273183369e+00
2.359999999999999876e+00 3.348582520843311983e+00 3.420907692102626463e+00
2.370000000000000107e+00 3.348093446057673006e+00 3.420280358430509260e+00
2.379999999999999893e+00 3.348054777579921648e+00 3.420057628921848725e+00
2.390000000000000124e+00 3.347759848203560651e+00 3.420098294935324468e+00
2.399999999999999911e+00 3.347303349939463768e+00 3.420261444400669593e+00
2.410000000000000142e+00 3.346973305961094436e+00 3.420172758973636373e+00
2.419999999999999929e+00 3.345524739224464028e+00 3.421776371601074729e+00
2.430000000000000160e+00 3.343213927944427510e+00 3.424944885460609711e+00
2.439999999999999947e+00 3.341041543958199522e+00 3.429456657950865850e+00
2.450000000000000178e+00 3.340098493106583799e+00 3.436126445877333513e+00
2.459999999999999964e+00 3.337433878358003980e+00 3.440836108657720160e+00
2.470000000000000195e+00 3.330893602821837884e+00 3.449921138679969967e+00
2.479999999999999982e+00 3.322242901689048455e+00 3.460458170374397735e+00
2.490000000000000213e+00 3.307318641984024588e+00 3.473368741214713395e+00
2.500000000000000000e+00 3.294773095121224404e+00 3.486900198025862263e+00
2.510000000000000231e+00 3.298422732835557092e+00 3.496154627598975217e+00
2.520000000000000018e+00 3.315987015507145141e+00 3.501809579465465116e+00
2.530000000000000249e+00 3.324669393199961576e+00 3.508579122377354587e+00
2.540000000000000036e+00 3.327706401198134767e+00 3.518545901667847087e+00
2.550000000000000266e+00 3.330701711929973108e+00 3.532196938983265255e+00
2.560000000000000053e+00 3.334621457571099512e+00 3.546640555354048097e+00
2.569999999999999840e+00 3.338030777671151750e+00 3.560652954175657303e+00
2.580000000000000071e+00 3.342350553921305423e+00 3.576469515472806560e+00
2.589999999999999858e+00 3.348079445244885211e+00 3.592785262239359678e+00
2.600000000000000089e+00 3.355231463311156404e+00 3.609075154659310058e+00
2.609999999999999876e+00 3.364967713924994719e+00 3.626469316562065615e+00
2.620000000000000107e+00 3.377031263809588957e+00 3.643661469025227362e+00
2.629999999999999893e+00 3.390134532815629598e+00 3.658356796148603429e+00
2.640000000000000124e+00 3.403732617622098999e+00 3.670949868959703544e+00
2.649999999999999911e+00 3.419454689348696341e+00 3.683092458330632368e+00
2.660000000000000142e+00 3.436691384828194806e+00 3.693473117463484279e+00
2.669999999999999929e+00 3.455060394866969364e+00 3.701687574169132855e+00
2.680000000000000160e+00 3.473022580239044199e+00 3.707621828811897391e+00
2.689999999999999947e+00 3.491710997375357728e+00 3.712320013795983087e+00
2.700000000000000178e+00 3.506641622251140955e+00 3.715074048782718297e+00
2.709999999999999964e+00 3.520739376533127629e+00 3.716800963413618764e+00
2.720000000000000195e+00 3.536183780763609619e+00 3.717681863452927615e+00
2.729999999999999982e+00 3.550372804653135983e+00 3.717706428044351252e+00
2.740000000000000213e+00 3.564363595177277411e+00 3.716577510851279520e+00
2.750000000000000000e+00 3.580359569449126145e+00 3.714010257573426177e+00
2.760000000000000231e+00 3.593821877876822946e+00 3.710634316814835465e+00
2.770000000000000018e+00 3.605560332529218037e+00 3.706766760351984935e+00
2.780000000000000249e+00 3.616639440948716810e+00 3.702372785895117424e+00
2.790000000000000036e+00 3.626544482840245553e+00 3.697601019583994120e+00
2.800000000000000266e+00 3.633352791265458404e+00 3.693937900210409797e+00
2.810000000000000053e+00 3.639125978949481421e+00 3.690420617453640695e+00
2.819999999999999840e+00 3.640529971295812572e+00 3.689501135405084398e+00
2.830000000000000071e+00 3.641326197172380041e+00 3.688968083809637477e+00
2.839999999999999858e+00 3.642127614500889621e+00 3.688431816122164975e+00
2.850000000000000089e+00 3.642556119971868345e+00 3.688143815159204753e+00
2.859999999999999876e+00 3.642555281483049967e+00 3.688143554886464059e+00
2.870000000000000107e+00 3.642544085771041384e+00 3.688138744233650623e+00
2.879999999999999893e+00 3.642545425017886362e+00 3.688138544718212675e+00
2.890000000000000124e+00 3.642545425017886362e+00 3.688138544718212675e+00
2.899999999999999911e+00 3.642545425017886362e+00 3.688138544718212675e+00
2.910000000000000142e+00 3.642545425017886362e+00 3.688138544718212675e+00
2.919999999999999929e+00 3.642545425017886362e+00 3.688138544718212675e+00
2.930000000000000160e+00 3.642545443456715049e+00 3.688138647224360689e+00
2.939999999999999947e+00 3.642545443456715049e+00 3.688138647224360689e+00
2.950000000000000178e+00 3.642545443456715049e+00 3.688138647224360689e+00
2.959999999999999964e+00 3.642545443456715049e+00 3.688138647224360689e+00
2.970000000000000195e+00 3.642545443456715049e+00 3.688138647224360689e+00
2.979999999999999982e+00 3.642545443456715049e+00 3.688138647224360689e+00
2.990000000000000213e+00 3.642545443456715049e+00 3.688138647224360689e+00
3.000000000000000000e+00 3.642545443456715049e+00 3.688138647224360689e+00
