0.000000000000000000e+00 4.126966759449243738e-01
1.000000000000000021e-02 4.126915032845735465e-01
2.000000000000000042e-02 1.247471651357412448e+00
2.999999999999999889e-02 1.247677834819555187e+00
4.000000000000000083e-02 1.247763639719486228e+00
5.000000000000000278e-02 1.247764775894880218e+00
5.999999999999999778e-02 1.247778750612735799e+00
7.000000000000000666e-02 1.247792160995006672e+00
8.000000000000000167e-02 3.916911305359601858e+00
8.999999999999999667e-02 3.926999864151477837e+00
1.000000000000000056e-01 3.926999864151477837e+00
1.100000000000000006e-01 3.926999864151477837e+00
1.199999999999999956e-01 3.926999864151477837e+00
1.300000000000000044e-01 3.926999864151477837e+00
1.400000000000000133e-01 3.926100068659782227e+00
1.499999999999999944e-01 3.917135183494091066e+00
1.600000000000000033e-01 3.885963572564125279e+00
1.700000000000000122e-01 3.807945868606567252e+00
1.799999999999999933e-01 3.687622657656669745e+00
1.900000000000000022e-01 3.492756065506934959e+00
2.000000000000000111e-01 3.282838846719264847e+00
2.099999999999999922e-01 3.135254531328678151e+00
2.200000000000000011e-01 3.089226641612052848e+00
2.300000000000000100e-01 3.082125054662227637e+00
2.399999999999999911e-01 3.082128512437343648e+00
2.500000000000000000e-01 3.082325353138446911e+00
2.600000000000000089e-01 3.082520934360027276e+00
2.700000000000000178e-01 3.082648703737258966e+00
2.800000000000000266e-01 3.082958043072223653e+00
2.899999999999999800e-01 3.083288786344528187e+00
2.999999999999999889e-01 3.083530882594585520e+00
3.099999999999999978e-01 3.083694135069847242e+00
3.200000000000000067e-01 3.083763879017829890e+00
3.300000000000000155e-01 3.083765878384113091e+00
3.400000000000000244e-01 3.083758946373462706e+00
3.500000000000000333e-01 3.083753155937194901e+00
3.599999999999999867e-01 3.083742837877273768e+00
3.699999999999999956e-01 3.083735463795661769e+00
3.800000000000000044e-01 3.083729673876762334e+00
3.900000000000000133e-01 3.083734789812564880e+00
4.000000000000000222e-01 3.083739110171794806e+00
4.100000000000000311e-01 3.083744823896884757e+00
4.199999999999999845e-01 3.083754864444732569e+00
4.299999999999999933e-01 3.083769312784671701e+00
4.400000000000000022e-01 3.083778724892139333e+00
4.500000000000000111e-01 3.083794650535583326e+00
4.600000000000000200e-01 3.083813378121853077e+00
4.700000000000000289e-01 3.083821631784438910e+00
4.799999999999999822e-01 3.083828929982185496e+00
4.899999999999999911e-01 3.083830427458286394e+00
5.000000000000000000e-01 3.083839843814372816e+00
5.100000000000000089e-01 3.083846221356391748e+00
5.200000000000000178e-01 3.083851169686317562e+00
5.300000000000000266e-01 3.083853004729747660e+00
5.400000000000000355e-01 3.083857747254371784e+00
5.500000000000000444e-01 3.083858345215320540e+00
5.600000000000000533e-01 3.083863713047504618e+00
5.700000000000000622e-01 3.083864111688137122e+00
5.799999999999999600e-01 3.083870928187370186e+00
5.899999999999999689e-01 3.083877893147468630e+00
5.999999999999999778e-01 3.083879205629825648e+00
6.099999999999999867e-01 3.083886707444190911e+00
6.199999999999999956e-01 3.083890867674350833e+00
6.300000000000000044e-01 3.083894160037040866e+00
6.400000000000000133e-01 3.083894160037040866e+00
6.500000000000000222e-01 3.083893084540366925e+00
6.600000000000000311e-01 3.083895394163131520e+00
6.700000000000000400e-01 3.083895394163131520e+00
6.800000000000000488e-01 3.083893133640289275e+00
6.900000000000000577e-01 3.083892204751968347e+00
7.000000000000000666e-01 3.083892140545844818e+00
7.099999999999999645e-01 3.083892140545844818e+00
7.199999999999999734e-01 3.083892068514824114e+00
7.299999999999999822e-01 3.083890252518653785e+00
7.399999999999999911e-01 3.083890252518653785e+00
7.500000000000000000e-01 3.083890252518653785e+00
7.600000000000000089e-01 3.083890045123100165e+00
7.700000000000000178e-01 3.083890037152767327e+00
7.800000000000000266e-01 3.083890363216400310e+00
7.900000000000000355e-01 3.083890260312557086e+00
8.000000000000000444e-01 3.083890260312557086e+00
8.100000000000000533e-01 3.083890262763500090e+00
8.200000000000000622e-01 3.083890262763500090e+00
8.300000000000000711e-01 3.083890563781261474e+00
8.399999999999999689e-01 3.083890587437152941e+00
8.499999999999999778e-01 3.083890512793064254e+00
8.599999999999999867e-01 3.083890663301944723e+00
8.699999999999999956e-01 3.083890795552730602e+00
8.800000000000000044e-01 3.083890795552730602e+00
8.900000000000000133e-01 3.083890795552730602e+00
9.000000000000000222e-01 3.083890544583797411e+00
9.100000000000000311e-01 3.083889752237796600e+00
9.200000000000000400e-01 3.083888786940574445e+00
9.300000000000000488e-01 3.083888791146278230e+00
9.400000000000000577e-01 3.083889078996181698e+00
9.500000000000000666e-01 3.083891610379219106e+00
9.599999999999999645e-01 3.083892864222526509e+00
9.699999999999999734e-01 3.083894158346653036e+00
9.799999999999999822e-01 3.083895493848323621e+00
9.899999999999999911e-01 3.083915335054397744e+00
1.000000000000000000e+00 3.083915973732471283e+00
1.010000000000000009e+00 3.084021524853706175e+00
1.020000000000000018e+00 3.084084371800422719e+00
1.030000000000000027e+00 3.084184708387851526e+00
1.040000000000000036e+00 3.084448718357086339e+00
1.050000000000000044e+00 3.084696233046055003e+00
1.060000000000000053e+00 3.084744325108528251e+00
1.070000000000000062e+00 3.084888114178180540e+00
1.080000000000000071e+00 3.085122216703891862e+00
1.090000000000000080e+00 3.086383255300521711e+00
1.100000000000000089e+00 3.088402103052139136e+00
1.110000000000000098e+00 3.092263510570526286e+00
1.120000000000000107e+00 3.097259951496124319e+00
1.130000000000000115e+00 3.105311156985759879e+00
1.140000000000000124e+00 3.119087737519741221e+00
1.150000000000000133e+00 3.140141423852443658e+00
1.159999999999999920e+00 3.168211728239059610e+00
1.169999999999999929e+00 3.199034247188567992e+00
1.179999999999999938e+00 3.231987712879180741e+00
1.189999999999999947e+00 3.267648961887359427e+00
1.199999999999999956e+00 3.304729439690113235e+00
1.209999999999999964e+00 3.336845009143352581e+00
1.219999999999999973e+00 3.362654224581718587e+00
1.229999999999999982e+00 3.377535033504962758e+00
1.239999999999999991e+00 3.382653338019848022e+00
1.250000000000000000e+00 3.384046071979999404e+00
1.260000000000000009e+00 3.384285435662269581e+00
1.270000000000000018e+00 3.384385398805141332e+00
1.280000000000000027e+00 3.384473762023449073e+00
1.290000000000000036e+00 3.384490767087936280e+00
1.300000000000000044e+00 3.384505647883415236e+00
1.310000000000000053e+00 3.384584412732124292e+00
1.320000000000000062e+00 3.384759204652309617e+00
1.330000000000000071e+00 3.385026253213882619e+00
1.340000000000000080e+00 3.385316559424400129e+00
1.350000000000000089e+00 3.385625083615779740e+00
1.360000000000000098e+00 3.385704017059802950e+00
1.370000000000000107e+00 3.385904684174060986e+00
1.380000000000000115e+00 3.386001073472499900e+00
1.390000000000000124e+00 3.386126941306590865e+00
1.400000000000000133e+00 3.386232497050762014e+00
1.409999999999999920e+00 3.386312484290599834e+00
1.419999999999999929e+00 3.386392458863258348e+00
1.429999999999999938e+00 3.386433611791134002e+00
1.439999999999999947e+00 3.386423366973400295e+00
1.449999999999999956e+00 3.386368978600502011e+00
1.459999999999999964e+00 3.386250006961822656e+00
1.469999999999999973e+00 3.386147820742130499e+00
1.479999999999999982e+00 3.386078686826229145e+00
1.489999999999999991e+00 3.386053388960361676e+00
1.500000000000000000e+00 3.386026314814090554e+00
1.510000000000000009e+00 3.386015591874122599e+00
1.520000000000000018e+00 3.386001141686439730e+00
1.530000000000000027e+00 3.385994778890609958e+00
1.540000000000000036e+00 3.385987873368263124e+00
1.550000000000000044e+00 3.385984081351756991e+00
1.560000000000000053e+00 3.385971983737945390e+00
1.570000000000000062e+00 3.385965223641395738e+00
1.580000000000000071e+00 3.385939440641403397e+00
1.590000000000000080e+00 3.385902705872058771e+00
1.600000000000000089e+00 3.385892133266925619e+00
1.610000000000000098e+00 3.385885853829383674e+00
1.620000000000000107e+00 3.385882357978820867e+00
1.630000000000000115e+00 3.385876486756801640e+00
1.640000000000000124e+00 3.385871037883758650e+00
1.650000000000000133e+00 3.385861927206516242e+00
1.660000000000000142e+00 3.385860410270690846e+00
1.669999999999999929e+00 3.385844693322181520e+00
1.679999999999999938e+00 3.385826254324912910e+00
1.689999999999999947e+00 3.385815948979854717e+00
1.699999999999999956e+00 3.385755756733417332e+00
1.709999999999999964e+00 3.385679401540756306e+00
1.719999999999999973e+00 3.385586103053093154e+00
1.729999999999999982e+00 3.385539221308231372e+00
1.739999999999999991e+00 3.385510100758075680e+00
1.750000000000000000e+00 3.385502883651256401e+00
1.760000000000000009e+00 3.385509868266582512e+00
1.770000000000000018e+00 3.385516893944740424e+00
1.780000000000000027e+00 3.385526059827804524e+00
1.790000000000000036e+00 3.385530604329109128e+00
1.800000000000000044e+00 3.385534345812797330e+00
1.810000000000000053e+00 3.385537410788535873e+00
1.820000000000000062e+00 3.385537932717800125e+00
1.830000000000000071e+00 3.385541713018417553e+00
1.840000000000000080e+00 3.385544461708068997e+00
1.850000000000000089e+00 3.385545165069103302e+00
1.860000000000000098e+00 3.385546953635215850e+00
1.870000000000000107e+00 3.385549739995002749e+00
1.880000000000000115e+00 3.385552602338790962e+00
1.890000000000000124e+00 3.385553600106239180e+00
1.900000000000000133e+00 3.385562703719139144e+00
1.910000000000000142e+00 3.385571884751319871e+00
1.919999999999999929e+00 3.385576894013881510e+00
1.929999999999999938e+00 3.385596752102375095e+00
1.939999999999999947e+00 3.385620618689060279e+00
1.949999999999999956e+00 3.385643331925868971e+00
1.959999999999999964e+00 3.385658307511806520e+00
1.969999999999999973e+00 3.385676080794334464e+00
1.979999999999999982e+00 3.385689827203750557e+00
1.989999999999999991e+00 3.385720149812698310e+00
2.000000000000000000e+00 3.385736950156688518e+00
2.010000000000000231e+00 3.385745049862861844e+00
2.020000000000000018e+00 3.385757053325176180e+00
2.030000000000000249e+00 3.385862406458854501e+00
2.040000000000000036e+00 3.385925960013866476e+00
2.049999999999999822e+00 3.386322019984722154e+00
2.060000000000000053e+00 3.386902080352306221e+00
2.069999999999999840e+00 3.387354642801284843e+00
2.080000000000000071e+00 3.387798949384689173e+00
2.089999999999999858e+00 3.387898936507701908e+00
2.100000000000000089e+00 3.387905303044319361e+00
2.109999999999999876e+00 3.387905440793037570e+00
2.120000000000000107e+00 3.387905332851409934e+00
2.129999999999999893e+00 3.387958949882984072e+00
2.140000000000000124e+00 3.387962642385959455e+00
2.149999999999999911e+00 3.387969398326873716e+00
2.160000000000000142e+00 3.387969159750938264e+00
2.169999999999999929e+00 3.387969159750938264e+00
2.180000000000000160e+00 3.387971103794574557e+00
2.189999999999999947e+00 3.387971091833114734e+00
2.200000000000000178e+00 3.387972853851318522e+00
2.209999999999999964e+00 3.387972616512775481e+00
2.220000000000000195e+00 3.387972533276081055e+00
2.229999999999999982e+00 3.387974709670543483e+00
2.240000000000000213e+00 3.387975031368732459e+00
2.250000000000000000e+00 3.387976071386337384e+00
2.260000000000000231e+00 3.387968936142921272e+00
2.270000000000000018e+00 3.387949209802150641e+00
2.280000000000000249e+00 3.387949467654228108e+00
2.290000000000000036e+00 3.387914861509799813e+00
2.300000000000000266e+00 3.387824905235767403e+00
2.310000000000000053e+00 3.387508534066677068e+00
2.319999999999999840e+00 3.386725784616470225e+00
2.330000000000000071e+00 3.385973490972518984e+00
2.339999999999999858e+00 3.385555601000785675e+00
2.350000000000000089e+00 3.385120990941524521e+00
2.359999999999999876e+00 3.384745106472969223e+00
2.370000000000000107e+00 3.384186902244091133e+00
2.379999999999999893e+00 3.384056203250885186e+00
2.390000000000000124e+00 3.383929071569442559e+00
2.399999999999999911e+00 3.383782397170066680e+00
2.410000000000000142e+00 3.383573032467365405e+00
2.419999999999999929e+00 3.383650555412769378e+00
2.430000000000000160e+00 3.384079406702518611e+00
2.439999999999999947e+00 3.385249100954532686e+00
2.450000000000000178e+00 3.388112469491958656e+00
2.459999999999999964e+00 3.389134993507862070e+00
2.470000000000000195e+00 3.390407370750903926e+00
2.479999999999999982e+00 3.391350536031723095e+00
2.490000000000000213e+00 3.390343691599368992e+00
2.500000000000000000e+00 3.390836646573543334e+00
2.510000000000000231e+00 3.397288680217266155e+00
2.520000000000000018e+00 3.408898297486305129e+00
2.530000000000000249e+00 3.416624257788658081e+00
2.540000000000000036e+00 3.423126151432990927e+00
2.550000000000000266e+00 3.431449325456619182e+00
2.560000000000000053e+00 3.440631006462573804e+00
2.569999999999999840e+00 3.449341865923404526e+00
2.580000000000000071e+00 3.459410034697055991e+00
2.589999999999999858e+00 3.470432353742122444e+00
2.600000000000000089e+00 3.482153308985233231e+00
2.609999999999999876e+00 3.495718515243530167e+00
2.620000000000000107e+00 3.510346366417408159e+00
2.629999999999999893e+00 3.524245664482116513e+00
2.640000000000000124e+00 3.537341243290901271e+00
2.649999999999999911e+00 3.551273573839664355e+00
2.660000000000000142e+00 3.565082251145839543e+00
2.669999999999999929e+00 3.578373984518051110e+00
2.680000000000000160e+00 3.590322204525470795e+00
2.689999999999999947e+00 3.602015505585670407e+00
2.700000000000000178e+00 3.610857835516929626e+00
2.709999999999999964e+00 3.618770169973373196e+00
2.720000000000000195e+00 3.626932822108268617e+00
2.729999999999999982e+00 3.634039616348743618e+00
2.740000000000000213e+00 3.640470553014278465e+00
2.750000000000000000e+00 3.647184913511276161e+00
2.760000000000000231e+00 3.652228097345829205e+00
2.770000000000000018e+00 3.656163546440601486e+00
2.780000000000000249e+00 3.659506113421917117e+00
2.790000000000000036e+00 3.662072751212119837e+00
2.800000000000000266e+00 3.663645345737934100e+00
2.810000000000000053e+00 3.664773298201561058e+00
2.819999999999999840e+00 3.665015553350448485e+00
2.830000000000000071e+00 3.665147140491008759e+00
2.839999999999999858e+00 3.665279715311527298e+00
2.850000000000000089e+00 3.665349967565536549e+00
2.859999999999999876e+00 3.665349418184757013e+00
2.870000000000000107e+00 3.665341415002346004e+00
2.879999999999999893e+00 3.665341984868049519e+00
2.890000000000000124e+00 3.665341984868049519e+00
2.899999999999999911e+00 3.665341984868049519e+00
2.910000000000000142e+00 3.665341984868049519e+00
2.919999999999999929e+00 3.665341984868049519e+00
2.930000000000000160e+00 3.665342045340537869e+00
2.939999999999999947e+00 3.665342045340537869e+00
2.950000000000000178e+00 3.665342045340537869e+00
2.959999999999999964e+00 3.665342045340537869e+00
2.970000000000000195e+00 3.665342045340537869e+00
2.979999999999999982e+00 3.665342045340537869e+00
2.990000000000000213e+00 3.665342045340537869e+00
3.000000000000000000e+00 3.665342045340537869e+00
