0.000000000000000000e+00 1.062184699991941539e+00
1.000000000000000021e-02 1.062189716323614030e+00
2.000000000000000042e-02 1.062189210207462375e+00
2.999999999999999889e-02 1.062189244574904379e+00
4.000000000000000083e-02 1.062190383747219968e+00
5.000000000000000278e-02 1.062190936647057438e+00
5.999999999999999778e-02 1.143662395172119206e+00
7.000000000000000666e-02 3.139044556387662777e+00
8.000000000000000167e-02 3.941932674916982737e+00
8.999999999999999667e-02 3.943767749741077466e+00
1.000000000000000056e-01 3.943976468052864170e+00
1.100000000000000006e-01 3.943968707666396956e+00
1.199999999999999956e-01 3.943956002228260260e+00
1.300000000000000044e-01 3.943940683739185271e+00
1.400000000000000133e-01 3.943916351764201966e+00
1.499999999999999944e-01 3.943887390050888175e+00
1.600000000000000033e-01 3.943871504826545582e+00
1.700000000000000122e-01 3.943858633441925221e+00
1.799999999999999933e-01 3.943827786078453190e+00
1.900000000000000022e-01 3.943807251577377215e+00
2.000000000000000111e-01 3.943475664610862630e+00
2.099999999999999922e-01 3.943155281891822739e+00
2.200000000000000011e-01 3.942339020736217670e+00
2.300000000000000100e-01 3.938209319210052684e+00
2.399999999999999911e-01 3.928597743897438210e+00
2.500000000000000000e-01 3.879410585868358741e+00
2.600000000000000089e-01 3.696987821124792184e+00
2.700000000000000178e-01 3.479970248982906522e+00
2.800000000000000266e-01 3.320531799943446938e+00
2.899999999999999800e-01 3.228577867856025740e+00
2.999999999999999889e-01 3.186546123163700006e+00
3.099999999999999978e-01 3.156635577609538945e+00
3.200000000000000067e-01 3.131220736052990006e+00
3.300000000000000155e-01 3.124911501903533839e+00
3.400000000000000244e-01 3.124878444983959280e+00
3.500000000000000333e-01 3.124862023570537772e+00
3.599999999999999867e-01 3.124870085906982453e+00
3.699999999999999956e-01 3.124859184575080828e+00
3.800000000000000044e-01 3.124861849081516318e+00
3.900000000000000133e-01 3.124873991365432868e+00
4.000000000000000222e-01 3.124853063290119248e+00
4.100000000000000311e-01 3.124849372239112633e+00
4.199999999999999845e-01 3.124871256575584511e+00
4.299999999999999933e-01 3.124882832355499129e+00
4.400000000000000022e-01 3.124898904957771339e+00
4.500000000000000111e-01 3.124893478581905359e+00
4.600000000000000200e-01 3.124906918950080659e+00
4.700000000000000289e-01 3.124924735817909305e+00
4.799999999999999822e-01 3.124944823777675573e+00
4.899999999999999911e-01 3.124958377087116101e+00
5.000000000000000000e-01 3.124965603663921510e+00
5.100000000000000089e-01 3.124970150179863015e+00
5.200000000000000178e-01 3.124959788801670246e+00
5.300000000000000266e-01 3.124963661572933038e+00
5.400000000000000355e-01 3.124955124287605468e+00
5.500000000000000444e-01 3.124947700121402772e+00
5.600000000000000533e-01 3.124941402390003287e+00
5.700000000000000622e-01 3.124936159691810822e+00
5.799999999999999600e-01 3.124930279011726597e+00
5.899999999999999689e-01 3.124960164599418722e+00
5.999999999999999778e-01 3.125250515639781845e+00
6.099999999999999867e-01 3.125559419567585095e+00
6.199999999999999956e-01 3.126143529603481408e+00
6.300000000000000044e-01 3.126901783025264780e+00
6.400000000000000133e-01 3.128729795186519613e+00
6.500000000000000222e-01 3.129756091663837392e+00
6.600000000000000311e-01 3.129997167346477482e+00
6.700000000000000400e-01 3.130106873183250649e+00
6.800000000000000488e-01 3.130394322619438174e+00
6.900000000000000577e-01 3.130437037620544594e+00
7.000000000000000666e-01 3.130762268395423931e+00
7.099999999999999645e-01 3.131053726861476871e+00
7.199999999999999734e-01 3.131432206413745867e+00
7.299999999999999822e-01 3.131562955842018159e+00
7.399999999999999911e-01 3.131822657744884442e+00
7.500000000000000000e-01 3.132655128846168591e+00
7.600000000000000089e-01 3.133523723926544324e+00
7.700000000000000178e-01 3.134509291307926215e+00
7.800000000000000266e-01 3.136306337788104859e+00
7.900000000000000355e-01 3.137632509317398011e+00
8.000000000000000444e-01 3.139260578246116484e+00
8.100000000000000533e-01 3.140720244882106993e+00
8.200000000000000622e-01 3.142014598250389312e+00
8.300000000000000711e-01 3.143030653190612700e+00
8.399999999999999689e-01 3.143677466077804628e+00
8.499999999999999778e-01 3.144146206164359914e+00
8.599999999999999867e-01 3.144797527403831339e+00
8.699999999999999956e-01 3.145620550017357075e+00
8.800000000000000044e-01 3.146859155659675444e+00
8.900000000000000133e-01 3.148464156031608674e+00
9.000000000000000222e-01 3.151201112449169006e+00
9.100000000000000311e-01 3.155179082248210864e+00
9.200000000000000400e-01 3.159739804940223884e+00
9.300000000000000488e-01 3.163804580368995811e+00
9.400000000000000577e-01 3.168197528836727006e+00
9.500000000000000666e-01 3.173293936514854252e+00
9.599999999999999645e-01 3.178616973757743658e+00
9.699999999999999734e-01 3.182988399848937888e+00
9.799999999999999822e-01 3.188299432761668939e+00
9.899999999999999911e-01 3.194760262553691721e+00
1.000000000000000000e+00 3.201026059448718986e+00
1.010000000000000009e+00 3.207579075629711340e+00
1.020000000000000018e+00 3.215226485497951536e+00
1.030000000000000027e+00 3.222694014811515739e+00
1.040000000000000036e+00 3.231623701250553093e+00
1.050000000000000044e+00 3.240137430942058749e+00
1.060000000000000053e+00 3.247831512689590472e+00
1.070000000000000062e+00 3.255236425194740324e+00
1.080000000000000071e+00 3.263203741788863965e+00
1.090000000000000080e+00 3.271152209300995040e+00
1.100000000000000089e+00 3.280180838990211623e+00
1.110000000000000098e+00 3.290224059777259846e+00
1.120000000000000107e+00 3.300232423672675885e+00
1.130000000000000115e+00 3.308353386213779501e+00
1.140000000000000124e+00 3.314689168794155094e+00
1.150000000000000133e+00 3.320205264158248681e+00
1.159999999999999920e+00 3.326246443910598760e+00
1.169999999999999929e+00 3.330702677493095454e+00
1.179999999999999938e+00 3.334161935808658495e+00
1.189999999999999947e+00 3.337948856332301872e+00
1.199999999999999956e+00 3.342534810216426955e+00
1.209999999999999964e+00 3.345728409984111806e+00
1.219999999999999973e+00 3.349824036879539335e+00
1.229999999999999982e+00 3.351866051888465758e+00
1.239999999999999991e+00 3.353658576753139275e+00
1.250000000000000000e+00 3.356675265529155627e+00
1.260000000000000009e+00 3.358462745096683300e+00
1.270000000000000018e+00 3.360100081989765286e+00
1.280000000000000027e+00 3.360332757923603086e+00
1.290000000000000036e+00 3.360457115044593657e+00
1.300000000000000044e+00 3.360751702592372769e+00
1.310000000000000053e+00 3.361779222834110126e+00
1.320000000000000062e+00 3.362928646023273682e+00
1.330000000000000071e+00 3.364568477745056185e+00
1.340000000000000080e+00 3.365531982138156852e+00
1.350000000000000089e+00 3.366425592529773692e+00
1.360000000000000098e+00 3.367871788754463136e+00
1.370000000000000107e+00 3.369857743444442555e+00
1.380000000000000115e+00 3.371241606221198950e+00
1.390000000000000124e+00 3.372258079564571354e+00
1.400000000000000133e+00 3.373080228564739436e+00
1.409999999999999920e+00 3.374355518627166539e+00
1.419999999999999929e+00 3.374918589351177278e+00
1.429999999999999938e+00 3.374903891549110302e+00
1.439999999999999947e+00 3.375063811516761714e+00
1.449999999999999956e+00 3.375307582933902761e+00
1.459999999999999964e+00 3.375395900921821735e+00
1.469999999999999973e+00 3.375632156674861939e+00
1.479999999999999982e+00 3.375854777994155675e+00
1.489999999999999991e+00 3.376073006775379248e+00
1.500000000000000000e+00 3.376435831899642803e+00
1.510000000000000009e+00 3.376793097097873897e+00
1.520000000000000018e+00 3.377044393997192362e+00
1.530000000000000027e+00 3.377323598036765961e+00
1.540000000000000036e+00 3.377528610689640054e+00
1.550000000000000044e+00 3.377683458058834187e+00
1.560000000000000053e+00 3.377795351774692367e+00
1.570000000000000062e+00 3.377926673023700754e+00
1.580000000000000071e+00 3.378068418118953531e+00
1.590000000000000080e+00 3.378199597547054456e+00
1.600000000000000089e+00 3.378536903803348590e+00
1.610000000000000098e+00 3.378734584329128321e+00
1.620000000000000107e+00 3.378874316556453650e+00
1.630000000000000115e+00 3.378992794256210352e+00
1.640000000000000124e+00 3.378721405692100443e+00
1.650000000000000133e+00 3.378158401770591901e+00
1.660000000000000142e+00 3.378009669876098631e+00
1.669999999999999929e+00 3.377609189610481177e+00
1.679999999999999938e+00 3.376929400649070878e+00
1.689999999999999947e+00 3.375832156133651729e+00
1.699999999999999956e+00 3.373966548898220008e+00
1.709999999999999964e+00 3.371802535481453145e+00
1.719999999999999973e+00 3.369082481429576781e+00
1.729999999999999982e+00 3.367363168845176613e+00
1.739999999999999991e+00 3.366286119983196379e+00
1.750000000000000000e+00 3.364786325106620790e+00
1.760000000000000009e+00 3.363520219004154210e+00
1.770000000000000018e+00 3.362495532751083260e+00
1.780000000000000027e+00 3.361950092301368542e+00
1.790000000000000036e+00 3.361223057889938470e+00
1.800000000000000044e+00 3.343472396111488276e+00
1.810000000000000053e+00 3.350506332798004028e+00
1.820000000000000062e+00 3.349960748777389696e+00
1.830000000000000071e+00 3.346890447988509987e+00
1.840000000000000080e+00 3.345384438095092783e+00
1.850000000000000089e+00 3.344669719851017131e+00
1.860000000000000098e+00 3.343865373022556486e+00
1.870000000000000107e+00 3.343559170796871260e+00
1.880000000000000115e+00 3.342887808613776990e+00
1.890000000000000124e+00 3.342454727103710166e+00
1.900000000000000133e+00 3.342148244202137075e+00
1.910000000000000142e+00 3.341598090138435229e+00
1.919999999999999929e+00 3.341132206811904926e+00
1.929999999999999938e+00 3.340506310889721053e+00
1.939999999999999947e+00 3.340035978429317431e+00
1.949999999999999956e+00 3.339579929685592585e+00
1.959999999999999964e+00 3.339966437942981869e+00
1.969999999999999973e+00 3.340410790097713356e+00
1.979999999999999982e+00 3.340483999972343465e+00
1.989999999999999991e+00 3.340828581695556743e+00
2.000000000000000000e+00 3.340792996280193439e+00
2.010000000000000231e+00 3.340597831993103117e+00
2.020000000000000018e+00 3.340000762929916434e+00
2.030000000000000249e+00 3.339905609800815522e+00
2.040000000000000036e+00 3.341102436020374267e+00
2.049999999999999822e+00 3.341727417881488638e+00
2.060000000000000053e+00 3.341815886194706042e+00
2.069999999999999840e+00 3.341959560191631429e+00
2.080000000000000071e+00 3.341932523813247791e+00
2.089999999999999858e+00 3.341706279582977501e+00
2.100000000000000089e+00 3.341676915321349917e+00
2.109999999999999876e+00 3.341691841025352439e+00
2.120000000000000107e+00 3.341648162767886898e+00
2.129999999999999893e+00 3.342260012674331815e+00
2.140000000000000124e+00 3.343946593394279354e+00
2.149999999999999911e+00 3.345585811905861018e+00
2.160000000000000142e+00 3.347950488691330051e+00
2.169999999999999929e+00 3.350488249957561671e+00
2.180000000000000160e+00 3.352691353070735847e+00
2.189999999999999947e+00 3.354848139731883894e+00
2.200000000000000178e+00 3.356967640764713323e+00
2.209999999999999964e+00 3.359068053452968439e+00
2.220000000000000195e+00 3.360984561738967979e+00
2.229999999999999982e+00 3.362425522613525342e+00
2.240000000000000213e+00 3.363247547552585814e+00
2.250000000000000000e+00 3.363646371850967487e+00
2.260000000000000231e+00 3.364380993235111195e+00
2.270000000000000018e+00 3.365170514256954348e+00
2.280000000000000249e+00 3.366454120879173395e+00
2.290000000000000036e+00 3.368085637571811564e+00
2.300000000000000266e+00 3.370583066642284464e+00
2.310000000000000053e+00 3.373036554284095878e+00
2.319999999999999840e+00 3.376446226453781119e+00
2.330000000000000071e+00 3.380027512049674776e+00
2.339999999999999858e+00 3.385582690269946848e+00
2.350000000000000089e+00 3.390942369573116455e+00
2.359999999999999876e+00 3.397110557115078144e+00
2.370000000000000107e+00 3.403051467084884596e+00
2.379999999999999893e+00 3.409939320714473698e+00
2.390000000000000124e+00 3.418292006089687529e+00
2.399999999999999911e+00 3.427278947443962220e+00
2.410000000000000142e+00 3.437160468583106976e+00
2.419999999999999929e+00 3.448459077665805950e+00
2.430000000000000160e+00 3.460544764342308177e+00
2.439999999999999947e+00 3.474425263640880779e+00
2.450000000000000178e+00 3.488869619061946814e+00
2.459999999999999964e+00 3.504362737569808761e+00
2.470000000000000195e+00 3.518766397104263088e+00
2.479999999999999982e+00 3.533142844812870109e+00
2.490000000000000213e+00 3.547057034070491888e+00
2.500000000000000000e+00 3.561735306196212925e+00
2.510000000000000231e+00 3.576742641081810170e+00
2.520000000000000018e+00 3.590025527918338621e+00
2.530000000000000249e+00 3.604055472898483270e+00
2.540000000000000036e+00 3.617944174380302247e+00
2.550000000000000266e+00 3.632198820016383944e+00
2.560000000000000053e+00 3.645412596082687529e+00
2.569999999999999840e+00 3.656142455434799210e+00
2.580000000000000071e+00 3.666241059315204609e+00
2.589999999999999858e+00 3.673973646705150475e+00
2.600000000000000089e+00 3.680488266727924174e+00
2.609999999999999876e+00 3.685856129503250145e+00
2.620000000000000107e+00 3.690282856030464131e+00
2.629999999999999893e+00 3.693733244016170314e+00
2.640000000000000124e+00 3.696078773827552677e+00
2.649999999999999911e+00 3.697661088523864770e+00
2.660000000000000142e+00 3.699069678955078100e+00
2.669999999999999929e+00 3.700133097975254248e+00
2.680000000000000160e+00 3.701157002725601330e+00
2.689999999999999947e+00 3.702511521463394129e+00
2.700000000000000178e+00 3.703670270066261150e+00
2.709999999999999964e+00 3.704598600203990788e+00
2.720000000000000195e+00 3.705408442378044231e+00
2.729999999999999982e+00 3.706242163844108539e+00
2.740000000000000213e+00 3.706950898506641501e+00
2.750000000000000000e+00 3.708064712655544160e+00
2.760000000000000231e+00 3.709063059563636688e+00
2.770000000000000018e+00 3.709761005957126656e+00
2.780000000000000249e+00 3.710419503645896899e+00
2.790000000000000036e+00 3.710843634326458140e+00
2.800000000000000266e+00 3.711333413476944010e+00
2.810000000000000053e+00 3.711654371855258816e+00
2.819999999999999840e+00 3.711888482985496562e+00
2.830000000000000071e+00 3.712163554978370694e+00
2.839999999999999858e+00 3.712210628242492483e+00
2.850000000000000089e+00 3.712522188942432244e+00
2.859999999999999876e+00 3.712766925330162060e+00
2.870000000000000107e+00 3.712928568842411181e+00
2.879999999999999893e+00 3.713004361150264554e+00
2.890000000000000124e+00 3.713146754002571104e+00
2.899999999999999911e+00 3.713409981322288722e+00
2.910000000000000142e+00 3.713424222168922206e+00
2.919999999999999929e+00 3.713620966200828377e+00
2.930000000000000160e+00 3.713757664585113361e+00
2.939999999999999947e+00 3.713967559213638303e+00
2.950000000000000178e+00 3.714135756478309514e+00
2.959999999999999964e+00 3.714315958304405196e+00
2.970000000000000195e+00 3.714407570257186819e+00
2.979999999999999982e+00 3.714405757582187828e+00
2.990000000000000213e+00 3.714457835338115910e+00
3.000000000000000000e+00 3.714522022798061318e+00
