0.000000000000000000e+00 1.011996264295762504e+00 1.112373135688120573e+00
1.000000000000000021e-02 1.011997791747828002e+00 1.112381640899400059e+00
2.000000000000000042e-02 1.011997921413196666e+00 1.112380499001728085e+00
2.999999999999999889e-02 1.011999961828761174e+00 1.112378527321047583e+00
4.000000000000000083e-02 1.012002881536464782e+00 1.112377885957975154e+00
5.000000000000000278e-02 1.012004308945965381e+00 1.112377564348149495e+00
5.999999999999999778e-02 6.738047462697557277e-01 1.613520044074482573e+00
7.000000000000000666e-02 1.864939750429222221e+00 4.413149362346103111e+00
8.000000000000000167e-02 3.856088784251778812e+00 4.027776565582186663e+00
8.999999999999999667e-02 3.888733002224473267e+00 3.998802497257681665e+00
1.000000000000000056e-01 3.889296821527806536e+00 3.998656114577921805e+00
1.100000000000000006e-01 3.889285240668550081e+00 3.998652174664243830e+00
1.199999999999999956e-01 3.889270203523312652e+00 3.998641800933207868e+00
1.300000000000000044e-01 3.889252446872756508e+00 3.998628920605614034e+00
1.400000000000000133e-01 3.889214193810544895e+00 3.998618509717859038e+00
1.499999999999999944e-01 3.889164846078596582e+00 3.998609934023179768e+00
1.600000000000000033e-01 3.889117582571576470e+00 3.998625427081514694e+00
1.700000000000000122e-01 3.889096058296034553e+00 3.998621208587815890e+00
1.799999999999999933e-01 3.889019434332855241e+00 3.998636137824051140e+00
1.900000000000000022e-01 3.888916971446034765e+00 3.998697531708719666e+00
2.000000000000000111e-01 3.887451245655588306e+00 3.999500083566136954e+00
2.099999999999999922e-01 3.886183681433874160e+00 4.000126882349770874e+00
2.200000000000000011e-01 3.882143532750919501e+00 4.002534508721516282e+00
2.300000000000000100e-01 3.856588664185761406e+00 4.019829974234343517e+00
2.399999999999999911e-01 3.811671935916718379e+00 4.045523551878158486e+00
2.500000000000000000e-01 3.661459150665627327e+00 4.097362021071090155e+00
2.600000000000000089e-01 3.305578553447134027e+00 4.088397088802450341e+00
2.700000000000000178e-01 3.086919826978023362e+00 3.873020670987789682e+00
2.800000000000000266e-01 2.987925448801333594e+00 3.653138151085560281e+00
2.899999999999999800e-01 2.971052749087863543e+00 3.486102986624187938e+00
2.999999999999999889e-01 2.984423939168132200e+00 3.388668307159267812e+00
3.099999999999999978e-01 3.009622818324854787e+00 3.303648336894223103e+00
3.200000000000000067e-01 3.059792971537117712e+00 3.202648500568862300e+00
3.300000000000000155e-01 3.095292817350376868e+00 3.154530186456690810e+00
3.400000000000000244e-01 3.095310290977592249e+00 3.154446598990326311e+00
3.500000000000000333e-01 3.095372530239438369e+00 3.154351516901637176e+00
3.599999999999999867e-01 3.095456029467623438e+00 3.154284142346341469e+00
3.699999999999999956e-01 3.095498101951129843e+00 3.154220267199031813e+00
3.800000000000000044e-01 3.095533324006225495e+00 3.154190374156807142e+00
3.900000000000000133e-01 3.095587975618304455e+00 3.154160007112561281e+00
4.000000000000000222e-01 3.095594292825677218e+00 3.154111833754561278e+00
4.100000000000000311e-01 3.095610369173111387e+00 3.154088375305113878e+00
4.199999999999999845e-01 3.095656784212702295e+00 3.154085728938466726e+00
4.299999999999999933e-01 3.095688977834498257e+00 3.154076686876500002e+00
4.400000000000000022e-01 3.095730624863047620e+00 3.154067185052495059e+00
4.500000000000000111e-01 3.095739709484561342e+00 3.154047247679249377e+00
4.600000000000000200e-01 3.095775638343668756e+00 3.154038199556492561e+00
4.700000000000000289e-01 3.095814476553905958e+00 3.154034995081912651e+00
4.799999999999999822e-01 3.095852252091932044e+00 3.154037395463419102e+00
4.899999999999999911e-01 3.095876237042326284e+00 3.154040517131905919e+00
5.000000000000000000e-01 3.095903837782004064e+00 3.154027369545838955e+00
5.100000000000000089e-01 3.095920051344262180e+00 3.154020249015463850e+00
5.200000000000000178e-01 3.095922663957556775e+00 3.153996913645783717e+00
5.300000000000000266e-01 3.095941704294179697e+00 3.153985618851686379e+00
5.400000000000000355e-01 3.095942555809405583e+00 3.153967692765805353e+00
5.500000000000000444e-01 3.095936833781922637e+00 3.153958566460882906e+00
5.600000000000000533e-01 3.095935557026973317e+00 3.153947247753033256e+00
5.700000000000000622e-01 3.095933140875104517e+00 3.153939178508517127e+00
5.799999999999999600e-01 3.095932756766119898e+00 3.153927801257333297e+00
5.899999999999999689e-01 3.095949483726698759e+00 3.153970845472138684e+00
5.999999999999999778e-01 3.096323776740967926e+00 3.154177254538595765e+00
6.099999999999999867e-01 3.096560680283022560e+00 3.154558158852147631e+00
6.199999999999999956e-01 3.096970207489968541e+00 3.155316851716994275e+00
6.300000000000000044e-01 3.097454236012683548e+00 3.156349330037846013e+00
6.400000000000000133e-01 3.098615590489844696e+00 3.158843999883194531e+00
6.500000000000000222e-01 3.099247262023244076e+00 3.160264921304430707e+00
6.600000000000000311e-01 3.099407598173034906e+00 3.160586736519920059e+00
6.700000000000000400e-01 3.099462765035823075e+00 3.160750981330678222e+00
6.800000000000000488e-01 3.099613453877480662e+00 3.161175191361395687e+00
6.900000000000000577e-01 3.099600108095897255e+00 3.161273967145191932e+00
7.000000000000000666e-01 3.099600911550158600e+00 3.161923625240689262e+00
7.099999999999999645e-01 3.099492889924103434e+00 3.162614563798850309e+00
7.199999999999999734e-01 3.099002325836513805e+00 3.163862086990977929e+00
7.299999999999999822e-01 3.098341431464339379e+00 3.164784480219696938e+00
7.399999999999999911e-01 3.097800853987485059e+00 3.165844461502283824e+00
7.500000000000000000e-01 3.097259263105386573e+00 3.168050994586950608e+00
7.600000000000000089e-01 3.097002068569149280e+00 3.170045379283939369e+00
7.700000000000000178e-01 3.096765736580519235e+00 3.172252846035333196e+00
7.800000000000000266e-01 3.096322802697380805e+00 3.176289872878828913e+00
7.900000000000000355e-01 3.095932244566139246e+00 3.179332774068656775e+00
8.000000000000000444e-01 3.095596640690288393e+00 3.182924515801944576e+00
8.100000000000000533e-01 3.095200520493217589e+00 3.186239969270996397e+00
8.200000000000000622e-01 3.094733154304416090e+00 3.189296042196362535e+00
8.300000000000000711e-01 3.093951135159615617e+00 3.192110171221609782e+00
8.399999999999999689e-01 3.093421790475262778e+00 3.193933141680346477e+00
8.499999999999999778e-01 3.092928281047024441e+00 3.195364131281695386e+00
8.599999999999999867e-01 3.092520587593549308e+00 3.197074467214113369e+00
8.699999999999999956e-01 3.092042264177264688e+00 3.199198835857449463e+00
8.800000000000000044e-01 3.091815324030197321e+00 3.201902987289153568e+00
8.900000000000000133e-01 3.091483854749827120e+00 3.205444457313390227e+00
9.000000000000000222e-01 3.091022993325110768e+00 3.211379231573227244e+00
9.100000000000000311e-01 3.090934733432699755e+00 3.219423431063721974e+00
9.200000000000000400e-01 3.090492185193844499e+00 3.228987424686603269e+00
9.300000000000000488e-01 3.090926251857313289e+00 3.236682908880678333e+00
9.400000000000000577e-01 3.091702831936707696e+00 3.244692225736746316e+00
9.500000000000000666e-01 3.092925003316953969e+00 3.253662869712754535e+00
9.599999999999999645e-01 3.094619273185927444e+00 3.262614674329559872e+00
9.699999999999999734e-01 3.096594259680443439e+00 3.269382540017432337e+00
9.799999999999999822e-01 3.099052398857752522e+00 3.277546466665585356e+00
9.899999999999999911e-01 3.102404030622863296e+00 3.287116494484520146e+00
1.000000000000000000e+00 3.106019028852817332e+00 3.296033090044620639e+00
1.010000000000000009e+00 3.110070745983689378e+00 3.305087405275733303e+00
1.020000000000000018e+00 3.115401755423850005e+00 3.315051215572053067e+00
1.030000000000000027e+00 3.121097631024045693e+00 3.324290398598985785e+00
1.040000000000000036e+00 3.128625941231121921e+00 3.334621461269984266e+00
1.050000000000000044e+00 3.136437340424829134e+00 3.343837521459288364e+00
1.060000000000000053e+00 3.143910206617491543e+00 3.351752818761689401e+00
1.070000000000000062e+00 3.151498842694338887e+00 3.358974007695141761e+00
1.080000000000000071e+00 3.159946799300835441e+00 3.366460684276892490e+00
1.090000000000000080e+00 3.169010731420756510e+00 3.373293687181233569e+00
1.100000000000000089e+00 3.179854961986373407e+00 3.380506715994049838e+00
1.110000000000000098e+00 3.192374845571771758e+00 3.388073273982747935e+00
1.120000000000000107e+00 3.205702540318675187e+00 3.394762307026676584e+00
1.130000000000000115e+00 3.217186145767860328e+00 3.399520626659698674e+00
1.140000000000000124e+00 3.226539806380193109e+00 3.402838531208117079e+00
1.150000000000000133e+00 3.235021483594206604e+00 3.405389044722290759e+00
1.159999999999999920e+00 3.244196869996257337e+00 3.408296017824940183e+00
1.169999999999999929e+00 3.251104190946920269e+00 3.410301164039270638e+00
1.179999999999999938e+00 3.256135515924982293e+00 3.412188355692334696e+00
1.189999999999999947e+00 3.260800221490248951e+00 3.415097491174354793e+00
1.199999999999999956e+00 3.266672707338774462e+00 3.418396913094079448e+00
1.209999999999999964e+00 3.270892158535250172e+00 3.420564661432973441e+00
1.219999999999999973e+00 3.273765583366440968e+00 3.425882490392637703e+00
1.229999999999999982e+00 3.275886207645831050e+00 3.427845896131100467e+00
1.239999999999999991e+00 3.277620552707362300e+00 3.429696600798916251e+00
1.250000000000000000e+00 3.281433127037929331e+00 3.431917404020381923e+00
1.260000000000000009e+00 3.284118636480159115e+00 3.432806853713207484e+00
1.270000000000000018e+00 3.286807492793006436e+00 3.433392671186524137e+00
1.280000000000000027e+00 3.287549182108773227e+00 3.433116333738432946e+00
1.290000000000000036e+00 3.288207776641672186e+00 3.432706453447515127e+00
1.300000000000000044e+00 3.288880617675754348e+00 3.432622787508991191e+00
1.310000000000000053e+00 3.289706868759155522e+00 3.433851576909064729e+00
1.320000000000000062e+00 3.290426148463253764e+00 3.435431143583293601e+00
1.330000000000000071e+00 3.291270347707692334e+00 3.437866607782420036e+00
1.340000000000000080e+00 3.292119219956960663e+00 3.438944744319353042e+00
1.350000000000000089e+00 3.292990394630279205e+00 3.439860790429268178e+00
1.360000000000000098e+00 3.293981997029878261e+00 3.441761580479048011e+00
1.370000000000000107e+00 3.294917711430036533e+00 3.444797775458848577e+00
1.380000000000000115e+00 3.295898625035785123e+00 3.446584587406612776e+00
1.390000000000000124e+00 3.296432308077015705e+00 3.448083851052127002e+00
1.400000000000000133e+00 3.296245107586787793e+00 3.449915349542691079e+00
1.409999999999999920e+00 3.296354079392475267e+00 3.452356957861857811e+00
1.419999999999999929e+00 3.296225133470331414e+00 3.453612045232023142e+00
1.429999999999999938e+00 3.296642506573590481e+00 3.453165276524630123e+00
1.439999999999999947e+00 3.297147127102195707e+00 3.452980495931327720e+00
1.449999999999999956e+00 3.297751468088880866e+00 3.452863697778924656e+00
1.459999999999999964e+00 3.298009825648585913e+00 3.452781976195057556e+00
1.469999999999999973e+00 3.298517874727762589e+00 3.452746438621961289e+00
1.479999999999999982e+00 3.298997910188376625e+00 3.452711645799934725e+00
1.489999999999999991e+00 3.299480499749975149e+00 3.452665513800783348e+00
1.500000000000000000e+00 3.300234369674589718e+00 3.452637294124695888e+00
1.510000000000000009e+00 3.300928172001058147e+00 3.452658022194689647e+00
1.520000000000000018e+00 3.301408354888076158e+00 3.452680433106308566e+00
1.530000000000000027e+00 3.301972238616661226e+00 3.452674957456870697e+00
1.540000000000000036e+00 3.302370599249817129e+00 3.452686622129462979e+00
1.550000000000000044e+00 3.302663855108937341e+00 3.452703061008731034e+00
1.560000000000000053e+00 3.302913039559980835e+00 3.452677663989403900e+00
1.570000000000000062e+00 3.303181824887899687e+00 3.452671521159501822e+00
1.580000000000000071e+00 3.303458815160428053e+00 3.452678021077479009e+00
1.590000000000000080e+00 3.303713864905573061e+00 3.452685330188535850e+00
1.600000000000000089e+00 3.304280750411062506e+00 3.452793057195634674e+00
1.610000000000000098e+00 3.304600515991610532e+00 3.452868652666646110e+00
1.620000000000000107e+00 3.305102426582235076e+00 3.452646206530672224e+00
1.630000000000000115e+00 3.305824348831852610e+00 3.452161239680568094e+00
1.640000000000000124e+00 3.306378031489642932e+00 3.451064779894557955e+00
1.650000000000000133e+00 3.307136574309494481e+00 3.449180229231689321e+00
1.660000000000000142e+00 3.307504822736841543e+00 3.448514517015355718e+00
1.669999999999999929e+00 3.307673215033732461e+00 3.447545164187229894e+00
1.679999999999999938e+00 3.308068967726117471e+00 3.445789833572024286e+00
1.689999999999999947e+00 3.308164666418755395e+00 3.443499645848548063e+00
1.699999999999999956e+00 3.309038836344563972e+00 3.438894261451876044e+00
1.709999999999999964e+00 3.310106327097253054e+00 3.433498743865653235e+00
1.719999999999999973e+00 3.310535040192144507e+00 3.427629922667009055e+00
1.729999999999999982e+00 3.309484240010347023e+00 3.425242097680006204e+00
1.739999999999999991e+00 3.308545989470429216e+00 3.424026250495963541e+00
1.750000000000000000e+00 3.308727410429693538e+00 3.420845239783548042e+00
1.760000000000000009e+00 3.309062477078738684e+00 3.417977960929569736e+00
1.770000000000000018e+00 3.309083951232005827e+00 3.415907114270160694e+00
1.780000000000000027e+00 3.309049837561893526e+00 3.414850347040843559e+00
1.790000000000000036e+00 3.308571985557208439e+00 3.413874130222668501e+00
1.800000000000000044e+00 3.185473123410492935e+00 3.501471668812483617e+00
1.810000000000000053e+00 3.282190217328139870e+00 3.418822448267868186e+00
1.820000000000000062e+00 3.283983838544721312e+00 3.415937659010058081e+00
1.830000000000000071e+00 3.274369027478691851e+00 3.419411868498328122e+00
1.840000000000000080e+00 3.271322634500474891e+00 3.419446241689710675e+00
1.850000000000000089e+00 3.270003933942505103e+00 3.419335505759529159e+00
1.860000000000000098e+00 3.268496493189101848e+00 3.419234252856011125e+00
1.870000000000000107e+00 3.267913034143146600e+00 3.419205307450595921e+00
1.880000000000000115e+00 3.266356449703116560e+00 3.419419167524437420e+00
1.890000000000000124e+00 3.265499088695551944e+00 3.419410365511868388e+00
1.900000000000000133e+00 3.264742807896883647e+00 3.419553680507390503e+00
1.910000000000000142e+00 3.263452208484044270e+00 3.419743971792826187e+00
1.919999999999999929e+00 3.262241145108575324e+00 3.420023268515234527e+00
1.929999999999999938e+00 3.259936182653378811e+00 3.421076439126063296e+00
1.939999999999999947e+00 3.256598822983828967e+00 3.423473133874805896e+00
1.949999999999999956e+00 3.254408264055737465e+00 3.424751595315447705e+00
1.959999999999999964e+00 3.256575256925328343e+00 3.423357618960635396e+00
1.969999999999999973e+00 3.258076874436369508e+00 3.422744705759057204e+00
1.979999999999999982e+00 3.258166485827421521e+00 3.422801514117265409e+00
1.989999999999999991e+00 3.259116779691576316e+00 3.422540383699537170e+00
2.000000000000000000e+00 3.258921809131496872e+00 3.422664183428890006e+00
2.010000000000000231e+00 3.258673749310049050e+00 3.422521914676157184e+00
2.020000000000000018e+00 3.257447566645787163e+00 3.422553959214045705e+00
2.030000000000000249e+00 3.258813087591598823e+00 3.420998132010032222e+00
2.040000000000000036e+00 3.262383996142814269e+00 3.419820875897934265e+00
2.049999999999999822e+00 3.264065245101589241e+00 3.419389590661388034e+00
2.060000000000000053e+00 3.263849578358270609e+00 3.419782194031141476e+00
2.069999999999999840e+00 3.263831323750315594e+00 3.420087796632947263e+00
2.080000000000000071e+00 3.263834933213487499e+00 3.420030114413008082e+00
2.089999999999999858e+00 3.263993490222944160e+00 3.419419068943010842e+00
2.100000000000000089e+00 3.264430729815962717e+00 3.418923100826737116e+00
2.109999999999999876e+00 3.264062935951176136e+00 3.419320746099528741e+00
2.120000000000000107e+00 3.264073818307675623e+00 3.419222507228098173e+00
2.129999999999999893e+00 3.266286841700115406e+00 3.418233183648548223e+00
2.140000000000000124e+00 3.269014587452314657e+00 3.418878599336244051e+00
2.149999999999999911e+00 3.271295037017960983e+00 3.419876586793761053e+00
2.160000000000000142e+00 3.274664327140481834e+00 3.421236650242178268e+00
2.169999999999999929e+00 3.277059275022339513e+00 3.423917224892783828e+00
2.180000000000000160e+00 3.278956550714862139e+00 3.426426155426609554e+00
2.189999999999999947e+00 3.280409501464677025e+00 3.429286777999090763e+00
2.200000000000000178e+00 3.280195726051436722e+00 3.433739555477989924e+00
2.209999999999999964e+00 3.279894931604412811e+00 3.438241175301524066e+00
2.220000000000000195e+00 3.279203532221315331e+00 3.442765591256620628e+00
2.229999999999999982e+00 3.278061637294562125e+00 3.446789407932488558e+00
2.240000000000000213e+00 3.277970776019805133e+00 3.448524319085366496e+00
2.250000000000000000e+00 3.277542979676574930e+00 3.449749764025360044e+00
2.260000000000000231e+00 3.276866608007369841e+00 3.451895378462852548e+00
2.270000000000000018e+00 3.276095218683445331e+00 3.454245809830463365e+00
2.280000000000000249e+00 3.275417304725015466e+00 3.457490937033331324e+00
2.290000000000000036e+00 3.274907649871214854e+00 3.461263625272408273e+00
2.300000000000000266e+00 3.274585342899810403e+00 3.466580790384758526e+00
2.310000000000000053e+00 3.273070122108741486e+00 3.473002986459450270e+00
2.319999999999999840e+00 3.273564144072002691e+00 3.479328308835559547e+00
2.330000000000000071e+00 3.272192052858423406e+00 3.487862971240926147e+00
2.339999999999999858e+00 3.271743692818028126e+00 3.499421687721865570e+00
2.350000000000000089e+00 3.271271031078991864e+00 3.510613708067241046e+00
2.359999999999999876e+00 3.271753502134215452e+00 3.522467612095940837e+00
2.370000000000000107e+00 3.272176279343721017e+00 3.533926654826048175e+00
2.379999999999999893e+00 3.272774565164875415e+00 3.547104076264071981e+00
2.390000000000000124e+00 3.275323472927988089e+00 3.561260539251386970e+00
2.399999999999999911e+00 3.278464527789352267e+00 3.576093367098572173e+00
2.410000000000000142e+00 3.283129813764572358e+00 3.591191123401641594e+00
2.419999999999999929e+00 3.289310362165136947e+00 3.607607793166474952e+00
2.430000000000000160e+00 3.296912874653468606e+00 3.624176654031147748e+00
2.439999999999999947e+00 3.307309930658987263e+00 3.641540596622774295e+00
2.450000000000000178e+00 3.318537579847117502e+00 3.659201658276776126e+00
2.459999999999999964e+00 3.332160681827281312e+00 3.676564793312336210e+00
2.470000000000000195e+00 3.345281942695959909e+00 3.692250851512566268e+00
2.479999999999999982e+00 3.359572894761073236e+00 3.706712794864666982e+00
2.490000000000000213e+00 3.374652155233036410e+00 3.719461912907947365e+00
2.500000000000000000e+00 3.391733248668870715e+00 3.731737363723555134e+00
2.510000000000000231e+00 3.410587021540464558e+00 3.742898260623155782e+00
2.520000000000000018e+00 3.427829898878751003e+00 3.752221156957926240e+00
2.530000000000000249e+00 3.447538749616088527e+00 3.760572196180878013e+00
2.540000000000000036e+00 3.468059293511829289e+00 3.767829055248775205e+00
2.550000000000000266e+00 3.490837987557597888e+00 3.773559652475170001e+00
2.560000000000000053e+00 3.513714788244191034e+00 3.777110403921184023e+00
2.569999999999999840e+00 3.533620265266633975e+00 3.778664645602964445e+00
2.580000000000000071e+00 3.553959388357458504e+00 3.778522730272950714e+00
2.589999999999999858e+00 3.570884264286268817e+00 3.777063029124032134e+00
2.600000000000000089e+00 3.586167182068633608e+00 3.774809351387214740e+00
2.609999999999999876e+00 3.599635457171011854e+00 3.772076801835488435e+00
2.620000000000000107e+00 3.611310747844605817e+00 3.769254964216322445e+00
2.629999999999999893e+00 3.621086791376035841e+00 3.766379696656304787e+00
2.640000000000000124e+00 3.627978310624269120e+00 3.764179237030836234e+00
2.649999999999999911e+00 3.632825520627270599e+00 3.762496656420458940e+00
2.660000000000000142e+00 3.636650870784419620e+00 3.761488487125736579e+00
2.669999999999999929e+00 3.639304064694914409e+00 3.760962131255594088e+00
2.680000000000000160e+00 3.642304780761954408e+00 3.760009224689248253e+00
2.689999999999999947e+00 3.646118759571586043e+00 3.758904283355202214e+00
2.700000000000000178e+00 3.650245322356324706e+00 3.757095217776197593e+00
2.709999999999999964e+00 3.653334177586729847e+00 3.755863022821251729e+00
2.720000000000000195e+00 3.655504024403154251e+00 3.755312860352934212e+00
2.729999999999999982e+00 3.657013842010360616e+00 3.755470485677856463e+00
2.740000000000000213e+00 3.658334455977427790e+00 3.755567341035855211e+00
2.750000000000000000e+00 3.662784747921293604e+00 3.753344677389794715e+00
2.760000000000000231e+00 3.667142477553095858e+00 3.750983641574177518e+00
2.770000000000000018e+00 3.669942576604450224e+00 3.749579435309803088e+00
2.780000000000000249e+00 3.673588071745975014e+00 3.747250935545818784e+00
2.790000000000000036e+00 3.675622265893574880e+00 3.746065002759341400e+00
2.800000000000000266e+00 3.677702770848683578e+00 3.744964056105204442e+00
2.810000000000000053e+00 3.679254184079037593e+00 3.744054559631480039e+00
2.819999999999999840e+00 3.680467033634396312e+00 3.743309932336596813e+00
2.830000000000000071e+00 3.681232161311499329e+00 3.743094948645242059e+00
2.839999999999999858e+00 3.680147061549789544e+00 3.744274194935195421e+00
2.850000000000000089e+00 3.681855765449206785e+00 3.743188612435657703e+00
2.859999999999999876e+00 3.682891412467011794e+00 3.742642438193312326e+00
2.870000000000000107e+00 3.683299274141948576e+00 3.742557863542873786e+00
2.879999999999999893e+00 3.683511635340147361e+00 3.742497086960381747e+00
2.890000000000000124e+00 3.683970854550473017e+00 3.742322653454669190e+00
2.899999999999999911e+00 3.684988964576771497e+00 3.741830998067805947e+00
2.910000000000000142e+00 3.684897763888231204e+00 3.741950680449613209e+00
2.919999999999999929e+00 3.685608895598408985e+00 3.741633036803247769e+00
2.930000000000000160e+00 3.686157571818830636e+00 3.741357757351396085e+00
2.939999999999999947e+00 3.687047481562644613e+00 3.740887636864631993e+00
2.950000000000000178e+00 3.687646442885491371e+00 3.740625070071127656e+00
2.959999999999999964e+00 3.688508861431575969e+00 3.740123055177234423e+00
2.970000000000000195e+00 3.688892311228762377e+00 3.739922829285611261e+00
2.979999999999999982e+00 3.689184264201426977e+00 3.739627250962948679e+00
2.990000000000000213e+00 3.689438108536489569e+00 3.739477562139742250e+00
3.000000000000000000e+00 3.689724514883357731e+00 3.739319530712764905e+00
