0.000000000000000000e+00 9.874764205556135765e-01 1.186742896609999764e+00
1.000000000000000021e-02 9.720063373100293891e-01 1.212476222506807977e+00
2.000000000000000042e-02 1.092870471759193496e+00 2.171907440334207351e+00
2.999999999999999889e-02 2.184652219819871011e+00 2.307630408120306509e+00
4.000000000000000083e-02 2.184830343250503404e+00 2.307874002466927088e+00
5.000000000000000278e-02 2.184858727996222605e+00 2.307954760043747555e+00
5.999999999999999778e-02 2.185309805284973539e+00 2.307798585198882702e+00
7.000000000000000666e-02 2.187312517694240288e+00 2.308488004761928725e+00
8.000000000000000167e-02 2.188253712793332806e+00 2.308582046569841228e+00
8.999999999999999667e-02 2.188739458417781503e+00 2.308785408740154477e+00
1.000000000000000056e-01 2.188761167066414437e+00 2.308736663109939080e+00
1.100000000000000006e-01 2.188759015149047915e+00 2.308836667896339012e+00
1.199999999999999956e-01 2.188661760570126180e+00 2.309461242850703311e+00
1.300000000000000044e-01 2.188460585177640194e+00 2.310298786575098351e+00
1.400000000000000133e-01 2.188094421648224319e+00 2.311772442498962299e+00
1.499999999999999944e-01 2.156038504996466099e+00 2.351847194509339989e+00
1.600000000000000033e-01 2.155894417838533084e+00 2.360578660564939479e+00
1.700000000000000122e-01 2.099700438675213832e+00 2.470197236018847775e+00
1.799999999999999933e-01 2.059585420273218226e+00 2.777374323326673000e+00
1.900000000000000022e-01 2.368579349540275381e+00 3.274475238563018920e+00
2.000000000000000111e-01 2.859104911341318722e+00 3.374425675855031503e+00
2.099999999999999922e-01 3.097144920216715391e+00 3.283302330411755676e+00
2.200000000000000011e-01 3.140190014016499997e+00 3.255333783509859469e+00
2.300000000000000100e-01 3.160350907923138664e+00 3.243450196837031285e+00
2.399999999999999911e-01 3.179520588857599250e+00 3.230353943236402792e+00
2.500000000000000000e-01 3.190645188878499905e+00 3.221753899380243258e+00
2.600000000000000089e-01 3.197509991431977117e+00 3.216274641098235687e+00
2.700000000000000178e-01 3.199115938519089930e+00 3.215015937644392530e+00
2.800000000000000266e-01 3.200536043401401187e+00 3.213823886937458241e+00
2.899999999999999800e-01 3.200930583369813842e+00 3.213460897719778497e+00
2.999999999999999889e-01 3.200967788990666918e+00 3.213439019028017540e+00
3.099999999999999978e-01 3.201000947556021714e+00 3.213414738898751288e+00
3.200000000000000067e-01 3.201099244365666063e+00 3.213346753277804613e+00
3.300000000000000155e-01 3.201146625156954251e+00 3.213324766330167392e+00
3.400000000000000244e-01 3.201189724423348260e+00 3.213303904073775641e+00
3.500000000000000333e-01 3.201197579933549253e+00 3.213303581827734678e+00
3.599999999999999867e-01 3.201202859839493264e+00 3.213295245214408347e+00
3.699999999999999956e-01 3.201205183672182208e+00 3.213291599169500579e+00
3.800000000000000044e-01 3.201204709864376774e+00 3.213286897482158011e+00
3.900000000000000133e-01 3.201204606678261566e+00 3.213286314976439240e+00
4.000000000000000222e-01 3.201206088602389865e+00 3.213285566504154200e+00
4.100000000000000311e-01 3.201206562446464066e+00 3.213285370484482595e+00
4.199999999999999845e-01 3.201210417921445117e+00 3.213284628632167017e+00
4.299999999999999933e-01 3.201211855819276142e+00 3.213284671027609729e+00
4.400000000000000022e-01 3.201219934218409335e+00 3.213282825729367076e+00
4.500000000000000111e-01 3.201221185640517497e+00 3.213282962337311588e+00
4.600000000000000200e-01 3.201222742643776709e+00 3.213283104824599778e+00
4.700000000000000289e-01 3.201224925800074672e+00 3.213282975053082247e+00
4.799999999999999822e-01 3.201224381460497703e+00 3.213285703497578361e+00
4.899999999999999911e-01 3.201218747147815069e+00 3.213290921254856602e+00
5.000000000000000000e-01 3.201218924370635932e+00 3.213289662388931767e+00
5.100000000000000089e-01 3.201210583583998570e+00 3.213292364476036944e+00
5.200000000000000178e-01 3.201216278849299268e+00 3.213285115699116457e+00
5.300000000000000266e-01 3.201220362627030358e+00 3.213283683488845188e+00
5.400000000000000355e-01 3.201218881059883614e+00 3.213285610531570136e+00
5.500000000000000444e-01 3.201219868572807048e+00 3.213285033298874271e+00
5.600000000000000533e-01 3.201203458185675643e+00 3.213292284659859277e+00
5.700000000000000622e-01 3.201164840265660949e+00 3.213320334542840939e+00
5.799999999999999600e-01 3.201158707058711972e+00 3.213317914097026939e+00
5.899999999999999689e-01 3.201131364999898476e+00 3.213338636068216569e+00
5.999999999999999778e-01 3.201086286995916907e+00 3.213356411125153578e+00
6.099999999999999867e-01 3.200990028437290302e+00 3.213406146661129004e+00
6.199999999999999956e-01 3.200943343834765642e+00 3.213429225397221423e+00
6.300000000000000044e-01 3.200975692639069781e+00 3.213420205397886864e+00
6.400000000000000133e-01 3.200981372617151433e+00 3.213393252474400885e+00
6.500000000000000222e-01 3.201001052553402282e+00 3.213355458119166563e+00
6.600000000000000311e-01 3.201108273972749885e+00 3.213307229762792261e+00
6.700000000000000400e-01 3.201184773227097491e+00 3.213281969250319836e+00
6.800000000000000488e-01 3.201274407080625828e+00 3.213245852266336300e+00
6.900000000000000577e-01 3.201386988844643344e+00 3.213206366124381486e+00
7.000000000000000666e-01 3.201455567930873602e+00 3.213163606468502298e+00
7.099999999999999645e-01 3.201601674598909764e+00 3.213072350116513487e+00
7.199999999999999734e-01 3.201785911354155800e+00 3.212957279749779183e+00
7.299999999999999822e-01 3.201973500335058898e+00 3.212822587635674854e+00
7.399999999999999911e-01 3.202075306897708806e+00 3.212745209121158574e+00
7.500000000000000000e-01 3.202241254030440576e+00 3.212650294197822998e+00
7.600000000000000089e-01 3.202335934438403697e+00 3.212615138182941976e+00
7.700000000000000178e-01 3.202433206077316186e+00 3.212573637570640628e+00
7.800000000000000266e-01 3.202574267870980762e+00 3.212503905966681117e+00
7.900000000000000355e-01 3.202607581027221872e+00 3.212494901425170912e+00
8.000000000000000444e-01 3.202643152326262843e+00 3.212485101782165842e+00
8.100000000000000533e-01 3.202665693064782104e+00 3.212481901248839478e+00
8.200000000000000622e-01 3.202677732856531012e+00 3.212483565270642938e+00
8.300000000000000711e-01 3.202684068799180217e+00 3.212485213112669769e+00
8.399999999999999689e-01 3.202684038030524150e+00 3.212485193718056742e+00
8.499999999999999778e-01 3.202690158118166597e+00 3.212487046304783878e+00
8.599999999999999867e-01 3.202699190445969180e+00 3.212489559377600834e+00
8.699999999999999956e-01 3.202699630582639845e+00 3.212489998819520576e+00
8.800000000000000044e-01 3.202706141330607270e+00 3.212494064524762383e+00
8.900000000000000133e-01 3.202706884976150192e+00 3.212494151772736117e+00
9.000000000000000222e-01 3.202708617981687489e+00 3.212494721761927075e+00
9.100000000000000311e-01 3.202712541435193128e+00 3.212497856761980852e+00
9.200000000000000400e-01 3.202716588109200568e+00 3.212502110921675591e+00
9.300000000000000488e-01 3.202721137721633582e+00 3.212503359129334157e+00
9.400000000000000577e-01 3.202724814189416680e+00 3.212506149603384653e+00
9.500000000000000666e-01 3.202726655592360583e+00 3.212506478119454112e+00
9.599999999999999645e-01 3.202729253628548989e+00 3.212506465980711212e+00
9.699999999999999734e-01 3.202738334414062304e+00 3.212507823251190775e+00
9.799999999999999822e-01 3.202746272533301575e+00 3.212518818246956176e+00
9.899999999999999911e-01 3.202750517026263566e+00 3.212519915364903333e+00
1.000000000000000000e+00 3.202753913788433771e+00 3.212526279340152335e+00
1.010000000000000009e+00 3.202757767239978737e+00 3.212539788602420732e+00
1.020000000000000018e+00 3.202757781559147698e+00 3.212539823407015493e+00
1.030000000000000027e+00 3.202757681142886170e+00 3.212539808223644933e+00
1.040000000000000036e+00 3.202757681142886170e+00 3.212539808223644933e+00
1.050000000000000044e+00 3.202757681142886170e+00 3.212539808223644933e+00
1.060000000000000053e+00 3.202758854607484107e+00 3.212543224831679201e+00
1.070000000000000062e+00 3.202751936923240450e+00 3.212555509308601565e+00
1.080000000000000071e+00 3.202752716519327691e+00 3.212557744277028782e+00
1.090000000000000080e+00 3.202713978848085841e+00 3.212625596604719025e+00
1.100000000000000089e+00 3.202678940871833024e+00 3.212693276497246675e+00
1.110000000000000098e+00 3.202582865517300537e+00 3.212880865800219699e+00
1.120000000000000107e+00 3.202511101923649850e+00 3.213022873510653188e+00
1.130000000000000115e+00 3.202387284069732054e+00 3.213275259565635977e+00
1.140000000000000124e+00 3.202259851849948991e+00 3.213530179354274541e+00
1.150000000000000133e+00 3.201946492033426406e+00 3.214151715678747134e+00
1.159999999999999920e+00 3.201842484691370228e+00 3.214368635165464116e+00
1.169999999999999929e+00 3.201540895359509697e+00 3.214981430246836247e+00
1.179999999999999938e+00 3.201416504070252689e+00 3.215254558208494817e+00
1.189999999999999947e+00 3.201322643670100998e+00 3.215438910666446493e+00
1.199999999999999956e+00 3.201178971265814965e+00 3.215719070979096372e+00
1.209999999999999964e+00 3.200653279737007750e+00 3.216631974536406702e+00
1.219999999999999973e+00 3.200051033855131344e+00 3.217642208723375141e+00
1.229999999999999982e+00 3.199464751512671068e+00 3.218711846263742071e+00
1.239999999999999991e+00 3.198879866066423716e+00 3.219740003423246399e+00
1.250000000000000000e+00 3.198493020289497668e+00 3.220471991989059202e+00
1.260000000000000009e+00 3.197840091165091714e+00 3.221672704640839768e+00
1.270000000000000018e+00 3.196886543951629189e+00 3.223431080893875755e+00
1.280000000000000027e+00 3.196153509351671307e+00 3.224810566027700443e+00
1.290000000000000036e+00 3.194877810907582827e+00 3.227133339261789580e+00
1.300000000000000044e+00 3.193871916952562895e+00 3.229050714802311983e+00
1.310000000000000053e+00 3.192151074620213524e+00 3.232465397538218266e+00
1.320000000000000062e+00 3.188861810433614163e+00 3.239584119079363500e+00
1.330000000000000071e+00 3.185764403075208140e+00 3.247998744679460703e+00
1.340000000000000080e+00 3.183326255217362899e+00 3.257505939344595092e+00
1.350000000000000089e+00 3.182028709729162408e+00 3.266489944526704825e+00
1.360000000000000098e+00 3.181456555124032359e+00 3.274689013327849008e+00
1.370000000000000107e+00 3.181508833348277943e+00 3.281116814539905224e+00
1.380000000000000115e+00 3.182231961428819478e+00 3.289858777730764405e+00
1.390000000000000124e+00 3.184053540295475937e+00 3.299715751625185600e+00
1.400000000000000133e+00 3.187437399085035317e+00 3.311262116529474220e+00
1.409999999999999920e+00 3.191748649751002809e+00 3.322000202683155656e+00
1.419999999999999929e+00 3.198297806535087773e+00 3.334082649335540438e+00
1.429999999999999938e+00 3.206151678694629581e+00 3.344982530475712146e+00
1.439999999999999947e+00 3.213562808689232941e+00 3.353287091370467099e+00
1.449999999999999956e+00 3.221852088532388247e+00 3.360919445128500715e+00
1.459999999999999964e+00 3.233215372941538046e+00 3.369186417219594443e+00
1.469999999999999973e+00 3.244641943467577061e+00 3.375607977983037689e+00
1.479999999999999982e+00 3.256218474699698273e+00 3.380382181571282896e+00
1.489999999999999991e+00 3.266925018899261346e+00 3.383710291121185598e+00
1.500000000000000000e+00 3.279704526727808656e+00 3.386212667185651171e+00
1.510000000000000009e+00 3.292683792626521555e+00 3.387013924348690974e+00
1.520000000000000018e+00 3.302979632922334652e+00 3.386513376516179896e+00
1.530000000000000027e+00 3.311517087863617537e+00 3.385342292624777816e+00
1.540000000000000036e+00 3.318146757898046140e+00 3.383888830194758057e+00
1.550000000000000044e+00 3.324540088337385235e+00 3.382158306280649285e+00
1.560000000000000053e+00 3.329414732741700522e+00 3.380577060742987694e+00
1.570000000000000062e+00 3.332660323287178095e+00 3.379404720324348688e+00
1.580000000000000071e+00 3.334642711732039189e+00 3.378741925742974495e+00
1.590000000000000080e+00 3.336479957753317294e+00 3.378114184106690843e+00
1.600000000000000089e+00 3.338529202040707577e+00 3.377320675183260956e+00
1.610000000000000098e+00 3.341713705259265588e+00 3.376110385116634305e+00
1.620000000000000107e+00 3.343544780782811809e+00 3.375496975050813919e+00
1.630000000000000115e+00 3.344993658381151924e+00 3.374866356047940386e+00
1.640000000000000124e+00 3.345536047181005834e+00 3.374672917791490256e+00
1.650000000000000133e+00 3.346380968460485494e+00 3.374255444665506420e+00
1.660000000000000142e+00 3.346784815459854734e+00 3.374071307019583799e+00
1.669999999999999929e+00 3.346973933569914905e+00 3.373998647506707194e+00
1.679999999999999938e+00 3.347249974421401930e+00 3.373913562704185409e+00
1.689999999999999947e+00 3.347395159434071843e+00 3.373868153558977845e+00
1.699999999999999956e+00 3.347383105101080947e+00 3.373887583737877893e+00
1.709999999999999964e+00 3.347452488936291104e+00 3.373874282070293162e+00
1.719999999999999973e+00 3.347278376392183397e+00 3.373994734960737318e+00
1.729999999999999982e+00 3.346939588412518152e+00 3.374387979126697079e+00
1.739999999999999991e+00 3.347463009012477286e+00 3.374319626166088604e+00
1.750000000000000000e+00 3.347438687683288006e+00 3.374628320668991766e+00
1.760000000000000009e+00 3.348560843693090927e+00 3.374230992859529099e+00
1.770000000000000018e+00 3.349161168334435335e+00 3.374000883452941135e+00
1.780000000000000027e+00 3.349321286665161601e+00 3.374015829194823901e+00
1.790000000000000036e+00 3.349423695192399020e+00 3.373976160287794901e+00
1.800000000000000044e+00 3.349507967345213721e+00 3.373940940688156864e+00
1.810000000000000053e+00 3.349512564169295992e+00 3.373945701826682964e+00
1.820000000000000062e+00 3.349552370173447091e+00 3.373924966352470189e+00
1.830000000000000071e+00 3.349543605583508388e+00 3.373925867401759149e+00
1.840000000000000080e+00 3.349538772605215708e+00 3.373926598269189281e+00
1.850000000000000089e+00 3.349536503901322959e+00 3.373926872444311442e+00
1.860000000000000098e+00 3.349543079423752623e+00 3.373925536775741030e+00
1.870000000000000107e+00 3.349571435525519725e+00 3.373918097031014085e+00
1.880000000000000115e+00 3.349576670263238132e+00 3.373918927719168348e+00
1.890000000000000124e+00 3.349580449861721210e+00 3.373920708909793564e+00
1.900000000000000133e+00 3.349589696430540720e+00 3.373922120476388287e+00
1.910000000000000142e+00 3.349599626609089942e+00 3.373923027819392129e+00
1.919999999999999929e+00 3.349611172809653592e+00 3.373925187096542988e+00
1.929999999999999938e+00 3.349611981644908809e+00 3.373925749635418470e+00
1.939999999999999947e+00 3.349612055329926452e+00 3.373925829429976542e+00
1.949999999999999956e+00 3.349613121026344675e+00 3.373926980539969644e+00
1.959999999999999964e+00 3.349616376645933702e+00 3.373930322877991994e+00
1.969999999999999973e+00 3.349616855318670705e+00 3.373930850217217614e+00
1.979999999999999982e+00 3.349617170852364989e+00 3.373929839340506387e+00
1.989999999999999991e+00 3.349619300458367199e+00 3.373931883118216568e+00
2.000000000000000000e+00 3.349619897071280050e+00 3.373932343753419438e+00
2.010000000000000231e+00 3.349612885640644411e+00 3.373932041136241455e+00
2.020000000000000018e+00 3.349607606412536409e+00 3.373931719182365452e+00
2.030000000000000249e+00 3.349600998396950580e+00 3.373932430567664120e+00
2.040000000000000036e+00 3.349598008349927714e+00 3.373928873092142400e+00
2.049999999999999822e+00 3.349592919107970967e+00 3.373927459238471815e+00
2.060000000000000053e+00 3.349586651780320778e+00 3.373928602335737992e+00
2.069999999999999840e+00 3.349577742935815561e+00 3.373925252936681662e+00
2.080000000000000071e+00 3.349578075577785974e+00 3.373920146549174603e+00
2.089999999999999858e+00 3.349578101607818326e+00 3.373919943965415946e+00
2.100000000000000089e+00 3.349578324491052417e+00 3.373919518421621522e+00
2.109999999999999876e+00 3.349577642407818523e+00 3.373916779021815415e+00
2.120000000000000107e+00 3.349577797090108611e+00 3.373914987548296551e+00
2.129999999999999893e+00 3.349578147777168891e+00 3.373913069526107034e+00
2.140000000000000124e+00 3.349578424458812265e+00 3.373911556763340869e+00
2.149999999999999911e+00 3.349578322939385622e+00 3.373910927238951807e+00
2.160000000000000142e+00 3.349578423047930631e+00 3.373910549029438766e+00
2.169999999999999929e+00 3.349578775486826476e+00 3.373908384719014553e+00
2.180000000000000160e+00 3.349576618632474023e+00 3.373913187695345428e+00
2.189999999999999947e+00 3.349574365053042513e+00 3.373919262809887520e+00
2.200000000000000178e+00 3.349572287040136764e+00 3.373923308796502596e+00
2.209999999999999964e+00 3.349570995371182747e+00 3.373927281811396561e+00
2.220000000000000195e+00 3.349570898469482749e+00 3.373926424123252943e+00
2.229999999999999982e+00 3.349568304130196239e+00 3.373933606994986789e+00
2.240000000000000213e+00 3.349566860818525615e+00 3.373939002714493984e+00
2.250000000000000000e+00 3.349559233826915783e+00 3.373966416149814851e+00
2.260000000000000231e+00 3.349553731299524273e+00 3.373988685053701531e+00
2.270000000000000018e+00 3.349551929998523914e+00 3.373996373619907008e+00
2.280000000000000249e+00 3.349549951133094616e+00 3.374014818335212773e+00
2.290000000000000036e+00 3.349542476080417330e+00 3.374052251216411946e+00
2.300000000000000266e+00 3.349535245066661115e+00 3.374079014457684433e+00
2.310000000000000053e+00 3.349511269896134014e+00 3.374155056674376763e+00
2.319999999999999840e+00 3.349511133963138931e+00 3.374158695414989140e+00
2.330000000000000071e+00 3.349481575833406222e+00 3.374245755146894954e+00
2.339999999999999858e+00 3.349435384661195059e+00 3.374375788463118475e+00
2.350000000000000089e+00 3.349417447275952142e+00 3.374431217670603722e+00
2.359999999999999876e+00 3.349304360569292704e+00 3.374704478527730700e+00
2.370000000000000107e+00 3.349141438323621767e+00 3.375080570567484006e+00
2.379999999999999893e+00 3.349028876180331515e+00 3.375322201476414818e+00
2.390000000000000124e+00 3.348983743700178817e+00 3.375419188495484502e+00
2.399999999999999911e+00 3.348915752960170966e+00 3.375563792718921707e+00
2.410000000000000142e+00 3.237516603943107807e+00 3.465559402571918302e+00
2.419999999999999929e+00 3.345230089294638276e+00 3.375669091909204056e+00
2.430000000000000160e+00 3.345154722137780201e+00 3.375835931982665183e+00
2.439999999999999947e+00 3.345052033804747804e+00 3.376056502338555365e+00
2.450000000000000178e+00 3.344922068993187558e+00 3.376302701457404076e+00
2.459999999999999964e+00 3.344829109813202361e+00 3.376537786687384912e+00
2.470000000000000195e+00 3.344775997415672997e+00 3.376676756972182503e+00
2.479999999999999982e+00 3.344659968343957956e+00 3.376970964535489728e+00
2.490000000000000213e+00 3.344606523048081037e+00 3.377058609393439603e+00
2.500000000000000000e+00 3.344575540266108593e+00 3.377098677039075181e+00
2.510000000000000231e+00 3.344475374652143174e+00 3.377326219557527764e+00
2.520000000000000018e+00 3.344325493840277108e+00 3.377566156202256753e+00
2.530000000000000249e+00 3.343521120110630296e+00 3.378652959460139993e+00
2.540000000000000036e+00 3.340714885166626846e+00 3.382581347500342783e+00
2.550000000000000266e+00 3.336845761983037395e+00 3.388449691722750234e+00
2.560000000000000053e+00 3.332494059635842110e+00 3.395887665289199386e+00
2.569999999999999840e+00 3.327759889031050022e+00 3.405825201129319524e+00
2.580000000000000071e+00 3.323465374918719739e+00 3.417767275127628679e+00
2.589999999999999858e+00 3.319502000577135625e+00 3.432876580231503993e+00
2.600000000000000089e+00 3.316941085773867481e+00 3.449045027698117050e+00
2.609999999999999876e+00 3.316092869306320079e+00 3.464161532458549519e+00
2.620000000000000107e+00 3.316906963344430803e+00 3.481366285204077204e+00
2.629999999999999893e+00 3.319623917702778204e+00 3.498078908329860237e+00
2.640000000000000124e+00 3.324121504163126684e+00 3.513954127712864750e+00
2.649999999999999911e+00 3.330197725808426767e+00 3.528890871160224485e+00
2.660000000000000142e+00 3.337401516728388362e+00 3.543015525918019382e+00
2.669999999999999929e+00 3.346961459351128987e+00 3.557514192985945733e+00
2.680000000000000160e+00 3.358520430050341954e+00 3.572312348870785303e+00
2.689999999999999947e+00 3.372100894441226959e+00 3.585085566864391726e+00
2.700000000000000178e+00 3.386117346400671302e+00 3.595250899482316242e+00
2.709999999999999964e+00 3.402541061478252526e+00 3.603659687780742527e+00
2.720000000000000195e+00 3.418824455773837645e+00 3.610769446332447341e+00
2.729999999999999982e+00 3.434024072911812553e+00 3.615690125386641363e+00
2.740000000000000213e+00 3.448371466990836964e+00 3.618939349053970744e+00
2.750000000000000000e+00 3.464592062793696581e+00 3.621000349239384075e+00
2.760000000000000231e+00 3.478641307997780707e+00 3.621404880494994316e+00
2.770000000000000018e+00 3.492198807490311641e+00 3.620404355709113009e+00
2.780000000000000249e+00 3.505665906443545587e+00 3.618194685707142533e+00
2.790000000000000036e+00 3.516883579432573903e+00 3.615325776760968779e+00
2.800000000000000266e+00 3.527482126027904563e+00 3.611444974425472410e+00
2.810000000000000053e+00 3.535318595404365993e+00 3.607898324198981932e+00
2.819999999999999840e+00 3.542827847552146192e+00 3.604278942327652668e+00
2.830000000000000071e+00 3.548207261641979748e+00 3.601388934237002459e+00
2.839999999999999858e+00 3.552365079931050662e+00 3.599000711327760893e+00
2.850000000000000089e+00 3.555211227205941071e+00 3.597179900184920065e+00
2.859999999999999876e+00 3.558562214326380868e+00 3.594990024867535716e+00
2.870000000000000107e+00 3.562726035566196270e+00 3.592171689076557595e+00
2.879999999999999893e+00 3.565638678810961526e+00 3.590021914736859276e+00
2.890000000000000124e+00 3.568093976568080361e+00 3.588111223884724144e+00
2.899999999999999911e+00 3.569292315533379778e+00 3.587156401393195360e+00
2.910000000000000142e+00 3.569949796336518322e+00 3.586623675071372030e+00
2.919999999999999929e+00 3.570280014691046944e+00 3.586354143905945868e+00
2.930000000000000160e+00 3.570652823160273659e+00 3.586044454819577343e+00
2.939999999999999947e+00 3.570950124873845333e+00 3.585794671154292068e+00
2.950000000000000178e+00 3.571065815554871570e+00 3.585697111276373583e+00
2.959999999999999964e+00 3.571278419369280144e+00 3.585517166654050847e+00
2.970000000000000195e+00 3.571278419369280144e+00 3.585517166654050847e+00
2.979999999999999982e+00 3.571278419369280144e+00 3.585517166654050847e+00
2.990000000000000213e+00 3.571278419369280144e+00 3.585517166654050847e+00
3.000000000000000000e+00 3.571278419369280144e+00 3.585517166654050847e+00
