0.000000000000000000e+00 5.882126039946079521e-01
1.000000000000000021e-02 5.882126106572150848e-01
2.000000000000000042e-02 3.943136958150863514e+00
2.999999999999999889e-02 3.943135880651473801e+00
4.000000000000000083e-02 3.943134114768505061e+00
5.000000000000000278e-02 3.943132088534832214e+00
5.999999999999999778e-02 3.941187995388507836e+00
7.000000000000000666e-02 3.912070617744922707e+00
8.000000000000000167e-02 3.870914541249275143e+00
8.999999999999999667e-02 3.695748828418254917e+00
1.000000000000000056e-01 3.389029521772861653e+00
1.100000000000000006e-01 3.261174069676399334e+00
1.199999999999999956e-01 3.118951527118682954e+00
1.300000000000000044e-01 3.019564224553108023e+00
1.400000000000000133e-01 2.969970754494667187e+00
1.499999999999999944e-01 2.958424921455383494e+00
1.600000000000000033e-01 2.956545480122566349e+00
1.700000000000000122e-01 2.953132161107063336e+00
1.799999999999999933e-01 2.932433189468383716e+00
1.900000000000000022e-01 2.924190514569282584e+00
2.000000000000000111e-01 2.924189705045223242e+00
2.099999999999999922e-01 2.924456862704754023e+00
2.200000000000000011e-01 2.924611645090580136e+00
2.300000000000000100e-01 2.925147131180763083e+00
2.399999999999999911e-01 2.925478185727596436e+00
2.500000000000000000e-01 2.925814369716644325e+00
2.600000000000000089e-01 2.926041828427314861e+00
2.700000000000000178e-01 2.926349920938014826e+00
2.800000000000000266e-01 2.926717808449268432e+00
2.899999999999999800e-01 2.926910582056045484e+00
2.999999999999999889e-01 2.927120483894348091e+00
3.099999999999999978e-01 2.927313509762287325e+00
3.200000000000000067e-01 2.927643793628215807e+00
3.300000000000000155e-01 2.927886057782173257e+00
3.400000000000000244e-01 2.927999309761524227e+00
3.500000000000000333e-01 2.928148516938686274e+00
3.599999999999999867e-01 2.929230432255268024e+00
3.699999999999999956e-01 2.935263996331691772e+00
3.800000000000000044e-01 2.948344579000472976e+00
3.900000000000000133e-01 2.952511734309196445e+00
4.000000000000000222e-01 2.954669473438262806e+00
4.100000000000000311e-01 2.957469575352668745e+00
4.199999999999999845e-01 2.963796182477474339e+00
4.299999999999999933e-01 2.969583145875930974e+00
4.400000000000000022e-01 2.973984428627491017e+00
4.500000000000000111e-01 2.986803803172111582e+00
4.600000000000000200e-01 3.000357041161060501e+00
4.700000000000000289e-01 3.018422302637100429e+00
4.799999999999999822e-01 3.044245969316959233e+00
4.899999999999999911e-01 3.075685551812648910e+00
5.000000000000000000e-01 3.117187842376232254e+00
5.100000000000000089e-01 3.158928828990459348e+00
5.200000000000000178e-01 3.196061365106105612e+00
5.300000000000000266e-01 3.226256085824966480e+00
5.400000000000000355e-01 3.249376448748111823e+00
5.500000000000000444e-01 3.265475624814033306e+00
5.600000000000000533e-01 3.273635341041087887e+00
5.700000000000000622e-01 3.278520194268226717e+00
5.799999999999999600e-01 3.280446949598789352e+00
5.899999999999999689e-01 3.280739857063293297e+00
5.999999999999999778e-01 3.281250020406246026e+00
6.099999999999999867e-01 3.281228497581481829e+00
6.199999999999999956e-01 3.281019686434269111e+00
6.300000000000000044e-01 3.280789606308937234e+00
6.400000000000000133e-01 3.280686437318324877e+00
6.500000000000000222e-01 3.280575945541858829e+00
6.600000000000000311e-01 3.280485831558704213e+00
6.700000000000000400e-01 3.280362679779529778e+00
6.800000000000000488e-01 3.280253353862762289e+00
6.900000000000000577e-01 3.280191159744262563e+00
7.000000000000000666e-01 3.280153071641922047e+00
7.099999999999999645e-01 3.280119956967830763e+00
7.199999999999999734e-01 3.280074044227600183e+00
7.299999999999999822e-01 3.280011601006984634e+00
7.399999999999999911e-01 3.279949684791565012e+00
7.500000000000000000e-01 3.279872277407646308e+00
7.600000000000000089e-01 3.279784238755703019e+00
7.700000000000000178e-01 3.279719915432929955e+00
7.800000000000000266e-01 3.279677848188877309e+00
7.900000000000000355e-01 3.279659887516498618e+00
8.000000000000000444e-01 3.279645889124870095e+00
8.100000000000000533e-01 3.279637504212856491e+00
8.200000000000000622e-01 3.279637504212856491e+00
8.300000000000000711e-01 3.279637504212856491e+00
8.399999999999999689e-01 3.279637504212856491e+00
8.499999999999999778e-01 3.279637504212856491e+00
8.599999999999999867e-01 3.279637504212856491e+00
8.699999999999999956e-01 3.279637504212856491e+00
8.800000000000000044e-01 3.279637504212856491e+00
8.900000000000000133e-01 3.279637098286151797e+00
9.000000000000000222e-01 3.279635998489856874e+00
9.100000000000000311e-01 3.279634442448616127e+00
9.200000000000000400e-01 3.279634538273811462e+00
9.300000000000000488e-01 3.279642322950363287e+00
9.400000000000000577e-01 3.279643742311000754e+00
9.500000000000000666e-01 3.279651783618926952e+00
9.599999999999999645e-01 3.279655348913669499e+00
9.699999999999999734e-01 3.279659862430095885e+00
9.799999999999999822e-01 3.279665809476375760e+00
9.899999999999999911e-01 3.279672019014358675e+00
1.000000000000000000e+00 3.279680734121799279e+00
1.010000000000000009e+00 3.279688231320381231e+00
1.020000000000000018e+00 3.279699785037040627e+00
1.030000000000000027e+00 3.279705552849769390e+00
1.040000000000000036e+00 3.279714689426421970e+00
1.050000000000000044e+00 3.279731609916686885e+00
1.060000000000000053e+00 3.279740405650138690e+00
1.070000000000000062e+00 3.279745998575687604e+00
1.080000000000000071e+00 3.279757617428302741e+00
1.090000000000000080e+00 3.279770823876857921e+00
1.100000000000000089e+00 3.279778306128978915e+00
1.110000000000000098e+00 3.279785915935039320e+00
1.120000000000000107e+00 3.279794799780845427e+00
1.130000000000000115e+00 3.279811414468288611e+00
1.140000000000000124e+00 3.279821988430023261e+00
1.150000000000000133e+00 3.279833389921188225e+00
1.159999999999999920e+00 3.279843485887050658e+00
1.169999999999999929e+00 3.279856595849990786e+00
1.179999999999999938e+00 3.279864119637012632e+00
1.189999999999999947e+00 3.279892556009292637e+00
1.199999999999999956e+00 3.279933511557579173e+00
1.209999999999999964e+00 3.279959466965198356e+00
1.219999999999999973e+00 3.280001856367587898e+00
1.229999999999999982e+00 3.280027821388244558e+00
1.239999999999999991e+00 3.280052003090381696e+00
1.250000000000000000e+00 3.280065080628395080e+00
1.260000000000000009e+00 3.280086288523674121e+00
1.270000000000000018e+00 3.280099148769378470e+00
1.280000000000000027e+00 3.280129181010722927e+00
1.290000000000000036e+00 3.280193015069961415e+00
1.300000000000000044e+00 3.280245121707916045e+00
1.310000000000000053e+00 3.280321102707385972e+00
1.320000000000000062e+00 3.280588883795738209e+00
1.330000000000000071e+00 3.280918490433692991e+00
1.340000000000000080e+00 3.281307316281795394e+00
1.350000000000000089e+00 3.281716430964469744e+00
1.360000000000000098e+00 3.282437356896400260e+00
1.370000000000000107e+00 3.283421276421547130e+00
1.380000000000000115e+00 3.284402642893791135e+00
1.390000000000000124e+00 3.285334630303383019e+00
1.400000000000000133e+00 3.285961361682415038e+00
1.409999999999999920e+00 3.286502603156566504e+00
1.419999999999999929e+00 3.286886777739524756e+00
1.429999999999999938e+00 3.287281443865299302e+00
1.439999999999999947e+00 3.287422773096561279e+00
1.449999999999999956e+00 3.287621103448867821e+00
1.459999999999999964e+00 3.287955550756454404e+00
1.469999999999999973e+00 3.288394429283142184e+00
1.479999999999999982e+00 3.289425156962871633e+00
1.489999999999999991e+00 3.290536575429439559e+00
1.500000000000000000e+00 3.290953031055927180e+00
1.510000000000000009e+00 3.291246444995403309e+00
1.520000000000000018e+00 3.291708603832721902e+00
1.530000000000000027e+00 3.291977114677429039e+00
1.540000000000000036e+00 3.292422763292789600e+00
1.550000000000000044e+00 3.292569855666160450e+00
1.560000000000000053e+00 3.292899545490741708e+00
1.570000000000000062e+00 3.293527232751846334e+00
1.580000000000000071e+00 3.293894986848830975e+00
1.590000000000000080e+00 3.294112346138954095e+00
1.600000000000000089e+00 3.294319121637344416e+00
1.610000000000000098e+00 3.294738389892577946e+00
1.620000000000000107e+00 3.295073719067573403e+00
1.630000000000000115e+00 3.295781277034282475e+00
1.640000000000000124e+00 3.296702471044063554e+00
1.650000000000000133e+00 3.298474930973052999e+00
1.660000000000000142e+00 3.300609572923183244e+00
1.669999999999999929e+00 3.302905697448253797e+00
1.679999999999999938e+00 3.305463633282184510e+00
1.689999999999999947e+00 3.307143407821655057e+00
1.699999999999999956e+00 3.308376737401485634e+00
1.709999999999999964e+00 3.310399186074733713e+00
1.719999999999999973e+00 3.313558143370151310e+00
1.729999999999999982e+00 3.322117680215835644e+00
1.739999999999999991e+00 3.340874811246395293e+00
1.750000000000000000e+00 3.379257548017502000e+00
1.760000000000000009e+00 3.445824269535541440e+00
1.770000000000000018e+00 3.526682164816856258e+00
1.780000000000000027e+00 3.610139829926490851e+00
1.790000000000000036e+00 3.671780714921951461e+00
1.800000000000000044e+00 3.714398422594070492e+00
1.810000000000000053e+00 3.735476193799972755e+00
1.820000000000000062e+00 3.743900040228366866e+00
1.830000000000000071e+00 3.749795542657375247e+00
1.840000000000000080e+00 3.752525915272235668e+00
1.850000000000000089e+00 3.755243335216045253e+00
1.860000000000000098e+00 3.758464103307724180e+00
1.870000000000000107e+00 3.760455552861690531e+00
1.880000000000000115e+00 3.761535997648238983e+00
1.890000000000000124e+00 3.762526223175525875e+00
1.900000000000000133e+00 3.763724590737819842e+00
1.910000000000000142e+00 3.764919025211334258e+00
1.919999999999999929e+00 3.765916072871684950e+00
1.929999999999999938e+00 3.767213780822753932e+00
1.939999999999999947e+00 3.768559415664672674e+00
1.949999999999999956e+00 3.769735595078468116e+00
1.959999999999999964e+00 3.771070253200531130e+00
1.969999999999999973e+00 3.772844582281112746e+00
1.979999999999999982e+00 3.774813168179989020e+00
1.989999999999999991e+00 3.776564744343757773e+00
2.000000000000000000e+00 3.778057840504646325e+00
2.010000000000000231e+00 3.778833978774547742e+00
2.020000000000000018e+00 3.779519744069576248e+00
2.030000000000000249e+00 3.780064768481254500e+00
2.040000000000000036e+00 3.780602994837761077e+00
2.049999999999999822e+00 3.781159226894378556e+00
2.060000000000000053e+00 3.781622891077995430e+00
2.069999999999999840e+00 3.782105613682269940e+00
2.080000000000000071e+00 3.782340709652900479e+00
2.089999999999999858e+00 3.782449779005050861e+00
2.100000000000000089e+00 3.782511321642398894e+00
2.109999999999999876e+00 3.782574613635540040e+00
2.120000000000000107e+00 3.782614586527347722e+00
2.129999999999999893e+00 3.782656205422878060e+00
2.140000000000000124e+00 3.782680360698699840e+00
2.149999999999999911e+00 3.782698829736709456e+00
2.160000000000000142e+00 3.782726314413547453e+00
2.169999999999999929e+00 3.782743351755142314e+00
2.180000000000000160e+00 3.782757528014183190e+00
2.189999999999999947e+00 3.782770579080581452e+00
2.200000000000000178e+00 3.782778663887977455e+00
2.209999999999999964e+00 3.782786156716346770e+00
2.220000000000000195e+00 3.782798863649368126e+00
2.229999999999999982e+00 3.782807722082138113e+00
2.240000000000000213e+00 3.782820188543796647e+00
2.250000000000000000e+00 3.782867765288353112e+00
2.260000000000000231e+00 3.782878610126972241e+00
2.270000000000000018e+00 3.782894794478416589e+00
2.280000000000000249e+00 3.782903393628597399e+00
2.290000000000000036e+00 3.782958994839191291e+00
2.300000000000000266e+00 3.782987933282852211e+00
2.310000000000000053e+00 3.783020573883056681e+00
2.319999999999999840e+00 3.783050855515003086e+00
2.330000000000000071e+00 3.783067195110321190e+00
2.339999999999999858e+00 3.783088310596943060e+00
2.350000000000000089e+00 3.783103083620071416e+00
2.359999999999999876e+00 3.783108046238422340e+00
2.370000000000000107e+00 3.783110620970726146e+00
2.379999999999999893e+00 3.783118312633037661e+00
2.390000000000000124e+00 3.783129876196384522e+00
2.399999999999999911e+00 3.783152526392936643e+00
2.410000000000000142e+00 3.783180816502571098e+00
2.419999999999999929e+00 3.783208858158588317e+00
2.430000000000000160e+00 3.783236323323249994e+00
2.439999999999999947e+00 3.783265135042667371e+00
2.450000000000000178e+00 3.783288970596790257e+00
2.459999999999999964e+00 3.783326068387031338e+00
2.470000000000000195e+00 3.783362136797904896e+00
2.479999999999999982e+00 3.783399793665409128e+00
2.490000000000000213e+00 3.783431380481720119e+00
2.500000000000000000e+00 3.783495357701778250e+00
2.510000000000000231e+00 3.783550819571018131e+00
2.520000000000000018e+00 3.783598494708538151e+00
2.530000000000000249e+00 3.783678804712295562e+00
2.540000000000000036e+00 3.783748102388381884e+00
2.550000000000000266e+00 3.783824150443077183e+00
2.560000000000000053e+00 3.783882089426517492e+00
2.569999999999999840e+00 3.783958935391902756e+00
2.580000000000000071e+00 3.784018329074382958e+00
2.589999999999999858e+00 3.784064743690490840e+00
2.600000000000000089e+00 3.784098703222274818e+00
2.609999999999999876e+00 3.784116912224292584e+00
2.620000000000000107e+00 3.784136248350143283e+00
2.629999999999999893e+00 3.784161687951087760e+00
2.640000000000000124e+00 3.784175214486122041e+00
2.649999999999999911e+00 3.784183421297073302e+00
2.660000000000000142e+00 3.784204930078983509e+00
2.669999999999999929e+00 3.784209742300510548e+00
2.680000000000000160e+00 3.784222313375472879e+00
2.689999999999999947e+00 3.784247568783760229e+00
2.700000000000000178e+00 3.784268222672939164e+00
2.709999999999999964e+00 3.784276858031749846e+00
2.720000000000000195e+00 3.784289548559188976e+00
2.729999999999999982e+00 3.784294746692180578e+00
2.740000000000000213e+00 3.784302343270778746e+00
2.750000000000000000e+00 3.784310196976661711e+00
2.760000000000000231e+00 3.784311263198852693e+00
2.770000000000000018e+00 3.784312239420414059e+00
2.780000000000000249e+00 3.784312452514171810e+00
2.790000000000000036e+00 3.784312534453869059e+00
2.800000000000000266e+00 3.784312632763385587e+00
2.810000000000000053e+00 3.784312632763385587e+00
2.819999999999999840e+00 3.784312632763385587e+00
2.830000000000000071e+00 3.784311820695400286e+00
2.839999999999999858e+00 3.784311820695400286e+00
2.850000000000000089e+00 3.784311820695400286e+00
2.859999999999999876e+00 3.784311820695400286e+00
2.870000000000000107e+00 3.784311363370418402e+00
2.879999999999999893e+00 3.784311128869056517e+00
2.890000000000000124e+00 3.784311128869056517e+00
2.899999999999999911e+00 3.784311148960590288e+00
2.910000000000000142e+00 3.784311148960590288e+00
2.919999999999999929e+00 3.784311148960590288e+00
2.930000000000000160e+00 3.784311182684898522e+00
2.939999999999999947e+00 3.784311182684898522e+00
2.950000000000000178e+00 3.784311169137954511e+00
2.959999999999999964e+00 3.784311172382831767e+00
2.970000000000000195e+00 3.784311172382831767e+00
2.979999999999999982e+00 3.784311172382831767e+00
2.990000000000000213e+00 3.784311172382831767e+00
3.000000000000000000e+00 3.784311172382831767e+00
