0.000000000000000000e+00 6.362406130446812691e-01 8.955316147361377377e-01
1.000000000000000021e-02 8.289501728664023794e-01 1.135153071254672241e+00
2.000000000000000042e-02 1.051583675035272947e+00 1.187137641216482020e+00
2.999999999999999889e-02 1.092067292356663222e+00 1.187593602412767124e+00
4.000000000000000083e-02 1.094357699025776398e+00 1.187674141270015138e+00
5.000000000000000278e-02 1.094434817159178008e+00 1.187672976021764581e+00
5.999999999999999778e-02 1.075724389123646096e+00 1.212355545938285539e+00
7.000000000000000666e-02 1.012853042009122184e+00 2.071060437059156989e+00
8.000000000000000167e-02 2.151954039375147509e+00 2.404297650590577540e+00
8.999999999999999667e-02 2.224665442382600222e+00 2.354898392027113818e+00
1.000000000000000056e-01 2.224665381055579871e+00 2.354909227632774993e+00
1.100000000000000006e-01 2.224675753541935919e+00 2.354762038187037554e+00
1.199999999999999956e-01 2.224678180237230851e+00 2.354725749907079280e+00
1.300000000000000044e-01 2.224651959744795793e+00 2.354888502868309974e+00
1.400000000000000133e-01 2.224646226950591998e+00 2.354922062138610439e+00
1.499999999999999944e-01 2.224179040286499820e+00 2.355862782075446304e+00
1.600000000000000033e-01 2.215516642104482514e+00 2.373565157908106293e+00
1.700000000000000122e-01 2.205348171763184872e+00 2.396162227101561015e+00
1.799999999999999933e-01 2.197725950505936776e+00 2.426138028232848409e+00
1.900000000000000022e-01 2.189059145669431938e+00 2.478521017766504020e+00
2.000000000000000111e-01 2.186071218831795893e+00 2.563160328619223716e+00
2.099999999999999922e-01 2.201513805375392874e+00 2.695884077200596085e+00
2.200000000000000011e-01 2.250488683277086288e+00 2.843756622900053266e+00
2.300000000000000100e-01 2.338040943181515896e+00 2.975686580984591156e+00
2.399999999999999911e-01 2.435623035190008778e+00 3.071654739205934348e+00
2.500000000000000000e-01 2.581318113810949999e+00 3.168886521375245291e+00
2.600000000000000089e-01 2.671425722563094851e+00 3.211809346959762834e+00
2.700000000000000178e-01 2.709043202684104035e+00 3.243907817890465228e+00
2.800000000000000266e-01 2.728220409574608318e+00 3.310630892462630648e+00
2.899999999999999800e-01 2.782461332021711087e+00 3.418986673168184609e+00
2.999999999999999889e-01 2.849477467918409168e+00 3.506440017833696743e+00
3.099999999999999978e-01 2.941676811913960243e+00 3.581108867621905389e+00
3.200000000000000067e-01 3.053752028499533644e+00 3.631952228249619274e+00
3.300000000000000155e-01 3.186067340517075852e+00 3.661750210490195112e+00
3.400000000000000244e-01 3.299858367765011735e+00 3.664233795702395824e+00
3.500000000000000333e-01 3.383628879449150695e+00 3.651099530108191438e+00
3.599999999999999867e-01 3.413468662103600337e+00 3.642595823927932130e+00
3.699999999999999956e-01 3.458250417825021739e+00 3.623604574893674712e+00
3.800000000000000044e-01 3.474303978702240059e+00 3.616994891694374381e+00
3.900000000000000133e-01 3.485042298759291501e+00 3.612773681532075454e+00
4.000000000000000222e-01 3.495139208875226000e+00 3.608070783876848875e+00
4.100000000000000311e-01 3.500077800898901081e+00 3.605948950080522408e+00
4.199999999999999845e-01 3.502619003872522008e+00 3.604778279109350336e+00
4.299999999999999933e-01 3.504617555954179231e+00 3.603995747783461212e+00
4.400000000000000022e-01 3.506074834844911337e+00 3.603488989584600510e+00
4.500000000000000111e-01 3.506734740838139519e+00 3.603323328114421020e+00
4.600000000000000200e-01 3.506831793188886603e+00 3.603393251743478576e+00
4.700000000000000289e-01 3.507567601250707767e+00 3.603202607060373097e+00
4.799999999999999822e-01 3.509218401666923448e+00 3.602517595184997923e+00
4.899999999999999911e-01 3.510464035401091643e+00 3.601987022743477596e+00
5.000000000000000000e-01 3.512335249369271217e+00 3.601092604791991114e+00
5.100000000000000089e-01 3.512412829638436929e+00 3.601044228629156851e+00
5.200000000000000178e-01 3.512428015726248187e+00 3.601059127675851013e+00
5.300000000000000266e-01 3.512306874617575847e+00 3.601482438822747323e+00
5.400000000000000355e-01 3.511559760411728348e+00 3.603560907842170202e+00
5.500000000000000444e-01 3.509083214197431744e+00 3.609367352556909658e+00
5.600000000000000533e-01 3.507158519593528645e+00 3.614172303599067604e+00
5.700000000000000622e-01 3.506860913864549456e+00 3.615976000345769936e+00
5.799999999999999600e-01 3.507072917983546478e+00 3.617835123341068826e+00
5.899999999999999689e-01 3.507387653158563712e+00 3.619544635907751218e+00
5.999999999999999778e-01 3.507748165336765478e+00 3.619628751181446003e+00
6.099999999999999867e-01 3.508116789114716028e+00 3.619090380728003709e+00
6.199999999999999956e-01 3.508923460480997569e+00 3.617852148668935008e+00
6.300000000000000044e-01 3.509005371245141891e+00 3.617771007934812655e+00
6.400000000000000133e-01 3.509059599831952703e+00 3.617620985967264780e+00
6.500000000000000222e-01 3.509047256781236079e+00 3.617596639150007398e+00
6.600000000000000311e-01 3.509078466432124177e+00 3.617524864575833110e+00
6.700000000000000400e-01 3.509389085250971707e+00 3.617088487109067163e+00
6.800000000000000488e-01 3.508007173723524996e+00 3.617398481727295501e+00
6.900000000000000577e-01 3.501109476167108436e+00 3.621338088792418031e+00
7.000000000000000666e-01 3.453353714843464761e+00 3.651393331488894223e+00
7.099999999999999645e-01 3.155110148452793695e+00 3.738592010794604903e+00
7.199999999999999734e-01 2.625696398880872362e+00 3.477389709069338419e+00
7.299999999999999822e-01 2.498273016245349698e+00 3.063056485221401726e+00
7.399999999999999911e-01 2.552776108712004888e+00 2.836452181173516163e+00
7.500000000000000000e-01 2.591043070194753994e+00 2.763753435523477187e+00
7.600000000000000089e-01 2.620781303441547028e+00 2.721570013029552815e+00
7.700000000000000178e-01 2.621966119119868210e+00 2.718873553297772361e+00
7.800000000000000266e-01 2.623055492398891353e+00 2.716487464954700393e+00
7.900000000000000355e-01 2.624533890606671527e+00 2.713303850682467377e+00
8.000000000000000444e-01 2.625606756267312214e+00 2.711183729281660959e+00
8.100000000000000533e-01 2.628450949138231518e+00 2.705806168557577163e+00
8.200000000000000622e-01 2.628905454933571750e+00 2.704804296505523009e+00
8.300000000000000711e-01 2.628988335167765200e+00 2.704626104896664884e+00
8.399999999999999689e-01 2.628988335167765200e+00 2.704626104896664884e+00
8.499999999999999778e-01 2.629003492929748553e+00 2.704644917481132893e+00
8.599999999999999867e-01 2.629003657386194792e+00 2.704645035817731635e+00
8.699999999999999956e-01 2.629003986300718854e+00 2.704645272489297536e+00
8.800000000000000044e-01 2.629003875095063947e+00 2.704645098722761709e+00
8.900000000000000133e-01 2.629003728042536459e+00 2.704645046438283629e+00
9.000000000000000222e-01 2.617496659855442775e+00 2.718605455990237285e+00
9.100000000000000311e-01 2.515446357463319682e+00 2.897002551600019959e+00
9.200000000000000400e-01 2.473674376951684906e+00 3.058444391258726469e+00
9.300000000000000488e-01 2.576378745304807261e+00 3.555586786998048865e+00
9.400000000000000577e-01 3.107144988765161209e+00 3.889444391837675319e+00
9.500000000000000666e-01 3.405425418932466641e+00 3.862383183882207582e+00
9.599999999999999645e-01 3.600808379064485365e+00 3.763138032239988107e+00
9.699999999999999734e-01 3.630119270198241654e+00 3.741943504607780913e+00
9.799999999999999822e-01 3.630255323415979340e+00 3.742015787252203296e+00
9.899999999999999911e-01 3.630043875592047442e+00 3.742238047258561018e+00
1.000000000000000000e+00 3.629920459030590241e+00 3.742441019226589116e+00
1.010000000000000009e+00 3.629916025168870242e+00 3.742454970824743654e+00
1.020000000000000018e+00 3.629979278646557006e+00 3.742337575444133257e+00
1.030000000000000027e+00 3.630569319850331933e+00 3.741015866349810093e+00
1.040000000000000036e+00 3.630900660001224356e+00 3.740154620336109570e+00
1.050000000000000044e+00 3.631168750637810305e+00 3.739438411308486643e+00
1.060000000000000053e+00 3.631036369761246441e+00 3.739542750350219436e+00
1.070000000000000062e+00 3.630998752017360776e+00 3.739626798581737521e+00
1.080000000000000071e+00 3.630764752771181936e+00 3.740015616138653964e+00
1.090000000000000080e+00 3.630734432751153484e+00 3.739732034939314609e+00
1.100000000000000089e+00 3.630976597378187787e+00 3.738802871530122029e+00
1.110000000000000098e+00 3.631318464209966290e+00 3.737183390901156255e+00
1.120000000000000107e+00 3.631462634516710253e+00 3.736477588876730316e+00
1.130000000000000115e+00 3.631612680015841477e+00 3.735551152705868461e+00
1.140000000000000124e+00 3.631499439504685789e+00 3.735564109150824486e+00
1.150000000000000133e+00 3.631360087934286440e+00 3.735709404758661201e+00
1.159999999999999920e+00 3.631306092718098899e+00 3.735428929383302954e+00
1.169999999999999929e+00 3.631293134373413167e+00 3.735134153500808907e+00
1.179999999999999938e+00 3.631338567280061103e+00 3.734940728455298231e+00
1.189999999999999947e+00 3.631373248494611961e+00 3.734771031505121019e+00
1.199999999999999956e+00 3.631441771592418100e+00 3.734462069521626404e+00
1.209999999999999964e+00 3.631457659690851436e+00 3.734394235245710014e+00
1.219999999999999973e+00 3.631496743694137219e+00 3.734216321038414055e+00
1.229999999999999982e+00 3.631520613018938803e+00 3.734050939682057368e+00
1.239999999999999991e+00 3.631515159209018684e+00 3.733977774612659672e+00
1.250000000000000000e+00 3.631455545883009339e+00 3.733865481891801341e+00
1.260000000000000009e+00 3.631458554315590614e+00 3.733694495925879320e+00
1.270000000000000018e+00 3.631417711042814300e+00 3.733521941366739316e+00
1.280000000000000027e+00 3.631403894715047986e+00 3.733506816759371016e+00
1.290000000000000036e+00 3.630868700215564182e+00 3.733685689094318860e+00
1.300000000000000044e+00 3.624848428389235266e+00 3.736614187920884511e+00
1.310000000000000053e+00 3.614401034025105375e+00 3.741283097225275966e+00
1.320000000000000062e+00 3.597438369763992672e+00 3.747752011710502540e+00
1.330000000000000071e+00 3.566540637134944625e+00 3.755687934856975829e+00
1.340000000000000080e+00 3.537479304848969441e+00 3.758576448043524643e+00
1.350000000000000089e+00 3.513919414373464889e+00 3.759641842087678931e+00
1.360000000000000098e+00 3.494358300830344266e+00 3.759199887469788504e+00
1.370000000000000107e+00 3.464920567852485256e+00 3.756444950340759981e+00
1.380000000000000115e+00 3.418884637059208753e+00 3.748232303138735677e+00
1.390000000000000124e+00 3.372474090009029535e+00 3.731455619244281596e+00
1.400000000000000133e+00 3.325191662650182511e+00 3.704578481035158521e+00
1.409999999999999920e+00 3.286092884028033900e+00 3.669943806693478194e+00
1.419999999999999929e+00 3.259212891932234957e+00 3.636400345682397006e+00
1.429999999999999938e+00 3.239318083682822369e+00 3.604369776171875372e+00
1.439999999999999947e+00 3.224623173691643085e+00 3.568183388479339246e+00
1.449999999999999956e+00 3.216643781527392054e+00 3.533824972549565846e+00
1.459999999999999964e+00 3.212381568742383120e+00 3.501231055087458355e+00
1.469999999999999973e+00 3.211768529829149621e+00 3.479040876789921910e+00
1.479999999999999982e+00 3.212664728785029844e+00 3.455442040156849082e+00
1.489999999999999991e+00 3.213500898951619611e+00 3.435837396593958815e+00
1.500000000000000000e+00 3.216263754284947485e+00 3.418176314904124435e+00
1.510000000000000009e+00 3.221150240510830987e+00 3.398206135560144947e+00
1.520000000000000018e+00 3.222761029179725512e+00 3.380344062568512165e+00
1.530000000000000027e+00 3.226681214620539251e+00 3.365771765740445787e+00
1.540000000000000036e+00 3.229821522976190629e+00 3.358834010452001806e+00
1.550000000000000044e+00 3.233255104794557688e+00 3.351447561869566272e+00
1.560000000000000053e+00 3.235192040288668913e+00 3.349374189045208894e+00
1.570000000000000062e+00 3.237933746993167272e+00 3.343411266348736088e+00
1.580000000000000071e+00 3.242651101721641282e+00 3.334520532866600107e+00
1.590000000000000080e+00 3.249748189478627314e+00 3.322663351344355309e+00
1.600000000000000089e+00 3.251923070773556912e+00 3.319431174746080959e+00
1.610000000000000098e+00 3.255637968544273342e+00 3.313974715820045880e+00
1.620000000000000107e+00 3.256295899564725538e+00 3.313366664517420013e+00
1.630000000000000115e+00 3.256466060513919736e+00 3.313350412126117917e+00
1.640000000000000124e+00 3.256473437695104778e+00 3.313358433366220268e+00
1.650000000000000133e+00 3.256640653900479965e+00 3.313359508500719475e+00
1.660000000000000142e+00 3.256774721609891454e+00 3.313359705722986437e+00
1.669999999999999929e+00 3.256885988964555168e+00 3.313357334700110179e+00
1.679999999999999938e+00 3.256973497580267107e+00 3.313405658012650967e+00
1.689999999999999947e+00 3.257129858281632373e+00 3.313456782553175550e+00
1.699999999999999956e+00 3.257202489749448482e+00 3.313475088880998953e+00
1.709999999999999964e+00 3.257219141535180107e+00 3.313486794262511026e+00
1.719999999999999973e+00 3.257235672590293341e+00 3.313498022811852017e+00
1.729999999999999982e+00 3.257317202543321688e+00 3.313489993315633431e+00
1.739999999999999991e+00 3.257408794526295726e+00 3.313485423088831983e+00
1.750000000000000000e+00 3.257413513080410272e+00 3.313488067305751184e+00
1.760000000000000009e+00 3.257569428399274880e+00 3.313447475320626889e+00
1.770000000000000018e+00 3.258753079861062663e+00 3.312923300410849148e+00
1.780000000000000027e+00 3.259907195290305371e+00 3.312405346528313199e+00
1.790000000000000036e+00 3.261421061557546963e+00 3.311632409311517478e+00
1.800000000000000044e+00 3.263003440120381793e+00 3.310883637916880229e+00
1.810000000000000053e+00 3.263662388659982039e+00 3.310572903459997551e+00
1.820000000000000062e+00 3.264246694049430797e+00 3.310367121401237345e+00
1.830000000000000071e+00 3.264795216311243475e+00 3.310167517181608066e+00
1.840000000000000080e+00 3.265200851219990152e+00 3.310019389816424518e+00
1.850000000000000089e+00 3.265360299291091728e+00 3.309973945723099220e+00
1.860000000000000098e+00 3.265478789006809546e+00 3.309923669446368510e+00
1.870000000000000107e+00 3.265651939619958810e+00 3.309847018152296094e+00
1.880000000000000115e+00 3.266071945208601335e+00 3.309684892655321065e+00
1.890000000000000124e+00 3.266928995700089988e+00 3.309365547947675790e+00
1.900000000000000133e+00 3.268464075984277351e+00 3.308764427300176614e+00
1.910000000000000142e+00 3.269697566168115799e+00 3.308365593645764768e+00
1.919999999999999929e+00 3.270762222389001828e+00 3.308072111188153919e+00
1.929999999999999938e+00 3.271857041212904882e+00 3.307735936663758203e+00
1.939999999999999947e+00 3.272413948403140704e+00 3.307525937618473133e+00
1.949999999999999956e+00 3.273269547556717285e+00 3.307210048528831159e+00
1.959999999999999964e+00 3.273294048887358088e+00 3.307160692585839890e+00
1.969999999999999973e+00 3.273261670403345036e+00 3.307134583015577611e+00
1.979999999999999982e+00 3.273234623793796594e+00 3.307128341537280747e+00
1.989999999999999991e+00 3.273193366968808693e+00 3.307116603424371970e+00
2.000000000000000000e+00 3.273149803570040817e+00 3.307095130712261799e+00
2.010000000000000231e+00 3.273018244613750127e+00 3.307043861041919719e+00
2.020000000000000018e+00 3.272964224579535841e+00 3.307021358182228976e+00
2.030000000000000249e+00 3.272890533857865325e+00 3.307002158007101844e+00
2.040000000000000036e+00 3.272797987147091359e+00 3.306967205933811105e+00
2.049999999999999822e+00 3.272705738955647536e+00 3.306932178987353144e+00
2.060000000000000053e+00 3.272672639094080793e+00 3.306929486974987675e+00
2.069999999999999840e+00 3.272627880290045699e+00 3.306914278027520471e+00
2.080000000000000071e+00 3.272474403636818074e+00 3.306888500802154240e+00
2.089999999999999858e+00 3.272358051024909731e+00 3.306870832551483286e+00
2.100000000000000089e+00 3.272239502112947118e+00 3.306857093055166619e+00
2.109999999999999876e+00 3.272122077775707627e+00 3.306841001838931593e+00
2.120000000000000107e+00 3.271942978128564938e+00 3.306828668590413578e+00
2.129999999999999893e+00 3.271914642795726635e+00 3.306824427352741402e+00
2.140000000000000124e+00 3.271885768287474683e+00 3.306819046294396713e+00
2.149999999999999911e+00 3.271795658108100913e+00 3.306804465798034887e+00
2.160000000000000142e+00 3.271786565730812946e+00 3.306803546125647308e+00
2.169999999999999929e+00 3.271782365758831634e+00 3.306803274576251450e+00
2.180000000000000160e+00 3.271727812083735643e+00 3.306799698473438909e+00
2.189999999999999947e+00 3.271612646846266514e+00 3.306791858869103429e+00
2.200000000000000178e+00 3.271597522627231136e+00 3.306790620225552146e+00
2.209999999999999964e+00 3.271595248437294767e+00 3.306790652465453118e+00
2.220000000000000195e+00 3.271569971984979119e+00 3.306791056815031382e+00
2.229999999999999982e+00 3.271369992132453941e+00 3.306785897783966366e+00
2.240000000000000213e+00 3.271228414510912952e+00 3.306784029770664990e+00
2.250000000000000000e+00 3.271178149753519282e+00 3.306780202135137348e+00
2.260000000000000231e+00 3.270953460522850520e+00 3.306783869150916821e+00
2.270000000000000018e+00 3.270875543283142672e+00 3.306774497147879632e+00
2.280000000000000249e+00 3.270796318998432817e+00 3.306777767233752385e+00
2.290000000000000036e+00 3.270751946499753871e+00 3.306776719843934842e+00
2.300000000000000266e+00 3.270741690537338986e+00 3.306778299091452933e+00
2.310000000000000053e+00 3.270669061372514008e+00 3.306794228474860375e+00
2.319999999999999840e+00 3.270311200816513608e+00 3.306896015679953837e+00
2.330000000000000071e+00 3.270195433204067026e+00 3.306940816443073583e+00
2.339999999999999858e+00 3.270057315425110023e+00 3.307103241368102520e+00
2.350000000000000089e+00 3.269505698307740182e+00 3.307379224830878428e+00
2.359999999999999876e+00 3.268961482879144675e+00 3.307711057566183221e+00
2.370000000000000107e+00 3.268411515263919487e+00 3.308059518948192501e+00
2.379999999999999893e+00 3.267735780540038881e+00 3.308438654765556208e+00
2.390000000000000124e+00 3.266932741931636741e+00 3.308951895448009495e+00
2.399999999999999911e+00 3.264863019627100016e+00 3.311142506624692672e+00
2.410000000000000142e+00 3.261600095799347176e+00 3.314970443069557238e+00
2.419999999999999929e+00 3.259067288085773839e+00 3.318016378524943910e+00
2.430000000000000160e+00 3.255569398134308567e+00 3.322726514269751963e+00
2.439999999999999947e+00 3.254481335197634273e+00 3.324174040221028470e+00
2.450000000000000178e+00 3.254260331542782492e+00 3.324457605688281081e+00
2.459999999999999964e+00 3.254183984221503234e+00 3.324791830221131672e+00
2.470000000000000195e+00 3.254023514744903256e+00 3.325139620616768266e+00
2.479999999999999982e+00 3.253910625411348345e+00 3.325502636932057943e+00
2.490000000000000213e+00 3.253837898159424924e+00 3.325696019496519718e+00
2.500000000000000000e+00 3.253577847038721771e+00 3.326177425797963494e+00
2.510000000000000231e+00 3.252975770744436890e+00 3.327092397442704463e+00
2.520000000000000018e+00 3.252045149539478874e+00 3.328684911853305284e+00
2.530000000000000249e+00 3.250213720316624588e+00 3.331507585253977943e+00
2.540000000000000036e+00 3.247530822609558498e+00 3.336047473660811669e+00
2.550000000000000266e+00 3.244616442934749490e+00 3.340850203946354124e+00
2.560000000000000053e+00 3.240422825269665186e+00 3.347929534258876405e+00
2.569999999999999840e+00 3.237223452797596934e+00 3.353668287710482865e+00
2.580000000000000071e+00 3.232689278731934568e+00 3.363017523216612847e+00
2.589999999999999858e+00 3.224081268928753019e+00 3.383579088312877126e+00
2.600000000000000089e+00 3.218089552465845049e+00 3.400899055765699064e+00
2.609999999999999876e+00 3.210644848225276071e+00 3.429404476263363755e+00
2.620000000000000107e+00 3.208271564413874177e+00 3.447484759357602346e+00
2.629999999999999893e+00 3.201915775517396145e+00 3.461863427959509298e+00
2.640000000000000124e+00 3.190148470262295977e+00 3.483016878076785172e+00
2.649999999999999911e+00 3.186632247297318088e+00 3.511153300049750570e+00
2.660000000000000142e+00 3.187421663232558711e+00 3.541388171200043455e+00
2.669999999999999929e+00 3.195004070702826215e+00 3.580749876788819730e+00
2.680000000000000160e+00 3.198338062572703588e+00 3.620667066473736373e+00
2.689999999999999947e+00 3.231833032293807140e+00 3.652872541679848428e+00
2.700000000000000178e+00 3.267025603071475270e+00 3.682604780749058282e+00
2.709999999999999964e+00 3.310493949998017715e+00 3.706771114880445861e+00
2.720000000000000195e+00 3.356656494747871644e+00 3.724945775016074823e+00
2.729999999999999982e+00 3.397064978777200928e+00 3.740661426929205113e+00
2.740000000000000213e+00 3.431470104084755945e+00 3.750263629574035029e+00
2.750000000000000000e+00 3.465024692220770586e+00 3.755421282629883617e+00
2.760000000000000231e+00 3.498408896348761399e+00 3.755410132429314540e+00
2.770000000000000018e+00 3.526436938347564887e+00 3.752472397074951171e+00
2.780000000000000249e+00 3.551124950221624665e+00 3.747426438175591734e+00
2.790000000000000036e+00 3.574533184149095710e+00 3.740489081347158518e+00
2.800000000000000266e+00 3.595876969669162371e+00 3.732275591509044865e+00
2.810000000000000053e+00 3.612043442477822275e+00 3.724656924176573902e+00
2.819999999999999840e+00 3.627904118534277078e+00 3.715772959393312203e+00
2.830000000000000071e+00 3.638693247139082043e+00 3.708868296792879438e+00
2.839999999999999858e+00 3.645599708354985147e+00 3.704140614525759823e+00
2.850000000000000089e+00 3.652647290975558292e+00 3.698897177412999504e+00
2.859999999999999876e+00 3.656802641772999518e+00 3.695650052929149165e+00
2.870000000000000107e+00 3.657872460550972260e+00 3.694820121364883025e+00
2.879999999999999893e+00 3.657889893947066984e+00 3.694807570142326636e+00
2.890000000000000124e+00 3.658664336842038622e+00 3.694240825850031662e+00
2.899999999999999911e+00 3.658664336842038622e+00 3.694240825850031662e+00
2.910000000000000142e+00 3.658876461101071786e+00 3.694084114226801052e+00
2.919999999999999929e+00 3.658894228122346881e+00 3.694070980670339566e+00
2.930000000000000160e+00 3.658894560855276090e+00 3.694070996667497830e+00
2.939999999999999947e+00 3.658894560855276090e+00 3.694070996667497830e+00
2.950000000000000178e+00 3.658894560855276090e+00 3.694070996667497830e+00
2.959999999999999964e+00 3.658894560855276090e+00 3.694070996667497830e+00
2.970000000000000195e+00 3.658894560855276090e+00 3.694070996667497830e+00
2.979999999999999982e+00 3.658894560855276090e+00 3.694070996667497830e+00
2.990000000000000213e+00 3.658894560855276090e+00 3.694070996667497830e+00
3.000000000000000000e+00 3.658894560855276090e+00 3.694070996667497830e+00
