0.000000000000000000e+00 3.944270510864257950e+00
1.000000000000000021e-02 3.947405574743747536e+00
2.000000000000000042e-02 3.947899277420043873e+00
2.999999999999999889e-02 3.947935525531768963e+00
4.000000000000000083e-02 3.947969466326236798e+00
5.000000000000000278e-02 3.947957869350910087e+00
5.999999999999999778e-02 3.947948734099865131e+00
7.000000000000000666e-02 3.947981885447501949e+00
8.000000000000000167e-02 3.948004011950492664e+00
8.999999999999999667e-02 3.947918585197925712e+00
1.000000000000000056e-01 3.947821575076579936e+00
1.100000000000000006e-01 3.947129485676288407e+00
1.199999999999999956e-01 3.946158862915039034e+00
1.300000000000000044e-01 3.850441514821052458e+00
1.400000000000000133e-01 3.250407378077507126e+00
1.499999999999999944e-01 2.736782870142459689e+00
1.600000000000000033e-01 2.710373755459785539e+00
1.700000000000000122e-01 2.710923107883930427e+00
1.799999999999999933e-01 2.710979917461872279e+00
1.900000000000000022e-01 2.710998085193633944e+00
2.000000000000000111e-01 2.711008671426772931e+00
2.099999999999999922e-01 2.711019827721119047e+00
2.200000000000000011e-01 2.711025076568126746e+00
2.300000000000000100e-01 2.711032595562934855e+00
2.399999999999999911e-01 2.711042534286975947e+00
2.500000000000000000e-01 2.711048748114109230e+00
2.600000000000000089e-01 2.711049128839969846e+00
2.700000000000000178e-01 2.711051393361091577e+00
2.800000000000000266e-01 2.711054762322902878e+00
2.899999999999999800e-01 2.711056985349655335e+00
2.999999999999999889e-01 2.711059431681633214e+00
3.099999999999999978e-01 2.711061375000476836e+00
3.200000000000000067e-01 2.711062417168617067e+00
3.300000000000000155e-01 2.711063362033367063e+00
3.400000000000000244e-01 2.711063661522865154e+00
3.500000000000000333e-01 2.711063617684841276e+00
3.599999999999999867e-01 2.711063164875507248e+00
3.699999999999999956e-01 2.711064237561225720e+00
3.800000000000000044e-01 2.711063982782363713e+00
3.900000000000000133e-01 2.711082317452430779e+00
4.000000000000000222e-01 2.711142961616515912e+00
4.100000000000000311e-01 2.711176727278232779e+00
4.199999999999999845e-01 2.718385326364040289e+00
4.299999999999999933e-01 2.724154791874885628e+00
4.400000000000000022e-01 2.757833961682319757e+00
4.500000000000000111e-01 2.850585942223072156e+00
4.600000000000000200e-01 2.993580610866546809e+00
4.700000000000000289e-01 3.107265241971016057e+00
4.799999999999999822e-01 3.172715682027340112e+00
4.899999999999999911e-01 3.199680852861404468e+00
5.000000000000000000e-01 3.208788121850490782e+00
5.100000000000000089e-01 3.210661686823367944e+00
5.200000000000000178e-01 3.211423794133663190e+00
5.300000000000000266e-01 3.211830869789123355e+00
5.400000000000000355e-01 3.212089381153583556e+00
5.500000000000000444e-01 3.212183179466724603e+00
5.600000000000000533e-01 3.212305571336746102e+00
5.700000000000000622e-01 3.212375938274860232e+00
5.799999999999999600e-01 3.212410299570560568e+00
5.899999999999999689e-01 3.212488873629570030e+00
5.999999999999999778e-01 3.212544351792335551e+00
6.099999999999999867e-01 3.212557663805484687e+00
6.199999999999999956e-01 3.212570949728489111e+00
6.300000000000000044e-01 3.212594706730842464e+00
6.400000000000000133e-01 3.212601646506786146e+00
6.500000000000000222e-01 3.212638740611076571e+00
6.600000000000000311e-01 3.212653591222763172e+00
6.700000000000000400e-01 3.212660074141025390e+00
6.800000000000000488e-01 3.212675752623081138e+00
6.900000000000000577e-01 3.212685081140994825e+00
7.000000000000000666e-01 3.212687372138500308e+00
7.099999999999999645e-01 3.212708430671691762e+00
7.199999999999999734e-01 3.212719321451187326e+00
7.299999999999999822e-01 3.212730900216102636e+00
7.399999999999999911e-01 3.212739272756576447e+00
7.500000000000000000e-01 3.212740636143684547e+00
7.600000000000000089e-01 3.212740636143684547e+00
7.700000000000000178e-01 3.212740636143684547e+00
7.800000000000000266e-01 3.212740636143684547e+00
7.900000000000000355e-01 3.212740636143684547e+00
8.000000000000000444e-01 3.212738815445900009e+00
8.100000000000000533e-01 3.212733854627609187e+00
8.200000000000000622e-01 3.212728025996685055e+00
8.300000000000000711e-01 3.212726041450500336e+00
8.399999999999999689e-01 3.212718654677868102e+00
8.499999999999999778e-01 3.212716636016368810e+00
8.599999999999999867e-01 3.212715007238387876e+00
8.699999999999999956e-01 3.212711032030582281e+00
8.800000000000000044e-01 3.212702838017940543e+00
8.900000000000000133e-01 3.212697330965995857e+00
9.000000000000000222e-01 3.212689893221855275e+00
9.100000000000000311e-01 3.212680924799442117e+00
9.200000000000000400e-01 3.212670336503982593e+00
9.300000000000000488e-01 3.212664959435462819e+00
9.400000000000000577e-01 3.212657951056957284e+00
9.500000000000000666e-01 3.212653996143341129e+00
9.599999999999999645e-01 3.212652974059581723e+00
9.699999999999999734e-01 3.212651154336929160e+00
9.799999999999999822e-01 3.212650945577621542e+00
9.899999999999999911e-01 3.212651846814155387e+00
1.000000000000000000e+00 3.212651686596870615e+00
1.010000000000000009e+00 3.212652359716892114e+00
1.020000000000000018e+00 3.212652387888431438e+00
1.030000000000000027e+00 3.212652242863178298e+00
1.040000000000000036e+00 3.212653758485317201e+00
1.050000000000000044e+00 3.212653776266575001e+00
1.060000000000000053e+00 3.212654030516147508e+00
1.070000000000000062e+00 3.212654083859920462e+00
1.080000000000000071e+00 3.212654319710731343e+00
1.090000000000000080e+00 3.212654594991207091e+00
1.100000000000000089e+00 3.212654690172672467e+00
1.110000000000000098e+00 3.212665734400748985e+00
1.120000000000000107e+00 3.212681105425357675e+00
1.130000000000000115e+00 3.212719208393096881e+00
1.140000000000000124e+00 3.212775963587760852e+00
1.150000000000000133e+00 3.212803380305766954e+00
1.159999999999999920e+00 3.212871933064460617e+00
1.169999999999999929e+00 3.212891445820331704e+00
1.179999999999999938e+00 3.212922459170818534e+00
1.189999999999999947e+00 3.212934949846267596e+00
1.199999999999999956e+00 3.212972832114696420e+00
1.209999999999999964e+00 3.213070359244346808e+00
1.219999999999999973e+00 3.213160602517127984e+00
1.229999999999999982e+00 3.213211591591834893e+00
1.239999999999999991e+00 3.213194795963764339e+00
1.250000000000000000e+00 3.213167688102722241e+00
1.260000000000000009e+00 3.213128197991848012e+00
1.270000000000000018e+00 3.213123083424568094e+00
1.280000000000000027e+00 3.213010320317745361e+00
1.290000000000000036e+00 3.212985807621479228e+00
1.300000000000000044e+00 3.212937442893982087e+00
1.310000000000000053e+00 3.212866617016792326e+00
1.320000000000000062e+00 3.212826355412006230e+00
1.330000000000000071e+00 3.212745689477920497e+00
1.340000000000000080e+00 3.212708152465820532e+00
1.350000000000000089e+00 3.212679850564002848e+00
1.360000000000000098e+00 3.212639125814437779e+00
1.370000000000000107e+00 3.212591163051128351e+00
1.380000000000000115e+00 3.212523657124042309e+00
1.390000000000000124e+00 3.212509454479217652e+00
1.400000000000000133e+00 3.212456166369915156e+00
1.409999999999999920e+00 3.212411800434589182e+00
1.419999999999999929e+00 3.212389892344474696e+00
1.429999999999999938e+00 3.212344484963416846e+00
1.439999999999999947e+00 3.212337371728420266e+00
1.449999999999999956e+00 3.212343778851032283e+00
1.459999999999999964e+00 3.212356727168560244e+00
1.469999999999999973e+00 3.212371071782112342e+00
1.479999999999999982e+00 3.212402064607143615e+00
1.489999999999999991e+00 3.212404102232456093e+00
1.500000000000000000e+00 3.212406328706741476e+00
1.510000000000000009e+00 3.212411986484527748e+00
1.520000000000000018e+00 3.212417006561756327e+00
1.530000000000000027e+00 3.212434934561252398e+00
1.540000000000000036e+00 3.212443532001972191e+00
1.550000000000000044e+00 3.212445610373020344e+00
1.560000000000000053e+00 3.212446944944858718e+00
1.570000000000000062e+00 3.212448736717700815e+00
1.580000000000000071e+00 3.212452474894523569e+00
1.590000000000000080e+00 3.212490091416835725e+00
1.600000000000000089e+00 3.212488599863052574e+00
1.610000000000000098e+00 3.212817235503196756e+00
1.620000000000000107e+00 3.213799202258587062e+00
1.630000000000000115e+00 3.214590299122333406e+00
1.640000000000000124e+00 3.215700515017509531e+00
1.650000000000000133e+00 3.216318931016922011e+00
1.660000000000000142e+00 3.218096186752319454e+00
1.669999999999999929e+00 3.219125421237945428e+00
1.679999999999999938e+00 3.220569002153873317e+00
1.689999999999999947e+00 3.220795009930133901e+00
1.699999999999999956e+00 3.221018575141429974e+00
1.709999999999999964e+00 3.226312683889865696e+00
1.719999999999999973e+00 3.234734363753795527e+00
1.729999999999999982e+00 3.240864637343883636e+00
1.739999999999999991e+00 3.245267698504924692e+00
1.750000000000000000e+00 3.249577071166038333e+00
1.760000000000000009e+00 3.255227678608894504e+00
1.770000000000000018e+00 3.264721417503356982e+00
1.780000000000000027e+00 3.278414888749122458e+00
1.790000000000000036e+00 3.292883474559784140e+00
1.800000000000000044e+00 3.311226365220546697e+00
1.810000000000000053e+00 3.339969041361808610e+00
1.820000000000000062e+00 3.374990354714393792e+00
1.830000000000000071e+00 3.421456812708377981e+00
1.840000000000000080e+00 3.476038598871231233e+00
1.850000000000000089e+00 3.535784915647506743e+00
1.860000000000000098e+00 3.590425235512256563e+00
1.870000000000000107e+00 3.643348692860603144e+00
1.880000000000000115e+00 3.683521751918792830e+00
1.890000000000000124e+00 3.709307846035957201e+00
1.900000000000000133e+00 3.725091107990741612e+00
1.910000000000000142e+00 3.731163349585532973e+00
1.919999999999999929e+00 3.733852617557048781e+00
1.929999999999999938e+00 3.734855992310047057e+00
1.939999999999999947e+00 3.735575896036624766e+00
1.949999999999999956e+00 3.735713937852382482e+00
1.959999999999999964e+00 3.736032709753513537e+00
1.969999999999999973e+00 3.736147194414138895e+00
1.979999999999999982e+00 3.736386907305717653e+00
1.989999999999999991e+00 3.736449434649944390e+00
2.000000000000000000e+00 3.736572194917202161e+00
2.010000000000000231e+00 3.736649066231250593e+00
2.020000000000000018e+00 3.736722663712501724e+00
2.030000000000000249e+00 3.736850729310512431e+00
2.040000000000000036e+00 3.736931946239471447e+00
2.049999999999999822e+00 3.737156132574081635e+00
2.060000000000000053e+00 3.737480796201229083e+00
2.069999999999999840e+00 3.737680484642982304e+00
2.080000000000000071e+00 3.737870500805378082e+00
2.089999999999999858e+00 3.737945301971435708e+00
2.100000000000000089e+00 3.738048818852901523e+00
2.109999999999999876e+00 3.738174081506729252e+00
2.120000000000000107e+00 3.738406128380298732e+00
2.129999999999999893e+00 3.738528229930401015e+00
2.140000000000000124e+00 3.738707532861232696e+00
2.149999999999999911e+00 3.738928846273422035e+00
2.160000000000000142e+00 3.739018336503505680e+00
2.169999999999999929e+00 3.739047339365482170e+00
2.180000000000000160e+00 3.739064726123809912e+00
2.189999999999999947e+00 3.739057263257503649e+00
2.200000000000000178e+00 3.739076126561164948e+00
2.209999999999999964e+00 3.739072316079139924e+00
2.220000000000000195e+00 3.739008576104640991e+00
2.229999999999999982e+00 3.739038610591888467e+00
2.240000000000000213e+00 3.739034591159820398e+00
2.250000000000000000e+00 3.739035671610832168e+00
2.260000000000000231e+00 3.738998549544811034e+00
2.270000000000000018e+00 3.738850577971935429e+00
2.280000000000000249e+00 3.739024000086784483e+00
2.290000000000000036e+00 3.739030533950328916e+00
2.300000000000000266e+00 3.738967653751373188e+00
2.310000000000000053e+00 3.738905158343315271e+00
2.319999999999999840e+00 3.738973944187164111e+00
2.330000000000000071e+00 3.739003699409961801e+00
2.339999999999999858e+00 3.739245426497459501e+00
2.350000000000000089e+00 3.739568601493835409e+00
2.359999999999999876e+00 3.740162087464332430e+00
2.370000000000000107e+00 3.740465755920410196e+00
2.379999999999999893e+00 3.740773944671154094e+00
2.390000000000000124e+00 3.740873614258766189e+00
2.399999999999999911e+00 3.740804265336990397e+00
2.410000000000000142e+00 3.740430770010948258e+00
2.419999999999999929e+00 3.740524897036552332e+00
2.430000000000000160e+00 3.740532863864898694e+00
2.439999999999999947e+00 3.741068501956462899e+00
2.450000000000000178e+00 3.741409864008426567e+00
2.459999999999999964e+00 3.739727743725776765e+00
2.470000000000000195e+00 3.739653940887451178e+00
2.479999999999999982e+00 3.739113069219589303e+00
2.490000000000000213e+00 3.738424621691703642e+00
2.500000000000000000e+00 3.738429811503887201e+00
2.510000000000000231e+00 3.739633213205337370e+00
2.520000000000000018e+00 3.740875553429126921e+00
2.530000000000000249e+00 3.742048846402168394e+00
2.540000000000000036e+00 3.744002251594066522e+00
2.550000000000000266e+00 3.745651039099693325e+00
2.560000000000000053e+00 3.746950251767635187e+00
2.569999999999999840e+00 3.748430593833923297e+00
2.580000000000000071e+00 3.751215236654281693e+00
2.589999999999999858e+00 3.753898384954929224e+00
2.600000000000000089e+00 3.757379103553295074e+00
2.609999999999999876e+00 3.760993089606762041e+00
2.620000000000000107e+00 3.760954299063682615e+00
2.629999999999999893e+00 3.768075415859222232e+00
2.640000000000000124e+00 3.773303663041591705e+00
2.649999999999999911e+00 3.773107408654689632e+00
2.660000000000000142e+00 3.781263691515922343e+00
2.669999999999999929e+00 3.788552122769355712e+00
2.680000000000000160e+00 3.793314697635173705e+00
2.689999999999999947e+00 3.796812980172634244e+00
2.700000000000000178e+00 3.801931520676612664e+00
2.709999999999999964e+00 3.804949921905994348e+00
2.720000000000000195e+00 3.808016473670005730e+00
2.729999999999999982e+00 3.811117837340831649e+00
2.740000000000000213e+00 3.813922033150196178e+00
2.750000000000000000e+00 3.816539318244457135e+00
2.760000000000000231e+00 3.818981632969379536e+00
2.770000000000000018e+00 3.821622700488567226e+00
2.780000000000000249e+00 3.824289107441902313e+00
2.790000000000000036e+00 3.827399692745208526e+00
2.800000000000000266e+00 3.829926533396244004e+00
2.810000000000000053e+00 3.832371109495162909e+00
2.819999999999999840e+00 3.834566310384273535e+00
2.830000000000000071e+00 3.836869460332393622e+00
2.839999999999999858e+00 3.839740187616348166e+00
2.850000000000000089e+00 3.842716344008445528e+00
2.859999999999999876e+00 3.845270063426494467e+00
2.870000000000000107e+00 3.847792232596874307e+00
2.879999999999999893e+00 3.850551863417625231e+00
2.890000000000000124e+00 3.853482977139949917e+00
2.899999999999999911e+00 3.856304323842525417e+00
2.910000000000000142e+00 3.859124432623386447e+00
2.919999999999999929e+00 3.861663437614440753e+00
2.930000000000000160e+00 3.864236889231205119e+00
2.939999999999999947e+00 3.866917521703243210e+00
2.950000000000000178e+00 3.869719882042407910e+00
2.959999999999999964e+00 3.871965531096458246e+00
2.970000000000000195e+00 3.874829326369762406e+00
2.979999999999999982e+00 3.877014741394519959e+00
2.990000000000000213e+00 3.878901076683998195e+00
3.000000000000000000e+00 3.881318711068630023e+00
