0.000000000000000000e+00 3.226688074162602504e-01
1.000000000000000021e-02 8.058669797632098675e-01
2.000000000000000042e-02 1.049681421053409558e+00
2.999999999999999889e-02 1.049068629918098461e+00
4.000000000000000083e-02 1.073082525691986033e+00
5.000000000000000278e-02 3.190907317299843005e+00
5.999999999999999778e-02 3.190907317299843005e+00
7.000000000000000666e-02 3.190907317299843005e+00
8.000000000000000167e-02 3.190907317299843005e+00
8.999999999999999667e-02 3.190907317299843005e+00
1.000000000000000056e-01 3.190907317299843005e+00
1.100000000000000006e-01 3.190907317299843005e+00
1.199999999999999956e-01 3.190907317299843005e+00
1.300000000000000044e-01 3.190907317299843005e+00
1.400000000000000133e-01 3.190907317299843005e+00
1.499999999999999944e-01 3.190907317299843005e+00
1.600000000000000033e-01 3.190907317299843005e+00
1.700000000000000122e-01 3.190907317299843005e+00
1.799999999999999933e-01 3.190907317299843005e+00
1.900000000000000022e-01 3.190907317299843005e+00
2.000000000000000111e-01 3.190907317299843005e+00
2.099999999999999922e-01 3.190907317299843005e+00
2.200000000000000011e-01 3.190907317299843005e+00
2.300000000000000100e-01 3.190907317299843005e+00
2.399999999999999911e-01 3.190907317299843005e+00
2.500000000000000000e-01 3.190907317299843005e+00
2.600000000000000089e-01 3.190907317299843005e+00
2.700000000000000178e-01 3.190907317299843005e+00
2.800000000000000266e-01 3.190907317299843005e+00
2.899999999999999800e-01 3.190907317299843005e+00
2.999999999999999889e-01 3.190907317299843005e+00
3.099999999999999978e-01 3.190907317299843005e+00
3.200000000000000067e-01 3.190907317299843005e+00
3.300000000000000155e-01 3.190907317299843005e+00
3.400000000000000244e-01 3.190907317299843005e+00
3.500000000000000333e-01 3.190907317299843005e+00
3.599999999999999867e-01 3.190907317299843005e+00
3.699999999999999956e-01 3.190907317299843005e+00
3.800000000000000044e-01 3.190906859142780494e+00
3.900000000000000133e-01 3.190905978507995400e+00
4.000000000000000222e-01 3.190904870970248997e+00
4.100000000000000311e-01 3.190904160037040693e+00
4.199999999999999845e-01 3.190904109139442557e+00
4.299999999999999933e-01 3.190903610115051414e+00
4.400000000000000022e-01 3.190903479831218803e+00
4.500000000000000111e-01 3.190902828412055747e+00
4.600000000000000200e-01 3.190902776937484919e+00
4.700000000000000289e-01 3.190902898001670707e+00
4.799999999999999822e-01 3.190903588542938429e+00
4.899999999999999911e-01 3.190903588542938429e+00
5.000000000000000000e-01 3.190903690428733785e+00
5.100000000000000089e-01 3.190903961515426435e+00
5.200000000000000178e-01 3.190903979613780805e+00
5.300000000000000266e-01 3.190904111115932640e+00
5.400000000000000355e-01 3.190871371991634398e+00
5.500000000000000444e-01 3.190829124481678214e+00
5.600000000000000533e-01 3.190741279840469513e+00
5.700000000000000622e-01 3.190673795502185772e+00
5.799999999999999600e-01 3.190591075577736024e+00
5.899999999999999689e-01 3.190449911396503246e+00
5.999999999999999778e-01 3.190231122686863152e+00
6.099999999999999867e-01 3.190060522074699367e+00
6.199999999999999956e-01 3.189894405090808682e+00
6.300000000000000044e-01 3.189876860651970070e+00
6.400000000000000133e-01 3.189845699710845750e+00
6.500000000000000222e-01 3.190010791797638134e+00
6.600000000000000311e-01 3.190402331376075651e+00
6.700000000000000400e-01 3.191018338096141882e+00
6.800000000000000488e-01 3.191632413666248169e+00
6.900000000000000577e-01 3.192294163818359287e+00
7.000000000000000666e-01 3.192766992921829416e+00
7.099999999999999645e-01 3.193259562602043022e+00
7.199999999999999734e-01 3.193799407336711749e+00
7.299999999999999822e-01 3.195200683741569403e+00
7.399999999999999911e-01 3.197151626718044426e+00
7.500000000000000000e-01 3.198468995995521702e+00
7.600000000000000089e-01 3.200816496691703872e+00
7.700000000000000178e-01 3.203874215331077746e+00
7.800000000000000266e-01 3.207058378129005405e+00
7.900000000000000355e-01 3.212894707856178478e+00
8.000000000000000444e-01 3.224473680529594599e+00
8.100000000000000533e-01 3.242880158612728270e+00
8.200000000000000622e-01 3.267407172939777560e+00
8.300000000000000711e-01 3.294932227406501823e+00
8.399999999999999689e-01 3.324912844562530445e+00
8.499999999999999778e-01 3.350924305651187929e+00
8.599999999999999867e-01 3.378321673650741541e+00
8.699999999999999956e-01 3.403217134735584182e+00
8.800000000000000044e-01 3.420986693685054814e+00
8.900000000000000133e-01 3.429499390888214094e+00
9.000000000000000222e-01 3.433862889661789097e+00
9.100000000000000311e-01 3.435683650817871193e+00
9.200000000000000400e-01 3.437368638169765678e+00
9.300000000000000488e-01 3.437595945048332435e+00
9.400000000000000577e-01 3.437732140071392273e+00
9.500000000000000666e-01 3.437869286406040281e+00
9.599999999999999645e-01 3.437966054472923361e+00
9.699999999999999734e-01 3.438087354063987799e+00
9.799999999999999822e-01 3.438337176349163027e+00
9.899999999999999911e-01 3.438470956966876990e+00
1.000000000000000000e+00 3.438646133847236719e+00
1.010000000000000009e+00 3.438849555804729619e+00
1.020000000000000018e+00 3.439048347761631153e+00
1.030000000000000027e+00 3.439242511680126402e+00
1.040000000000000036e+00 3.439286687779426366e+00
1.050000000000000044e+00 3.439306378061771419e+00
1.060000000000000053e+00 3.439300913715362729e+00
1.070000000000000062e+00 3.439327909226417734e+00
1.080000000000000071e+00 3.439343359096050268e+00
1.090000000000000080e+00 3.439354198648929550e+00
1.100000000000000089e+00 3.439358905870914640e+00
1.110000000000000098e+00 3.439347063841819985e+00
1.120000000000000107e+00 3.439367367246151108e+00
1.130000000000000115e+00 3.439376403162479612e+00
1.140000000000000124e+00 3.439376174025535526e+00
1.150000000000000133e+00 3.439396613051891372e+00
1.159999999999999920e+00 3.439375684223175078e+00
1.169999999999999929e+00 3.439369397554397523e+00
1.179999999999999938e+00 3.439404223232269242e+00
1.189999999999999947e+00 3.439418610355854167e+00
1.199999999999999956e+00 3.439431797378063038e+00
1.209999999999999964e+00 3.439458114175796499e+00
1.219999999999999973e+00 3.439491323120594135e+00
1.229999999999999982e+00 3.439493154165744748e+00
1.239999999999999991e+00 3.439469044764041694e+00
1.250000000000000000e+00 3.439455416078567307e+00
1.260000000000000009e+00 3.439459474279880524e+00
1.270000000000000018e+00 3.439423335874080667e+00
1.280000000000000027e+00 3.439379583992958178e+00
1.290000000000000036e+00 3.439335867605209263e+00
1.300000000000000044e+00 3.439305320389270726e+00
1.310000000000000053e+00 3.439319298152923476e+00
1.320000000000000062e+00 3.439232787482738640e+00
1.330000000000000071e+00 3.439208246364593435e+00
1.340000000000000080e+00 3.439162169899940391e+00
1.350000000000000089e+00 3.439239700019359525e+00
1.360000000000000098e+00 3.439289252145290465e+00
1.370000000000000107e+00 3.439531565909385691e+00
1.380000000000000115e+00 3.439614157102107939e+00
1.390000000000000124e+00 3.439823007044792380e+00
1.400000000000000133e+00 3.440252021558284579e+00
1.409999999999999920e+00 3.440657497591972369e+00
1.419999999999999929e+00 3.441784305639266961e+00
1.429999999999999938e+00 3.442127503182887960e+00
1.439999999999999947e+00 3.442675260257721082e+00
1.449999999999999956e+00 3.444162330780029091e+00
1.459999999999999964e+00 3.446707989423274832e+00
1.469999999999999973e+00 3.450185196249484942e+00
1.479999999999999982e+00 3.455261575646400463e+00
1.489999999999999991e+00 3.460359975652694597e+00
1.500000000000000000e+00 3.465140672194957805e+00
1.510000000000000009e+00 3.470857751617431486e+00
1.520000000000000018e+00 3.479947793781757337e+00
1.530000000000000027e+00 3.488878371260166311e+00
1.540000000000000036e+00 3.499086051132679120e+00
1.550000000000000044e+00 3.512288062565326552e+00
1.560000000000000053e+00 3.525981727514266861e+00
1.570000000000000062e+00 3.539244842700958404e+00
1.580000000000000071e+00 3.554644359648227780e+00
1.590000000000000080e+00 3.568677892262935636e+00
1.600000000000000089e+00 3.582355002892017470e+00
1.610000000000000098e+00 3.592984774355888256e+00
1.620000000000000107e+00 3.602679986336231099e+00
1.630000000000000115e+00 3.609711674573421458e+00
1.640000000000000124e+00 3.614671897156238600e+00
1.650000000000000133e+00 3.618581471383571557e+00
1.660000000000000142e+00 3.620866649610996468e+00
1.669999999999999929e+00 3.623075083642005811e+00
1.679999999999999938e+00 3.624893746402263695e+00
1.689999999999999947e+00 3.626349307961463708e+00
1.699999999999999956e+00 3.627597828714847594e+00
1.709999999999999964e+00 3.629617484569549468e+00
1.719999999999999973e+00 3.631709545757770385e+00
1.729999999999999982e+00 3.632630375719070326e+00
1.739999999999999991e+00 3.633811891007423522e+00
1.750000000000000000e+00 3.635283082640170971e+00
1.760000000000000009e+00 3.636279710407257060e+00
1.770000000000000018e+00 3.636903219382762842e+00
1.780000000000000027e+00 3.637259274480342697e+00
1.790000000000000036e+00 3.637866949636936020e+00
1.800000000000000044e+00 3.638272689185142461e+00
1.810000000000000053e+00 3.638540070393085468e+00
1.820000000000000062e+00 3.638756568801403191e+00
1.830000000000000071e+00 3.638811566863060065e+00
1.840000000000000080e+00 3.638921749768257108e+00
1.850000000000000089e+00 3.638996633286476268e+00
1.860000000000000098e+00 3.639042701425552195e+00
1.870000000000000107e+00 3.639065509862899894e+00
1.880000000000000115e+00 3.639065509862899894e+00
1.890000000000000124e+00 3.639065509862899894e+00
1.900000000000000133e+00 3.639065509862899894e+00
1.910000000000000142e+00 3.639065509862899894e+00
1.919999999999999929e+00 3.639065509862899894e+00
1.929999999999999938e+00 3.639065509862899894e+00
1.939999999999999947e+00 3.639065509862899894e+00
1.949999999999999956e+00 3.639065509862899894e+00
1.959999999999999964e+00 3.639065509862899894e+00
1.969999999999999973e+00 3.639065509862899894e+00
1.979999999999999982e+00 3.639065509862899894e+00
1.989999999999999991e+00 3.639064119877815084e+00
2.000000000000000000e+00 3.639058852975368463e+00
2.010000000000000231e+00 3.639055466339588207e+00
2.020000000000000018e+00 3.639051357142925269e+00
2.030000000000000249e+00 3.639041957929134430e+00
2.040000000000000036e+00 3.639038474731445483e+00
2.049999999999999822e+00 3.639036421353817108e+00
2.060000000000000053e+00 3.639034724555015643e+00
2.069999999999999840e+00 3.639031816644668460e+00
2.080000000000000071e+00 3.639029308171272348e+00
2.089999999999999858e+00 3.639023280777931024e+00
2.100000000000000089e+00 3.638996777701378083e+00
2.109999999999999876e+00 3.638991997668743039e+00
2.120000000000000107e+00 3.638986107511520185e+00
2.129999999999999893e+00 3.638972007856369206e+00
2.140000000000000124e+00 3.638949581151008417e+00
2.149999999999999911e+00 3.638912190563678539e+00
2.160000000000000142e+00 3.638903261117935273e+00
2.169999999999999929e+00 3.638895801308155153e+00
2.180000000000000160e+00 3.638863769712448182e+00
2.189999999999999947e+00 3.638831664001941579e+00
2.200000000000000178e+00 3.638805394375324465e+00
2.209999999999999964e+00 3.638768574233055109e+00
2.220000000000000195e+00 3.638748569076061035e+00
2.229999999999999982e+00 3.638730740542411635e+00
2.240000000000000213e+00 3.638712317898273430e+00
2.250000000000000000e+00 3.638640992765426851e+00
2.260000000000000231e+00 3.638535328550338566e+00
2.270000000000000018e+00 3.638488999917507183e+00
2.280000000000000249e+00 3.638377725231647375e+00
2.290000000000000036e+00 3.638320194785594985e+00
2.300000000000000266e+00 3.638302232282161874e+00
2.310000000000000053e+00 3.638218905029297012e+00
2.319999999999999840e+00 3.638081697831153871e+00
2.330000000000000071e+00 3.638057469131946497e+00
2.339999999999999858e+00 3.638012199757099108e+00
2.350000000000000089e+00 3.637886773722171618e+00
2.359999999999999876e+00 3.637834782636165443e+00
2.370000000000000107e+00 3.637772357139587243e+00
2.379999999999999893e+00 3.637734724202156045e+00
2.390000000000000124e+00 3.637623886561393682e+00
2.399999999999999911e+00 3.637462701609134541e+00
2.410000000000000142e+00 3.637280005002021976e+00
2.419999999999999929e+00 3.637083617122173429e+00
2.430000000000000160e+00 3.636919497737884477e+00
2.439999999999999947e+00 3.636772105836868274e+00
2.450000000000000178e+00 3.636687952075004393e+00
2.459999999999999964e+00 3.636551424300670465e+00
2.470000000000000195e+00 3.636378723402023283e+00
2.479999999999999982e+00 3.636282049331664989e+00
2.490000000000000213e+00 3.636079245169162810e+00
2.500000000000000000e+00 3.635816416525840644e+00
2.510000000000000231e+00 3.635745682606696949e+00
2.520000000000000018e+00 3.635621654338836883e+00
2.530000000000000249e+00 3.635502809863090601e+00
2.540000000000000036e+00 3.635438570849895523e+00
2.550000000000000266e+00 3.635372244567871114e+00
2.560000000000000053e+00 3.635191686775684161e+00
2.569999999999999840e+00 3.635108930509090452e+00
2.580000000000000071e+00 3.634994464597701924e+00
2.589999999999999858e+00 3.634853284735679591e+00
2.600000000000000089e+00 3.634792759923934913e+00
2.609999999999999876e+00 3.634768193750381293e+00
2.620000000000000107e+00 3.634719107358455492e+00
2.629999999999999893e+00 3.634694350001812069e+00
2.640000000000000124e+00 3.634641595814227966e+00
2.649999999999999911e+00 3.634624069266319424e+00
2.660000000000000142e+00 3.634587999300956884e+00
2.669999999999999929e+00 3.634541479930877728e+00
2.680000000000000160e+00 3.634426155920028823e+00
2.689999999999999947e+00 3.634453378419876035e+00
2.700000000000000178e+00 3.634398645949363793e+00
2.709999999999999964e+00 3.634372989346981164e+00
2.720000000000000195e+00 3.634396881217956565e+00
2.729999999999999982e+00 3.634318660378456300e+00
2.740000000000000213e+00 3.634233388321399527e+00
2.750000000000000000e+00 3.634108781502246810e+00
2.760000000000000231e+00 3.633984031560420824e+00
2.770000000000000018e+00 3.633911516768932426e+00
2.780000000000000249e+00 3.633800361533165102e+00
2.790000000000000036e+00 3.633676724667548985e+00
2.800000000000000266e+00 3.633565966935157654e+00
2.810000000000000053e+00 3.633193136053085137e+00
2.819999999999999840e+00 3.633553060042858274e+00
2.830000000000000071e+00 3.634152807250023098e+00
2.839999999999999858e+00 3.635591436414718824e+00
2.850000000000000089e+00 3.638109428312778615e+00
2.859999999999999876e+00 3.642050319485664378e+00
2.870000000000000107e+00 3.646791600713729764e+00
2.879999999999999893e+00 3.654052772121429538e+00
2.890000000000000124e+00 3.662376341521739853e+00
2.899999999999999911e+00 3.673570797021389112e+00
2.910000000000000142e+00 3.688134910793304577e+00
2.919999999999999929e+00 3.704433420970439705e+00
2.930000000000000160e+00 3.720548673729896727e+00
2.939999999999999947e+00 3.739558520951271170e+00
2.950000000000000178e+00 3.765043759064674589e+00
2.959999999999999964e+00 3.794820766470432094e+00
2.970000000000000195e+00 3.827375614800453185e+00
2.979999999999999982e+00 3.870300346047878204e+00
2.990000000000000213e+00 3.917276435928344736e+00
3.000000000000000000e+00 3.973035412976742009e+00
