0.000000000000000000e+00 3.046377828699078361e-01 3.406998319626126648e-01
1.000000000000000021e-02 4.757788053653565497e-01 1.135955154161063074e+00
2.000000000000000042e-02 1.020271636617426259e+00 1.079091205489392857e+00
2.999999999999999889e-02 1.021736552077450844e+00 1.076400707758746078e+00
4.000000000000000083e-02 8.453007168255537440e-01 1.300864334558418323e+00
5.000000000000000278e-02 3.185532500422576518e+00 3.196282134177109491e+00
5.999999999999999778e-02 3.185532500422576518e+00 3.196282134177109491e+00
7.000000000000000666e-02 3.185532500422576518e+00 3.196282134177109491e+00
8.000000000000000167e-02 3.185532500422576518e+00 3.196282134177109491e+00
8.999999999999999667e-02 3.185532500422576518e+00 3.196282134177109491e+00
1.000000000000000056e-01 3.185532500422576518e+00 3.196282134177109491e+00
1.100000000000000006e-01 3.185532500422576518e+00 3.196282134177109491e+00
1.199999999999999956e-01 3.185532500422576518e+00 3.196282134177109491e+00
1.300000000000000044e-01 3.185532500422576518e+00 3.196282134177109491e+00
1.400000000000000133e-01 3.185532500422576518e+00 3.196282134177109491e+00
1.499999999999999944e-01 3.185532500422576518e+00 3.196282134177109491e+00
1.600000000000000033e-01 3.185532500422576518e+00 3.196282134177109491e+00
1.700000000000000122e-01 3.185532500422576518e+00 3.196282134177109491e+00
1.799999999999999933e-01 3.185532500422576518e+00 3.196282134177109491e+00
1.900000000000000022e-01 3.185532500422576518e+00 3.196282134177109491e+00
2.000000000000000111e-01 3.185532500422576518e+00 3.196282134177109491e+00
2.099999999999999922e-01 3.185532500422576518e+00 3.196282134177109491e+00
2.200000000000000011e-01 3.185532500422576518e+00 3.196282134177109491e+00
2.300000000000000100e-01 3.185532500422576518e+00 3.196282134177109491e+00
2.399999999999999911e-01 3.185532500422576518e+00 3.196282134177109491e+00
2.500000000000000000e-01 3.185532500422576518e+00 3.196282134177109491e+00
2.600000000000000089e-01 3.185532500422576518e+00 3.196282134177109491e+00
2.700000000000000178e-01 3.185532500422576518e+00 3.196282134177109491e+00
2.800000000000000266e-01 3.185532500422576518e+00 3.196282134177109491e+00
2.899999999999999800e-01 3.185532500422576518e+00 3.196282134177109491e+00
2.999999999999999889e-01 3.185532500422576518e+00 3.196282134177109491e+00
3.099999999999999978e-01 3.185532500422576518e+00 3.196282134177109491e+00
3.200000000000000067e-01 3.185532500422576518e+00 3.196282134177109491e+00
3.300000000000000155e-01 3.185532500422576518e+00 3.196282134177109491e+00
3.400000000000000244e-01 3.185532500422576518e+00 3.196282134177109491e+00
3.500000000000000333e-01 3.185532500422576518e+00 3.196282134177109491e+00
3.599999999999999867e-01 3.185532500422576518e+00 3.196282134177109491e+00
3.699999999999999956e-01 3.185532500422576518e+00 3.196282134177109491e+00
3.800000000000000044e-01 3.185531542509893566e+00 3.196282175775667422e+00
3.900000000000000133e-01 3.185529773856822455e+00 3.196282183159168344e+00
4.000000000000000222e-01 3.185527472622847966e+00 3.196282269317650027e+00
4.100000000000000311e-01 3.185525930068084044e+00 3.196282390005997343e+00
4.199999999999999845e-01 3.185525825365097763e+00 3.196282392913787351e+00
4.299999999999999933e-01 3.185524945054976964e+00 3.196282275175125864e+00
4.400000000000000022e-01 3.185524671043484357e+00 3.196282288618953249e+00
4.500000000000000111e-01 3.185523301090948500e+00 3.196282355733162994e+00
4.600000000000000200e-01 3.185523249898376097e+00 3.196282303976593742e+00
4.700000000000000289e-01 3.185523415586056117e+00 3.196282380417285296e+00
4.799999999999999822e-01 3.185524264098684277e+00 3.196282912987192582e+00
4.899999999999999911e-01 3.185524264098684277e+00 3.196282912987192582e+00
5.000000000000000000e-01 3.185524431983775884e+00 3.196282948873691687e+00
5.100000000000000089e-01 3.185524756900602217e+00 3.196283166130250653e+00
5.200000000000000178e-01 3.185524815975980140e+00 3.196283143251581471e+00
5.300000000000000266e-01 3.185524875432883984e+00 3.196283346798981295e+00
5.400000000000000355e-01 3.185216679264482043e+00 3.196526064718786753e+00
5.500000000000000444e-01 3.184834465300244943e+00 3.196823783663111485e+00
5.600000000000000533e-01 3.184077449664365567e+00 3.197405110016573460e+00
5.700000000000000622e-01 3.183504902654269220e+00 3.197842688350102325e+00
5.799999999999999600e-01 3.182882486864635485e+00 3.198299664290836564e+00
5.899999999999999689e-01 3.181900306773335352e+00 3.198999516019671141e+00
5.999999999999999778e-01 3.180509588306446922e+00 3.199952657067279382e+00
6.099999999999999867e-01 3.179479421600612365e+00 3.200641622548786369e+00
6.199999999999999956e-01 3.178532253678004071e+00 3.201256556503613293e+00
6.300000000000000044e-01 3.178464339449452503e+00 3.201289381854487637e+00
6.400000000000000133e-01 3.178273772831596400e+00 3.201417626590095100e+00
6.500000000000000222e-01 3.177461391531123169e+00 3.202560192064153100e+00
6.600000000000000311e-01 3.176003922819966352e+00 3.204800739932184950e+00
6.700000000000000400e-01 3.174155315192221050e+00 3.207881361000062714e+00
6.800000000000000488e-01 3.172880050378476646e+00 3.210384776954019692e+00
6.900000000000000577e-01 3.171661828045268194e+00 3.212926499591450380e+00
7.000000000000000666e-01 3.170877408929135388e+00 3.214656576914523445e+00
7.099999999999999645e-01 3.170071291210341258e+00 3.216447833993744787e+00
7.199999999999999734e-01 3.169290840723020697e+00 3.218307973950402801e+00
7.299999999999999822e-01 3.166949583695114256e+00 3.223451783788024549e+00
7.399999999999999911e-01 3.164706009054131464e+00 3.229597244381957388e+00
7.500000000000000000e-01 3.162851236105849395e+00 3.234086755885194009e+00
7.600000000000000089e-01 3.160074686488148377e+00 3.241558306895259367e+00
7.700000000000000178e-01 3.157091435791800738e+00 3.250656994870354755e+00
7.800000000000000266e-01 3.154321558588951468e+00 3.259795197669059341e+00
7.900000000000000355e-01 3.150880189999611058e+00 3.274909225712745897e+00
8.000000000000000444e-01 3.147772031926484804e+00 3.301175329132704395e+00
8.100000000000000533e-01 3.149844713354950532e+00 3.335915603870506008e+00
8.200000000000000622e-01 3.160254577051489822e+00 3.374559768828065298e+00
8.300000000000000711e-01 3.179010710840096898e+00 3.410853743972906749e+00
8.399999999999999689e-01 3.207250512468771131e+00 3.442575176656289759e+00
8.499999999999999778e-01 3.236616740570862572e+00 3.465231870731513286e+00
8.599999999999999867e-01 3.274471016238750032e+00 3.482172331062733051e+00
8.699999999999999956e-01 3.319238012384411185e+00 3.487196257086757178e+00
8.800000000000000044e-01 3.359718231413959977e+00 3.482255155956149650e+00
8.900000000000000133e-01 3.383686486611437783e+00 3.475312295164990406e+00
9.000000000000000222e-01 3.398758140210955681e+00 3.468967639112622514e+00
9.100000000000000311e-01 3.406017748085581776e+00 3.465349553550160611e+00
9.200000000000000400e-01 3.413540291816267391e+00 3.461196984523263964e+00
9.300000000000000488e-01 3.414500208389119162e+00 3.460691681707545708e+00
9.400000000000000577e-01 3.414945121598345956e+00 3.460519158544438589e+00
9.500000000000000666e-01 3.415620180436162556e+00 3.460118392375918006e+00
9.599999999999999645e-01 3.416057196789999306e+00 3.459874912155847415e+00
9.699999999999999734e-01 3.416493078041937803e+00 3.459681630086037796e+00
9.799999999999999822e-01 3.417271826444319593e+00 3.459402526254006460e+00
9.899999999999999911e-01 3.417699973237350086e+00 3.459241940696403894e+00
1.000000000000000000e+00 3.418147465269351759e+00 3.459144802425121679e+00
1.010000000000000009e+00 3.418641028024172357e+00 3.459058083585286880e+00
1.020000000000000018e+00 3.419139450950011927e+00 3.458957244573250378e+00
1.030000000000000027e+00 3.419630839669161926e+00 3.458854183691090878e+00
1.040000000000000036e+00 3.419786863216691231e+00 3.458786512342161501e+00
1.050000000000000044e+00 3.419842592281639337e+00 3.458770163841903500e+00
1.060000000000000053e+00 3.419842487598157454e+00 3.458759339832568003e+00
1.070000000000000062e+00 3.419941500431377790e+00 3.458714318021457679e+00
1.080000000000000071e+00 3.419977836815594419e+00 3.458708881376506117e+00
1.090000000000000080e+00 3.420016429472287012e+00 3.458691967825572089e+00
1.100000000000000089e+00 3.420075398230894681e+00 3.458642413510934599e+00
1.110000000000000098e+00 3.420074002453516560e+00 3.458620125230123410e+00
1.120000000000000107e+00 3.420178026852309205e+00 3.458556707639993011e+00
1.130000000000000115e+00 3.420283492315282725e+00 3.458469314009676499e+00
1.140000000000000124e+00 3.420328840879561128e+00 3.458423507171509925e+00
1.150000000000000133e+00 3.420435998438632552e+00 3.458357227665150191e+00
1.159999999999999920e+00 3.420479857566789850e+00 3.458271510879560307e+00
1.169999999999999929e+00 3.420495569693997151e+00 3.458243225414797895e+00
1.179999999999999938e+00 3.420585335261410620e+00 3.458223111203127864e+00
1.189999999999999947e+00 3.420634228367521956e+00 3.458202992344186377e+00
1.199999999999999956e+00 3.420708386724353733e+00 3.458155208031772343e+00
1.209999999999999964e+00 3.420788537682182717e+00 3.458127690669410281e+00
1.219999999999999973e+00 3.420846562647940292e+00 3.458136083593247978e+00
1.229999999999999982e+00 3.420870723304162198e+00 3.458115585027327299e+00
1.239999999999999991e+00 3.420890821609081645e+00 3.458047267919001744e+00
1.250000000000000000e+00 3.420904325943002977e+00 3.458006506214131637e+00
1.260000000000000009e+00 3.420947774775832340e+00 3.457971173783928709e+00
1.270000000000000018e+00 3.420904532330436343e+00 3.457942139417724992e+00
1.280000000000000027e+00 3.420879740908297606e+00 3.457879427077618750e+00
1.290000000000000036e+00 3.420842640060061779e+00 3.457829095150356746e+00
1.300000000000000044e+00 3.420845935297801788e+00 3.457764705480739664e+00
1.310000000000000053e+00 3.420856263847408485e+00 3.457782332458438468e+00
1.320000000000000062e+00 3.420781971958564593e+00 3.457683603006912687e+00
1.330000000000000071e+00 3.420775364063663115e+00 3.457641128665523755e+00
1.340000000000000080e+00 3.420740189629063455e+00 3.457584150170817328e+00
1.350000000000000089e+00 3.420721981835209924e+00 3.457757418203509125e+00
1.360000000000000098e+00 3.420574124746153633e+00 3.458004379544427298e+00
1.370000000000000107e+00 3.420341339763520949e+00 3.458721792055250432e+00
1.380000000000000115e+00 3.419944226532351195e+00 3.459284087671864683e+00
1.390000000000000124e+00 3.419558642321190778e+00 3.460087371768393982e+00
1.400000000000000133e+00 3.418058888965506803e+00 3.462445154151062354e+00
1.409999999999999920e+00 3.416770720901573188e+00 3.464544274282371550e+00
1.419999999999999929e+00 3.413765677190105041e+00 3.469802934088428881e+00
1.429999999999999938e+00 3.412906527754682173e+00 3.471348478611093746e+00
1.439999999999999947e+00 3.411594264986711256e+00 3.473756255528730907e+00
1.449999999999999956e+00 3.409226735563763988e+00 3.479097925996294194e+00
1.459999999999999964e+00 3.406156153892783145e+00 3.487259824953766518e+00
1.469999999999999973e+00 3.402410783179986797e+00 3.497959609318983087e+00
1.479999999999999982e+00 3.399307255346934120e+00 3.511215895945866805e+00
1.489999999999999991e+00 3.397809553710068542e+00 3.522910397595320653e+00
1.500000000000000000e+00 3.397886262350405584e+00 3.532395082039510026e+00
1.510000000000000009e+00 3.398703457628432290e+00 3.543012045606430682e+00
1.520000000000000018e+00 3.400927899263909371e+00 3.558967688299605303e+00
1.530000000000000027e+00 3.404538557003908394e+00 3.573218185516424228e+00
1.540000000000000036e+00 3.409951607926531736e+00 3.588220494338826505e+00
1.550000000000000044e+00 3.419192888487441628e+00 3.605383236643211475e+00
1.560000000000000053e+00 3.430626512735925893e+00 3.621336942292607830e+00
1.570000000000000062e+00 3.443312630284945275e+00 3.635177055116971534e+00
1.580000000000000071e+00 3.460117514475922196e+00 3.649171204820533365e+00
1.590000000000000080e+00 3.477561417448785885e+00 3.659794367077085386e+00
1.600000000000000089e+00 3.496710303443871570e+00 3.667999702340163370e+00
1.610000000000000098e+00 3.513183782808092293e+00 3.672785765903684219e+00
1.620000000000000107e+00 3.529537495934705227e+00 3.675822476737756972e+00
1.630000000000000115e+00 3.542595789713358201e+00 3.676827559433484716e+00
1.640000000000000124e+00 3.552514771133908678e+00 3.676829023178568523e+00
1.650000000000000133e+00 3.560867306733124682e+00 3.676295636034018433e+00
1.660000000000000142e+00 3.566158754420909460e+00 3.675574544801083476e+00
1.669999999999999929e+00 3.571498028310999828e+00 3.674652138973011795e+00
1.679999999999999938e+00 3.576077727211426804e+00 3.673709765593100585e+00
1.689999999999999947e+00 3.579849807902016678e+00 3.672848808020910738e+00
1.699999999999999956e+00 3.582899742571653778e+00 3.672295914858041410e+00
1.709999999999999964e+00 3.588582658293093086e+00 3.670652310846005850e+00
1.719999999999999973e+00 3.594995418902052986e+00 3.668423672613487785e+00
1.729999999999999982e+00 3.597912568120119836e+00 3.667348183318020816e+00
1.739999999999999991e+00 3.601687761986264391e+00 3.665936020028582654e+00
1.750000000000000000e+00 3.606995455994476796e+00 3.663570709285865146e+00
1.760000000000000009e+00 3.611054241118459629e+00 3.661505179696054491e+00
1.770000000000000018e+00 3.613850737466064000e+00 3.659955701299461683e+00
1.780000000000000027e+00 3.615510231399859720e+00 3.659008317560825674e+00
1.790000000000000036e+00 3.618492740903419325e+00 3.657241158370452716e+00
1.800000000000000044e+00 3.620871964474708715e+00 3.655673413895576207e+00
1.810000000000000053e+00 3.622388662222320921e+00 3.654691478563850016e+00
1.820000000000000062e+00 3.623718343144756382e+00 3.653794794458049999e+00
1.830000000000000071e+00 3.624056233367081603e+00 3.653566900359038527e+00
1.840000000000000080e+00 3.624773998635967054e+00 3.653069500900547162e+00
1.850000000000000089e+00 3.625274463664517111e+00 3.652718802908435425e+00
1.860000000000000098e+00 3.625596550551241304e+00 3.652488852299863087e+00
1.870000000000000107e+00 3.625755082766746629e+00 3.652375936959053160e+00
1.880000000000000115e+00 3.625755082766746629e+00 3.652375936959053160e+00
1.890000000000000124e+00 3.625755082766746629e+00 3.652375936959053160e+00
1.900000000000000133e+00 3.625755082766746629e+00 3.652375936959053160e+00
1.910000000000000142e+00 3.625755082766746629e+00 3.652375936959053160e+00
1.919999999999999929e+00 3.625755082766746629e+00 3.652375936959053160e+00
1.929999999999999938e+00 3.625755082766746629e+00 3.652375936959053160e+00
1.939999999999999947e+00 3.625755082766746629e+00 3.652375936959053160e+00
1.949999999999999956e+00 3.625755082766746629e+00 3.652375936959053160e+00
1.959999999999999964e+00 3.625755082766746629e+00 3.652375936959053160e+00
1.969999999999999973e+00 3.625755082766746629e+00 3.652375936959053160e+00
1.979999999999999982e+00 3.625755082766746629e+00 3.652375936959053160e+00
1.989999999999999991e+00 3.625754130611204662e+00 3.652374109144425507e+00
2.000000000000000000e+00 3.625749324681204033e+00 3.652368381269532893e+00
2.010000000000000231e+00 3.625746247664556776e+00 3.652364685014619639e+00
2.020000000000000018e+00 3.625743029604421519e+00 3.652359684681429020e+00
2.030000000000000249e+00 3.625736227333577588e+00 3.652347688524691272e+00
2.040000000000000036e+00 3.625733269056530705e+00 3.652343680406360260e+00
2.049999999999999822e+00 3.625731556555040758e+00 3.652341286152593458e+00
2.060000000000000053e+00 3.625729808631921181e+00 3.652339640478110105e+00
2.069999999999999840e+00 3.625726758658640581e+00 3.652336874630696339e+00
2.080000000000000071e+00 3.625724079939498967e+00 3.652334536403045728e+00
2.089999999999999858e+00 3.625719519449896122e+00 3.652327042105965926e+00
2.100000000000000089e+00 3.625697299848051003e+00 3.652296255554705162e+00
2.109999999999999876e+00 3.625693304119450122e+00 3.652290691218035956e+00
2.120000000000000107e+00 3.625686133531946798e+00 3.652286081491093572e+00
2.129999999999999893e+00 3.625674751767092197e+00 3.652269263945646216e+00
2.140000000000000124e+00 3.625646946182315755e+00 3.652252216119701078e+00
2.149999999999999911e+00 3.625605740508659025e+00 3.652218640618698053e+00
2.160000000000000142e+00 3.625596447716815440e+00 3.652210074519055105e+00
2.169999999999999929e+00 3.625587563089604171e+00 3.652204039526706136e+00
2.180000000000000160e+00 3.625546329545853208e+00 3.652181209879043156e+00
2.189999999999999947e+00 3.625504280283537994e+00 3.652159047720345164e+00
2.200000000000000178e+00 3.625472717209725193e+00 3.652138071540923736e+00
2.209999999999999964e+00 3.625430587186455611e+00 3.652106561279654606e+00
2.220000000000000195e+00 3.625407317856592204e+00 3.652089820295529865e+00
2.229999999999999982e+00 3.625378662952819742e+00 3.652082818132003528e+00
2.240000000000000213e+00 3.625353419967153101e+00 3.652071215829393758e+00
2.250000000000000000e+00 3.625192679969406750e+00 3.652089305561446952e+00
2.260000000000000231e+00 3.624951575767936696e+00 3.652119081332740436e+00
2.270000000000000018e+00 3.624857774462025173e+00 3.652120225372989193e+00
2.280000000000000249e+00 3.624627413031636269e+00 3.652128037431658480e+00
2.290000000000000036e+00 3.624533897966168539e+00 3.652106491605021432e+00
2.300000000000000266e+00 3.624500132485908299e+00 3.652104332078415450e+00
2.310000000000000053e+00 3.624349561796429420e+00 3.652088248262164605e+00
2.319999999999999840e+00 3.624068335242187633e+00 3.652095060420120110e+00
2.330000000000000071e+00 3.624018871990503765e+00 3.652096066273389230e+00
2.339999999999999858e+00 3.623917133739120278e+00 3.652107265775077938e+00
2.350000000000000089e+00 3.623519564025763362e+00 3.652253983418579875e+00
2.359999999999999876e+00 3.623365046776129805e+00 3.652304518496201080e+00
2.370000000000000107e+00 3.623136810373968064e+00 3.652407903905206421e+00
2.379999999999999893e+00 3.622972869006724661e+00 3.652496579397587428e+00
2.390000000000000124e+00 3.622633413401656011e+00 3.652614359721131354e+00
2.399999999999999911e+00 3.622058218132425012e+00 3.652867185085844071e+00
2.410000000000000142e+00 3.621467063732478842e+00 3.653092946271565111e+00
2.419999999999999929e+00 3.620741302539398188e+00 3.653425931704948670e+00
2.430000000000000160e+00 3.620192978989142496e+00 3.653646016486626458e+00
2.439999999999999947e+00 3.619610817835211769e+00 3.653933393838524779e+00
2.450000000000000178e+00 3.619307119237586967e+00 3.654068784912421819e+00
2.459999999999999964e+00 3.618817683962177512e+00 3.654285164639163419e+00
2.470000000000000195e+00 3.618213104014066150e+00 3.654544342789980416e+00
2.479999999999999982e+00 3.617896214916654696e+00 3.654667883746675283e+00
2.490000000000000213e+00 3.617246606668901521e+00 3.654911883669424100e+00
2.500000000000000000e+00 3.616441489926739639e+00 3.655191343124941650e+00
2.510000000000000231e+00 3.616248069565179524e+00 3.655243295648214374e+00
2.520000000000000018e+00 3.615874286199486587e+00 3.655369022478187180e+00
2.530000000000000249e+00 3.615551188969836627e+00 3.655454430756344575e+00
2.540000000000000036e+00 3.615382880458703152e+00 3.655494261241087894e+00
2.550000000000000266e+00 3.615211466722894951e+00 3.655533022412847277e+00
2.560000000000000053e+00 3.614668716907003976e+00 3.655714656644364347e+00
2.569999999999999840e+00 3.614447709084879001e+00 3.655770151933301904e+00
2.580000000000000071e+00 3.614105966399451919e+00 3.655882962795951929e+00
2.589999999999999858e+00 3.613704027965561671e+00 3.656002541505797510e+00
2.600000000000000089e+00 3.613526032385428355e+00 3.656059487462441471e+00
2.609999999999999876e+00 3.613463184080734525e+00 3.656073203420028062e+00
2.620000000000000107e+00 3.613304826401448455e+00 3.656133388315462529e+00
2.629999999999999893e+00 3.613241875924232627e+00 3.656146824079391511e+00
2.640000000000000124e+00 3.613113373925807448e+00 3.656169817702648484e+00
2.649999999999999911e+00 3.613074176843879659e+00 3.656173961688759189e+00
2.660000000000000142e+00 3.612986020652095398e+00 3.656189977949818370e+00
2.669999999999999929e+00 3.612845509411602318e+00 3.656237450450153137e+00
2.680000000000000160e+00 3.612443633108236796e+00 3.656408678731820849e+00
2.689999999999999947e+00 3.612365679493748427e+00 3.656541077346003643e+00
2.700000000000000178e+00 3.611973519045021508e+00 3.656823772853706078e+00
2.709999999999999964e+00 3.611712933321876040e+00 3.657033045372086288e+00
2.720000000000000195e+00 3.611406890175611117e+00 3.657386872260302013e+00
2.729999999999999982e+00 3.610807976076237047e+00 3.657829344680675554e+00
2.740000000000000213e+00 3.610323019873507455e+00 3.658143756769291599e+00
2.750000000000000000e+00 3.609769895736397949e+00 3.658447667268095671e+00
2.760000000000000231e+00 3.609008493298042186e+00 3.658959569822799462e+00
2.770000000000000018e+00 3.608438935494557853e+00 3.659384098043306999e+00
2.780000000000000249e+00 3.607955732957333517e+00 3.659644990108996687e+00
2.790000000000000036e+00 3.607279231097397787e+00 3.660074218237700183e+00
2.800000000000000266e+00 3.606649348399006527e+00 3.660482585471308781e+00
2.810000000000000053e+00 3.604075483790815326e+00 3.662310788315354948e+00
2.819999999999999840e+00 3.601378146590662244e+00 3.665727973495054304e+00
2.830000000000000071e+00 3.597023102893431190e+00 3.671282511606615007e+00
2.839999999999999858e+00 3.591677443330544506e+00 3.679505429498893143e+00
2.850000000000000089e+00 3.585376925421753125e+00 3.690841931203804105e+00
2.859999999999999876e+00 3.579614399146826109e+00 3.704486239824502647e+00
2.870000000000000107e+00 3.574553989522650355e+00 3.719029211904809173e+00
2.879999999999999893e+00 3.569166857389154401e+00 3.738938686853704674e+00
2.890000000000000124e+00 3.565275165680989566e+00 3.759477517362490140e+00
2.899999999999999911e+00 3.563538654004368311e+00 3.783602940038409912e+00
2.910000000000000142e+00 3.564321056446732694e+00 3.811948765139876460e+00
2.919999999999999929e+00 3.569527218929985146e+00 3.839339623010894265e+00
2.930000000000000160e+00 3.575999009070613077e+00 3.865098338389180377e+00
2.939999999999999947e+00 3.587292812340260983e+00 3.891824229562281356e+00
2.950000000000000178e+00 3.604950330157060456e+00 3.925137187972288721e+00
2.959999999999999964e+00 3.630596144922842772e+00 3.959045388018021416e+00
2.970000000000000195e+00 3.664348322050591467e+00 3.990402907550314904e+00
2.979999999999999982e+00 3.718010428550263313e+00 4.022590263545493094e+00
2.990000000000000213e+00 3.793400354590977130e+00 4.041152517265712341e+00
3.000000000000000000e+00 3.956024645523260830e+00 3.990046180430223188e+00
