0.000000000000000000e+00 7.658861138904095034e-01
1.000000000000000021e-02 9.820516220605373103e-01
2.000000000000000042e-02 1.119360658125877483e+00
2.999999999999999889e-02 1.139830447384715173e+00
4.000000000000000083e-02 1.141015920147895768e+00
5.000000000000000278e-02 1.141053896590471295e+00
5.999999999999999778e-02 1.144039967530965818e+00
7.000000000000000666e-02 1.541956739534139587e+00
8.000000000000000167e-02 2.278125844982862525e+00
8.999999999999999667e-02 2.289781917204857020e+00
1.000000000000000056e-01 2.289787304344177432e+00
1.100000000000000006e-01 2.289718895864486736e+00
1.199999999999999956e-01 2.289701965072155065e+00
1.300000000000000044e-01 2.289770231306552883e+00
1.400000000000000133e-01 2.289784144544601219e+00
1.499999999999999944e-01 2.290020911180973062e+00
1.600000000000000033e-01 2.294540900006294404e+00
1.700000000000000122e-01 2.300755199432372944e+00
1.799999999999999933e-01 2.311931989369392593e+00
1.900000000000000022e-01 2.333790081717967979e+00
2.000000000000000111e-01 2.374615773725509804e+00
2.099999999999999922e-01 2.448698941287994479e+00
2.200000000000000011e-01 2.547122653088569777e+00
2.300000000000000100e-01 2.656863762083053526e+00
2.399999999999999911e-01 2.753638887197971563e+00
2.500000000000000000e-01 2.875102317593097645e+00
2.600000000000000089e-01 2.941617534761428843e+00
2.700000000000000178e-01 2.976475510287284632e+00
2.800000000000000266e-01 3.019425651018619483e+00
2.899999999999999800e-01 3.100724002594947848e+00
2.999999999999999889e-01 3.177958742876052955e+00
3.099999999999999978e-01 3.261392839767932816e+00
3.200000000000000067e-01 3.342852128374576459e+00
3.300000000000000155e-01 3.423908775503635482e+00
3.400000000000000244e-01 3.482046081733703780e+00
3.500000000000000333e-01 3.517364204778671066e+00
3.599999999999999867e-01 3.528032243015766234e+00
3.699999999999999956e-01 3.540927496359348225e+00
3.800000000000000044e-01 3.545649435198307220e+00
3.900000000000000133e-01 3.548907990145683478e+00
4.000000000000000222e-01 3.551604996376037437e+00
4.100000000000000311e-01 3.553013375489711745e+00
4.199999999999999845e-01 3.553698641490936172e+00
4.299999999999999933e-01 3.554306651868820222e+00
4.400000000000000022e-01 3.554781912214755923e+00
4.500000000000000111e-01 3.555029034476280270e+00
4.600000000000000200e-01 3.555112522466182590e+00
4.700000000000000289e-01 3.555385104155540432e+00
4.799999999999999822e-01 3.555867998425960685e+00
4.899999999999999911e-01 3.556225529072284619e+00
5.000000000000000000e-01 3.556713927080631166e+00
5.100000000000000089e-01 3.556728529133796890e+00
5.200000000000000178e-01 3.556743571701049600e+00
5.300000000000000266e-01 3.556894656720161585e+00
5.400000000000000355e-01 3.557560334126949275e+00
5.500000000000000444e-01 3.559225283377170701e+00
5.600000000000000533e-01 3.560665411596298124e+00
5.700000000000000622e-01 3.561418457105159696e+00
5.799999999999999600e-01 3.562454020662307652e+00
5.899999999999999689e-01 3.563466144533157465e+00
5.999999999999999778e-01 3.563688458259105740e+00
6.099999999999999867e-01 3.563603584921359868e+00
6.199999999999999956e-01 3.563387804574966289e+00
6.300000000000000044e-01 3.563388189589977273e+00
6.400000000000000133e-01 3.563340292899608741e+00
6.500000000000000222e-01 3.563321947965621739e+00
6.600000000000000311e-01 3.563301665503978644e+00
6.700000000000000400e-01 3.563238786180019435e+00
6.800000000000000488e-01 3.562702827725410248e+00
6.900000000000000577e-01 3.561223782479763234e+00
7.000000000000000666e-01 3.552373523166179492e+00
7.099999999999999645e-01 3.446851079623699299e+00
7.199999999999999734e-01 3.051543053975105391e+00
7.299999999999999822e-01 2.780664750733375712e+00
7.399999999999999911e-01 2.694614144942760525e+00
7.500000000000000000e-01 2.677398252859115590e+00
7.600000000000000089e-01 2.671175658235549921e+00
7.700000000000000178e-01 2.670419836208820286e+00
7.800000000000000266e-01 2.669771478676795873e+00
7.900000000000000355e-01 2.668918870644569452e+00
8.000000000000000444e-01 2.668395242774486587e+00
8.100000000000000533e-01 2.667128558847904340e+00
8.200000000000000622e-01 2.666854875719547380e+00
8.300000000000000711e-01 2.666807220032215042e+00
8.399999999999999689e-01 2.666807220032215042e+00
8.499999999999999778e-01 2.666824205205440723e+00
8.599999999999999867e-01 2.666824346601963214e+00
8.699999999999999956e-01 2.666824629395008195e+00
8.800000000000000044e-01 2.666824486908912828e+00
8.900000000000000133e-01 2.666824387240410044e+00
9.000000000000000222e-01 2.668051057922840030e+00
9.100000000000000311e-01 2.706224454531669821e+00
9.200000000000000400e-01 2.766059384105205687e+00
9.300000000000000488e-01 3.065982766151428063e+00
9.400000000000000577e-01 3.498294690301418264e+00
9.500000000000000666e-01 3.633904301407337112e+00
9.599999999999999645e-01 3.681973205652236736e+00
9.699999999999999734e-01 3.686031387403011284e+00
9.799999999999999822e-01 3.686135555334091318e+00
9.899999999999999911e-01 3.686140961425304230e+00
1.000000000000000000e+00 3.686180739128589678e+00
1.010000000000000009e+00 3.686185497996806948e+00
1.020000000000000018e+00 3.686158427045345132e+00
1.030000000000000027e+00 3.685792593100071013e+00
1.040000000000000036e+00 3.685527640168666963e+00
1.050000000000000044e+00 3.685303580973148474e+00
1.060000000000000053e+00 3.685289560055732938e+00
1.070000000000000062e+00 3.685312775299549148e+00
1.080000000000000071e+00 3.685390184454917950e+00
1.090000000000000080e+00 3.685233233845234047e+00
1.100000000000000089e+00 3.684889734454154908e+00
1.110000000000000098e+00 3.684250927555561272e+00
1.120000000000000107e+00 3.683970111696720284e+00
1.130000000000000115e+00 3.683581916360854969e+00
1.140000000000000124e+00 3.683531774327755137e+00
1.150000000000000133e+00 3.683534746346473820e+00
1.159999999999999920e+00 3.683367511050700926e+00
1.169999999999999929e+00 3.683213643937111037e+00
1.179999999999999938e+00 3.683139647867679667e+00
1.189999999999999947e+00 3.683072139999866490e+00
1.199999999999999956e+00 3.682951920557022252e+00
1.209999999999999964e+00 3.682925947468280725e+00
1.219999999999999973e+00 3.682856532366275637e+00
1.229999999999999982e+00 3.682785776350498086e+00
1.239999999999999991e+00 3.682746466910839178e+00
1.250000000000000000e+00 3.682660513887405340e+00
1.260000000000000009e+00 3.682576525120734967e+00
1.270000000000000018e+00 3.682469826204776808e+00
1.280000000000000027e+00 3.682455355737209501e+00
1.290000000000000036e+00 3.682277194654941521e+00
1.300000000000000044e+00 3.680731308155059889e+00
1.310000000000000053e+00 3.677842065625190671e+00
1.320000000000000062e+00 3.672595190737247606e+00
1.330000000000000071e+00 3.661114285995960227e+00
1.340000000000000080e+00 3.648027876446247042e+00
1.350000000000000089e+00 3.636780628230571910e+00
1.360000000000000098e+00 3.626779094150066385e+00
1.370000000000000107e+00 3.610682759096622618e+00
1.380000000000000115e+00 3.583558470098972215e+00
1.390000000000000124e+00 3.551964854626655566e+00
1.400000000000000133e+00 3.514885071842670516e+00
1.409999999999999920e+00 3.478018345360756047e+00
1.419999999999999929e+00 3.447806618807315981e+00
1.429999999999999938e+00 3.421843929927348871e+00
1.439999999999999947e+00 3.396403281085491166e+00
1.449999999999999956e+00 3.375234377038478950e+00
1.459999999999999964e+00 3.356806311914920737e+00
1.469999999999999973e+00 3.345404703309535765e+00
1.479999999999999982e+00 3.334053384470939463e+00
1.489999999999999991e+00 3.324669147772789213e+00
1.500000000000000000e+00 3.317220034594535960e+00
1.510000000000000009e+00 3.309678188035487967e+00
1.520000000000000018e+00 3.301552545874118838e+00
1.530000000000000027e+00 3.296226490180492519e+00
1.540000000000000036e+00 3.294327766714096217e+00
1.550000000000000044e+00 3.292351333332061980e+00
1.560000000000000053e+00 3.292283114666938904e+00
1.570000000000000062e+00 3.290672506670951680e+00
1.580000000000000071e+00 3.288585817294120694e+00
1.590000000000000080e+00 3.286205770411491311e+00
1.600000000000000089e+00 3.285677122759818936e+00
1.610000000000000098e+00 3.284806342182159611e+00
1.620000000000000107e+00 3.284831282041072775e+00
1.630000000000000115e+00 3.284908236320018826e+00
1.640000000000000124e+00 3.284915935530662523e+00
1.650000000000000133e+00 3.285000081200599720e+00
1.660000000000000142e+00 3.285067213666438946e+00
1.669999999999999929e+00 3.285121661832332673e+00
1.679999999999999938e+00 3.285189577796459037e+00
1.689999999999999947e+00 3.285293320417403962e+00
1.699999999999999956e+00 3.285338789315223718e+00
1.709999999999999964e+00 3.285352967898845566e+00
1.719999999999999973e+00 3.285366847701072679e+00
1.729999999999999982e+00 3.285403597929477559e+00
1.739999999999999991e+00 3.285447108807563854e+00
1.750000000000000000e+00 3.285450790193080728e+00
1.760000000000000009e+00 3.285508451859950885e+00
1.770000000000000018e+00 3.285838190135955905e+00
1.780000000000000027e+00 3.286156270909309285e+00
1.790000000000000036e+00 3.286526735434532220e+00
1.800000000000000044e+00 3.286943539018631011e+00
1.810000000000000053e+00 3.287117646059989795e+00
1.820000000000000062e+00 3.287306907725334071e+00
1.830000000000000071e+00 3.287481366746425770e+00
1.840000000000000080e+00 3.287610120518207335e+00
1.850000000000000089e+00 3.287667122507095474e+00
1.860000000000000098e+00 3.287701229226589028e+00
1.870000000000000107e+00 3.287749478886127452e+00
1.880000000000000115e+00 3.287878418931961200e+00
1.890000000000000124e+00 3.288147271823882889e+00
1.900000000000000133e+00 3.288614251642226982e+00
1.910000000000000142e+00 3.289031579906940284e+00
1.919999999999999929e+00 3.289417166788577873e+00
1.929999999999999938e+00 3.289796488938331542e+00
1.939999999999999947e+00 3.289969943010806919e+00
1.949999999999999956e+00 3.290239798042774222e+00
1.959999999999999964e+00 3.290227370736598989e+00
1.969999999999999973e+00 3.290198126709461324e+00
1.979999999999999982e+00 3.290181482665538670e+00
1.989999999999999991e+00 3.290154985196590331e+00
2.000000000000000000e+00 3.290122467141151308e+00
2.010000000000000231e+00 3.290031052827834923e+00
2.020000000000000018e+00 3.289992791380882409e+00
2.030000000000000249e+00 3.289946345932483585e+00
2.040000000000000036e+00 3.289882596540451232e+00
2.049999999999999822e+00 3.289818958971500340e+00
2.060000000000000053e+00 3.289801063034534234e+00
2.069999999999999840e+00 3.289771079158783085e+00
2.080000000000000071e+00 3.289681452219486157e+00
2.089999999999999858e+00 3.289614441788196508e+00
2.100000000000000089e+00 3.289548297584056868e+00
2.109999999999999876e+00 3.289481539807319610e+00
2.120000000000000107e+00 3.289385823359489258e+00
2.129999999999999893e+00 3.289369535074234019e+00
2.140000000000000124e+00 3.289352407290935698e+00
2.149999999999999911e+00 3.289300061953067900e+00
2.160000000000000142e+00 3.289295055928230127e+00
2.169999999999999929e+00 3.289292820167541542e+00
2.180000000000000160e+00 3.289263755278587276e+00
2.189999999999999947e+00 3.289202252857684972e+00
2.200000000000000178e+00 3.289194071426391641e+00
2.209999999999999964e+00 3.289192950451373942e+00
2.220000000000000195e+00 3.289180514400005251e+00
2.229999999999999982e+00 3.289077944958210153e+00
2.240000000000000213e+00 3.289006222140788971e+00
2.250000000000000000e+00 3.288979175944328315e+00
2.260000000000000231e+00 3.288868664836883671e+00
2.270000000000000018e+00 3.288825020215511152e+00
2.280000000000000249e+00 3.288787043116092601e+00
2.290000000000000036e+00 3.288764333171844356e+00
2.300000000000000266e+00 3.288759994814395959e+00
2.310000000000000053e+00 3.288731644923687192e+00
2.319999999999999840e+00 3.288603608248233723e+00
2.330000000000000071e+00 3.288568124823570304e+00
2.339999999999999858e+00 3.288580278396606271e+00
2.350000000000000089e+00 3.288442461569309305e+00
2.359999999999999876e+00 3.288336270222663948e+00
2.370000000000000107e+00 3.288235517106055994e+00
2.379999999999999893e+00 3.288087217652797545e+00
2.390000000000000124e+00 3.287942318689823118e+00
2.399999999999999911e+00 3.288002763125896344e+00
2.410000000000000142e+00 3.288285269434452207e+00
2.419999999999999929e+00 3.288541833305358875e+00
2.430000000000000160e+00 3.289147956202030265e+00
2.439999999999999947e+00 3.289327687709331371e+00
2.450000000000000178e+00 3.289358968615531786e+00
2.459999999999999964e+00 3.289487907221317453e+00
2.470000000000000195e+00 3.289581567680835761e+00
2.479999999999999982e+00 3.289706631171703144e+00
2.490000000000000213e+00 3.289766958827972321e+00
2.500000000000000000e+00 3.289877636418342632e+00
2.510000000000000231e+00 3.290034084093570677e+00
2.520000000000000018e+00 3.290365030696392079e+00
2.530000000000000249e+00 3.290860652785301266e+00
2.540000000000000036e+00 3.291789148135185084e+00
2.550000000000000266e+00 3.292733323440551807e+00
2.560000000000000053e+00 3.294176179764270795e+00
2.569999999999999840e+00 3.295445870254039900e+00
2.580000000000000071e+00 3.297853400974273708e+00
2.589999999999999858e+00 3.303830178620815072e+00
2.600000000000000089e+00 3.309494304115772056e+00
2.609999999999999876e+00 3.320024662244319913e+00
2.620000000000000107e+00 3.327878161885738262e+00
2.629999999999999893e+00 3.331889601738452722e+00
2.640000000000000124e+00 3.336582674169540574e+00
2.649999999999999911e+00 3.348892773673534329e+00
2.660000000000000142e+00 3.364404917216301083e+00
2.669999999999999929e+00 3.387876973745822973e+00
2.680000000000000160e+00 3.409502564523219981e+00
2.689999999999999947e+00 3.442352786986827784e+00
2.700000000000000178e+00 3.474815191910266776e+00
2.709999999999999964e+00 3.508632532439231788e+00
2.720000000000000195e+00 3.540801134881973233e+00
2.729999999999999982e+00 3.568863202853203020e+00
2.740000000000000213e+00 3.590866866829395487e+00
2.750000000000000000e+00 3.610222987425327101e+00
2.760000000000000231e+00 3.626909514389037970e+00
2.770000000000000018e+00 3.639454667711258029e+00
2.780000000000000249e+00 3.649275694198608200e+00
2.790000000000000036e+00 3.657511132748127114e+00
2.800000000000000266e+00 3.664076280589103618e+00
2.810000000000000053e+00 3.668350183327198089e+00
2.819999999999999840e+00 3.671838538963794640e+00
2.830000000000000071e+00 3.673780771965980740e+00
2.839999999999999858e+00 3.674870161440372485e+00
2.850000000000000089e+00 3.675772234194278898e+00
2.859999999999999876e+00 3.676226347351074342e+00
2.870000000000000107e+00 3.676346290957927643e+00
2.879999999999999893e+00 3.676348732044696810e+00
2.890000000000000124e+00 3.676452581346035142e+00
2.899999999999999911e+00 3.676452581346035142e+00
2.910000000000000142e+00 3.676480287663936419e+00
2.919999999999999929e+00 3.676482604396343223e+00
2.930000000000000160e+00 3.676482778761386960e+00
2.939999999999999947e+00 3.676482778761386960e+00
2.950000000000000178e+00 3.676482778761386960e+00
2.959999999999999964e+00 3.676482778761386960e+00
2.970000000000000195e+00 3.676482778761386960e+00
2.979999999999999982e+00 3.676482778761386960e+00
2.990000000000000213e+00 3.676482778761386960e+00
3.000000000000000000e+00 3.676482778761386960e+00
