0.000000000000000000e+00 8.525131204476952274e-01
1.000000000000000021e-02 8.654863503062725227e-01
2.000000000000000042e-02 9.733600449967384494e-01
2.999999999999999889e-02 1.322916200573444279e+00
4.000000000000000083e-02 1.447726810703277689e+00
5.000000000000000278e-02 1.471617503922581616e+00
5.999999999999999778e-02 1.485643156118392927e+00
7.000000000000000666e-02 1.495406001304387944e+00
8.000000000000000167e-02 1.500218974621295942e+00
8.999999999999999667e-02 1.505402015206813715e+00
1.000000000000000056e-01 1.510724243896007568e+00
1.100000000000000006e-01 1.516412082993984223e+00
1.199999999999999956e-01 1.519280246821641978e+00
1.300000000000000044e-01 1.537080539817810010e+00
1.400000000000000133e-01 2.445903364458084095e+00
1.499999999999999944e-01 3.454276997965574303e+00
1.600000000000000033e-01 3.908804750404357709e+00
1.700000000000000122e-01 3.927819324014186986e+00
1.799999999999999933e-01 3.927891012926101766e+00
1.900000000000000022e-01 3.928012823925018271e+00
2.000000000000000111e-01 3.928109512529373237e+00
2.099999999999999922e-01 3.928228837330341339e+00
2.200000000000000011e-01 3.928281806051731273e+00
2.300000000000000100e-01 3.928385448305606875e+00
2.399999999999999911e-01 3.928445848436355803e+00
2.500000000000000000e-01 3.928466929185390644e+00
2.600000000000000089e-01 3.928505806484222429e+00
2.700000000000000178e-01 3.928420952084064499e+00
2.800000000000000266e-01 3.928322984235286697e+00
2.899999999999999800e-01 3.928160940973758564e+00
2.999999999999999889e-01 3.927609245722293974e+00
3.099999999999999978e-01 3.925421581268310423e+00
3.200000000000000067e-01 3.914194883379936041e+00
3.300000000000000155e-01 3.866998421363830651e+00
3.400000000000000244e-01 3.779358478031158430e+00
3.500000000000000333e-01 3.645078002495765634e+00
3.599999999999999867e-01 3.500123488502502322e+00
3.699999999999999956e-01 3.394925381464958036e+00
3.800000000000000044e-01 3.315830623772144214e+00
3.900000000000000133e-01 3.269822387866973656e+00
4.000000000000000222e-01 3.246415507090091523e+00
4.100000000000000311e-01 3.229496189811229545e+00
4.199999999999999845e-01 3.225585276634693077e+00
4.299999999999999933e-01 3.225879982295036363e+00
4.400000000000000022e-01 3.227176454854011389e+00
4.500000000000000111e-01 3.227587460777759709e+00
4.600000000000000200e-01 3.227921538605690088e+00
4.700000000000000289e-01 3.228792651615142617e+00
4.799999999999999822e-01 3.230000763587951518e+00
4.899999999999999911e-01 3.231208465521335782e+00
5.000000000000000000e-01 3.233328114073276360e+00
5.100000000000000089e-01 3.235499637892246039e+00
5.200000000000000178e-01 3.236619138362407888e+00
5.300000000000000266e-01 3.237561846952438316e+00
5.400000000000000355e-01 3.238538190929889815e+00
5.500000000000000444e-01 3.239661459522247267e+00
5.600000000000000533e-01 3.240533723545074629e+00
5.700000000000000622e-01 3.241134892494678343e+00
5.799999999999999600e-01 3.241710684919357099e+00
5.899999999999999689e-01 3.242200287206173037e+00
5.999999999999999778e-01 3.242570573956966573e+00
6.099999999999999867e-01 3.242743481638431735e+00
6.199999999999999956e-01 3.242896310420036343e+00
6.300000000000000044e-01 3.242952371325492855e+00
6.400000000000000133e-01 3.242989043555259521e+00
6.500000000000000222e-01 3.243030215277671768e+00
6.600000000000000311e-01 3.243078048751354192e+00
6.700000000000000400e-01 3.243088423392772590e+00
6.800000000000000488e-01 3.243118274235725185e+00
6.900000000000000577e-01 3.243134592945575712e+00
7.000000000000000666e-01 3.243138775050640188e+00
7.099999999999999645e-01 3.243158075723648004e+00
7.199999999999999734e-01 3.243162517197132111e+00
7.299999999999999822e-01 3.243167335562706199e+00
7.399999999999999911e-01 3.243177776799202050e+00
7.500000000000000000e-01 3.243182229187488552e+00
7.600000000000000089e-01 3.243184445226192647e+00
7.700000000000000178e-01 3.243191313982010104e+00
7.800000000000000266e-01 3.243196237084865707e+00
7.900000000000000355e-01 3.243201770102977832e+00
8.000000000000000444e-01 3.243205948257446458e+00
8.100000000000000533e-01 3.243208323781490154e+00
8.200000000000000622e-01 3.243212127106189779e+00
8.300000000000000711e-01 3.243214040875435078e+00
8.399999999999999689e-01 3.243220097351074305e+00
8.499999999999999778e-01 3.243221199581622916e+00
8.599999999999999867e-01 3.243225647184848626e+00
8.699999999999999956e-01 3.243231455824375331e+00
8.800000000000000044e-01 3.243231471414566247e+00
8.900000000000000133e-01 3.243231739892959542e+00
9.000000000000000222e-01 3.243232928469180987e+00
9.100000000000000311e-01 3.243236044428348563e+00
9.200000000000000400e-01 3.243241068913936598e+00
9.300000000000000488e-01 3.243243468039035626e+00
9.400000000000000577e-01 3.243248537440300172e+00
9.500000000000000666e-01 3.243254337368011608e+00
9.599999999999999645e-01 3.243259396207332390e+00
9.699999999999999734e-01 3.243267952156066780e+00
9.799999999999999822e-01 3.243269444370269650e+00
9.899999999999999911e-01 3.243275204222202390e+00
1.000000000000000000e+00 3.243276806197166628e+00
1.010000000000000009e+00 3.243281886014938387e+00
1.020000000000000018e+00 3.243292364139557016e+00
1.030000000000000027e+00 3.243300783717632196e+00
1.040000000000000036e+00 3.243310858049392564e+00
1.050000000000000044e+00 3.243314964444637294e+00
1.060000000000000053e+00 3.243322859096527289e+00
1.070000000000000062e+00 3.243350082447528759e+00
1.080000000000000071e+00 3.243364860029220420e+00
1.090000000000000080e+00 3.243391609811782761e+00
1.100000000000000089e+00 3.243407826943397687e+00
1.110000000000000098e+00 3.243427634963989448e+00
1.120000000000000107e+00 3.243454178047180392e+00
1.130000000000000115e+00 3.243479017803668984e+00
1.140000000000000124e+00 3.243492872333526567e+00
1.150000000000000133e+00 3.243501252622604358e+00
1.159999999999999920e+00 3.243510389788150761e+00
1.169999999999999929e+00 3.243514442713260504e+00
1.179999999999999938e+00 3.243521270444392979e+00
1.189999999999999947e+00 3.243525242185592461e+00
1.199999999999999956e+00 3.243525004968643266e+00
1.209999999999999964e+00 3.243525025620460411e+00
1.219999999999999973e+00 3.243526253750324440e+00
1.229999999999999982e+00 3.243525662574767932e+00
1.239999999999999991e+00 3.243526530232429650e+00
1.250000000000000000e+00 3.243526367938518451e+00
1.260000000000000009e+00 3.243527711005210978e+00
1.270000000000000018e+00 3.243529730069637296e+00
1.280000000000000027e+00 3.243533083264827699e+00
1.290000000000000036e+00 3.243533701343536357e+00
1.300000000000000044e+00 3.243532317428588829e+00
1.310000000000000053e+00 3.243533240129947703e+00
1.320000000000000062e+00 3.243533816590308927e+00
1.330000000000000071e+00 3.243534003257751319e+00
1.340000000000000080e+00 3.243532590072155219e+00
1.350000000000000089e+00 3.243536768910884938e+00
1.360000000000000098e+00 3.243535800342559838e+00
1.370000000000000107e+00 3.243536850275993366e+00
1.380000000000000115e+00 3.243536804916858696e+00
1.390000000000000124e+00 3.243538933818340464e+00
1.400000000000000133e+00 3.243541472311020080e+00
1.409999999999999920e+00 3.243543738071918536e+00
1.419999999999999929e+00 3.243546381382942378e+00
1.429999999999999938e+00 3.243549002497196021e+00
1.439999999999999947e+00 3.243552281622886557e+00
1.449999999999999956e+00 3.243555342915058315e+00
1.459999999999999964e+00 3.243557186367511669e+00
1.469999999999999973e+00 3.243562065033912756e+00
1.479999999999999982e+00 3.243565495769977769e+00
1.489999999999999991e+00 3.243567792708873743e+00
1.500000000000000000e+00 3.243570723328590422e+00
1.510000000000000009e+00 3.243574478535652172e+00
1.520000000000000018e+00 3.243575874719619723e+00
1.530000000000000027e+00 3.243577444155216316e+00
1.540000000000000036e+00 3.243582061083316592e+00
1.550000000000000044e+00 3.243583071258067996e+00
1.560000000000000053e+00 3.243584365465641106e+00
1.570000000000000062e+00 3.243588783466815784e+00
1.580000000000000071e+00 3.243591153922081194e+00
1.590000000000000080e+00 3.243593809995651167e+00
1.600000000000000089e+00 3.243595815873145938e+00
1.610000000000000098e+00 3.243596922159194929e+00
1.620000000000000107e+00 3.243597088506221748e+00
1.630000000000000115e+00 3.243599411995410797e+00
1.640000000000000124e+00 3.243602005250453946e+00
1.650000000000000133e+00 3.243609965448379651e+00
1.660000000000000142e+00 3.243617840197086544e+00
1.669999999999999929e+00 3.243628170945644484e+00
1.679999999999999938e+00 3.243633050851821853e+00
1.689999999999999947e+00 3.243637523889541630e+00
1.699999999999999956e+00 3.243645692050456830e+00
1.709999999999999964e+00 3.243661272552013308e+00
1.719999999999999973e+00 3.243672631208896817e+00
1.729999999999999982e+00 3.243679362919330789e+00
1.739999999999999991e+00 3.243694924285411840e+00
1.750000000000000000e+00 3.243714287140369468e+00
1.760000000000000009e+00 3.243735647020340007e+00
1.770000000000000018e+00 3.243744193837642786e+00
1.780000000000000027e+00 3.243750901284217836e+00
1.790000000000000036e+00 3.243758487200736784e+00
1.800000000000000044e+00 3.243768589873313957e+00
1.810000000000000053e+00 3.243777865309715125e+00
1.820000000000000062e+00 3.243791517810821645e+00
1.830000000000000071e+00 3.243805322730541008e+00
1.840000000000000080e+00 3.243811901445389001e+00
1.850000000000000089e+00 3.243838387796878830e+00
1.860000000000000098e+00 3.243853112063407984e+00
1.870000000000000107e+00 3.243888194553852244e+00
1.880000000000000115e+00 3.243909382152557530e+00
1.890000000000000124e+00 3.243929894001484016e+00
1.900000000000000133e+00 3.243947931563854414e+00
1.910000000000000142e+00 3.243985829083919636e+00
1.919999999999999929e+00 3.244029512844085694e+00
1.929999999999999938e+00 3.244062584331035559e+00
1.939999999999999947e+00 3.244118400778770450e+00
1.949999999999999956e+00 3.244154821906089836e+00
1.959999999999999964e+00 3.244206349956989310e+00
1.969999999999999973e+00 3.244217549128532330e+00
1.979999999999999982e+00 3.244205903537273450e+00
1.989999999999999991e+00 3.244235378744602105e+00
2.000000000000000000e+00 3.244277589411735718e+00
2.010000000000000231e+00 3.244320721776485339e+00
2.020000000000000018e+00 3.244378468246460034e+00
2.030000000000000249e+00 3.244484916348457482e+00
2.040000000000000036e+00 3.244644779529571643e+00
2.049999999999999822e+00 3.244941904697418167e+00
2.060000000000000053e+00 3.245427384123802383e+00
2.069999999999999840e+00 3.246173589866161446e+00
2.080000000000000071e+00 3.247283574914932469e+00
2.089999999999999858e+00 3.249297166018485949e+00
2.100000000000000089e+00 3.252752503046989485e+00
2.109999999999999876e+00 3.258396004643440147e+00
2.120000000000000107e+00 3.266603113379478618e+00
2.129999999999999893e+00 3.278866551356315551e+00
2.140000000000000124e+00 3.296050522251129156e+00
2.149999999999999911e+00 3.318599417178631050e+00
2.160000000000000142e+00 3.345315181603431665e+00
2.169999999999999929e+00 3.373977657473087532e+00
2.180000000000000160e+00 3.402400047242641445e+00
2.189999999999999947e+00 3.427747154738903124e+00
2.200000000000000178e+00 3.448600006403923057e+00
2.209999999999999964e+00 3.463090189149379938e+00
2.220000000000000195e+00 3.473055105462074188e+00
2.229999999999999982e+00 3.479073163037300187e+00
2.240000000000000213e+00 3.482811210987567740e+00
2.250000000000000000e+00 3.485244993948936276e+00
2.260000000000000231e+00 3.486762774634361239e+00
2.270000000000000018e+00 3.487837500009536740e+00
2.280000000000000249e+00 3.488561929230689973e+00
2.290000000000000036e+00 3.489002992007732562e+00
2.300000000000000266e+00 3.489422832741737146e+00
2.310000000000000053e+00 3.489867193367481413e+00
2.319999999999999840e+00 3.490297111809253838e+00
2.330000000000000071e+00 3.490563787548542241e+00
2.339999999999999858e+00 3.491182840671539278e+00
2.350000000000000089e+00 3.491521069204807315e+00
2.359999999999999876e+00 3.491677646191120310e+00
2.370000000000000107e+00 3.492055353610515667e+00
2.379999999999999893e+00 3.492294717569351281e+00
2.390000000000000124e+00 3.492553301672935540e+00
2.399999999999999911e+00 3.492610333569049708e+00
2.410000000000000142e+00 3.492606711874008063e+00
2.419999999999999929e+00 3.492671826264858392e+00
2.430000000000000160e+00 3.492695269665718083e+00
2.439999999999999947e+00 3.492797539229393067e+00
2.450000000000000178e+00 3.493002135186195289e+00
2.459999999999999964e+00 3.493212136743068630e+00
2.470000000000000195e+00 3.493464370017051568e+00
2.479999999999999982e+00 3.494562292077541432e+00
2.490000000000000213e+00 3.495493034918308428e+00
2.500000000000000000e+00 3.496339957206249238e+00
2.510000000000000231e+00 3.497328423583507373e+00
2.520000000000000018e+00 3.498083201355933980e+00
2.530000000000000249e+00 3.499027688996791952e+00
2.540000000000000036e+00 3.500264465239048217e+00
2.550000000000000266e+00 3.501989024832248720e+00
2.560000000000000053e+00 3.503146364755630682e+00
2.569999999999999840e+00 3.504108999474048414e+00
2.580000000000000071e+00 3.506015258390903444e+00
2.589999999999999858e+00 3.508541135342121198e+00
2.600000000000000089e+00 3.511304963431358228e+00
2.609999999999999876e+00 3.513306772458553162e+00
2.620000000000000107e+00 3.515941330761909622e+00
2.629999999999999893e+00 3.518174880566597107e+00
2.640000000000000124e+00 3.518781768040657010e+00
2.649999999999999911e+00 3.519514258613586577e+00
2.660000000000000142e+00 3.519984055683612834e+00
2.669999999999999929e+00 3.520042873377799975e+00
2.680000000000000160e+00 3.519885369846820655e+00
2.689999999999999947e+00 3.519815427191257395e+00
2.700000000000000178e+00 3.519651435348987611e+00
2.709999999999999964e+00 3.519495987555980587e+00
2.720000000000000195e+00 3.519332732083797488e+00
2.729999999999999982e+00 3.519024023182391936e+00
2.740000000000000213e+00 3.518695307884216472e+00
2.750000000000000000e+00 3.518450738127231414e+00
2.760000000000000231e+00 3.518275405087471164e+00
2.770000000000000018e+00 3.518083650219440361e+00
2.780000000000000249e+00 3.517795883798599199e+00
2.790000000000000036e+00 3.517723454911708902e+00
2.800000000000000266e+00 3.517590762403011162e+00
2.810000000000000053e+00 3.517187115600108882e+00
2.819999999999999840e+00 3.516755192217826842e+00
2.830000000000000071e+00 3.516115358767509580e+00
2.839999999999999858e+00 3.515568196525573619e+00
2.850000000000000089e+00 3.515290651812553513e+00
2.859999999999999876e+00 3.514685426170825799e+00
2.870000000000000107e+00 3.513907192873954699e+00
2.879999999999999893e+00 3.513185557975769147e+00
2.890000000000000124e+00 3.512338262546062406e+00
2.899999999999999911e+00 3.511414568419456650e+00
2.910000000000000142e+00 3.510483822107314911e+00
2.919999999999999929e+00 3.509766932578086696e+00
2.930000000000000160e+00 3.508916828999519399e+00
2.939999999999999947e+00 3.508113863875865768e+00
2.950000000000000178e+00 3.507300631184577799e+00
2.959999999999999964e+00 3.506477882316112460e+00
2.970000000000000195e+00 3.505537193140983554e+00
2.979999999999999982e+00 3.504809716622829363e+00
2.990000000000000213e+00 3.503843460855483816e+00
3.000000000000000000e+00 3.502355703570842582e+00
