0.000000000000000000e+00 7.093299283492200402e-01 9.956963125461704145e-01
1.000000000000000021e-02 7.200800031576286564e-01 1.010892697454916389e+00
2.000000000000000042e-02 7.389420321989805807e-01 1.207778057794496318e+00
2.999999999999999889e-02 1.088147783556757897e+00 1.557684617590130660e+00
4.000000000000000083e-02 1.319177880296944494e+00 1.576275741109610884e+00
5.000000000000000278e-02 1.372287338487889974e+00 1.570947669357273258e+00
5.999999999999999778e-02 1.396068114754212441e+00 1.575218197482573412e+00
7.000000000000000666e-02 1.409545752285769504e+00 1.581266250323006384e+00
8.000000000000000167e-02 1.414285504080501799e+00 1.586152445162090086e+00
8.999999999999999667e-02 1.417372220244299763e+00 1.593431810169327667e+00
1.000000000000000056e-01 1.416678355208698781e+00 1.604770132583316355e+00
1.100000000000000006e-01 1.414382910305144847e+00 1.618441255682823599e+00
1.199999999999999956e-01 1.413903947785748016e+00 1.624656545857535939e+00
1.300000000000000044e-01 1.310770122840340557e+00 1.763390956795279463e+00
1.400000000000000133e-01 1.300538290539780872e+00 3.591268438376387095e+00
1.499999999999999944e-01 2.524093274509833229e+00 4.384460721421315377e+00
1.600000000000000033e-01 3.697144127267361302e+00 4.120465373541354559e+00
1.700000000000000122e-01 3.863429343014355588e+00 3.992209305014018383e+00
1.799999999999999933e-01 3.863573276516269583e+00 3.992208749335933948e+00
1.900000000000000022e-01 3.863807270975486485e+00 3.992218376874550056e+00
2.000000000000000111e-01 3.863994397222616950e+00 3.992224627836129525e+00
2.099999999999999922e-01 3.864245257469989259e+00 3.992212417190693419e+00
2.200000000000000011e-01 3.864352962355722010e+00 3.992210649747740536e+00
2.300000000000000100e-01 3.864573398706919960e+00 3.992197497904293790e+00
2.399999999999999911e-01 3.864708311092591053e+00 3.992183385780120553e+00
2.500000000000000000e-01 3.864754482492483323e+00 3.992179375878297964e+00
2.600000000000000089e-01 3.864782234176583398e+00 3.992229378791861460e+00
2.700000000000000178e-01 3.864572731845197673e+00 3.992269172322931325e+00
2.800000000000000266e-01 3.864250531745121453e+00 3.992395436725451940e+00
2.899999999999999800e-01 3.863759952801653075e+00 3.992561929145864053e+00
2.999999999999999889e-01 3.861994958105708253e+00 3.993223533338879694e+00
3.099999999999999978e-01 3.850689413995399768e+00 4.000153748541221077e+00
3.200000000000000067e-01 3.802251295226154681e+00 4.026138471533717400e+00
3.300000000000000155e-01 3.668076749965152317e+00 4.065920092762508986e+00
3.400000000000000244e-01 3.497136393928851117e+00 4.061580562133465300e+00
3.500000000000000333e-01 3.310661991245523517e+00 3.979494013746007752e+00
3.599999999999999867e-01 3.170669922118270811e+00 3.829577054886733833e+00
3.699999999999999956e-01 3.112293087070879150e+00 3.677557675859036923e+00
3.800000000000000044e-01 3.095244720248464088e+00 3.536416527295824341e+00
3.900000000000000133e-01 3.104186548241827825e+00 3.435458227492119487e+00
4.000000000000000222e-01 3.126550226345129690e+00 3.366280787835053356e+00
4.100000000000000311e-01 3.152858994764274225e+00 3.306133384858184865e+00
4.199999999999999845e-01 3.164937193732816567e+00 3.286233359536569587e+00
4.299999999999999933e-01 3.169019655990617412e+00 3.282740308599455314e+00
4.400000000000000022e-01 3.174651770833603059e+00 3.279701138874419719e+00
4.500000000000000111e-01 3.176401679470196360e+00 3.278773242085323059e+00
4.600000000000000200e-01 3.177350164988135717e+00 3.278492912223244460e+00
4.700000000000000289e-01 3.180233450960662456e+00 3.277351852269622778e+00
4.799999999999999822e-01 3.183724488260567753e+00 3.276277038915335282e+00
4.899999999999999911e-01 3.187168884855906548e+00 3.275248046186765016e+00
5.000000000000000000e-01 3.194244470717800599e+00 3.272411757428752122e+00
5.100000000000000089e-01 3.202003423972371365e+00 3.268995851812120712e+00
5.200000000000000178e-01 3.206021324473473655e+00 3.267216952251342121e+00
5.300000000000000266e-01 3.209443022704842274e+00 3.265680671200034357e+00
5.400000000000000355e-01 3.213141745726147303e+00 3.263934636133632328e+00
5.500000000000000444e-01 3.217710779001882404e+00 3.261612140042612129e+00
5.600000000000000533e-01 3.221338874077448899e+00 3.259728573012700359e+00
5.700000000000000622e-01 3.223885391810950463e+00 3.258384393178406224e+00
5.799999999999999600e-01 3.226479918857978912e+00 3.256941450980735286e+00
5.899999999999999689e-01 3.228860873538020204e+00 3.255539700874325870e+00
5.999999999999999778e-01 3.230772580818642048e+00 3.254368567095291098e+00
6.099999999999999867e-01 3.231668816365717678e+00 3.253818146911145792e+00
6.199999999999999956e-01 3.232375440994498028e+00 3.253417179845574658e+00
6.300000000000000044e-01 3.232570037627293669e+00 3.253334705023692042e+00
6.400000000000000133e-01 3.232720184234294969e+00 3.253257902876224072e+00
6.500000000000000222e-01 3.232874120990366418e+00 3.253186309564977119e+00
6.600000000000000311e-01 3.233050998800627518e+00 3.253105098702080866e+00
6.700000000000000400e-01 3.233078579314814238e+00 3.253098267470730942e+00
6.800000000000000488e-01 3.233202605967117282e+00 3.253033942504333087e+00
6.900000000000000577e-01 3.233262951525889051e+00 3.253006234365262372e+00
7.000000000000000666e-01 3.233271809972405819e+00 3.253005740128874557e+00
7.099999999999999645e-01 3.233311700829460733e+00 3.253004450617835275e+00
7.199999999999999734e-01 3.233320990138406348e+00 3.253004044255857874e+00
7.299999999999999822e-01 3.233331986040187012e+00 3.253002685085225387e+00
7.399999999999999911e-01 3.233353606581706341e+00 3.253001947016697759e+00
7.500000000000000000e-01 3.233362684326576364e+00 3.253001774048400740e+00
7.600000000000000089e-01 3.233367631964416677e+00 3.253001258487968617e+00
7.700000000000000178e-01 3.233385465711531292e+00 3.252997162252488916e+00
7.800000000000000266e-01 3.233395094460798092e+00 3.252997379708933323e+00
7.900000000000000355e-01 3.233407675155691496e+00 3.252995865050264168e+00
8.000000000000000444e-01 3.233415871016659171e+00 3.252996025498233745e+00
8.100000000000000533e-01 3.233421929877908774e+00 3.252994717685071535e+00
8.200000000000000622e-01 3.233429793959380127e+00 3.252994460252999431e+00
8.300000000000000711e-01 3.233432111919195329e+00 3.252995969831674827e+00
8.399999999999999689e-01 3.233444282436077177e+00 3.252995912266071432e+00
8.499999999999999778e-01 3.233444402142332752e+00 3.252997997020913079e+00
8.599999999999999867e-01 3.233450755569148072e+00 3.253000538800549180e+00
8.699999999999999956e-01 3.233459774770016004e+00 3.253003136878734658e+00
8.800000000000000044e-01 3.233454726073123453e+00 3.253008216756009041e+00
8.900000000000000133e-01 3.233449705679881436e+00 3.253013774106037648e+00
9.000000000000000222e-01 3.233451252030970835e+00 3.253014604907391139e+00
9.100000000000000311e-01 3.233452541125792390e+00 3.253019547730904737e+00
9.200000000000000400e-01 3.233461105207056097e+00 3.253021032620817099e+00
9.300000000000000488e-01 3.233463723207847362e+00 3.253023212870223890e+00
9.400000000000000577e-01 3.233470622533061611e+00 3.253026452347538733e+00
9.500000000000000666e-01 3.233480699396969360e+00 3.253027975339053857e+00
9.599999999999999645e-01 3.233487698607536931e+00 3.253031093807127849e+00
9.699999999999999734e-01 3.233502636390139795e+00 3.253033267921993765e+00
9.799999999999999822e-01 3.233501576929992183e+00 3.253037311810547116e+00
9.899999999999999911e-01 3.233507739276797466e+00 3.253042669167607315e+00
1.000000000000000000e+00 3.233494466087064811e+00 3.253059146307268445e+00
1.010000000000000009e+00 3.233495472172781771e+00 3.253068299857095003e+00
1.020000000000000018e+00 3.233493067991279002e+00 3.253091660287835030e+00
1.030000000000000027e+00 3.233463184173128724e+00 3.253138383262135669e+00
1.040000000000000036e+00 3.233466833207105484e+00 3.253154882891679645e+00
1.050000000000000044e+00 3.233401826112730415e+00 3.253228102776544173e+00
1.060000000000000053e+00 3.233385305441495827e+00 3.253260412751558750e+00
1.070000000000000062e+00 3.233403921161350336e+00 3.253296243733707183e+00
1.080000000000000071e+00 3.233421345762952814e+00 3.253308374295488026e+00
1.090000000000000080e+00 3.233468810497220680e+00 3.253314409126344842e+00
1.100000000000000089e+00 3.233497234161558431e+00 3.253318419725236943e+00
1.110000000000000098e+00 3.233536346161022035e+00 3.253318923766956861e+00
1.120000000000000107e+00 3.233593998202127562e+00 3.253314357892233222e+00
1.130000000000000115e+00 3.233663015672336272e+00 3.253295019935001697e+00
1.140000000000000124e+00 3.233697100320310547e+00 3.253288644346742586e+00
1.150000000000000133e+00 3.233715998463214447e+00 3.253286506781994269e+00
1.159999999999999920e+00 3.233744848655945692e+00 3.253275930920355830e+00
1.169999999999999929e+00 3.233749568901177263e+00 3.253279316525343745e+00
1.179999999999999938e+00 3.233767974134453382e+00 3.253274566754332575e+00
1.189999999999999947e+00 3.233778385679524803e+00 3.253272098691660119e+00
1.199999999999999956e+00 3.233782645068991268e+00 3.253267364868295264e+00
1.209999999999999964e+00 3.233784106245026102e+00 3.253265944995894721e+00
1.219999999999999973e+00 3.233790064746512982e+00 3.253262442754135897e+00
1.229999999999999982e+00 3.233791837074437847e+00 3.253259488075098016e+00
1.239999999999999991e+00 3.233795227408422512e+00 3.253257833056436787e+00
1.250000000000000000e+00 3.233800726653212276e+00 3.253252009223824626e+00
1.260000000000000009e+00 3.233804149107717851e+00 3.253251272902704105e+00
1.270000000000000018e+00 3.233809122563386040e+00 3.253250337575888551e+00
1.280000000000000027e+00 3.233814460436277294e+00 3.253251706093378104e+00
1.290000000000000036e+00 3.233816428697810608e+00 3.253250973989262107e+00
1.300000000000000044e+00 3.233817992927702445e+00 3.253246641929475214e+00
1.310000000000000053e+00 3.233821935945423220e+00 3.253244544314472186e+00
1.320000000000000062e+00 3.233822402320506217e+00 3.253245230860111636e+00
1.330000000000000071e+00 3.233823808024506530e+00 3.253244198490996109e+00
1.340000000000000080e+00 3.233829371103674966e+00 3.253235809040635473e+00
1.350000000000000089e+00 3.233837187915262756e+00 3.253236349906507119e+00
1.360000000000000098e+00 3.233839711873299105e+00 3.253231888811820571e+00
1.370000000000000107e+00 3.233846555355730512e+00 3.253227145196256220e+00
1.380000000000000115e+00 3.233846487567075378e+00 3.253227122266642013e+00
1.390000000000000124e+00 3.233848446417046940e+00 3.253229421219633988e+00
1.400000000000000133e+00 3.233849674459181589e+00 3.253233270162858570e+00
1.409999999999999920e+00 3.233851019895066958e+00 3.253236456248770114e+00
1.419999999999999929e+00 3.233852414946003950e+00 3.253240347819880807e+00
1.429999999999999938e+00 3.233853520700411543e+00 3.253244484293980499e+00
1.439999999999999947e+00 3.233854722733027653e+00 3.253249840512745461e+00
1.449999999999999956e+00 3.233856070659171689e+00 3.253254615170944941e+00
1.459999999999999964e+00 3.233856200608633102e+00 3.253258172126390235e+00
1.469999999999999973e+00 3.233858748335181943e+00 3.253265381732643569e+00
1.479999999999999982e+00 3.233860576167669976e+00 3.253270415372285562e+00
1.489999999999999991e+00 3.233861379232901179e+00 3.253274206184846307e+00
1.500000000000000000e+00 3.233862458923681515e+00 3.253278987733499328e+00
1.510000000000000009e+00 3.233863720969877953e+00 3.253285236101426392e+00
1.520000000000000018e+00 3.233863781329917142e+00 3.253287968109322303e+00
1.530000000000000027e+00 3.233865017923511331e+00 3.253289870386921301e+00
1.540000000000000036e+00 3.233867189878504078e+00 3.253296932288129106e+00
1.550000000000000044e+00 3.233867928120477409e+00 3.253298214395658583e+00
1.560000000000000053e+00 3.233868267274239372e+00 3.253300463657042840e+00
1.570000000000000062e+00 3.233870683690905246e+00 3.253306883242726322e+00
1.580000000000000071e+00 3.233871256464427191e+00 3.253311051379735197e+00
1.590000000000000080e+00 3.233871308152048929e+00 3.253316311839253405e+00
1.600000000000000089e+00 3.233872413195982620e+00 3.253319218550309255e+00
1.610000000000000098e+00 3.233870877187522197e+00 3.253322967130867660e+00
1.620000000000000107e+00 3.233870967712684674e+00 3.253323209299758823e+00
1.630000000000000115e+00 3.233870365492949261e+00 3.253328458497872333e+00
1.640000000000000124e+00 3.233870438683320803e+00 3.253333571817587089e+00
1.650000000000000133e+00 3.233871063502339993e+00 3.253348867394419308e+00
1.660000000000000142e+00 3.233872182449146759e+00 3.253363497945026328e+00
1.669999999999999929e+00 3.233873670768338648e+00 3.253382671122950320e+00
1.679999999999999938e+00 3.233870818540232950e+00 3.253395283163410756e+00
1.689999999999999947e+00 3.233869842757725266e+00 3.253405205021357993e+00
1.699999999999999956e+00 3.233865105325872236e+00 3.253426278775041425e+00
1.709999999999999964e+00 3.233853225911487161e+00 3.253469319192539455e+00
1.719999999999999973e+00 3.233849620099186417e+00 3.253495642318607217e+00
1.729999999999999982e+00 3.233843426780189656e+00 3.253515299058471921e+00
1.739999999999999991e+00 3.233838380837031679e+00 3.253551467733792002e+00
1.750000000000000000e+00 3.233827183358426893e+00 3.253601390922312042e+00
1.760000000000000009e+00 3.233802702402460927e+00 3.253668591638219088e+00
1.770000000000000018e+00 3.233775899942752829e+00 3.253712487732532743e+00
1.780000000000000027e+00 3.233765331790634967e+00 3.253736470777800704e+00
1.790000000000000036e+00 3.233745354018425111e+00 3.253771620383048457e+00
1.800000000000000044e+00 3.233736361553626537e+00 3.253800818193001376e+00
1.810000000000000053e+00 3.233730600748504269e+00 3.253825129870925981e+00
1.820000000000000062e+00 3.233713863166245428e+00 3.253869172455397862e+00
1.830000000000000071e+00 3.233696830884512430e+00 3.253913814576569585e+00
1.840000000000000080e+00 3.233635880917264505e+00 3.253987921973513497e+00
1.850000000000000089e+00 3.233597461909202053e+00 3.254079313684555608e+00
1.860000000000000098e+00 3.233542628762538840e+00 3.254163595364277128e+00
1.870000000000000107e+00 3.233481255876899940e+00 3.254295133230804549e+00
1.880000000000000115e+00 3.233385853373221597e+00 3.254432910931893463e+00
1.890000000000000124e+00 3.233355521270614652e+00 3.254504266732353379e+00
1.900000000000000133e+00 3.233331247201213898e+00 3.254564615926494930e+00
1.910000000000000142e+00 3.233229136562219441e+00 3.254742521605619832e+00
1.919999999999999929e+00 3.233092953979143758e+00 3.254966071709027631e+00
1.929999999999999938e+00 3.233001059733918492e+00 3.255124108928152626e+00
1.939999999999999947e+00 3.232682340797610188e+00 3.255554460759930713e+00
1.949999999999999956e+00 3.232370710733361019e+00 3.255938933078818653e+00
1.959999999999999964e+00 3.231787066888999860e+00 3.256625633024978761e+00
1.969999999999999973e+00 3.231440732839890639e+00 3.256994365417174020e+00
1.979999999999999982e+00 3.230632916047469827e+00 3.257778891027077073e+00
1.989999999999999991e+00 3.230176672217909051e+00 3.258294085271295160e+00
2.000000000000000000e+00 3.229919486343587831e+00 3.258635692479883605e+00
2.010000000000000231e+00 3.229690501247121759e+00 3.258950942305848919e+00
2.020000000000000018e+00 3.229095903697578152e+00 3.259661032795341917e+00
2.030000000000000249e+00 3.228560214161717123e+00 3.260409618535197840e+00
2.040000000000000036e+00 3.227601162791975842e+00 3.261688396267167445e+00
2.049999999999999822e+00 3.226156659712106745e+00 3.263727149682729589e+00
2.060000000000000053e+00 3.224375855712919403e+00 3.266478912534685364e+00
2.069999999999999840e+00 3.221177056055490873e+00 3.271170123676832020e+00
2.080000000000000071e+00 3.217558729142479201e+00 3.277008420687385737e+00
2.089999999999999858e+00 3.212627664724122756e+00 3.285966667312849143e+00
2.100000000000000089e+00 3.206454053584935515e+00 3.299050952509043455e+00
2.109999999999999876e+00 3.199909726214748673e+00 3.316882283072131621e+00
2.120000000000000107e+00 3.194479278587676330e+00 3.338726948171280906e+00
2.129999999999999893e+00 3.191682471214599026e+00 3.366050631498032075e+00
2.140000000000000124e+00 3.193957951425709929e+00 3.398143093076548382e+00
2.149999999999999911e+00 3.203676676462082540e+00 3.433522157895179561e+00
2.160000000000000142e+00 3.221888803437430226e+00 3.468741559769433103e+00
2.169999999999999929e+00 3.247570934628618566e+00 3.500384380317556499e+00
2.180000000000000160e+00 3.279797008106211109e+00 3.525003086379071782e+00
2.189999999999999947e+00 3.314309045322811453e+00 3.541185264154994794e+00
2.200000000000000178e+00 3.347495927210231592e+00 3.549704085597614522e+00
2.209999999999999964e+00 3.374119826852833182e+00 3.552060551445926695e+00
2.220000000000000195e+00 3.394857434274872521e+00 3.551252776649275855e+00
2.229999999999999982e+00 3.408635816920269956e+00 3.549510509154330418e+00
2.240000000000000213e+00 3.417756609129231737e+00 3.547865812845903744e+00
2.250000000000000000e+00 3.423420711632944258e+00 3.547069276264928295e+00
2.260000000000000231e+00 3.427211224305783954e+00 3.546314324962938525e+00
2.270000000000000018e+00 3.430045364001439445e+00 3.545629636017634034e+00
2.280000000000000249e+00 3.431744388553588987e+00 3.545379469907790959e+00
2.290000000000000036e+00 3.432883728051386640e+00 3.545122255964078484e+00
2.300000000000000266e+00 3.433815509108890662e+00 3.545030156374583630e+00
2.310000000000000053e+00 3.434486533847106227e+00 3.545247852887856599e+00
2.319999999999999840e+00 3.435044559826249788e+00 3.545549663792257888e+00
2.330000000000000071e+00 3.435426774912382797e+00 3.545700800184701684e+00
2.339999999999999858e+00 3.435816133319119281e+00 3.546549548023959275e+00
2.350000000000000089e+00 3.435920740087015535e+00 3.547121398322599095e+00
2.359999999999999876e+00 3.436065604540003093e+00 3.547289687842237527e+00
2.370000000000000107e+00 3.436173474186654531e+00 3.547937233034376803e+00
2.379999999999999893e+00 3.436188700925431938e+00 3.548400734213270624e+00
2.390000000000000124e+00 3.436315124275280741e+00 3.548791479070590338e+00
2.399999999999999911e+00 3.436332430381190850e+00 3.548888236756908565e+00
2.410000000000000142e+00 3.436367012139381671e+00 3.548846411608634455e+00
2.419999999999999929e+00 3.436518890046277974e+00 3.548824762483438811e+00
2.430000000000000160e+00 3.436610175941563483e+00 3.548780363389872683e+00
2.439999999999999947e+00 3.436757412806379808e+00 3.548837665652406326e+00
2.450000000000000178e+00 3.436825994387270988e+00 3.549178275985119591e+00
2.459999999999999964e+00 3.436868558988644740e+00 3.549555714497492520e+00
2.470000000000000195e+00 3.437642188316159420e+00 3.549286551717943716e+00
2.479999999999999982e+00 3.438711646534559296e+00 3.550412937620523568e+00
2.490000000000000213e+00 3.439154737863596267e+00 3.551831331973020589e+00
2.500000000000000000e+00 3.439141513206261269e+00 3.553538401206237207e+00
2.510000000000000231e+00 3.438879467307959015e+00 3.555777379859055731e+00
2.520000000000000018e+00 3.438511903727258012e+00 3.557654498984609948e+00
2.530000000000000249e+00 3.438202680566277536e+00 3.559852697427306367e+00
2.540000000000000036e+00 3.437990596208948979e+00 3.562538334269147455e+00
2.550000000000000266e+00 3.437333742592142638e+00 3.566644307072354803e+00
2.560000000000000053e+00 3.437055873215495438e+00 3.569236856295765925e+00
2.569999999999999840e+00 3.437047138220846954e+00 3.571170860727249874e+00
2.580000000000000071e+00 3.436714365137314431e+00 3.575316151644492457e+00
2.589999999999999858e+00 3.436681751843885468e+00 3.580400518840356927e+00
2.600000000000000089e+00 3.436401001991877813e+00 3.586208924870838644e+00
2.609999999999999876e+00 3.436560356715612663e+00 3.590053188201493661e+00
2.620000000000000107e+00 3.436711115858055443e+00 3.595171545665763801e+00
2.629999999999999893e+00 3.436679641690275844e+00 3.599670119442918370e+00
2.640000000000000124e+00 3.436645640155444159e+00 3.600917895925869860e+00
2.649999999999999911e+00 3.436577679301621835e+00 3.602450837925551319e+00
2.660000000000000142e+00 3.436566647989840462e+00 3.603401463377385205e+00
2.669999999999999929e+00 3.436606128185175635e+00 3.603479618570424314e+00
2.680000000000000160e+00 3.436822983734866277e+00 3.602947755958775033e+00
2.689999999999999947e+00 3.436975971488025916e+00 3.602654882894488875e+00
2.700000000000000178e+00 3.437192839378645282e+00 3.602110031319329941e+00
2.709999999999999964e+00 3.437410323958010494e+00 3.601581651153950681e+00
2.720000000000000195e+00 3.437657319904008357e+00 3.601008144263586619e+00
2.729999999999999982e+00 3.438100928654076238e+00 3.599947117710707634e+00
2.740000000000000213e+00 3.438590007106422153e+00 3.598800608662010792e+00
2.750000000000000000e+00 3.438971925827010168e+00 3.597929550427452661e+00
2.760000000000000231e+00 3.439238698106528158e+00 3.597312112068414169e+00
2.770000000000000018e+00 3.439549590487339437e+00 3.596617709951541286e+00
2.780000000000000249e+00 3.440054395461230818e+00 3.595537372135967580e+00
2.790000000000000036e+00 3.440166245079804508e+00 3.595280664743613297e+00
2.800000000000000266e+00 3.440419583101005596e+00 3.594761941705016728e+00
2.810000000000000053e+00 3.441097056982306945e+00 3.593277174217910819e+00
2.819999999999999840e+00 3.441900964456753975e+00 3.591609419978899709e+00
2.830000000000000071e+00 3.442999308081768461e+00 3.589231409453250699e+00
2.839999999999999858e+00 3.443996746896458738e+00 3.587139646154688499e+00
2.850000000000000089e+00 3.444469528736811892e+00 3.586111774888295134e+00
2.859999999999999876e+00 3.445528472656809171e+00 3.583842379684842427e+00
2.870000000000000107e+00 3.447034891188360373e+00 3.580779494559549025e+00
2.879999999999999893e+00 3.448517683496969077e+00 3.577853432454569216e+00
2.890000000000000124e+00 3.450337640766684810e+00 3.574338884325440002e+00
2.899999999999999911e+00 3.452469205305310762e+00 3.570359931533602538e+00
2.910000000000000142e+00 3.454845137775972574e+00 3.566122506438657247e+00
2.919999999999999929e+00 3.456707937558312960e+00 3.562825927597860431e+00
2.930000000000000160e+00 3.459041438674340441e+00 3.558792219324698358e+00
2.939999999999999947e+00 3.461397857034999692e+00 3.554829870716731843e+00
2.950000000000000178e+00 3.463967835305023613e+00 3.550633427064131986e+00
2.959999999999999964e+00 3.466647389500161047e+00 3.546308375132063873e+00
2.970000000000000195e+00 3.470798227210653231e+00 3.540276159071313877e+00
2.979999999999999982e+00 3.473963077466790672e+00 3.535656355778868054e+00
2.990000000000000213e+00 3.479354110479446760e+00 3.528332811231520871e+00
3.000000000000000000e+00 3.494675103404342398e+00 3.510036303737342767e+00
