0.000000000000000000e+00 1.087109658582806615e+00
1.000000000000000021e-02 1.092241279908418683e+00
2.000000000000000042e-02 1.632388956046700423e+00
2.999999999999999889e-02 2.246141313970088760e+00
4.000000000000000083e-02 2.246352172858715246e+00
5.000000000000000278e-02 2.246406744019985080e+00
5.999999999999999778e-02 2.246554195241928120e+00
7.000000000000000666e-02 2.247900261228084506e+00
8.000000000000000167e-02 2.248417879681587017e+00
8.999999999999999667e-02 2.248762433578967990e+00
1.000000000000000056e-01 2.248748915088176759e+00
1.100000000000000006e-01 2.248797841522693464e+00
1.199999999999999956e-01 2.249061501710414746e+00
1.300000000000000044e-01 2.249379685876369273e+00
1.400000000000000133e-01 2.249933432073593309e+00
1.499999999999999944e-01 2.253942849752903044e+00
1.600000000000000033e-01 2.258236539201736282e+00
1.700000000000000122e-01 2.284948837347030803e+00
1.799999999999999933e-01 2.418479871799945613e+00
1.900000000000000022e-01 2.821527294051647150e+00
2.000000000000000111e-01 3.116765293598175113e+00
2.099999999999999922e-01 3.190223625314235534e+00
2.200000000000000011e-01 3.197761898763179733e+00
2.300000000000000100e-01 3.201900552380084974e+00
2.399999999999999911e-01 3.204937266047001021e+00
2.500000000000000000e-01 3.206199544129371581e+00
2.600000000000000089e-01 3.206892316265106402e+00
2.700000000000000178e-01 3.207065938081741230e+00
2.800000000000000266e-01 3.207179965169429714e+00
2.899999999999999800e-01 3.207195740544796170e+00
2.999999999999999889e-01 3.207203404009342229e+00
3.099999999999999978e-01 3.207207843227386501e+00
3.200000000000000067e-01 3.207222998821735338e+00
3.300000000000000155e-01 3.207235695743560822e+00
3.400000000000000244e-01 3.207246814248561950e+00
3.500000000000000333e-01 3.207250580880641966e+00
3.599999999999999867e-01 3.207249052526950805e+00
3.699999999999999956e-01 3.207248391420841394e+00
3.800000000000000044e-01 3.207245803673267392e+00
3.900000000000000133e-01 3.207245460827350403e+00
4.000000000000000222e-01 3.207245827553272033e+00
4.100000000000000311e-01 3.207245966465473330e+00
4.199999999999999845e-01 3.207247523276806067e+00
4.299999999999999933e-01 3.207248263423442936e+00
4.400000000000000022e-01 3.207251379973888206e+00
4.500000000000000111e-01 3.207252073988914542e+00
4.600000000000000200e-01 3.207252923734188244e+00
4.700000000000000289e-01 3.207253950426578459e+00
4.799999999999999822e-01 3.207255042479038032e+00
4.899999999999999911e-01 3.207254834201335836e+00
5.000000000000000000e-01 3.207254293379783849e+00
5.100000000000000089e-01 3.207251474030017757e+00
5.200000000000000178e-01 3.207250697274207862e+00
5.300000000000000266e-01 3.207252023057937773e+00
5.400000000000000355e-01 3.207252245795726875e+00
5.500000000000000444e-01 3.207252450935840660e+00
5.600000000000000533e-01 3.207247871422767460e+00
5.700000000000000622e-01 3.207242587404250944e+00
5.799999999999999600e-01 3.207238310577869456e+00
5.899999999999999689e-01 3.207235000534057523e+00
5.999999999999999778e-01 3.207221349060535243e+00
6.099999999999999867e-01 3.207198087549209653e+00
6.199999999999999956e-01 3.207186284615993532e+00
6.300000000000000044e-01 3.207197949018478322e+00
6.400000000000000133e-01 3.207187312545776159e+00
6.500000000000000222e-01 3.207178255336284423e+00
6.600000000000000311e-01 3.207207751867771073e+00
6.700000000000000400e-01 3.207233371238708663e+00
6.800000000000000488e-01 3.207260129673481064e+00
6.900000000000000577e-01 3.207296677484512415e+00
7.000000000000000666e-01 3.207309587199687950e+00
7.099999999999999645e-01 3.207337012357711625e+00
7.199999999999999734e-01 3.207371595551967491e+00
7.299999999999999822e-01 3.207398043985366876e+00
7.399999999999999911e-01 3.207410258009433690e+00
7.500000000000000000e-01 3.207445774114131787e+00
7.600000000000000089e-01 3.207475536310672837e+00
7.700000000000000178e-01 3.207503421823978407e+00
7.800000000000000266e-01 3.207539086918830940e+00
7.900000000000000355e-01 3.207551241226196392e+00
8.000000000000000444e-01 3.207564127054214342e+00
8.100000000000000533e-01 3.207573797156810791e+00
8.200000000000000622e-01 3.207580649063586975e+00
8.300000000000000711e-01 3.207584640955924993e+00
8.399999999999999689e-01 3.207584615874290446e+00
8.499999999999999778e-01 3.207588602211475237e+00
8.599999999999999867e-01 3.207594374911785007e+00
8.699999999999999956e-01 3.207594814701080210e+00
8.800000000000000044e-01 3.207600102927684826e+00
8.900000000000000133e-01 3.207600518374443155e+00
9.000000000000000222e-01 3.207601669871807282e+00
9.100000000000000311e-01 3.207605199098586990e+00
9.200000000000000400e-01 3.207609349515438080e+00
9.300000000000000488e-01 3.207612248425483870e+00
9.400000000000000577e-01 3.207615481896400667e+00
9.500000000000000666e-01 3.207616566855907347e+00
9.599999999999999645e-01 3.207617859804630100e+00
9.699999999999999734e-01 3.207623078832626540e+00
9.799999999999999822e-01 3.207632545390128875e+00
9.899999999999999911e-01 3.207635216195583450e+00
1.000000000000000000e+00 3.207640096564293053e+00
1.010000000000000009e+00 3.207648777921199734e+00
1.020000000000000018e+00 3.207648802483081596e+00
1.030000000000000027e+00 3.207648744683265551e+00
1.040000000000000036e+00 3.207648744683265551e+00
1.050000000000000044e+00 3.207648744683265551e+00
1.060000000000000053e+00 3.207651039719581654e+00
1.070000000000000062e+00 3.207653723115921007e+00
1.080000000000000071e+00 3.207655230398178237e+00
1.090000000000000080e+00 3.207669787726402433e+00
1.100000000000000089e+00 3.207686108684539850e+00
1.110000000000000098e+00 3.207731865658760118e+00
1.120000000000000107e+00 3.207766987717151519e+00
1.130000000000000115e+00 3.207831271817684016e+00
1.140000000000000124e+00 3.207895015602111766e+00
1.150000000000000133e+00 3.208049103856086770e+00
1.159999999999999920e+00 3.208105559928417172e+00
1.169999999999999929e+00 3.208261162803172972e+00
1.179999999999999938e+00 3.208335531139373753e+00
1.189999999999999947e+00 3.208380777168273745e+00
1.199999999999999956e+00 3.208449021122455669e+00
1.209999999999999964e+00 3.208642627136707226e+00
1.219999999999999973e+00 3.208846621289253243e+00
1.229999999999999982e+00 3.209088298888206570e+00
1.239999999999999991e+00 3.209309934744835058e+00
1.250000000000000000e+00 3.209482506139278435e+00
1.260000000000000009e+00 3.209756397902965741e+00
1.270000000000000018e+00 3.210158812422752472e+00
1.280000000000000027e+00 3.210482037689685875e+00
1.290000000000000036e+00 3.211005575084686203e+00
1.300000000000000044e+00 3.211461315877437439e+00
1.310000000000000053e+00 3.212308236079215895e+00
1.320000000000000062e+00 3.214222964756488832e+00
1.330000000000000071e+00 3.216881573877334421e+00
1.340000000000000080e+00 3.220416097280978995e+00
1.350000000000000089e+00 3.224259327127933616e+00
1.360000000000000098e+00 3.228072784225940683e+00
1.370000000000000107e+00 3.231312823944091583e+00
1.380000000000000115e+00 3.236045369579791942e+00
1.390000000000000124e+00 3.241884645960330769e+00
1.400000000000000133e+00 3.249349757807254768e+00
1.409999999999999920e+00 3.256874426217079233e+00
1.419999999999999929e+00 3.266190227935314105e+00
1.429999999999999938e+00 3.275567104585170863e+00
1.439999999999999947e+00 3.283424950029850020e+00
1.449999999999999956e+00 3.291385766830444481e+00
1.459999999999999964e+00 3.301200895080566244e+00
1.469999999999999973e+00 3.310124960725307375e+00
1.479999999999999982e+00 3.318300328135490584e+00
1.489999999999999991e+00 3.325317655010223472e+00
1.500000000000000000e+00 3.332958596956729913e+00
1.510000000000000009e+00 3.339848858487606265e+00
1.520000000000000018e+00 3.344746504719257274e+00
1.530000000000000027e+00 3.348429690244197676e+00
1.540000000000000036e+00 3.351017794046402098e+00
1.550000000000000044e+00 3.353349197309017260e+00
1.560000000000000053e+00 3.354995896742344108e+00
1.570000000000000062e+00 3.356032521805763391e+00
1.580000000000000071e+00 3.356692318737506842e+00
1.590000000000000080e+00 3.357297070930004068e+00
1.600000000000000089e+00 3.357924938611984267e+00
1.610000000000000098e+00 3.358912045187949946e+00
1.620000000000000107e+00 3.359520877916812864e+00
1.630000000000000115e+00 3.359930007214546155e+00
1.640000000000000124e+00 3.360104482486248045e+00
1.650000000000000133e+00 3.360318206562995957e+00
1.660000000000000142e+00 3.360428061239719266e+00
1.669999999999999929e+00 3.360486290538311049e+00
1.679999999999999938e+00 3.360581768562793670e+00
1.689999999999999947e+00 3.360631656496524844e+00
1.699999999999999956e+00 3.360635344419479420e+00
1.709999999999999964e+00 3.360663385503292133e+00
1.719999999999999973e+00 3.360636555676460357e+00
1.729999999999999982e+00 3.360663783769607615e+00
1.739999999999999991e+00 3.360891317589282945e+00
1.750000000000000000e+00 3.361033504176139886e+00
1.760000000000000009e+00 3.361395918276310013e+00
1.770000000000000018e+00 3.361581025893688235e+00
1.780000000000000027e+00 3.361668557929992751e+00
1.790000000000000036e+00 3.361699927740096960e+00
1.800000000000000044e+00 3.361724454016685293e+00
1.810000000000000053e+00 3.361729132997989478e+00
1.820000000000000062e+00 3.361738668262958640e+00
1.830000000000000071e+00 3.361734736492633768e+00
1.840000000000000080e+00 3.361732685437202495e+00
1.850000000000000089e+00 3.361731688172817201e+00
1.860000000000000098e+00 3.361734308099746826e+00
1.870000000000000107e+00 3.361744766278266905e+00
1.880000000000000115e+00 3.361747798991203240e+00
1.890000000000000124e+00 3.361750579385757387e+00
1.900000000000000133e+00 3.361755908453464503e+00
1.910000000000000142e+00 3.361761327214241035e+00
1.919999999999999929e+00 3.361768179953098290e+00
1.929999999999999938e+00 3.361768865640163639e+00
1.939999999999999947e+00 3.361768942379951497e+00
1.949999999999999956e+00 3.361770050783157160e+00
1.959999999999999964e+00 3.361773349761962848e+00
1.969999999999999973e+00 3.361773852767944160e+00
1.979999999999999982e+00 3.361773505096435688e+00
1.989999999999999991e+00 3.361775591788291884e+00
2.000000000000000000e+00 3.361776120412349744e+00
2.010000000000000231e+00 3.361772463388442933e+00
2.020000000000000018e+00 3.361769662797450930e+00
2.030000000000000249e+00 3.361766714482307350e+00
2.040000000000000036e+00 3.361763440721035057e+00
2.049999999999999822e+00 3.361760189173221391e+00
2.060000000000000053e+00 3.361757627058029385e+00
2.069999999999999840e+00 3.361751497936248612e+00
2.080000000000000071e+00 3.361749111063480289e+00
2.089999999999999858e+00 3.361749022786617136e+00
2.100000000000000089e+00 3.361748921456336969e+00
2.109999999999999876e+00 3.361747210714816969e+00
2.120000000000000107e+00 3.361746392319202581e+00
2.129999999999999893e+00 3.361745608651637962e+00
2.140000000000000124e+00 3.361744990611076567e+00
2.149999999999999911e+00 3.361744625089168714e+00
2.160000000000000142e+00 3.361744486038684698e+00
2.169999999999999929e+00 3.361743580102920514e+00
2.180000000000000160e+00 3.361744903163909726e+00
2.189999999999999947e+00 3.361746813931465017e+00
2.200000000000000178e+00 3.361747797918319680e+00
2.209999999999999964e+00 3.361749138591289654e+00
2.220000000000000195e+00 3.361748661296367846e+00
2.229999999999999982e+00 3.361750955562591514e+00
2.240000000000000213e+00 3.361752931766509800e+00
2.250000000000000000e+00 3.361762824988365317e+00
2.260000000000000231e+00 3.361771208176612902e+00
2.270000000000000018e+00 3.361774151809215461e+00
2.280000000000000249e+00 3.361782384734153695e+00
2.290000000000000036e+00 3.361797363648414638e+00
2.300000000000000266e+00 3.361807129762172774e+00
2.310000000000000053e+00 3.361833163285255388e+00
2.319999999999999840e+00 3.361834914689064036e+00
2.330000000000000071e+00 3.361863665490150588e+00
2.339999999999999858e+00 3.361905586562156767e+00
2.350000000000000089e+00 3.361924332473277932e+00
2.359999999999999876e+00 3.362004419548511702e+00
2.370000000000000107e+00 3.362111004445552886e+00
2.379999999999999893e+00 3.362175538828373167e+00
2.390000000000000124e+00 3.362201466097831659e+00
2.399999999999999911e+00 3.362239772839546337e+00
2.410000000000000142e+00 3.351538003257513054e+00
2.419999999999999929e+00 3.360449590601921166e+00
2.430000000000000160e+00 3.360495327060222692e+00
2.439999999999999947e+00 3.360554268071651585e+00
2.450000000000000178e+00 3.360612385225295817e+00
2.459999999999999964e+00 3.360683448250293637e+00
2.470000000000000195e+00 3.360726377193927750e+00
2.479999999999999982e+00 3.360815466439723842e+00
2.490000000000000213e+00 3.360832566220760320e+00
2.500000000000000000e+00 3.360837108652591887e+00
2.510000000000000231e+00 3.360900797104835469e+00
2.520000000000000018e+00 3.360945825021266931e+00
2.530000000000000249e+00 3.361087039785385144e+00
2.540000000000000036e+00 3.361648116333484815e+00
2.550000000000000266e+00 3.362647726852893815e+00
2.560000000000000053e+00 3.364190862462520748e+00
2.569999999999999840e+00 3.366792545080184773e+00
2.580000000000000071e+00 3.370616325023174209e+00
2.589999999999999858e+00 3.376189290404319809e+00
2.600000000000000089e+00 3.382993056735992266e+00
2.609999999999999876e+00 3.390127200882434799e+00
2.620000000000000107e+00 3.399136624274254004e+00
2.629999999999999893e+00 3.408851413016319221e+00
2.640000000000000124e+00 3.419037815937995717e+00
2.649999999999999911e+00 3.429544298484325626e+00
2.660000000000000142e+00 3.440208521323203872e+00
2.669999999999999929e+00 3.452237826168537360e+00
2.680000000000000160e+00 3.465416389460563629e+00
2.689999999999999947e+00 3.478593230652809343e+00
2.700000000000000178e+00 3.490684122941493772e+00
2.709999999999999964e+00 3.503100374629497527e+00
2.720000000000000195e+00 3.514796951053142493e+00
2.729999999999999982e+00 3.524857099149226958e+00
2.740000000000000213e+00 3.533655408022403854e+00
2.750000000000000000e+00 3.542796206016540328e+00
2.760000000000000231e+00 3.550023094246387512e+00
2.770000000000000018e+00 3.556301581599712325e+00
2.780000000000000249e+00 3.561930296075344060e+00
2.790000000000000036e+00 3.566104678096771341e+00
2.800000000000000266e+00 3.569463550226688486e+00
2.810000000000000053e+00 3.571608459801673963e+00
2.819999999999999840e+00 3.573553394939899430e+00
2.830000000000000071e+00 3.574798097939491104e+00
2.839999999999999858e+00 3.575682895629405778e+00
2.850000000000000089e+00 3.576195563695430568e+00
2.859999999999999876e+00 3.576776119596958292e+00
2.870000000000000107e+00 3.577448862321376932e+00
2.879999999999999893e+00 3.577830296773910401e+00
2.890000000000000124e+00 3.578102600226402252e+00
2.899999999999999911e+00 3.578224358463287569e+00
2.910000000000000142e+00 3.578286735703945176e+00
2.919999999999999929e+00 3.578317079298496406e+00
2.930000000000000160e+00 3.578348638989925501e+00
2.939999999999999947e+00 3.578372398014068700e+00
2.950000000000000178e+00 3.578381463415622576e+00
2.959999999999999964e+00 3.578397793011665495e+00
2.970000000000000195e+00 3.578397793011665495e+00
2.979999999999999982e+00 3.578397793011665495e+00
2.990000000000000213e+00 3.578397793011665495e+00
3.000000000000000000e+00 3.578397793011665495e+00
