0.000000000000000000e+00 1.600360790588456483e-01 7.036126063462596614e-01
1.000000000000000021e-02 9.916612623798517490e-01 1.073578463866743604e+00
2.000000000000000042e-02 1.018880859658550353e+00 1.058444917829204357e+00
2.999999999999999889e-02 1.019534878227564834e+00 1.058499697588828115e+00
4.000000000000000083e-02 1.019828776400101278e+00 1.058421042611586982e+00
5.000000000000000278e-02 1.019913296317172646e+00 1.058413385529207718e+00
5.999999999999999778e-02 1.019919437563687081e+00 1.058416612850159977e+00
7.000000000000000666e-02 9.528160183651318560e-01 1.130666122669471196e+00
8.000000000000000167e-02 3.942900496844449432e+00 3.993719118290743442e+00
8.999999999999999667e-02 3.942900496844449432e+00 3.993719118290743442e+00
1.000000000000000056e-01 3.942900496844449432e+00 3.993719118290743442e+00
1.100000000000000006e-01 3.942900496844449432e+00 3.993719118290743442e+00
1.199999999999999956e-01 3.942900496844449432e+00 3.993719118290743442e+00
1.300000000000000044e-01 3.942900496844449432e+00 3.993719118290743442e+00
1.400000000000000133e-01 3.942900496844449432e+00 3.993719118290743442e+00
1.499999999999999944e-01 3.942900496844449432e+00 3.993719118290743442e+00
1.600000000000000033e-01 3.942900496844449432e+00 3.993719118290743442e+00
1.700000000000000122e-01 3.942900496844449432e+00 3.993719118290743442e+00
1.799999999999999933e-01 3.942900496844449432e+00 3.993719118290743442e+00
1.900000000000000022e-01 3.942895280804943337e+00 3.993719642991710561e+00
2.000000000000000111e-01 3.942890065306109637e+00 3.993720167152005285e+00
2.099999999999999922e-01 3.942887979257923892e+00 3.993720376664775085e+00
2.200000000000000011e-01 3.942880691181311459e+00 3.993721050690522301e+00
2.300000000000000100e-01 3.942879507544705842e+00 3.993721187521745986e+00
2.399999999999999911e-01 3.942868460660185814e+00 3.993733669428620292e+00
2.500000000000000000e-01 3.942839106481708544e+00 3.993749187466465234e+00
2.600000000000000089e-01 3.942778951730876891e+00 3.993773429317325707e+00
2.700000000000000178e-01 3.942327843263385034e+00 3.993935770447018641e+00
2.800000000000000266e-01 3.942161015818645975e+00 3.994014429099033148e+00
2.899999999999999800e-01 3.941903008978913103e+00 3.994122453338553758e+00
2.999999999999999889e-01 3.941897592142089568e+00 3.994121054031387619e+00
3.099999999999999978e-01 3.941815596801659272e+00 3.994140244477370150e+00
3.200000000000000067e-01 3.941498280409295951e+00 3.994217438212912086e+00
3.300000000000000155e-01 3.941495844379417690e+00 3.994218656085975816e+00
3.400000000000000244e-01 3.941252709606120508e+00 3.994307019488384736e+00
3.500000000000000333e-01 3.941158986639536455e+00 3.994342380624257505e+00
3.599999999999999867e-01 3.941005886476924402e+00 3.994426378289769097e+00
3.699999999999999956e-01 3.936681208374274821e+00 3.998248338411079406e+00
3.800000000000000044e-01 3.661899962793218499e+00 4.165710965265406074e+00
3.900000000000000133e-01 3.100527957542539959e+00 4.186700602909921187e+00
4.000000000000000222e-01 2.478296359046606945e+00 3.602503671299309929e+00
4.100000000000000311e-01 2.512719344326516779e+00 2.913762614301183884e+00
4.199999999999999845e-01 2.581341616238215231e+00 2.794041344090840262e+00
4.299999999999999933e-01 2.624195114348155222e+00 2.737321526639241220e+00
4.400000000000000022e-01 2.624204201081599575e+00 2.736843139282856274e+00
4.500000000000000111e-01 2.624212905441655419e+00 2.736201591848002490e+00
4.600000000000000200e-01 2.624207818507567236e+00 2.735688498964890858e+00
4.700000000000000289e-01 2.624348851271633087e+00 2.734662713345524132e+00
4.799999999999999822e-01 2.625019317314057243e+00 2.732250349457831629e+00
4.899999999999999911e-01 2.625439576482836213e+00 2.731224101271565896e+00
5.000000000000000000e-01 2.625367476049176307e+00 2.731850771240481368e+00
5.100000000000000089e-01 2.625189537927799854e+00 2.733516756871051001e+00
5.200000000000000178e-01 2.624225773263078043e+00 2.736293717436689921e+00
5.300000000000000266e-01 2.623553694238396350e+00 2.738717536745337799e+00
5.400000000000000355e-01 2.614727702156392386e+00 2.762853267334612450e+00
5.500000000000000444e-01 2.600584505771003752e+00 2.795358026992477374e+00
5.600000000000000533e-01 2.572309462890375098e+00 2.897237758908521865e+00
5.700000000000000622e-01 2.569123204793168469e+00 3.011837197314070735e+00
5.799999999999999600e-01 2.598167259420760988e+00 3.136125992460838230e+00
5.899999999999999689e-01 2.713809988243056193e+00 3.308266765015649202e+00
5.999999999999999778e-01 2.915912411182759012e+00 3.416638815032603471e+00
6.099999999999999867e-01 3.096733386741268301e+00 3.420336115993869885e+00
6.199999999999999956e-01 3.205254293245332065e+00 3.383742998362524901e+00
6.300000000000000044e-01 3.250596924314187675e+00 3.358222802777601323e+00
6.400000000000000133e-01 3.293323150890073769e+00 3.326487898871698157e+00
6.500000000000000222e-01 3.301259341158989447e+00 3.319651738138075903e+00
6.600000000000000311e-01 3.301478330604521894e+00 3.319494957554848469e+00
6.700000000000000400e-01 3.301478330604521894e+00 3.319494957554848469e+00
6.800000000000000488e-01 3.301478330604521894e+00 3.319494957554848469e+00
6.900000000000000577e-01 3.301478330604521894e+00 3.319494957554848469e+00
7.000000000000000666e-01 3.301478330604521894e+00 3.319494957554848469e+00
7.099999999999999645e-01 3.301478330604521894e+00 3.319494957554848469e+00
7.199999999999999734e-01 3.301478330604521894e+00 3.319494957554848469e+00
7.299999999999999822e-01 3.301478330604521894e+00 3.319494957554848469e+00
7.399999999999999911e-01 3.301478330604521894e+00 3.319494957554848469e+00
7.500000000000000000e-01 3.301478330604521894e+00 3.319494957554848469e+00
7.600000000000000089e-01 3.301478330604521894e+00 3.319494957554848469e+00
7.700000000000000178e-01 3.301478330604521894e+00 3.319494957554848469e+00
7.800000000000000266e-01 3.301478330604521894e+00 3.319494957554848469e+00
7.900000000000000355e-01 3.301478330604521894e+00 3.319494957554848469e+00
8.000000000000000444e-01 3.301478330604521894e+00 3.319494957554848469e+00
8.100000000000000533e-01 3.301478330604521894e+00 3.319494957554848469e+00
8.200000000000000622e-01 3.301478330604521894e+00 3.319494957554848469e+00
8.300000000000000711e-01 3.301478330604521894e+00 3.319494957554848469e+00
8.399999999999999689e-01 3.301478330604521894e+00 3.319494957554848469e+00
8.499999999999999778e-01 3.301478330604521894e+00 3.319494957554848469e+00
8.599999999999999867e-01 3.301478330604521894e+00 3.319494957554848469e+00
8.699999999999999956e-01 3.301478330604521894e+00 3.319494957554848469e+00
8.800000000000000044e-01 3.301478330604521894e+00 3.319494957554848469e+00
8.900000000000000133e-01 3.301478330604521894e+00 3.319494957554848469e+00
9.000000000000000222e-01 3.301478330604521894e+00 3.319494957554848469e+00
9.100000000000000311e-01 3.301478330604521894e+00 3.319494957554848469e+00
9.200000000000000400e-01 3.301478330604521894e+00 3.319494957554848469e+00
9.300000000000000488e-01 3.301478330604521894e+00 3.319494957554848469e+00
9.400000000000000577e-01 3.301478330604521894e+00 3.319494957554848469e+00
9.500000000000000666e-01 3.301478330604521894e+00 3.319494957554848469e+00
9.599999999999999645e-01 3.301478330604521894e+00 3.319494957554848469e+00
9.699999999999999734e-01 3.301478330604521894e+00 3.319494957554848469e+00
9.799999999999999822e-01 3.301478330604521894e+00 3.319494957554848469e+00
9.899999999999999911e-01 3.301478330604521894e+00 3.319494957554848469e+00
1.000000000000000000e+00 3.301478330604521894e+00 3.319494957554848469e+00
1.010000000000000009e+00 3.301478330604521894e+00 3.319494957554848469e+00
1.020000000000000018e+00 3.301478330604521894e+00 3.319494957554848469e+00
1.030000000000000027e+00 3.301478330604521894e+00 3.319494957554848469e+00
1.040000000000000036e+00 3.301478330604521894e+00 3.319494957554848469e+00
1.050000000000000044e+00 3.301478330604521894e+00 3.319494957554848469e+00
1.060000000000000053e+00 3.301478330604521894e+00 3.319494957554848469e+00
1.070000000000000062e+00 3.301478330604521894e+00 3.319494957554848469e+00
1.080000000000000071e+00 3.301478330604521894e+00 3.319494957554848469e+00
1.090000000000000080e+00 3.301478330604521894e+00 3.319494957554848469e+00
1.100000000000000089e+00 3.301478330604521894e+00 3.319494957554848469e+00
1.110000000000000098e+00 3.301478330604521894e+00 3.319494957554848469e+00
1.120000000000000107e+00 3.301478330604521894e+00 3.319494957554848469e+00
1.130000000000000115e+00 3.301478330604521894e+00 3.319494957554848469e+00
1.140000000000000124e+00 3.301478330604521894e+00 3.319494957554848469e+00
1.150000000000000133e+00 3.301478330604521894e+00 3.319494957554848469e+00
1.159999999999999920e+00 3.301478330604521894e+00 3.319494957554848469e+00
1.169999999999999929e+00 3.301478330604521894e+00 3.319494957554848469e+00
1.179999999999999938e+00 3.301478379113417017e+00 3.319495013501901237e+00
1.189999999999999947e+00 3.301478913817446070e+00 3.319496520018537566e+00
1.199999999999999956e+00 3.301480247351500363e+00 3.319500110686448568e+00
1.209999999999999964e+00 3.301483581347574692e+00 3.319499254684338929e+00
1.219999999999999973e+00 3.301486567409396056e+00 3.319500072981953931e+00
1.229999999999999982e+00 3.301486376104228793e+00 3.319497183528072437e+00
1.239999999999999991e+00 3.301486120172597349e+00 3.319494329699419932e+00
1.250000000000000000e+00 3.301485734029899977e+00 3.319489788130630448e+00
1.260000000000000009e+00 3.301485329107441746e+00 3.319485984831652470e+00
1.270000000000000018e+00 3.301485329107441746e+00 3.319485984831652470e+00
1.280000000000000027e+00 3.301485329107441746e+00 3.319485984831652470e+00
1.290000000000000036e+00 3.301485329107441746e+00 3.319485984831652470e+00
1.300000000000000044e+00 3.301485329107441746e+00 3.319485984831652470e+00
1.310000000000000053e+00 3.301485329107441746e+00 3.319485984831652470e+00
1.320000000000000062e+00 3.301485329107441746e+00 3.319485984831652470e+00
1.330000000000000071e+00 3.301485329107441746e+00 3.319485984831652470e+00
1.340000000000000080e+00 3.301485329107441746e+00 3.319485984831652470e+00
1.350000000000000089e+00 3.301485329107441746e+00 3.319485984831652470e+00
1.360000000000000098e+00 3.301485329107441746e+00 3.319485984831652470e+00
1.370000000000000107e+00 3.301485329107441746e+00 3.319485984831652470e+00
1.380000000000000115e+00 3.301485329107441746e+00 3.319485984831652470e+00
1.390000000000000124e+00 3.301485329107441746e+00 3.319485984831652470e+00
1.400000000000000133e+00 3.301485329107441746e+00 3.319485984831652470e+00
1.409999999999999920e+00 3.301485329107441746e+00 3.319485984831652470e+00
1.419999999999999929e+00 3.301485329107441746e+00 3.319485984831652470e+00
1.429999999999999938e+00 3.301485329107441746e+00 3.319485984831652470e+00
1.439999999999999947e+00 3.301485329107441746e+00 3.319485984831652470e+00
1.449999999999999956e+00 3.301485329107441746e+00 3.319485984831652470e+00
1.459999999999999964e+00 3.301485329107441746e+00 3.319485984831652470e+00
1.469999999999999973e+00 3.301485329107441746e+00 3.319485984831652470e+00
1.479999999999999982e+00 3.301484556446799168e+00 3.319487789086571716e+00
1.489999999999999991e+00 3.301484568444281731e+00 3.319487729858368485e+00
1.500000000000000000e+00 3.301484167735838859e+00 3.319489292075371800e+00
1.510000000000000009e+00 3.301484179158149068e+00 3.319489116754593461e+00
1.520000000000000018e+00 3.301484179158149068e+00 3.319489116754593461e+00
1.530000000000000027e+00 3.301484230616591908e+00 3.319489110486007810e+00
1.540000000000000036e+00 3.301470542652153561e+00 3.319517712233519546e+00
1.550000000000000044e+00 3.301469810872186716e+00 3.319528497533689393e+00
1.560000000000000053e+00 3.301446044621491716e+00 3.319581824941611359e+00
1.570000000000000062e+00 3.301418940782741007e+00 3.319646594366833181e+00
1.580000000000000071e+00 3.301382395779027590e+00 3.319723504866228581e+00
1.590000000000000080e+00 3.301381400515640774e+00 3.319725954211150576e+00
1.600000000000000089e+00 3.301323418921421560e+00 3.319853529144336068e+00
1.610000000000000098e+00 3.301307362643688403e+00 3.319899557064563300e+00
1.620000000000000107e+00 3.301283927324297540e+00 3.319961034304616643e+00
1.630000000000000115e+00 3.301269967661374150e+00 3.320006882376200341e+00
1.640000000000000124e+00 3.301263935932334359e+00 3.320020100155655296e+00
1.650000000000000133e+00 3.301243473273377305e+00 3.320066345800300134e+00
1.660000000000000142e+00 3.301229710036592824e+00 3.320095467036886294e+00
1.669999999999999929e+00 3.301223022664820483e+00 3.320109799233639691e+00
1.679999999999999938e+00 3.301165878120404074e+00 3.320221518014926154e+00
1.689999999999999947e+00 3.301073810283515098e+00 3.320405442970421728e+00
1.699999999999999956e+00 3.300980854022297795e+00 3.320574713375773701e+00
1.709999999999999964e+00 3.300957703102771923e+00 3.320622350040729032e+00
1.719999999999999973e+00 3.300949545691143072e+00 3.320636694042552683e+00
1.729999999999999982e+00 3.300943032238971675e+00 3.320653422076214056e+00
1.739999999999999991e+00 3.300941682197437554e+00 3.320656284778728651e+00
1.750000000000000000e+00 3.300897729169920414e+00 3.320682043316766308e+00
1.760000000000000009e+00 3.300854479971566224e+00 3.320708828090987108e+00
1.770000000000000018e+00 3.300795014306606490e+00 3.320747141087947440e+00
1.780000000000000027e+00 3.300637336059934590e+00 3.320811689861886684e+00
1.790000000000000036e+00 3.300508642548265925e+00 3.320872335168179923e+00
1.800000000000000044e+00 3.300454358670795063e+00 3.320899206917202751e+00
1.810000000000000053e+00 3.300387517413855054e+00 3.320930890321969198e+00
1.820000000000000062e+00 3.300218649273834792e+00 3.321006511153258955e+00
1.830000000000000071e+00 3.300092117148825999e+00 3.321058113931229627e+00
1.840000000000000080e+00 3.300016624518308905e+00 3.321090054821099979e+00
1.850000000000000089e+00 3.299886354899786767e+00 3.321156662501908663e+00
1.860000000000000098e+00 3.299695192974433144e+00 3.321258082129136202e+00
1.870000000000000107e+00 3.299410426324065782e+00 3.321380719253364866e+00
1.880000000000000115e+00 3.299272097036939577e+00 3.321450530993837802e+00
1.890000000000000124e+00 3.299228997045754674e+00 3.321465057486296502e+00
1.900000000000000133e+00 3.299164142241954423e+00 3.321478088359356207e+00
1.910000000000000142e+00 3.299164142241954423e+00 3.321478088359356207e+00
1.919999999999999929e+00 3.299030191949218427e+00 3.321535439898163133e+00
1.929999999999999938e+00 3.299020280564994412e+00 3.321530641390114003e+00
1.939999999999999947e+00 3.299001794459646586e+00 3.321528618471795813e+00
1.949999999999999956e+00 3.298995044881346317e+00 3.321533851889131306e+00
1.959999999999999964e+00 3.298992934786626030e+00 3.321539818037203773e+00
1.969999999999999973e+00 3.298985635639683611e+00 3.321541496299250884e+00
1.979999999999999982e+00 3.298985588072339770e+00 3.321541438127954660e+00
1.989999999999999991e+00 3.298982725585860809e+00 3.321541262603836753e+00
2.000000000000000000e+00 3.298980269282285605e+00 3.321541150362070205e+00
2.010000000000000231e+00 3.298973049530357748e+00 3.321540647287993586e+00
2.020000000000000018e+00 3.298973077978402557e+00 3.321540540333479896e+00
2.030000000000000249e+00 3.298971197254035204e+00 3.321540858948853092e+00
2.040000000000000036e+00 3.298962106945535044e+00 3.321537997739294479e+00
2.049999999999999822e+00 3.298934401593093924e+00 3.321535018768424941e+00
2.060000000000000053e+00 3.298915101372201342e+00 3.321526113427679228e+00
2.069999999999999840e+00 3.298909378591095010e+00 3.321519797920669870e+00
2.080000000000000071e+00 3.298857694066976709e+00 3.321538425026918429e+00
2.089999999999999858e+00 3.298702950701304815e+00 3.321631264191082344e+00
2.100000000000000089e+00 3.298541135348008524e+00 3.321730709811522075e+00
2.109999999999999876e+00 3.298310685852090529e+00 3.321880793082197414e+00
2.120000000000000107e+00 3.297373842605308081e+00 3.322572608448310927e+00
2.129999999999999893e+00 3.296986390202016892e+00 3.322841247775583540e+00
2.140000000000000124e+00 3.296036952155153354e+00 3.323502533223111843e+00
2.149999999999999911e+00 3.294610132543414061e+00 3.324516116936833576e+00
2.160000000000000142e+00 3.293602221077897685e+00 3.325160005713483802e+00
2.169999999999999929e+00 3.292374233677580975e+00 3.325962484156891996e+00
2.180000000000000160e+00 3.291550057822601349e+00 3.326476071818931235e+00
2.189999999999999947e+00 3.290689429396929988e+00 3.327037476521191195e+00
2.200000000000000178e+00 3.290177855181537936e+00 3.327416937737621261e+00
2.209999999999999964e+00 3.288737571345901056e+00 3.329069519351387729e+00
2.220000000000000195e+00 3.286505887498205603e+00 3.331513150177651816e+00
2.229999999999999982e+00 3.283361585719844822e+00 3.335262098586299739e+00
2.240000000000000213e+00 3.281238503786488625e+00 3.337866368330554057e+00
2.250000000000000000e+00 3.272575569554531771e+00 3.349519442261492674e+00
2.260000000000000231e+00 3.261135596888821375e+00 3.366182050334651343e+00
2.270000000000000018e+00 3.251945994355504688e+00 3.381933197968179705e+00
2.280000000000000249e+00 3.237420340298560184e+00 3.412199119258972679e+00
2.290000000000000036e+00 3.224127290726687800e+00 3.446734808105442749e+00
2.300000000000000266e+00 3.211384417580922968e+00 3.495246763311067983e+00
2.310000000000000053e+00 3.204543688847510730e+00 3.564436119149239524e+00
2.319999999999999840e+00 3.213782797210268605e+00 3.645605962097592467e+00
2.330000000000000071e+00 3.244620496632585560e+00 3.733411399615278459e+00
2.339999999999999858e+00 3.307564098787222129e+00 3.823002062592592232e+00
2.350000000000000089e+00 3.384455130521710764e+00 3.885120260537211045e+00
2.359999999999999876e+00 3.475032085869310450e+00 3.925071424815656407e+00
2.370000000000000107e+00 3.557888956442991191e+00 3.939089625614962120e+00
2.379999999999999893e+00 3.638824735228275653e+00 3.933377198799396179e+00
2.390000000000000124e+00 3.702430251229217983e+00 3.916468309194633068e+00
2.399999999999999911e+00 3.741105055050870209e+00 3.900039598684290620e+00
2.410000000000000142e+00 3.766379403551840976e+00 3.886434443503593794e+00
2.419999999999999929e+00 3.779203377794634999e+00 3.878695687203991493e+00
2.430000000000000160e+00 3.786659485338364384e+00 3.874218527228202369e+00
2.439999999999999947e+00 3.790199736330574609e+00 3.872079797680312296e+00
2.450000000000000178e+00 3.794153114371810354e+00 3.869664150375808909e+00
2.459999999999999964e+00 3.797581985269469662e+00 3.867529750684814971e+00
2.470000000000000195e+00 3.805841362954167639e+00 3.861671310719462458e+00
2.479999999999999982e+00 3.807022292811776509e+00 3.861150570447539287e+00
2.490000000000000213e+00 3.808090076957842296e+00 3.860689656652310564e+00
2.500000000000000000e+00 3.808690203878313252e+00 3.860447282841771521e+00
2.510000000000000231e+00 3.809696504686993279e+00 3.859999060536700277e+00
2.520000000000000018e+00 3.810242570137423623e+00 3.859779158573704461e+00
2.530000000000000249e+00 3.810827431354394612e+00 3.859529185781607197e+00
2.540000000000000036e+00 3.811282315578790492e+00 3.859321385411886407e+00
2.550000000000000266e+00 3.811617172573846801e+00 3.859193244992452421e+00
2.560000000000000053e+00 3.811979752273108257e+00 3.859022634649728278e+00
2.569999999999999840e+00 3.812580794338987111e+00 3.858709473610117513e+00
2.580000000000000071e+00 3.812902283726652630e+00 3.858558052419702289e+00
2.589999999999999858e+00 3.813159081246849436e+00 3.858408499567512084e+00
2.600000000000000089e+00 3.813401459691546425e+00 3.858212088491895120e+00
2.609999999999999876e+00 3.813782058395375429e+00 3.857882838388452917e+00
2.620000000000000107e+00 3.813960204355846706e+00 3.857817952916492210e+00
2.629999999999999893e+00 3.814217219231516243e+00 3.857629322464078303e+00
2.640000000000000124e+00 3.814554704305641586e+00 3.857408966634757519e+00
2.649999999999999911e+00 3.814848965669559000e+00 3.857159371642185697e+00
2.660000000000000142e+00 3.815047305532127897e+00 3.857025577978462128e+00
2.669999999999999929e+00 3.815350718370777106e+00 3.856870367125171395e+00
2.680000000000000160e+00 3.815830775164137822e+00 3.856622208472718416e+00
2.689999999999999947e+00 3.816105359741508884e+00 3.856459581240356371e+00
2.700000000000000178e+00 3.816367184859735140e+00 3.856241802810209229e+00
2.709999999999999964e+00 3.816830745624447907e+00 3.855723875623797703e+00
2.720000000000000195e+00 3.817089660291455466e+00 3.855537439704157521e+00
2.729999999999999982e+00 3.817335230105323607e+00 3.855267797443466815e+00
2.740000000000000213e+00 3.817360948135315457e+00 3.855256611731590066e+00
2.750000000000000000e+00 3.817455104086229234e+00 3.855189959314039072e+00
2.760000000000000231e+00 3.817522379567625634e+00 3.855171998760697605e+00
2.770000000000000018e+00 3.817522385505084159e+00 3.855172027098293874e+00
2.780000000000000249e+00 3.817581857428967052e+00 3.855057439903796901e+00
2.790000000000000036e+00 3.817582762251142903e+00 3.855054704460854964e+00
2.800000000000000266e+00 3.817590375136431291e+00 3.855044383631650362e+00
2.810000000000000053e+00 3.817603738833184046e+00 3.855021648673300660e+00
2.819999999999999840e+00 3.817603694612966336e+00 3.855016691205515045e+00
2.830000000000000071e+00 3.817636551814187040e+00 3.854925820979964168e+00
2.839999999999999858e+00 3.817631366500797263e+00 3.854912890377101498e+00
2.850000000000000089e+00 3.817666920945776088e+00 3.854846438701021061e+00
2.859999999999999876e+00 3.817717028372253907e+00 3.854753930866752221e+00
2.870000000000000107e+00 3.817784464392101285e+00 3.854581395602787453e+00
2.879999999999999893e+00 3.817847331667120869e+00 3.854426130676094964e+00
2.890000000000000124e+00 3.817924460694916089e+00 3.854259878871314715e+00
2.899999999999999911e+00 3.817942631195892833e+00 3.854168062187323773e+00
2.910000000000000142e+00 3.817963588249907225e+00 3.854095933868661561e+00
2.919999999999999929e+00 3.818138252163879365e+00 3.853711519044884071e+00
2.930000000000000160e+00 3.818164735998102355e+00 3.853615456052831068e+00
2.939999999999999947e+00 3.818314463038518181e+00 3.853302760815546346e+00
2.950000000000000178e+00 3.818427693243511278e+00 3.853038678192607591e+00
2.959999999999999964e+00 3.818542159172994666e+00 3.852790503891008633e+00
2.970000000000000195e+00 3.818580199394858266e+00 3.852701963896119519e+00
2.979999999999999982e+00 3.818757178043262535e+00 3.852359375587566248e+00
2.990000000000000213e+00 3.819118191063477052e+00 3.851652700660155748e+00
3.000000000000000000e+00 3.819382632482499318e+00 3.851108025581389427e+00
