0.000000000000000000e+00 3.893996301894489420e+00 3.994544719834026480e+00
1.000000000000000021e-02 3.907326327919824038e+00 3.987484821567671034e+00
2.000000000000000042e-02 3.909471534589762154e+00 3.986327020250325592e+00
2.999999999999999889e-02 3.909544034159057713e+00 3.986327016904480214e+00
4.000000000000000083e-02 3.909601901581677641e+00 3.986337031070795955e+00
5.000000000000000278e-02 3.909522737913268653e+00 3.986393000788551522e+00
5.999999999999999778e-02 3.909470892214721882e+00 3.986426575985008380e+00
7.000000000000000666e-02 3.909510482234078044e+00 3.986453288660925853e+00
8.000000000000000167e-02 3.909529478571680539e+00 3.986478545329304790e+00
8.999999999999999667e-02 3.909251711666733353e+00 3.986585458729118070e+00
1.000000000000000056e-01 3.908970832700660925e+00 3.986672317452498948e+00
1.100000000000000006e-01 3.906491483441486778e+00 3.987767487911090036e+00
1.199999999999999956e-01 3.903238506663222918e+00 3.989079219166855150e+00
1.300000000000000044e-01 3.521231279415701465e+00 4.179651750226403450e+00
1.400000000000000133e-01 2.642644605798180280e+00 3.858170150356833972e+00
1.499999999999999944e-01 2.557106030077263448e+00 2.916459710207655931e+00
1.600000000000000033e-01 2.689003039299860731e+00 2.731744471619710346e+00
1.700000000000000122e-01 2.691850571131270353e+00 2.729995644636590502e+00
1.799999999999999933e-01 2.692079109382063518e+00 2.729880725541681041e+00
1.900000000000000022e-01 2.692145716233388164e+00 2.729850454153879724e+00
2.000000000000000111e-01 2.692167360728895620e+00 2.729849982124650243e+00
2.099999999999999922e-01 2.692192783807349166e+00 2.729846871634888927e+00
2.200000000000000011e-01 2.692203630296875705e+00 2.729846522839377787e+00
2.300000000000000100e-01 2.692218028281568643e+00 2.729847162844301067e+00
2.399999999999999911e-01 2.692239452567995350e+00 2.729845616005956543e+00
2.500000000000000000e-01 2.692247756442347040e+00 2.729849739785871421e+00
2.600000000000000089e-01 2.692248349308496991e+00 2.729849908371442702e+00
2.700000000000000178e-01 2.692250185967028919e+00 2.729852600755154235e+00
2.800000000000000266e-01 2.692256329489636002e+00 2.729853195156169754e+00
2.899999999999999800e-01 2.692261293778615894e+00 2.729852676920694776e+00
2.999999999999999889e-01 2.692264908911686128e+00 2.729853954451580300e+00
3.099999999999999978e-01 2.692268144945214825e+00 2.729854605055738848e+00
3.200000000000000067e-01 2.692269236468607829e+00 2.729855597868626305e+00
3.300000000000000155e-01 2.692271176378698616e+00 2.729855547688035511e+00
3.400000000000000244e-01 2.692271637171873788e+00 2.729855685873856519e+00
3.500000000000000333e-01 2.692272322055951239e+00 2.729854913313731313e+00
3.599999999999999867e-01 2.692270858539324685e+00 2.729855471211689810e+00
3.699999999999999956e-01 2.692271980166396350e+00 2.729856494956055091e+00
3.800000000000000044e-01 2.692271818448307208e+00 2.729856147116420217e+00
3.900000000000000133e-01 2.692228301612780594e+00 2.729936333292080963e+00
4.000000000000000222e-01 2.692122550544458814e+00 2.730163372688573009e+00
4.100000000000000311e-01 2.692105178370416851e+00 2.730248276186048706e+00
4.199999999999999845e-01 2.658881724222052600e+00 2.777888928506027977e+00
4.299999999999999933e-01 2.647296822459103360e+00 2.801012761290667896e+00
4.400000000000000022e-01 2.618267460454146267e+00 2.897400462910493246e+00
4.500000000000000111e-01 2.634020899298112006e+00 3.067150985148032305e+00
4.600000000000000200e-01 2.753802562780959029e+00 3.233358658952134590e+00
4.700000000000000289e-01 2.911875158656212825e+00 3.302655325285819288e+00
4.799999999999999822e-01 3.045235962505107530e+00 3.300195401549572694e+00
4.899999999999999911e-01 3.128285494013603785e+00 3.271076211709205150e+00
5.000000000000000000e-01 3.174159385080491003e+00 3.243416858620490562e+00
5.100000000000000089e-01 3.187803442593880821e+00 3.233519931052855068e+00
5.200000000000000178e-01 3.195579511717780985e+00 3.227268076549545395e+00
5.300000000000000266e-01 3.199290144923550017e+00 3.224371594654696693e+00
5.400000000000000355e-01 3.201583273138028041e+00 3.222595489169139071e+00
5.500000000000000444e-01 3.202028771648160799e+00 3.222337587285288407e+00
5.600000000000000533e-01 3.202801072450468745e+00 3.221810070223023459e+00
5.700000000000000622e-01 3.203236855991507426e+00 3.221515020558213038e+00
5.799999999999999600e-01 3.203447721260097136e+00 3.221372877881023999e+00
5.899999999999999689e-01 3.203892454871630768e+00 3.221085292387509291e+00
5.999999999999999778e-01 3.204174733351540461e+00 3.220913970233130641e+00
6.099999999999999867e-01 3.204257648108564283e+00 3.220857679502405091e+00
6.199999999999999956e-01 3.204332277594093448e+00 3.220809621862884775e+00
6.300000000000000044e-01 3.204452117975980396e+00 3.220737295485704532e+00
6.400000000000000133e-01 3.204480518648195275e+00 3.220722774365377017e+00
6.500000000000000222e-01 3.204637733362915686e+00 3.220639747859237456e+00
6.600000000000000311e-01 3.204695963379596169e+00 3.220611219065930175e+00
6.700000000000000400e-01 3.204724407634546246e+00 3.220595740647504535e+00
6.800000000000000488e-01 3.204794021275327864e+00 3.220557483970834411e+00
6.900000000000000577e-01 3.204831987098615720e+00 3.220538175183373930e+00
7.000000000000000666e-01 3.204841303862022706e+00 3.220533440414977910e+00
7.099999999999999645e-01 3.204921096444704354e+00 3.220495764898679170e+00
7.199999999999999734e-01 3.204965867850080308e+00 3.220472775052294345e+00
7.299999999999999822e-01 3.205011890137085206e+00 3.220449910295120066e+00
7.399999999999999911e-01 3.205046401322404037e+00 3.220432144190748858e+00
7.500000000000000000e-01 3.205052351450785153e+00 3.220428920836583941e+00
7.600000000000000089e-01 3.205052351450785153e+00 3.220428920836583941e+00
7.700000000000000178e-01 3.205052351450785153e+00 3.220428920836583941e+00
7.800000000000000266e-01 3.205052351450785153e+00 3.220428920836583941e+00
7.900000000000000355e-01 3.205052351450785153e+00 3.220428920836583941e+00
8.000000000000000444e-01 3.205049874129915821e+00 3.220427756761884197e+00
8.100000000000000533e-01 3.205043745090566443e+00 3.220423964164651931e+00
8.200000000000000622e-01 3.205035104787050226e+00 3.220420947206319884e+00
8.300000000000000711e-01 3.205032274707289908e+00 3.220419808193710764e+00
8.399999999999999689e-01 3.205023406499422745e+00 3.220413902856313459e+00
8.499999999999999778e-01 3.205021020563109779e+00 3.220412251469627840e+00
8.599999999999999867e-01 3.205019440294325506e+00 3.220410574182450247e+00
8.699999999999999956e-01 3.205014938194451712e+00 3.220407125866712850e+00
8.800000000000000044e-01 3.205004989403726690e+00 3.220400686632154397e+00
8.900000000000000133e-01 3.204998192798378387e+00 3.220396469133613326e+00
9.000000000000000222e-01 3.204987095412268783e+00 3.220392691031441768e+00
9.100000000000000311e-01 3.204973382073258215e+00 3.220388467525626019e+00
9.200000000000000400e-01 3.204956726744494055e+00 3.220383946263471131e+00
9.300000000000000488e-01 3.204948414443820948e+00 3.220381504427104691e+00
9.400000000000000577e-01 3.204937519769089693e+00 3.220378382344824875e+00
9.500000000000000666e-01 3.204932101125771648e+00 3.220375891160910609e+00
9.599999999999999645e-01 3.204930692276280801e+00 3.220375255842882645e+00
9.699999999999999734e-01 3.204928013610542692e+00 3.220374295063315628e+00
9.799999999999999822e-01 3.204927723456147959e+00 3.220374167699095125e+00
9.899999999999999911e-01 3.204929164880549131e+00 3.220374528747761644e+00
1.000000000000000000e+00 3.204928928519210185e+00 3.220374444674531045e+00
1.010000000000000009e+00 3.204930051014497128e+00 3.220374668419287101e+00
1.020000000000000018e+00 3.204930106891924257e+00 3.220374668884938618e+00
1.030000000000000027e+00 3.204929916455141914e+00 3.220374569271214682e+00
1.040000000000000036e+00 3.204932219186164666e+00 3.220375297784469737e+00
1.050000000000000044e+00 3.204932241131866366e+00 3.220375311401283636e+00
1.060000000000000053e+00 3.204932507935582375e+00 3.220375553096712640e+00
1.070000000000000062e+00 3.204932573774724069e+00 3.220375593945116854e+00
1.080000000000000071e+00 3.204932815843795524e+00 3.220375823577667163e+00
1.090000000000000080e+00 3.204933094658636517e+00 3.220376095323777665e+00
1.100000000000000089e+00 3.204933196275555396e+00 3.220376184069789538e+00
1.110000000000000098e+00 3.204926897533907137e+00 3.220404571267590832e+00
1.120000000000000107e+00 3.204918939782641640e+00 3.220443271068073710e+00
1.130000000000000115e+00 3.204902496742000118e+00 3.220535920044193645e+00
1.140000000000000124e+00 3.204872840611551865e+00 3.220679086563969840e+00
1.150000000000000133e+00 3.204864310764155011e+00 3.220742449847378897e+00
1.159999999999999920e+00 3.204849628742471257e+00 3.220894237386449976e+00
1.169999999999999929e+00 3.204837752950667973e+00 3.220945138689995435e+00
1.179999999999999938e+00 3.204818865173326259e+00 3.221026053168310810e+00
1.189999999999999947e+00 3.204795553027238064e+00 3.221074346665297128e+00
1.199999999999999956e+00 3.204772833696640788e+00 3.221172830532752052e+00
1.209999999999999964e+00 3.204636551702597647e+00 3.221504166786095968e+00
1.219999999999999973e+00 3.204506650465791751e+00 3.221814554568464217e+00
1.229999999999999982e+00 3.204217155294214248e+00 3.222206027889455537e+00
1.239999999999999991e+00 3.203782737316800411e+00 3.222606854610728266e+00
1.250000000000000000e+00 3.203336717170069292e+00 3.222998659035375191e+00
1.260000000000000009e+00 3.202919101048619765e+00 3.223337294935076258e+00
1.270000000000000018e+00 3.202552248943571378e+00 3.223693917905564810e+00
1.280000000000000027e+00 3.201628594619563284e+00 3.224392046015927438e+00
1.290000000000000036e+00 3.201317734442313157e+00 3.224653880800645300e+00
1.300000000000000044e+00 3.201022643718193894e+00 3.224852242069770281e+00
1.310000000000000053e+00 3.200529546685035420e+00 3.225203687348549231e+00
1.320000000000000062e+00 3.200194407480417169e+00 3.225458303343595290e+00
1.330000000000000071e+00 3.199788291024516784e+00 3.225703087931324209e+00
1.340000000000000080e+00 3.199529282212284720e+00 3.225887022719356345e+00
1.350000000000000089e+00 3.199333601692174067e+00 3.226026099435831629e+00
1.360000000000000098e+00 3.199143373501944776e+00 3.226134878126930783e+00
1.370000000000000107e+00 3.198939439228646098e+00 3.226242886873610605e+00
1.380000000000000115e+00 3.198610957411101019e+00 3.226436356836983599e+00
1.390000000000000124e+00 3.198551822826711355e+00 3.226467086131723949e+00
1.400000000000000133e+00 3.198356132127657681e+00 3.226556200612172631e+00
1.409999999999999920e+00 3.198178045549925130e+00 3.226645555319253234e+00
1.419999999999999929e+00 3.198083216880307944e+00 3.226696567808641447e+00
1.429999999999999938e+00 3.197871573623214836e+00 3.226817396303618857e+00
1.439999999999999947e+00 3.197845231828064794e+00 3.226829511628775737e+00
1.449999999999999956e+00 3.197837387812829668e+00 3.226850169889234898e+00
1.459999999999999964e+00 3.197832424511366955e+00 3.226881029825753533e+00
1.469999999999999973e+00 3.197835957923996553e+00 3.226906185640228131e+00
1.479999999999999982e+00 3.197840591107610653e+00 3.226963538106676577e+00
1.489999999999999991e+00 3.197841915448178973e+00 3.226966289016733214e+00
1.500000000000000000e+00 3.197842860905081075e+00 3.226969796508401878e+00
1.510000000000000009e+00 3.197840690895612958e+00 3.226983282073442538e+00
1.520000000000000018e+00 3.197840350929766373e+00 3.226993662193746282e+00
1.530000000000000027e+00 3.197832720720176880e+00 3.227037148402327915e+00
1.540000000000000036e+00 3.197827195138342127e+00 3.227059868865602255e+00
1.550000000000000044e+00 3.197824000769647235e+00 3.227067219976393453e+00
1.560000000000000053e+00 3.197821451994929287e+00 3.227072437894788148e+00
1.570000000000000062e+00 3.197818395867151775e+00 3.227079077568249854e+00
1.580000000000000071e+00 3.197812281448394689e+00 3.227092668340652448e+00
1.590000000000000080e+00 3.197785199067631368e+00 3.227194983766040082e+00
1.600000000000000089e+00 3.197759648470356098e+00 3.227217551255749051e+00
1.610000000000000098e+00 3.195125324245295939e+00 3.230509146761097572e+00
1.620000000000000107e+00 3.189190371931610812e+00 3.238408032585563312e+00
1.630000000000000115e+00 3.185540246579435575e+00 3.243640351665231236e+00
1.640000000000000124e+00 3.181167241525518108e+00 3.250233788509500954e+00
1.650000000000000133e+00 3.178541598569773807e+00 3.254096263464070216e+00
1.660000000000000142e+00 3.173245823935855192e+00 3.262946549568783716e+00
1.669999999999999929e+00 3.169628491142881810e+00 3.268622351333009046e+00
1.679999999999999938e+00 3.165570244141161282e+00 3.275567760166585352e+00
1.689999999999999947e+00 3.162439937832826953e+00 3.279150082027440849e+00
1.699999999999999956e+00 3.158618449453832966e+00 3.283418700829026982e+00
1.709999999999999964e+00 3.151453809247917626e+00 3.301171558531813766e+00
1.719999999999999973e+00 3.145196744551453705e+00 3.324271982956137350e+00
1.729999999999999982e+00 3.140363220548579637e+00 3.341366054139187636e+00
1.739999999999999991e+00 3.137490828729591286e+00 3.353044568280258098e+00
1.750000000000000000e+00 3.135127963085040825e+00 3.364026179247035842e+00
1.760000000000000009e+00 3.132525701712829402e+00 3.377929655504959605e+00
1.770000000000000018e+00 3.128572452768773715e+00 3.400870382237940248e+00
1.780000000000000027e+00 3.125563725221537137e+00 3.431266052276707779e+00
1.790000000000000036e+00 3.124700288875974064e+00 3.461066660243594217e+00
1.800000000000000044e+00 3.126725358667786558e+00 3.495727371773306835e+00
1.810000000000000053e+00 3.134844022407442310e+00 3.545094060316174911e+00
1.820000000000000062e+00 3.150956109292378571e+00 3.599024600136409013e+00
1.830000000000000071e+00 3.181397723714123771e+00 3.661515901702632192e+00
1.840000000000000080e+00 3.227836047001849007e+00 3.724241150740613460e+00
1.850000000000000089e+00 3.291991276621808460e+00 3.779578554673205026e+00
1.860000000000000098e+00 3.364027779754760861e+00 3.816822691269752266e+00
1.870000000000000107e+00 3.447991951503523111e+00 3.838705434217683177e+00
1.880000000000000115e+00 3.527181468430967470e+00 3.839862035406618190e+00
1.890000000000000124e+00 3.589991447996903062e+00 3.828624244075011340e+00
1.900000000000000133e+00 3.639822336982553086e+00 3.810359878998930139e+00
1.910000000000000142e+00 3.664038646920560360e+00 3.798288052250505586e+00
1.919999999999999929e+00 3.675563331545220969e+00 3.792141903568876593e+00
1.929999999999999938e+00 3.679997400951815933e+00 3.789714583668278181e+00
1.939999999999999947e+00 3.683103554710581484e+00 3.788048237362668047e+00
1.949999999999999956e+00 3.683524909330421426e+00 3.787902966374343539e+00
1.959999999999999964e+00 3.684515668080394324e+00 3.787549751426632749e+00
1.969999999999999973e+00 3.684897475474977924e+00 3.787396913353299865e+00
1.979999999999999982e+00 3.685653361961495289e+00 3.787120452649940017e+00
1.989999999999999991e+00 3.685839325245570564e+00 3.787059544054318216e+00
2.000000000000000000e+00 3.686247057489755896e+00 3.786897332344648426e+00
2.010000000000000231e+00 3.686493955512212040e+00 3.786804176950289147e+00
2.020000000000000018e+00 3.686772725207362100e+00 3.786672602217641348e+00
2.030000000000000249e+00 3.687235051409162523e+00 3.786466407211862339e+00
2.040000000000000036e+00 3.687463691938076327e+00 3.786400200540866567e+00
2.049999999999999822e+00 3.688019829543047301e+00 3.786292435605115969e+00
2.060000000000000053e+00 3.688790668027423170e+00 3.786170924375034996e+00
2.069999999999999840e+00 3.689240460970054425e+00 3.786120508315910183e+00
2.080000000000000071e+00 3.689644980793930884e+00 3.786096020816825281e+00
2.089999999999999858e+00 3.689781837612634785e+00 3.786108766330236630e+00
2.100000000000000089e+00 3.689955957939244247e+00 3.786141679766558799e+00
2.109999999999999876e+00 3.690170806984644614e+00 3.786177356028813890e+00
2.120000000000000107e+00 3.690561859087742480e+00 3.786250397672854984e+00
2.129999999999999893e+00 3.690770476176944648e+00 3.786285983683857381e+00
2.140000000000000124e+00 3.691058755900031851e+00 3.786356309822433541e+00
2.149999999999999911e+00 3.691432257712855325e+00 3.786425434833988746e+00
2.160000000000000142e+00 3.691587340513742266e+00 3.786449332493269093e+00
2.169999999999999929e+00 3.691643424744265989e+00 3.786451253986698351e+00
2.180000000000000160e+00 3.691671156381183483e+00 3.786458295866436341e+00
2.189999999999999947e+00 3.691660543246188197e+00 3.786453983268819101e+00
2.200000000000000178e+00 3.691675517095307946e+00 3.786476736027021950e+00
2.209999999999999964e+00 3.691657997820387838e+00 3.786486634337892010e+00
2.220000000000000195e+00 3.691528697083349186e+00 3.786488455125932795e+00
2.229999999999999982e+00 3.691548698364192749e+00 3.786528522819584186e+00
2.240000000000000213e+00 3.691511387296710023e+00 3.786557795022930772e+00
2.250000000000000000e+00 3.691428434088445343e+00 3.786642909133218993e+00
2.260000000000000231e+00 3.691260616650239967e+00 3.786736482439382101e+00
2.270000000000000018e+00 3.690835059724746348e+00 3.786866096219124511e+00
2.280000000000000249e+00 3.690977079112254255e+00 3.787070921061314710e+00
2.290000000000000036e+00 3.690918203760439997e+00 3.787142864140217835e+00
2.300000000000000266e+00 3.690660094911339950e+00 3.787275212591406426e+00
2.310000000000000053e+00 3.690390716426489526e+00 3.787419600260141017e+00
2.319999999999999840e+00 3.690279859724508782e+00 3.787668028649819441e+00
2.330000000000000071e+00 3.690066619567821782e+00 3.787940779252101819e+00
2.339999999999999858e+00 3.690049345584922591e+00 3.788441507409996412e+00
2.350000000000000089e+00 3.690022694591362562e+00 3.789114508396308256e+00
2.359999999999999876e+00 3.690295996851145510e+00 3.790028178077519350e+00
2.370000000000000107e+00 3.690313183285110377e+00 3.790618328555710015e+00
2.379999999999999893e+00 3.690373041707701418e+00 3.791174847634606770e+00
2.390000000000000124e+00 3.690155070484706812e+00 3.791592158032825566e+00
2.399999999999999911e+00 3.689393161893121942e+00 3.792215368780858853e+00
2.410000000000000142e+00 3.687620404653408901e+00 3.793241135368487615e+00
2.419999999999999929e+00 3.687199229476141316e+00 3.793850564596963348e+00
2.430000000000000160e+00 3.686300540115415192e+00 3.794765187614382196e+00
2.439999999999999947e+00 3.685909277578569565e+00 3.796227726334356234e+00
2.450000000000000178e+00 3.684089972330576224e+00 3.798729755686276910e+00
2.459999999999999964e+00 3.674968184542290128e+00 3.804487302909263402e+00
2.470000000000000195e+00 3.672252879162033246e+00 3.807055002612869110e+00
2.479999999999999982e+00 3.668081987925565279e+00 3.810144150513613326e+00
2.490000000000000213e+00 3.662628244693253876e+00 3.814220998690153408e+00
2.500000000000000000e+00 3.659058445773921253e+00 3.817801177233853149e+00
2.510000000000000231e+00 3.658801626827302478e+00 3.820464799583372262e+00
2.520000000000000018e+00 3.659144543884096823e+00 3.822606562974157018e+00
2.530000000000000249e+00 3.658588491991468405e+00 3.825509200812868382e+00
2.540000000000000036e+00 3.660900708557774941e+00 3.827103794630358102e+00
2.550000000000000266e+00 3.662550126031724140e+00 3.828751952167662509e+00
2.560000000000000053e+00 3.662535760152515252e+00 3.831364743382755123e+00
2.569999999999999840e+00 3.662372488089121969e+00 3.834488699578724624e+00
2.580000000000000071e+00 3.664992892760975618e+00 3.837437580547587768e+00
2.589999999999999858e+00 3.667343440036787694e+00 3.840453329873070754e+00
2.600000000000000089e+00 3.670696246896050230e+00 3.844061960210539919e+00
2.609999999999999876e+00 3.675235137873665625e+00 3.846751041339858457e+00
2.620000000000000107e+00 3.655216973378719647e+00 3.866691624748645584e+00
2.629999999999999893e+00 3.673582724197367977e+00 3.862568107521076488e+00
2.640000000000000124e+00 3.683006567468362302e+00 3.863600758614821107e+00
2.649999999999999911e+00 3.655755129717629170e+00 3.890459687591750093e+00
2.660000000000000142e+00 3.680464393636690090e+00 3.882062989395154595e+00
2.669999999999999929e+00 3.703379112538618401e+00 3.873725133000093024e+00
2.680000000000000160e+00 3.715714398839768506e+00 3.870914996430578903e+00
2.689999999999999947e+00 3.711293670893618390e+00 3.882332289451650098e+00
2.700000000000000178e+00 3.729190356672865025e+00 3.874672684680360302e+00
2.709999999999999964e+00 3.732324481447113040e+00 3.877575362364875655e+00
2.720000000000000195e+00 3.735832598766928747e+00 3.880200348573082714e+00
2.729999999999999982e+00 3.739705323321174113e+00 3.882530351360489185e+00
2.740000000000000213e+00 3.743462618904776384e+00 3.884381447395615972e+00
2.750000000000000000e+00 3.746364148872435962e+00 3.886714487616478308e+00
2.760000000000000231e+00 3.749104533085373614e+00 3.888858732853385458e+00
2.770000000000000018e+00 3.752068597590843435e+00 3.891176803386291017e+00
2.780000000000000249e+00 3.755108783213756407e+00 3.893469431670048220e+00
2.790000000000000036e+00 3.758723533143682793e+00 3.896075852346734258e+00
2.800000000000000266e+00 3.762065763123857209e+00 3.897787303668630798e+00
2.810000000000000053e+00 3.764997019178620175e+00 3.899745199811705643e+00
2.819999999999999840e+00 3.767911883654909477e+00 3.901220737113637593e+00
2.830000000000000071e+00 3.770953450009486119e+00 3.902785470655301125e+00
2.839999999999999858e+00 3.774988518487828237e+00 3.904491856744868095e+00
2.850000000000000089e+00 3.779279529821690353e+00 3.906153158195200703e+00
2.859999999999999876e+00 3.783039534309320828e+00 3.907500592543668105e+00
2.870000000000000107e+00 3.786920116611671272e+00 3.908664348582077341e+00
2.879999999999999893e+00 3.791148521342152744e+00 3.909955205493097719e+00
2.890000000000000124e+00 3.796030556740408013e+00 3.910935397539491820e+00
2.899999999999999911e+00 3.800930958974595875e+00 3.911677688710454959e+00
2.910000000000000142e+00 3.806078676808109407e+00 3.912170188438663487e+00
2.919999999999999929e+00 3.810592713769444195e+00 3.912734161459437310e+00
2.930000000000000160e+00 3.815482837024191110e+00 3.912990941438219128e+00
2.939999999999999947e+00 3.821070960542880535e+00 3.912764082863605886e+00
2.950000000000000178e+00 3.827457458040471661e+00 3.911982306044344160e+00
2.959999999999999964e+00 3.832676635464221437e+00 3.911254426728695055e+00
2.970000000000000195e+00 3.840326445777544340e+00 3.909332206961980472e+00
2.979999999999999982e+00 3.846558772710169993e+00 3.907470710078869924e+00
2.990000000000000213e+00 3.852700852463949666e+00 3.905101300904046724e+00
3.000000000000000000e+00 3.862633350901150120e+00 3.900004071236109926e+00
