5.000000000000000000e-01 6.661019163111108199e-01 1.234956432438235885e-01
5.388845799999999464e-01 5.637166958222220581e-01 9.208248246941554138e-02
5.807931699999999697e-01 5.537552525777781343e-01 1.006214038144217365e-01
6.259609699999999499e-01 5.708535207111116172e-01 9.587740462606747505e-02
6.746414200000000472e-01 5.885030567999997020e-01 9.777794560166926108e-02
7.271077200000000129e-01 6.004060715555554761e-01 9.754271399863979897e-02
7.836542699999999861e-01 6.060566980444441754e-01 1.073279905104934095e-01
8.445983999999999714e-01 6.006718981333335483e-01 1.190391864918183690e-01
9.102820999999999829e-01 5.992226135555555055e-01 1.308838311085359363e-01
9.810739699999999619e-01 6.348455992888888400e-01 1.156171006064520695e-01
1.057371300000000014e+00 6.979214357777774325e-01 1.409877600634692196e-01
1.139602100000000062e+00 6.950489464444439269e-01 1.412009448337957496e-01
1.228228000000000097e+00 7.255968310222221662e-01 1.431669901820689927e-01
1.323746300000000042e+00 7.101637220444443344e-01 1.365020964728841935e-01
1.426692899999999931e+00 6.764504136000003554e-01 1.322203404964075735e-01
1.537645600000000057e+00 6.276267670666665355e-01 1.345483660792987091e-01
1.657227000000000006e+00 5.851727445333330113e-01 1.701078083222632986e-01
1.786108199999999924e+00 5.732048006666669027e-01 1.534442926253099249e-01
1.925012299999999899e+00 6.811639171555553540e-01 1.164514199484224938e-01
2.074718799999999863e+00 6.945208381333327630e-01 1.065410415923998960e-01
2.236067999999999945e+00 6.590033122666665300e-01 8.136875866402494550e-02
2.409965099999999971e+00 6.332893695999999295e-01 1.033163067042828509e-01
2.597386000000000195e+00 7.858654779555557246e-01 2.138706559617606640e-01
2.799382599999999943e+00 8.997664763999999593e-01 2.470587365449827821e-01
3.017088199999999887e+00 8.885646380444447434e-01 1.826808858101020283e-01
3.251724600000000187e+00 9.317697463111108691e-01 1.428783333302824365e-01
3.504608399999999957e+00 8.508668380000005138e-01 1.159380812978455383e-01
3.777158899999999875e+00 1.015503456844444541e+00 1.795586895045307718e-01
4.070905299999999727e+00 1.171535189022221868e+00 2.312474071051733027e-01
4.387496200000000179e+00 1.113311079644444312e+00 2.220182794013356442e-01
4.728708000000000133e+00 1.107561002088889301e+00 2.002876652842046079e-01
5.096455699999999922e+00 8.658206833333331742e-01 1.455504081787641901e-01
5.492802700000000371e+00 6.995958703111110344e-01 1.078780884042770949e-01
5.919973299999999661e+00 6.335422969333336374e-01 7.650254202663728242e-02
6.380364700000000333e+00 7.847992751999997019e-01 1.030132123088933482e-01
6.876560200000000123e+00 8.185314154666667452e-01 1.026184958388565993e-01
7.411344500000000224e+00 8.444980539555556609e-01 7.209683384160649189e-02
7.987718499999999722e+00 1.074664585644444559e+00 8.099088870196154144e-02
8.608916600000000585e+00 1.222290142044444972e+00 1.422298449231625961e-01
9.278424799999999806e+00 1.154762326977778475e+00 1.214008146358775270e-01
1.000000000000000000e+01 9.372865751999996942e-01 1.769205399604384110e-01
