5.000000000000000000e-01 6.967465465909095101e-01 5.940428610636687423e-02
5.388845799999999464e-01 6.058092756818179714e-01 5.655328806440126227e-02
5.807931699999999697e-01 5.781406869999998754e-01 5.460775202851014809e-02
6.259609699999999499e-01 5.893050997272727409e-01 5.491276181513933541e-02
6.746414200000000472e-01 5.984212205909088533e-01 5.758431212792638337e-02
7.271077200000000129e-01 6.061108559545457242e-01 5.559605595722385413e-02
7.836542699999999861e-01 6.110359690909089592e-01 6.135480698633191676e-02
8.445983999999999714e-01 6.149672685000000527e-01 7.532396858817079488e-02
9.102820999999999829e-01 6.340271877272730672e-01 7.152741551234251260e-02
9.810739699999999619e-01 6.341510519090904907e-01 9.386496934051465069e-02
1.057371300000000014e+00 6.304356529999999292e-01 1.087278655645848302e-01
1.139602100000000062e+00 6.188431462272727668e-01 1.182285542274290890e-01
1.228228000000000097e+00 6.352841683636364367e-01 1.264961233580244593e-01
1.323746300000000042e+00 6.163459124545453971e-01 9.428354158137788876e-02
1.426692899999999931e+00 5.728359949999997092e-01 9.249013414239459774e-02
1.537645600000000057e+00 5.520398689999997943e-01 1.074445971018472418e-01
1.657227000000000006e+00 5.851853069999999324e-01 1.158155647429837676e-01
1.786108199999999924e+00 6.506976087272733356e-01 1.139240697923713658e-01
1.925012299999999899e+00 7.800748298181821028e-01 2.514732748630816306e-01
2.074718799999999863e+00 7.813422261818185888e-01 1.974538925576095894e-01
2.236067999999999945e+00 7.723046151363638367e-01 1.581794821254138561e-01
2.409965099999999971e+00 7.248471535454543702e-01 1.174254460980391906e-01
2.597386000000000195e+00 5.868644915909089210e-01 7.627704875777738258e-02
2.799382599999999943e+00 5.664992333636363897e-01 1.183225655407057209e-01
3.017088199999999887e+00 5.003597532727271924e-01 8.163822067714755770e-02
3.251724600000000187e+00 5.399063547727274148e-01 5.347329634876270971e-02
3.504608399999999957e+00 5.809381687272728856e-01 7.694452282071215232e-02
3.777158899999999875e+00 6.074529052272726881e-01 1.137004511135171342e-01
4.070905299999999727e+00 7.064451738636368106e-01 1.318609485259277236e-01
4.387496200000000179e+00 7.429069774545452587e-01 9.522500182662518853e-02
4.728708000000000133e+00 6.945805961363633596e-01 8.592782140215964037e-02
5.096455699999999922e+00 6.915979224090912370e-01 7.259925962936687738e-02
5.492802700000000371e+00 7.170857943181817573e-01 7.525814040805549332e-02
5.919973299999999661e+00 7.727241570909086921e-01 8.396323954640551313e-02
6.380364700000000333e+00 8.888774197727274951e-01 8.219302683380852459e-02
6.876560200000000123e+00 9.778512166818178475e-01 1.206939024459437876e-01
7.411344500000000224e+00 1.027680127272726951e+00 1.269198844812430005e-01
7.987718499999999722e+00 1.154824561454546039e+00 1.143344075016111266e-01
8.608916600000000585e+00 1.199928690090909189e+00 1.227910595515002284e-01
9.278424799999999806e+00 1.217830774772727720e+00 1.217762682650874312e-01
1.000000000000000000e+01 1.144004600772727365e+00 1.130036630998313696e-01
