5.000000000000000000e-01 6.483742839910312528e-01 1.286894043725684278e-01
5.388845799999999464e-01 5.726944836771301617e-01 1.829884496640260538e-01
5.807931699999999697e-01 5.522066823766812460e-01 2.000878510063334448e-01
6.259609699999999499e-01 5.562391724215244304e-01 2.366266457525339206e-01
6.746414200000000472e-01 5.613933515246636308e-01 2.155913172158719637e-01
7.271077200000000129e-01 5.780024744394620662e-01 2.177206435706731669e-01
7.836542699999999861e-01 5.927224772197309255e-01 2.263867654893768344e-01
8.445983999999999714e-01 5.949854528251120600e-01 2.339879356699578195e-01
9.102820999999999829e-01 6.010618373542598869e-01 2.042550036872703145e-01
9.810739699999999619e-01 5.790763088789236956e-01 1.862255138388670128e-01
1.057371300000000014e+00 5.799733490134532099e-01 2.044914138681309390e-01
1.139602100000000062e+00 5.798691349327352862e-01 1.967952387289038652e-01
1.228228000000000097e+00 5.895794895964127091e-01 1.560284090319679629e-01
1.323746300000000042e+00 6.286990397757854510e-01 1.639719463112987718e-01
1.426692899999999931e+00 6.460833467264575081e-01 1.716410289663938549e-01
1.537645600000000057e+00 6.687332726457402288e-01 1.814405464503371368e-01
1.657227000000000006e+00 6.788712860538111959e-01 1.638293709706588885e-01
1.786108199999999924e+00 7.035336489686100370e-01 1.700559385459191886e-01
1.925012299999999899e+00 7.065930107174884789e-01 1.751562573641472220e-01
2.074718799999999863e+00 6.854692165022420181e-01 1.430823856933446936e-01
2.236067999999999945e+00 7.626947532735426361e-01 1.516714785246472408e-01
2.409965099999999971e+00 7.990846220179369519e-01 1.799344430635887171e-01
2.597386000000000195e+00 7.724909570403583059e-01 1.843315585608052698e-01
2.799382599999999943e+00 6.755621062331838012e-01 1.742386535342162202e-01
3.017088199999999887e+00 6.268542180269061070e-01 1.074004524230524477e-01
3.251724600000000187e+00 5.947097490582959889e-01 1.741090837588768758e-01
3.504608399999999957e+00 5.554398195515696246e-01 1.695100806155452888e-01
3.777158899999999875e+00 5.608249734977577283e-01 1.304365506648011430e-01
4.070905299999999727e+00 6.080052081165920885e-01 1.141535238028323074e-01
4.387496200000000179e+00 6.507515902242151373e-01 1.458593247328615894e-01
4.728708000000000133e+00 6.316944581614351018e-01 1.560418696318082166e-01
5.096455699999999922e+00 6.414786027802689139e-01 1.739254568331804751e-01
5.492802700000000371e+00 6.800535921973088760e-01 2.094476416333218849e-01
5.919973299999999661e+00 8.232253118834075289e-01 1.709416513688839789e-01
6.380364700000000333e+00 8.883751398206278793e-01 1.335245562995330815e-01
6.876560200000000123e+00 8.580806685201791684e-01 1.382366617722938507e-01
7.411344500000000224e+00 7.474196043049329274e-01 1.447136092032875465e-01
7.987718499999999722e+00 8.194568144843054069e-01 1.652717973308854282e-01
8.608916600000000585e+00 9.116163032735429272e-01 1.650290955192836029e-01
9.278424799999999806e+00 9.323874186995524393e-01 1.682224726311290497e-01
1.000000000000000000e+01 9.127123083408072990e-01 1.169474532246125575e-01
