5.000000000000000000e-01 6.586824145414849063e-01 5.127468778116260617e-02
5.388845799999999464e-01 5.672284314410479533e-01 4.962419443941894215e-02
5.807931699999999697e-01 5.417557786026201416e-01 5.219410272629299713e-02
6.259609699999999499e-01 5.402356660262005450e-01 5.033106432187608309e-02
6.746414200000000472e-01 5.449374420960697574e-01 5.101146446089565439e-02
7.271077200000000129e-01 5.530429254148471196e-01 6.698313835465687094e-02
7.836542699999999861e-01 5.605569100436685881e-01 6.429518755660261486e-02
8.445983999999999714e-01 5.680078351091704114e-01 7.123408979811884922e-02
9.102820999999999829e-01 5.817517439301310711e-01 7.205235336950152614e-02
9.810739699999999619e-01 5.792689289519654672e-01 8.393706064192733851e-02
1.057371300000000014e+00 5.830070533624452933e-01 7.417745245059310932e-02
1.139602100000000062e+00 5.947756702183405464e-01 9.000694310478588034e-02
1.228228000000000097e+00 6.314226555895195991e-01 1.168257032958768954e-01
1.323746300000000042e+00 6.379854642358078198e-01 1.218898285716601276e-01
1.426692899999999931e+00 6.273572590393016180e-01 1.138235572396655154e-01
1.537645600000000057e+00 6.612385716157203053e-01 1.608029756188355808e-01
1.657227000000000006e+00 6.720961658078602463e-01 1.538096920359495468e-01
1.786108199999999924e+00 6.580038137991269798e-01 1.575369572069973689e-01
1.925012299999999899e+00 6.376190655895196402e-01 1.398846429712178596e-01
2.074718799999999863e+00 6.607484057205238459e-01 1.243492394136204715e-01
2.236067999999999945e+00 7.123483839737987378e-01 1.362279226478314564e-01
2.409965099999999971e+00 8.310034788646291082e-01 1.672351260535269168e-01
2.597386000000000195e+00 7.836826091266374528e-01 1.373288425977121918e-01
2.799382599999999943e+00 7.299739842794761291e-01 1.053321292817081117e-01
3.017088199999999887e+00 8.177977772925765221e-01 9.519939015241903058e-02
3.251724600000000187e+00 8.184652962008741595e-01 1.154649354744397005e-01
3.504608399999999957e+00 8.202380617467252000e-01 1.495646338588635937e-01
3.777158899999999875e+00 8.519783798689957166e-01 1.404704791322088919e-01
4.070905299999999727e+00 8.676477210917032945e-01 1.403798589700163135e-01
4.387496200000000179e+00 8.685525870742363264e-01 1.590420506998644345e-01
4.728708000000000133e+00 8.601775172489082300e-01 1.453464866279071122e-01
5.096455699999999922e+00 8.996059948471615275e-01 1.302872613875833419e-01
5.492802700000000371e+00 1.025006314978166300e+00 1.623814546320025698e-01
5.919973299999999661e+00 9.001348585589519224e-01 1.708819958051740751e-01
6.380364700000000333e+00 1.084584534847162107e+00 2.785078488937767216e-01
6.876560200000000123e+00 1.064855174497816526e+00 4.087877727582903686e-01
7.411344500000000224e+00 1.008193203100436586e+00 4.297799663462024689e-01
7.987718499999999722e+00 1.070004186637554922e+00 3.425612492691321176e-01
8.608916600000000585e+00 1.159805600480349197e+00 3.139122939999457462e-01
9.278424799999999806e+00 1.149265921877729468e+00 3.652386902014566616e-01
1.000000000000000000e+01 1.210395147030568053e+00 4.587739520259443982e-01
