5.000000000000000000e-01 7.535474091666664043e-01 1.086611427859666967e-01
5.388845799999999464e-01 6.626346260185186354e-01 1.188332172026753952e-01
5.807931699999999697e-01 6.545520920833330925e-01 1.407389795403262422e-01
6.259609699999999499e-01 6.817500962037038592e-01 1.555779890023864243e-01
6.746414200000000472e-01 7.121447744444440175e-01 1.686013105659645850e-01
7.271077200000000129e-01 7.413474124074076466e-01 1.871845319307499089e-01
7.836542699999999861e-01 7.717831381481475850e-01 2.145022099274840055e-01
8.445983999999999714e-01 7.925980000462963249e-01 2.286281941311325838e-01
9.102820999999999829e-01 8.075585413888892727e-01 2.285242725577844025e-01
9.810739699999999619e-01 8.105406244907413793e-01 2.443769558357813398e-01
1.057371300000000014e+00 8.326505943055557690e-01 2.488884547233126965e-01
1.139602100000000062e+00 8.661352521759261291e-01 2.690992910333177557e-01
1.228228000000000097e+00 8.701304062037038545e-01 2.782326445215010380e-01
1.323746300000000042e+00 8.955082502777776954e-01 3.247066235723868322e-01
1.426692899999999931e+00 9.473433568981486363e-01 3.722937214503308501e-01
1.537645600000000057e+00 9.169677898611111599e-01 3.885053285902049236e-01
1.657227000000000006e+00 9.793341573148152124e-01 4.152442890941925868e-01
1.786108199999999924e+00 1.013644172499999829e+00 4.542078298474892528e-01
1.925012299999999899e+00 1.023412098472222365e+00 4.365499137679182962e-01
2.074718799999999863e+00 9.829247712962960737e-01 3.948292642986788725e-01
2.236067999999999945e+00 8.792509131018522162e-01 3.069110152811296288e-01
2.409965099999999971e+00 9.044902338888888282e-01 2.755024368266723034e-01
2.597386000000000195e+00 9.268924270833330814e-01 2.883120854780881204e-01
2.799382599999999943e+00 1.034596319722222546e+00 3.208157488495986254e-01
3.017088199999999887e+00 1.135135323101851501e+00 2.804579917412002299e-01
3.251724600000000187e+00 1.081026557361110862e+00 2.214451897960284799e-01
3.504608399999999957e+00 1.125852526342592475e+00 2.075096350595011241e-01
3.777158899999999875e+00 1.135512776481481634e+00 2.063122834355384794e-01
4.070905299999999727e+00 1.094224169259259138e+00 2.360503152647933645e-01
4.387496200000000179e+00 1.050671729768519080e+00 2.745314303768401354e-01
4.728708000000000133e+00 1.096786222824074564e+00 2.908403753487793786e-01
5.096455699999999922e+00 1.231115879629629539e+00 2.993098315859667458e-01
5.492802700000000371e+00 1.422233426759259567e+00 3.403338644269912061e-01
5.919973299999999661e+00 1.572305863287037475e+00 3.420245645500181730e-01
6.380364700000000333e+00 1.627216413935184347e+00 3.528004659287939382e-01
6.876560200000000123e+00 1.292180467592592086e+00 3.818346631904742106e-01
7.411344500000000224e+00 1.215499825833333158e+00 4.561806890292195438e-01
7.987718499999999722e+00 1.258044039953704063e+00 4.783418196764508412e-01
8.608916600000000585e+00 1.270938688888889612e+00 4.167815843449009239e-01
9.278424799999999806e+00 1.268920495694444206e+00 3.997714620476323644e-01
1.000000000000000000e+01 1.148477630046296660e+00 3.032695935146945132e-01
