5.000000000000000000e-01 7.166042781481474222e-01 7.020134822445106559e-02
5.388845799999999464e-01 6.191693358796295232e-01 6.814589519625630087e-02
5.807931699999999697e-01 6.031221381481481902e-01 7.157611067591815313e-02
6.259609699999999499e-01 6.208820119444447005e-01 8.018539263354819424e-02
6.746414200000000472e-01 6.508979598148144641e-01 8.918296426261898557e-02
7.271077200000000129e-01 6.900044412500000446e-01 1.095806771812525282e-01
7.836542699999999861e-01 7.164088476851849796e-01 1.291821183813193219e-01
8.445983999999999714e-01 7.425261665740735539e-01 1.553990962970916989e-01
9.102820999999999829e-01 7.714189412499998788e-01 1.823648237838119135e-01
9.810739699999999619e-01 7.874775885185187896e-01 1.976246964364738734e-01
1.057371300000000014e+00 8.094232803240740681e-01 2.083129333802329064e-01
1.139602100000000062e+00 8.360494321759256442e-01 2.358528738282389403e-01
1.228228000000000097e+00 8.721159147222224961e-01 2.747438251643200546e-01
1.323746300000000042e+00 9.052737891203709308e-01 3.147002151823092841e-01
1.426692899999999931e+00 8.974835569444444827e-01 3.138619320169123705e-01
1.537645600000000057e+00 8.890381048148150445e-01 3.321190379480358779e-01
1.657227000000000006e+00 8.836107356944444824e-01 3.325043331021957926e-01
1.786108199999999924e+00 9.243037454629631222e-01 3.300585702359039586e-01
1.925012299999999899e+00 1.018107957777778294e+00 3.931189944528822311e-01
2.074718799999999863e+00 1.118934397499999900e+00 4.674518471071588688e-01
2.236067999999999945e+00 1.106777738564814761e+00 3.835175645800996125e-01
2.409965099999999971e+00 1.121660064305556093e+00 2.905573069634776462e-01
2.597386000000000195e+00 1.163928046296295982e+00 3.112242444554332299e-01
2.799382599999999943e+00 1.186495988796296475e+00 3.101365672092116776e-01
3.017088199999999887e+00 1.209150896851851620e+00 2.838220093103480113e-01
3.251724600000000187e+00 1.392804909490741316e+00 3.951396366809375449e-01
3.504608399999999957e+00 1.403087732407406030e+00 3.377588780625564446e-01
3.777158899999999875e+00 1.451599416990741132e+00 3.329325218483228932e-01
4.070905299999999727e+00 1.591169089722222374e+00 2.704938442145198296e-01
4.387496200000000179e+00 2.105048123287037054e+00 5.536495334070224983e-01
4.728708000000000133e+00 2.218504800462964166e+00 5.470821348733924117e-01
5.096455699999999922e+00 2.229729263888890145e+00 4.854635403950662842e-01
5.492802700000000371e+00 2.617936798148147837e+00 4.265064956472586766e-01
5.919973299999999661e+00 4.339048166666665374e+00 1.225347394332912954e+00
6.380364700000000333e+00 4.412604237499999194e+00 7.202633277227011854e-01
6.876560200000000123e+00 4.499069314351855198e+00 7.949633443018456758e-01
7.411344500000000224e+00 5.319213093055554786e+00 9.158145673053931235e-01
7.987718499999999722e+00 4.330739061111110288e+00 6.540577299681943346e-01
8.608916600000000585e+00 4.364820312500002686e+00 5.190247595686716675e-01
9.278424799999999806e+00 4.867127150000003510e+00 6.802961093850103946e-01
1.000000000000000000e+01 4.203206463888887967e+00 4.423101683557046915e-01
