5.000000000000000000e-01 7.998421784753363406e-01 1.909661949346607157e-01
5.388845799999999464e-01 6.726543365919279704e-01 1.390959220959992748e-01
5.807931699999999697e-01 6.507828286995515077e-01 1.435018376145947849e-01
6.259609699999999499e-01 6.768901875336323926e-01 1.735324200738102285e-01
6.746414200000000472e-01 6.976987104484302371e-01 1.897977234177023742e-01
7.271077200000000129e-01 7.151014743049333156e-01 2.150500451356571752e-01
7.836542699999999861e-01 7.303757687892377115e-01 2.175578103162643662e-01
8.445983999999999714e-01 7.410374474887890806e-01 2.300092954550986279e-01
9.102820999999999829e-01 7.388746019282510513e-01 2.394614844587877045e-01
9.810739699999999619e-01 7.563964810762330293e-01 2.549976798593995286e-01
1.057371300000000014e+00 7.728158735874435248e-01 2.551406236154075691e-01
1.139602100000000062e+00 8.040692293721970474e-01 2.471427741782617760e-01
1.228228000000000097e+00 7.814168476681615516e-01 2.363505792727247645e-01
1.323746300000000042e+00 7.558686050224215913e-01 2.356270656404502450e-01
1.426692899999999931e+00 7.653179756950677648e-01 2.604862421964572183e-01
1.537645600000000057e+00 8.095100530493268831e-01 2.253705975512105275e-01
1.657227000000000006e+00 8.340448352017939548e-01 2.224825404273436946e-01
1.786108199999999924e+00 8.627672334080715988e-01 2.394857243733410079e-01
1.925012299999999899e+00 8.718801389686096082e-01 2.024825000537336939e-01
2.074718799999999863e+00 8.972772996412556878e-01 1.960455172829446702e-01
2.236067999999999945e+00 8.624213554260085068e-01 1.707669225919735134e-01
2.409965099999999971e+00 9.564569789686102608e-01 1.571706413382965295e-01
2.597386000000000195e+00 9.070845000896856636e-01 1.637079716972874854e-01
2.799382599999999943e+00 8.029971453363234923e-01 1.588667446353338730e-01
3.017088199999999887e+00 7.589389425560532088e-01 1.344313737401223730e-01
3.251724600000000187e+00 7.649637635874441122e-01 1.416100930787818624e-01
3.504608399999999957e+00 7.528701152466366064e-01 9.457673388629747602e-02
3.777158899999999875e+00 7.876219788789234899e-01 8.510824536856838318e-02
4.070905299999999727e+00 7.717626360986544753e-01 1.179209584569706759e-01
4.387496200000000179e+00 8.808967132286991131e-01 1.124011683880043050e-01
4.728708000000000133e+00 9.200172049775793282e-01 1.195143169563932795e-01
5.096455699999999922e+00 1.049616362062780750e+00 1.202789691258286386e-01
5.492802700000000371e+00 1.150532624215246935e+00 1.272932180984058248e-01
5.919973299999999661e+00 1.627693552421525691e+00 4.107058249056308452e-01
6.380364700000000333e+00 2.448616567713004510e+00 9.143506597194083207e-01
6.876560200000000123e+00 2.292578262017937796e+00 1.022846173439250217e+00
7.411344500000000224e+00 1.755542466726457418e+00 7.858299320776218622e-01
7.987718499999999722e+00 1.464422279775785096e+00 3.452683557955263938e-01
8.608916600000000585e+00 1.131892113677130274e+00 1.477097222311585245e-01
9.278424799999999806e+00 7.568181958295968625e-01 1.053918598527359973e-01
1.000000000000000000e+01 6.868816015246639317e-01 1.056964504375820929e-01
