5.000000000000000000e-01 7.783936145893722847e-01 8.135419535268406666e-02
5.388845799999999464e-01 6.846109998067633207e-01 8.989425254077006155e-02
5.807931699999999697e-01 6.659371864734295876e-01 1.008078962638591786e-01
6.259609699999999499e-01 6.824414129951693608e-01 1.207140351662564642e-01
6.746414200000000472e-01 6.928835745893718867e-01 1.271792571661383431e-01
7.271077200000000129e-01 6.974179836714977654e-01 1.268089641156585345e-01
7.836542699999999861e-01 6.956894651690820330e-01 1.294773570797114193e-01
8.445983999999999714e-01 7.039454982125600280e-01 1.277583092499157136e-01
9.102820999999999829e-01 7.166747375362314543e-01 1.342169697964050723e-01
9.810739699999999619e-01 7.383011845893722169e-01 1.514107255310764566e-01
1.057371300000000014e+00 7.819481511111111560e-01 1.479838341507788979e-01
1.139602100000000062e+00 7.870877565700485912e-01 1.497671571791344136e-01
1.228228000000000097e+00 7.756911800000000357e-01 1.328886961248749721e-01
1.323746300000000042e+00 7.645404060386475908e-01 1.351307378823401739e-01
1.426692899999999931e+00 7.424120059420287188e-01 1.494408543676395140e-01
1.537645600000000057e+00 7.481492203864731350e-01 1.799282533376903026e-01
1.657227000000000006e+00 7.795419813043478197e-01 1.949914171865998191e-01
1.786108199999999924e+00 8.047842261835753686e-01 1.990198879059054127e-01
1.925012299999999899e+00 8.730493665217397004e-01 2.199615477716918566e-01
2.074718799999999863e+00 9.651105295169081222e-01 2.629244585368030185e-01
2.236067999999999945e+00 1.001427335169082333e+00 2.653234974353442799e-01
2.409965099999999971e+00 1.289566187246376172e+00 3.228775771722459664e-01
2.597386000000000195e+00 1.466894285362318806e+00 2.859260712934437176e-01
2.799382599999999943e+00 1.356837305169082741e+00 2.553267898599422270e-01
3.017088199999999887e+00 1.614301024396135542e+00 3.722536601735256800e-01
3.251724600000000187e+00 1.569365522995169959e+00 2.672132406875332711e-01
3.504608399999999957e+00 1.142967782367149354e+00 1.879037370614916325e-01
3.777158899999999875e+00 9.896073419806762361e-01 1.976805097230067421e-01
4.070905299999999727e+00 1.073756924057972073e+00 1.528513204399051251e-01
4.387496200000000179e+00 8.110560562801931717e-01 9.020168042529135011e-02
4.728708000000000133e+00 6.500819806763286079e-01 4.823553526179429063e-02
5.096455699999999922e+00 6.770284862318836083e-01 5.794214688516490658e-02
5.492802700000000371e+00 6.816305611594197789e-01 6.803146305752263978e-02
5.919973299999999661e+00 7.508808969082123586e-01 7.525254590954691403e-02
6.380364700000000333e+00 6.029787879227053171e-01 5.754443078412775636e-02
6.876560200000000123e+00 5.570490210628019634e-01 4.414613306056498071e-02
7.411344500000000224e+00 5.533026234299518453e-01 3.843314200899119321e-02
7.987718499999999722e+00 5.395074475845412776e-01 4.247436218907139904e-02
8.608916600000000585e+00 5.201413442028982592e-01 3.938854446820930222e-02
9.278424799999999806e+00 5.242798352657010996e-01 3.756417095290491559e-02
1.000000000000000000e+01 5.454181217391306236e-01 3.919220082751089657e-02
