5.000000000000000000e-01 6.752193533482147014e-01 1.070093249505563587e-01
5.388845799999999464e-01 5.808326605803574294e-01 9.849968945253576025e-02
5.807931699999999697e-01 5.597091821428569203e-01 7.632978400850112810e-02
6.259609699999999499e-01 5.730005295982143476e-01 6.881422031828936248e-02
6.746414200000000472e-01 5.825001616071430188e-01 8.088765958668496514e-02
7.271077200000000129e-01 5.783383450446428764e-01 9.035231174274155341e-02
7.836542699999999861e-01 5.858757198214284978e-01 1.061669628278602701e-01
8.445983999999999714e-01 5.838320229017854857e-01 1.085355221817057847e-01
9.102820999999999829e-01 5.875796831696425970e-01 1.383773315484788102e-01
9.810739699999999619e-01 6.036369524107140228e-01 1.636117351101950834e-01
1.057371300000000014e+00 6.215964110714281565e-01 1.641029761562643186e-01
1.139602100000000062e+00 6.704350021428575612e-01 1.818159670978264919e-01
1.228228000000000097e+00 7.302667690178570314e-01 2.899020979987024238e-01
1.323746300000000042e+00 7.261274987500000444e-01 2.862586638777964154e-01
1.426692899999999931e+00 7.734932776785712338e-01 3.967038104189535286e-01
1.537645600000000057e+00 1.095525832723214466e+00 8.570898453918582849e-01
1.657227000000000006e+00 1.268079880089285849e+00 1.000556168953217639e+00
1.786108199999999924e+00 1.575639193571428676e+00 1.537630699451850491e+00
1.925012299999999899e+00 1.151305703258928892e+00 8.245012257485113683e-01
2.074718799999999863e+00 8.962446685267858593e-01 5.083290614515834083e-01
2.236067999999999945e+00 7.875852410714284657e-01 3.058312384290427510e-01
2.409965099999999971e+00 7.853824937946430884e-01 2.238721322745460540e-01
2.597386000000000195e+00 8.176951878571424581e-01 1.690014544419819742e-01
2.799382599999999943e+00 9.538925830357140034e-01 1.789717010139564302e-01
3.017088199999999887e+00 8.431256483928570855e-01 2.194258965011428308e-01
3.251724600000000187e+00 7.980113766964279653e-01 1.729768080845195677e-01
3.504608399999999957e+00 9.858921974553576106e-01 1.373264401299033599e-01
3.777158899999999875e+00 1.152228985133927797e+00 1.749171818575410708e-01
4.070905299999999727e+00 1.106657877410714308e+00 2.223882923901286668e-01
4.387496200000000179e+00 9.115954159821434422e-01 1.556931840931101430e-01
4.728708000000000133e+00 9.083284391517851830e-01 1.389420337152309504e-01
5.096455699999999922e+00 9.339372148660718409e-01 1.113465228551126091e-01
5.492802700000000371e+00 1.003950210937499365e+00 1.333261806908524472e-01
5.919973299999999661e+00 1.021998642500000054e+00 1.554913414270779060e-01
6.380364700000000333e+00 1.255365439553571605e+00 3.744383314052326939e-01
6.876560200000000123e+00 1.575270105312501112e+00 1.093066910580003048e+00
7.411344500000000224e+00 1.848338847321427281e+00 1.595633545023122490e+00
7.987718499999999722e+00 1.826972317053572104e+00 1.313487983067713527e+00
8.608916600000000585e+00 1.714147056250000301e+00 6.748031893862789232e-01
9.278424799999999806e+00 1.563122182589285591e+00 3.351046798510061153e-01
1.000000000000000000e+01 1.601078945535715059e+00 2.566453869776667007e-01
