5.000000000000000000e-01 7.778791338793105137e-01 6.123345795647849171e-02
5.388845799999999464e-01 6.685668608189653250e-01 6.343568486679483642e-02
5.807931699999999697e-01 6.378324854741381778e-01 6.505485112554083849e-02
6.259609699999999499e-01 6.260785977155174375e-01 6.620336510812407926e-02
6.746414200000000472e-01 6.123977232327585396e-01 6.697660010566608424e-02
7.271077200000000129e-01 6.033003852155174318e-01 6.027555871166564300e-02
7.836542699999999861e-01 5.926075506896552048e-01 5.454845418670703494e-02
8.445983999999999714e-01 5.950359408620691237e-01 6.341523998951673069e-02
9.102820999999999829e-01 6.145877308620688595e-01 9.081783894746742192e-02
9.810739699999999619e-01 6.123346821551721719e-01 8.122887607108346397e-02
1.057371300000000014e+00 6.175175649137933931e-01 8.113168405684786921e-02
1.139602100000000062e+00 6.288005796120684776e-01 9.430660272308370728e-02
1.228228000000000097e+00 5.967591588362067823e-01 1.108341423937043713e-01
1.323746300000000042e+00 5.967467332327592855e-01 1.094093999470420325e-01
1.426692899999999931e+00 6.018826932327586698e-01 9.527136770896220408e-02
1.537645600000000057e+00 6.185460925000005883e-01 1.079003102188531016e-01
1.657227000000000006e+00 6.485231726724138834e-01 1.512562286802190403e-01
1.786108199999999924e+00 6.482815070258621803e-01 1.780008570522893518e-01
1.925012299999999899e+00 6.895694250431037009e-01 1.422196330522230434e-01
2.074718799999999863e+00 7.613699977586203538e-01 1.042727505320841380e-01
2.236067999999999945e+00 8.198185092672420904e-01 9.408057401212027715e-02
2.409965099999999971e+00 8.607529473275861154e-01 1.042015085102618033e-01
2.597386000000000195e+00 9.054936192241378468e-01 1.251966270365573175e-01
2.799382599999999943e+00 8.579377555603443506e-01 1.027975975292265837e-01
3.017088199999999887e+00 8.002499961637926651e-01 8.864622049704641571e-02
3.251724600000000187e+00 8.308355480603440979e-01 8.962796422078403435e-02
3.504608399999999957e+00 8.353480677155175060e-01 9.930684827198971165e-02
3.777158899999999875e+00 8.693869314655175984e-01 9.995639049378199359e-02
4.070905299999999727e+00 9.084879793965525696e-01 1.172777621430108747e-01
4.387496200000000179e+00 1.073763020991379324e+00 2.180278347308839959e-01
4.728708000000000133e+00 1.060366022931034768e+00 1.654965758551377453e-01
5.096455699999999922e+00 1.015335683060345273e+00 1.837149175688380931e-01
5.492802700000000371e+00 9.543569840086205680e-01 1.678353970099257242e-01
5.919973299999999661e+00 9.109435257758621285e-01 1.326159229419373309e-01
6.380364700000000333e+00 1.183175621810345080e+00 1.313880100356090153e-01
6.876560200000000123e+00 1.234522803836208382e+00 1.084351293263016713e-01
7.411344500000000224e+00 1.284309442456897266e+00 1.369214326446694385e-01
7.987718499999999722e+00 1.377995288793103068e+00 1.321294251426472499e-01
8.608916600000000585e+00 1.394110053017240558e+00 1.100603888921190404e-01
9.278424799999999806e+00 1.249467867672414245e+00 9.929613937347547825e-02
1.000000000000000000e+01 1.117170809827586098e+00 1.075771793839989943e-01
