5.000000000000000000e-01 8.598057430882352081e-01 1.174239414450911345e-01
5.388845799999999464e-01 7.493002084803920271e-01 1.213665818919816980e-01
5.807931699999999697e-01 7.512039875000000588e-01 1.527553307675932615e-01
6.259609699999999499e-01 8.059998457352937073e-01 1.896158195190277007e-01
6.746414200000000472e-01 8.688779061274511939e-01 2.188995878757423741e-01
7.271077200000000129e-01 9.324903042647063600e-01 2.409436211059605426e-01
7.836542699999999861e-01 9.863379068137257955e-01 2.591913374310088058e-01
8.445983999999999714e-01 1.040239972990196327e+00 2.880737708203293668e-01
9.102820999999999829e-01 1.187508279852941717e+00 3.615183705807509251e-01
9.810739699999999619e-01 1.132739215686275003e+00 2.881041050320810593e-01
1.057371300000000014e+00 1.136960163823529379e+00 2.842112603929215497e-01
1.139602100000000062e+00 1.122397675196078692e+00 2.523084883617218721e-01
1.228228000000000097e+00 1.173786847941176159e+00 2.641307299221409277e-01
1.323746300000000042e+00 1.248949339460784680e+00 3.586715837757150638e-01
1.426692899999999931e+00 1.352939103676470856e+00 4.258930203221891198e-01
1.537645600000000057e+00 1.210877047794117756e+00 3.186911463546179268e-01
1.657227000000000006e+00 1.216708372254901471e+00 3.046032612769775660e-01
1.786108199999999924e+00 1.180814209509803314e+00 2.574427931429978944e-01
1.925012299999999899e+00 1.214815329215686246e+00 2.748825140086064156e-01
2.074718799999999863e+00 1.383833427352942236e+00 2.671386596028436644e-01
2.236067999999999945e+00 1.848427416666667433e+00 2.872738015922884913e-01
2.409965099999999971e+00 2.267288092156863666e+00 3.073282132903532027e-01
2.597386000000000195e+00 2.238320186764707120e+00 2.250095795873303106e-01
2.799382599999999943e+00 2.206547072549020161e+00 3.065252721689540327e-01
3.017088199999999887e+00 2.238530906372549367e+00 2.573483068957856390e-01
3.251724600000000187e+00 2.004753938235293464e+00 2.888229390639085459e-01
3.504608399999999957e+00 2.282425542156863330e+00 1.879228444869772696e-01
3.777158899999999875e+00 2.289903697058823351e+00 2.211675660873509419e-01
4.070905299999999727e+00 2.146565085294117825e+00 1.839093975957163674e-01
4.387496200000000179e+00 2.222101425980391731e+00 4.745551285418052045e-01
4.728708000000000133e+00 1.774436859803921074e+00 3.606903378253416559e-01
5.096455699999999922e+00 1.167058668921568287e+00 2.021795225004814900e-01
5.492802700000000371e+00 9.294486709313722894e-01 1.464643559359788960e-01
5.919973299999999661e+00 7.514631733333335672e-01 1.204438426237129656e-01
6.380364700000000333e+00 6.552931580882354057e-01 1.433116174991302672e-01
6.876560200000000123e+00 6.077596049019607927e-01 7.881488692728227941e-02
7.411344500000000224e+00 7.283622807843134206e-01 6.434567494760601303e-02
7.987718499999999722e+00 8.624348853431362816e-01 9.295888166395566143e-02
8.608916600000000585e+00 9.840416873529417296e-01 1.818084235850415953e-01
9.278424799999999806e+00 9.926124118627448478e-01 1.343033094287274798e-01
1.000000000000000000e+01 9.827396013725486767e-01 7.861268424381412379e-02
