5.000000000000000000e-01 9.176130796818182667e-01 7.468345232605902440e-02
5.388845799999999464e-01 7.846760690909088121e-01 7.263791615413559000e-02
5.807931699999999697e-01 7.536396390454546124e-01 7.220904206718699314e-02
6.259609699999999499e-01 7.465313091818185365e-01 7.081785779695307093e-02
6.746414200000000472e-01 7.470697258181820954e-01 7.340523668379073108e-02
7.271077200000000129e-01 7.482216158181816956e-01 6.840509933161730005e-02
7.836542699999999861e-01 7.468494477727269931e-01 7.385746459171606271e-02
8.445983999999999714e-01 7.548745410454539284e-01 8.411631280152527534e-02
9.102820999999999829e-01 7.738868088636366993e-01 8.446488985849452680e-02
9.810739699999999619e-01 8.154782347272725440e-01 9.900727360510018504e-02
1.057371300000000014e+00 8.607789825454542632e-01 1.076829516716581031e-01
1.139602100000000062e+00 9.074369665000009411e-01 1.373641167654594542e-01
1.228228000000000097e+00 9.276845039090909628e-01 1.476748478744605575e-01
1.323746300000000042e+00 9.617936358181816692e-01 1.810913192552435491e-01
1.426692899999999931e+00 1.036527888000000175e+00 2.660071540075175101e-01
1.537645600000000057e+00 1.079406444636362927e+00 2.604526360387739992e-01
1.657227000000000006e+00 1.166539901590909256e+00 2.786100877474884663e-01
1.786108199999999924e+00 1.309702258954545728e+00 3.262172894152363112e-01
1.925012299999999899e+00 1.743608950863636542e+00 5.268183912579306183e-01
2.074718799999999863e+00 1.996634381545454140e+00 2.849464605345112811e-01
2.236067999999999945e+00 2.226096684999999464e+00 2.611984001439529579e-01
2.409965099999999971e+00 2.625215216818181929e+00 5.492630984951388795e-01
2.597386000000000195e+00 2.724602420454547147e+00 4.498029987105696681e-01
2.799382599999999943e+00 2.702449753181819236e+00 4.576207653149404475e-01
3.017088199999999887e+00 2.381849600454545968e+00 4.589776453657353206e-01
3.251724600000000187e+00 2.251530031409092025e+00 5.894518211331083446e-01
3.504608399999999957e+00 1.951612685409090719e+00 5.271710669204393573e-01
3.777158899999999875e+00 1.495305923136364123e+00 3.518685833440393096e-01
4.070905299999999727e+00 1.182758155590908800e+00 1.649031126858084284e-01
4.387496200000000179e+00 9.944959031363638235e-01 1.504748343649260911e-01
4.728708000000000133e+00 8.491600034090910354e-01 1.005436247181253906e-01
5.096455699999999922e+00 6.901653339999999082e-01 5.983135520003621255e-02
5.492802700000000371e+00 6.764025225454547430e-01 4.365114056281325927e-02
5.919973299999999661e+00 6.826737626363637013e-01 4.174371440797101929e-02
6.380364700000000333e+00 6.021163869090907506e-01 7.095439538622053122e-02
6.876560200000000123e+00 6.730548813636363370e-01 7.036982656868694119e-02
7.411344500000000224e+00 7.705455713181820210e-01 1.040945713611830387e-01
7.987718499999999722e+00 7.974727877272727028e-01 1.462424009797569369e-01
8.608916600000000585e+00 7.783317707727271939e-01 1.137090613305725695e-01
9.278424799999999806e+00 7.396024055909091732e-01 7.269840110268693811e-02
1.000000000000000000e+01 7.727292353636364686e-01 6.221047085758948242e-02
