5.000000000000000000e-01 7.153273238647344101e-01 4.928812544569417808e-02
5.388845799999999464e-01 6.081533778743961616e-01 4.660761400184873504e-02
5.807931699999999697e-01 5.934162507246378837e-01 4.606157965175715352e-02
6.259609699999999499e-01 6.183485814492750698e-01 4.515130900163706607e-02
6.746414200000000472e-01 6.369318548792269885e-01 4.575879431627109806e-02
7.271077200000000129e-01 6.437431835748792519e-01 4.201012522669336779e-02
7.836542699999999861e-01 6.464840712077295493e-01 5.149407833004352592e-02
8.445983999999999714e-01 6.424747777777773949e-01 5.417034291788286327e-02
9.102820999999999829e-01 6.609238225603867312e-01 5.747391648074130777e-02
9.810739699999999619e-01 6.847963484057970618e-01 7.309612412646465662e-02
1.057371300000000014e+00 6.760106143478266105e-01 6.184227556187517350e-02
1.139602100000000062e+00 6.982645435748793261e-01 7.170358633738775633e-02
1.228228000000000097e+00 6.992132244444441147e-01 7.177066414861313359e-02
1.323746300000000042e+00 6.700921827053136770e-01 6.475129936127053953e-02
1.426692899999999931e+00 6.376858444444444274e-01 8.101035622974227246e-02
1.537645600000000057e+00 6.418169920289857888e-01 9.535918118163484725e-02
1.657227000000000006e+00 6.832339394685991163e-01 1.200118724645649754e-01
1.786108199999999924e+00 7.926025066183576273e-01 2.106906445393946226e-01
1.925012299999999899e+00 1.032818003043478594e+00 1.963761145007044406e-01
2.074718799999999863e+00 1.288125994444443867e+00 1.638174322147523398e-01
2.236067999999999945e+00 1.374216629468598683e+00 1.589785543209270291e-01
2.409965099999999971e+00 1.705644963768115474e+00 3.680623918425546259e-01
2.597386000000000195e+00 2.157623135265701819e+00 5.844073520851860160e-01
2.799382599999999943e+00 2.213865248792269647e+00 4.907400635666581135e-01
3.017088199999999887e+00 2.155530439613526195e+00 3.076057264138182812e-01
3.251724600000000187e+00 1.987743744927537692e+00 2.488161819551847620e-01
3.504608399999999957e+00 2.415282733333335319e+00 5.400368125423899990e-01
3.777158899999999875e+00 2.170499489371980228e+00 3.326185929813828546e-01
4.070905299999999727e+00 2.120831572463768744e+00 2.298697338939313384e-01
4.387496200000000179e+00 2.083764509661836239e+00 1.429374661605583852e-01
4.728708000000000133e+00 2.037786087439614757e+00 1.736978262836853248e-01
5.096455699999999922e+00 1.974314282125601894e+00 2.806654901738697139e-01
5.492802700000000371e+00 2.062218826086957169e+00 2.123995345442125926e-01
5.919973299999999661e+00 1.946302641062801708e+00 1.719665994566397793e-01
6.380364700000000333e+00 1.746795256521738837e+00 1.044692061515965359e-01
6.876560200000000123e+00 1.663539884057970486e+00 1.714935935936115208e-01
7.411344500000000224e+00 1.308743005314009000e+00 1.199279734584437762e-01
7.987718499999999722e+00 1.050877501739130082e+00 6.376199052411030133e-02
8.608916600000000585e+00 9.856273144927536478e-01 5.804320988764831435e-02
9.278424799999999806e+00 1.012180498454106514e+00 4.790522633400518676e-02
1.000000000000000000e+01 9.361754273429950812e-01 4.578042833687476915e-02
