5.000000000000000000e-01 9.018684287439611147e-01 1.130772922022051236e-01
5.388845799999999464e-01 7.932550821739130509e-01 1.055007717596143646e-01
5.807931699999999697e-01 7.647181341545894462e-01 1.088695288248701654e-01
6.259609699999999499e-01 7.655968407729468739e-01 1.076756984051910337e-01
6.746414200000000472e-01 7.723780022222218600e-01 1.154250804658383811e-01
7.271077200000000129e-01 7.896375960869563837e-01 1.358469348973622148e-01
7.836542699999999861e-01 8.225298985024149800e-01 1.741777629797845173e-01
8.445983999999999714e-01 8.760127283091788675e-01 2.369680611380835522e-01
9.102820999999999829e-01 9.057703598550723711e-01 2.260634272401192690e-01
9.810739699999999619e-01 9.419120012560391331e-01 2.202946873818813212e-01
1.057371300000000014e+00 9.481233262318840005e-01 1.833356024556914432e-01
1.139602100000000062e+00 1.004895011884058054e+00 2.497668172499769579e-01
1.228228000000000097e+00 1.026405973719806575e+00 2.323794176887030716e-01
1.323746300000000042e+00 1.074932320676328601e+00 2.383777516115134776e-01
1.426692899999999931e+00 1.148283775507246141e+00 2.561273547740594569e-01
1.537645600000000057e+00 1.262159491062802008e+00 2.974821741042448231e-01
1.657227000000000006e+00 1.362667466038647968e+00 3.200471639649127842e-01
1.786108199999999924e+00 1.451460691062803621e+00 3.876263877014256010e-01
1.925012299999999899e+00 1.766248540917875420e+00 5.721630155449798361e-01
2.074718799999999863e+00 2.384515309178742992e+00 4.684400672542952115e-01
2.236067999999999945e+00 2.919235447826088681e+00 5.821945180382821494e-01
2.409965099999999971e+00 3.620335771497583899e+00 8.315533845326454898e-01
2.597386000000000195e+00 3.689207654106279488e+00 7.101241938268094689e-01
2.799382599999999943e+00 3.937908536714976204e+00 9.191874340678094502e-01
3.017088199999999887e+00 3.238312531400966865e+00 6.172397179237546494e-01
3.251724600000000187e+00 3.934622892753620871e+00 8.566002803907512009e-01
3.504608399999999957e+00 5.111097304830916066e+00 9.374923724463631869e-01
3.777158899999999875e+00 5.404980401449272165e+00 8.114728512771934854e-01
4.070905299999999727e+00 4.241559671980676960e+00 6.445016851034580663e-01
4.387496200000000179e+00 3.201571675362318459e+00 5.284173146745011485e-01
4.728708000000000133e+00 2.636190845893720436e+00 3.510944697464580266e-01
5.096455699999999922e+00 2.225998489371980416e+00 3.062752697873825647e-01
5.492802700000000371e+00 2.211692938164251832e+00 3.107451086095021631e-01
5.919973299999999661e+00 2.243176082125603710e+00 3.071011928735186136e-01
6.380364700000000333e+00 2.260140802415459227e+00 2.356003092025127921e-01
6.876560200000000123e+00 1.892094871980674275e+00 1.951826547595441053e-01
7.411344500000000224e+00 1.688064706280193450e+00 1.577844634349566955e-01
7.987718499999999722e+00 1.530697309178745247e+00 1.470144846317337772e-01
8.608916600000000585e+00 1.370924312270531020e+00 1.035436286716240745e-01
9.278424799999999806e+00 1.234646950241545138e+00 9.350707829922647041e-02
1.000000000000000000e+01 1.155025608357487465e+00 8.601443879837368522e-02
