5.000000000000000000e-01 9.666260149282305258e-01 1.727651897025554439e-01
5.388845799999999464e-01 8.809165720095690766e-01 1.859249788360428368e-01
5.807931699999999697e-01 8.996328860287080564e-01 2.263333521719126107e-01
6.259609699999999499e-01 9.733887929665069327e-01 2.637462602186649852e-01
6.746414200000000472e-01 1.058949140909091424e+00 3.060367691958462699e-01
7.271077200000000129e-01 1.159404724545454624e+00 3.462457389094342197e-01
7.836542699999999861e-01 1.200085917464114305e+00 3.567386941250639265e-01
8.445983999999999714e-01 1.251553293349281226e+00 3.671483889698564651e-01
9.102820999999999829e-01 1.257915482440191468e+00 3.641089893721161097e-01
9.810739699999999619e-01 1.224985338708134419e+00 3.299182454191788572e-01
1.057371300000000014e+00 1.202939034210526614e+00 2.672056891158162140e-01
1.139602100000000062e+00 1.155216423205740695e+00 2.251508997081046737e-01
1.228228000000000097e+00 1.138740214976075915e+00 2.672794039706811731e-01
1.323746300000000042e+00 1.150934991483253400e+00 2.869786539516059332e-01
1.426692899999999931e+00 1.241204324401913528e+00 3.709594218607600857e-01
1.537645600000000057e+00 1.309793826602871691e+00 4.053268259404479990e-01
1.657227000000000006e+00 1.188627882344497122e+00 3.398634424388515263e-01
1.786108199999999924e+00 1.540859230669855862e+00 6.796392904401707957e-01
1.925012299999999899e+00 1.619141078133972123e+00 7.132620321432895372e-01
2.074718799999999863e+00 1.676932957320574236e+00 7.843122568458543720e-01
2.236067999999999945e+00 1.528988675550240206e+00 6.066099726683615856e-01
2.409965099999999971e+00 1.533061869952153877e+00 6.517469710896407475e-01
2.597386000000000195e+00 1.346868339234449818e+00 7.475735255469555529e-01
2.799382599999999943e+00 1.506848256650717532e+00 1.008864121133896896e+00
3.017088199999999887e+00 1.789425658468900782e+00 1.306489032973683573e+00
3.251724600000000187e+00 2.910536314162678995e+00 2.020569338089210909e+00
3.504608399999999957e+00 3.174234046411485544e+00 2.290524058510471583e+00
3.777158899999999875e+00 3.438557753110047077e+00 2.503264185150409382e+00
4.070905299999999727e+00 3.960208219952150888e+00 2.778583409304652641e+00
4.387496200000000179e+00 3.131804171913874502e+00 2.068065255401639657e+00
4.728708000000000133e+00 3.458949762822968399e+00 2.162025558986957918e+00
5.096455699999999922e+00 4.278999125454548746e+00 2.276875759977150082e+00
5.492802700000000371e+00 4.125616503349281317e+00 1.359193445500323838e+00
5.919973299999999661e+00 4.363423512440195218e+00 8.180204298065562041e-01
6.380364700000000333e+00 1.076034332870813159e+01 1.446566454945525049e+00
6.876560200000000123e+00 1.089523668660287292e+01 2.358312870345151691e+00
7.411344500000000224e+00 1.098379171196172699e+01 2.287052058672827126e+00
7.987718499999999722e+00 9.077914975598085690e+00 1.699639416891309152e+00
8.608916600000000585e+00 6.766464059808612319e+00 9.850353664233493234e-01
9.278424799999999806e+00 5.948898693779907987e+00 8.212653720595030071e-01
1.000000000000000000e+01 3.992664272727271868e+00 1.567308180777161830e+00
