5.000000000000000000e-01 7.984048776354683019e-01 5.052848441392260997e-02
5.388845799999999464e-01 6.889219846305419948e-01 5.401668619442474839e-02
5.807931699999999697e-01 6.527786203940888488e-01 5.077561920078960123e-02
6.259609699999999499e-01 6.486237983251228467e-01 5.109270296215462359e-02
6.746414200000000472e-01 6.448662108866993758e-01 5.086091331123790416e-02
7.271077200000000129e-01 6.455713876354680636e-01 4.789798169017324414e-02
7.836542699999999861e-01 6.585964569458130358e-01 4.903948789191540925e-02
8.445983999999999714e-01 6.679073858128077301e-01 4.887115302874944084e-02
9.102820999999999829e-01 6.870222067487682382e-01 5.953628248537493062e-02
9.810739699999999619e-01 6.963005283743842755e-01 6.542315596157628754e-02
1.057371300000000014e+00 7.311821808374387999e-01 7.249627758230080266e-02
1.139602100000000062e+00 7.308129910837442011e-01 7.436783504374275267e-02
1.228228000000000097e+00 7.463921930049265407e-01 7.254576225007748624e-02
1.323746300000000042e+00 7.658355012315271049e-01 1.079500793238954426e-01
1.426692899999999931e+00 7.943985201477838931e-01 1.365405613939364993e-01
1.537645600000000057e+00 8.112343736453199172e-01 1.348233533115567040e-01
1.657227000000000006e+00 8.774929100985215946e-01 1.723319688437462693e-01
1.786108199999999924e+00 9.188551378817738646e-01 1.837408426476676848e-01
1.925012299999999899e+00 9.930952141871924876e-01 1.441167219829189161e-01
2.074718799999999863e+00 1.090968091674876739e+00 1.717846510047219555e-01
2.236067999999999945e+00 1.307480544876846729e+00 3.669145900229549562e-01
2.409965099999999971e+00 1.548998290295566349e+00 5.753224540950095944e-01
2.597386000000000195e+00 1.461827840985222338e+00 4.329846230532874984e-01
2.799382599999999943e+00 1.450874291822659368e+00 3.705898943217022512e-01
3.017088199999999887e+00 1.516572926896550877e+00 4.399927886570273450e-01
3.251724600000000187e+00 1.493839778177340483e+00 4.399584014554459577e-01
3.504608399999999957e+00 1.569689958866995472e+00 4.054679455652709930e-01
3.777158899999999875e+00 1.546651017635468417e+00 2.864296988149265810e-01
4.070905299999999727e+00 1.695342500788177498e+00 2.446422949856632834e-01
4.387496200000000179e+00 1.652955525812809245e+00 2.135696961252875337e-01
4.728708000000000133e+00 1.746066476354679597e+00 2.745612180862492258e-01
5.096455699999999922e+00 1.705300482758620451e+00 3.204439236708080396e-01
5.492802700000000371e+00 1.734278664532019842e+00 2.948634803151221617e-01
5.919973299999999661e+00 2.015974679310344353e+00 3.536645516654738919e-01
6.380364700000000333e+00 2.811435187684728998e+00 3.017570735586529440e-01
6.876560200000000123e+00 3.347422907389161928e+00 3.108456889372008258e-01
7.411344500000000224e+00 3.774029353694581257e+00 3.211839483662952133e-01
7.987718499999999722e+00 3.381625467487686443e+00 3.784226413784087528e-01
8.608916600000000585e+00 3.123432110344830370e+00 4.558915739521585131e-01
9.278424799999999806e+00 2.364563318226600597e+00 4.252291222839541529e-01
1.000000000000000000e+01 1.626352816256157352e+00 2.410853829892741773e-01
