5.000000000000000000e-01 7.506916619323668050e-01 5.445666572869605621e-02
5.388845799999999464e-01 6.443351244927537635e-01 5.440753894959977216e-02
5.807931699999999697e-01 6.176078007246375012e-01 5.237196247000163590e-02
6.259609699999999499e-01 6.269590465700487503e-01 6.103178447589945738e-02
6.746414200000000472e-01 6.257077204347826216e-01 6.132304618034564031e-02
7.271077200000000129e-01 6.198663433816428148e-01 6.490161504982402962e-02
7.836542699999999861e-01 6.072988554106280024e-01 6.535342676279227991e-02
8.445983999999999714e-01 6.087657966183576130e-01 6.315342417901508021e-02
9.102820999999999829e-01 6.250496619323672176e-01 8.127339753553182444e-02
9.810739699999999619e-01 6.318477696135265109e-01 6.904871952180959005e-02
1.057371300000000014e+00 6.850990265700481752e-01 7.400085662371409800e-02
1.139602100000000062e+00 7.202176314492748643e-01 1.016060472488501676e-01
1.228228000000000097e+00 7.354240647826086885e-01 9.976859366499651882e-02
1.323746300000000042e+00 7.255726121256034222e-01 9.338386967718512177e-02
1.426692899999999931e+00 6.940560033333335044e-01 1.101359827029709387e-01
1.537645600000000057e+00 7.164249418357490073e-01 1.130712136370281146e-01
1.657227000000000006e+00 7.673150698067633391e-01 1.357145472147587850e-01
1.786108199999999924e+00 8.276906385507243336e-01 1.571030964031872035e-01
1.925012299999999899e+00 9.124017659420285975e-01 1.880897306503556410e-01
2.074718799999999863e+00 1.075457734492753614e+00 3.418247418494245737e-01
2.236067999999999945e+00 1.408830130241545131e+00 4.330420338381875678e-01
2.409965099999999971e+00 1.806362711352658579e+00 4.661038401355205862e-01
2.597386000000000195e+00 1.764994239130435183e+00 3.087872653162187508e-01
2.799382599999999943e+00 1.875544917874397477e+00 2.256350463302347620e-01
3.017088199999999887e+00 2.343894807246376999e+00 4.278699173911216791e-01
3.251724600000000187e+00 2.482032445893718187e+00 5.300625733566572961e-01
3.504608399999999957e+00 2.456572728019324359e+00 4.473191310505925666e-01
3.777158899999999875e+00 2.074495231400966144e+00 4.486825017671737803e-01
4.070905299999999727e+00 1.762650655555555890e+00 1.981084007242139844e-01
4.387496200000000179e+00 2.080555945893719727e+00 1.925302990623279364e-01
4.728708000000000133e+00 1.855544111111111061e+00 1.551974311327910527e-01
5.096455699999999922e+00 1.799711642512078269e+00 1.462269546963689271e-01
5.492802700000000371e+00 2.148403771497584103e+00 2.777713325744285977e-01
5.919973299999999661e+00 2.084293903381642554e+00 2.790925000707349390e-01
6.380364700000000333e+00 1.803766853623187671e+00 1.668156484747561064e-01
6.876560200000000123e+00 1.667115356521738034e+00 1.425119606266296024e-01
7.411344500000000224e+00 1.677324495652173120e+00 1.527744987022260081e-01
7.987718499999999722e+00 1.725929862801932613e+00 1.964276216527029717e-01
8.608916600000000585e+00 1.802401763768115783e+00 2.145158359376315438e-01
9.278424799999999806e+00 1.761354390338163878e+00 2.135364210231097404e-01
1.000000000000000000e+01 1.709961907536231340e+00 2.426764227073641145e-01
