5.000000000000000000e-01 8.430701865384612192e-01 5.881138217043647282e-02
5.388845799999999464e-01 7.264964034134613335e-01 6.141603494090944193e-02
5.807931699999999697e-01 7.053358060576923050e-01 6.051892156300575643e-02
6.259609699999999499e-01 7.130557116826919950e-01 5.843322538779936737e-02
6.746414200000000472e-01 7.102293345192306484e-01 6.136561443852282111e-02
7.271077200000000129e-01 7.060561388942304673e-01 6.324504702947857104e-02
7.836542699999999861e-01 6.896367130288468816e-01 5.366871506940888020e-02
8.445983999999999714e-01 6.876501285576928080e-01 5.409600984014110298e-02
9.102820999999999829e-01 7.101448313461535822e-01 8.235290519339200088e-02
9.810739699999999619e-01 7.304337854807692043e-01 8.521315610840997368e-02
1.057371300000000014e+00 7.813663527403847953e-01 1.191739620053992171e-01
1.139602100000000062e+00 7.995843462980768424e-01 1.367203819404138321e-01
1.228228000000000097e+00 8.048984261057694489e-01 1.529804100260556965e-01
1.323746300000000042e+00 8.349792479326919592e-01 1.797992801947397856e-01
1.426692899999999931e+00 8.185934036057690433e-01 1.461818205211104504e-01
1.537645600000000057e+00 8.782415276442304686e-01 1.699993294832521096e-01
1.657227000000000006e+00 9.154870919711540767e-01 1.727324714707197117e-01
1.786108199999999924e+00 9.200249052403838279e-01 1.649584114473167384e-01
1.925012299999999899e+00 8.782054777884611418e-01 1.711810252064816795e-01
2.074718799999999863e+00 1.113757849567307945e+00 2.983550777452963487e-01
2.236067999999999945e+00 1.156868261875000359e+00 2.786776330737095186e-01
2.409965099999999971e+00 1.507229322884615419e+00 4.174398309623240100e-01
2.597386000000000195e+00 1.226920807259615609e+00 1.923832250690030998e-01
2.799382599999999943e+00 1.176023931105769416e+00 2.299069994180787391e-01
3.017088199999999887e+00 1.199328838173077338e+00 2.632985795348637970e-01
3.251724600000000187e+00 1.219867514903846262e+00 2.852908922645089329e-01
3.504608399999999957e+00 1.111892343413460882e+00 3.232166622882584051e-01
3.777158899999999875e+00 1.161311578173077175e+00 4.138509964698915411e-01
4.070905299999999727e+00 1.212697401730769009e+00 5.079718756555174908e-01
4.387496200000000179e+00 9.669612730769233666e-01 4.103228446190020917e-01
4.728708000000000133e+00 1.033811773076923624e+00 4.240940570824354716e-01
5.096455699999999922e+00 9.249905865865385435e-01 2.990123240320845532e-01
5.492802700000000371e+00 7.381192397596154642e-01 1.411876000336214909e-01
5.919973299999999661e+00 7.148037869230770003e-01 9.445773859957451446e-02
6.380364700000000333e+00 7.928572852403846793e-01 9.762257143683017446e-02
6.876560200000000123e+00 8.152165177403849494e-01 1.072683026298740655e-01
7.411344500000000224e+00 8.785901239423077325e-01 1.049124477721391502e-01
7.987718499999999722e+00 1.057885072307692242e+00 1.102221169794369987e-01
8.608916600000000585e+00 1.279421781442307671e+00 1.184789297139076797e-01
9.278424799999999806e+00 1.498077063942307330e+00 1.713891278729765266e-01
1.000000000000000000e+01 1.543752692307692742e+00 1.608542820859739098e-01
