5.000000000000000000e-01 1.292189119107981510e+00 4.023070659034880259e-01
5.388845799999999464e-01 1.078217847417840325e+00 3.058367332557469509e-01
5.807931699999999697e-01 1.048966399953051631e+00 2.988148039369487585e-01
6.259609699999999499e-01 1.086366532863850098e+00 3.235841257398500148e-01
6.746414200000000472e-01 1.125902057183098659e+00 3.529757423851003217e-01
7.271077200000000129e-01 1.165225651924882699e+00 3.967556472946340840e-01
7.836542699999999861e-01 1.194809758215961581e+00 4.089572679052439486e-01
8.445983999999999714e-01 1.221854761784037402e+00 4.441342869212112632e-01
9.102820999999999829e-01 1.198416976150234792e+00 4.035997946792527213e-01
9.810739699999999619e-01 1.209334727230047646e+00 3.801836279901296689e-01
1.057371300000000014e+00 1.208195811079812998e+00 3.735456712746255681e-01
1.139602100000000062e+00 1.249786601830986221e+00 3.614430522601770335e-01
1.228228000000000097e+00 1.296839938544600779e+00 3.741022298759801301e-01
1.323746300000000042e+00 1.298078152253521411e+00 3.487533955067418368e-01
1.426692899999999931e+00 1.324121638685446189e+00 3.510001588296948749e-01
1.537645600000000057e+00 1.421471490328638287e+00 3.904582109313033955e-01
1.657227000000000006e+00 1.452810202347417645e+00 3.893744084843228648e-01
1.786108199999999924e+00 1.484061933145539802e+00 4.034915469422999945e-01
1.925012299999999899e+00 1.388332796384976975e+00 3.285672960462419634e-01
2.074718799999999863e+00 1.700805685868544082e+00 4.799857813379389548e-01
2.236067999999999945e+00 2.076904993568073898e+00 5.969034035903496571e-01
2.409965099999999971e+00 2.283877418779342250e+00 4.803219006384084611e-01
2.597386000000000195e+00 2.592449928169014761e+00 5.463277706637680309e-01
2.799382599999999943e+00 2.516574331455400326e+00 1.186056894551551277e+00
3.017088199999999887e+00 2.294305282159624149e+00 9.357050690680001059e-01
3.251724600000000187e+00 2.078565098591547144e+00 7.792842058794405835e-01
3.504608399999999957e+00 1.747089013615024555e+00 3.175923361652034371e-01
3.777158899999999875e+00 1.392204044600939605e+00 2.310199698333220975e-01
4.070905299999999727e+00 1.280754900046948919e+00 1.564384732822273472e-01
4.387496200000000179e+00 1.859764874178404970e+00 1.394684372062676703e-01
4.728708000000000133e+00 1.857930108450704720e+00 1.963222296334590500e-01
5.096455699999999922e+00 1.956296403286385877e+00 1.969354626986214440e-01
5.492802700000000371e+00 2.035299044600938245e+00 2.052544004444186998e-01
5.919973299999999661e+00 2.111202584976525021e+00 2.636312905440049148e-01
6.380364700000000333e+00 2.893819096713615036e+00 2.834602453549361356e-01
6.876560200000000123e+00 3.179283737089201534e+00 3.562544735010064745e-01
7.411344500000000224e+00 3.180119499061032418e+00 5.014438538756841313e-01
7.987718499999999722e+00 3.447319464319247739e+00 4.941143097192156608e-01
8.608916600000000585e+00 3.820463001877933529e+00 4.982001915103835832e-01
9.278424799999999806e+00 3.914754901408453058e+00 5.833306637789349436e-01
1.000000000000000000e+01 3.593850934272301512e+00 6.322499615636137937e-01
