5.000000000000000000e-01 9.377571940990993005e-01 2.226043318923002778e-01
5.388845799999999464e-01 8.017950470720716094e-01 1.852898587746452941e-01
5.807931699999999697e-01 7.820631146846850346e-01 1.988359619936063694e-01
6.259609699999999499e-01 8.033123237387393978e-01 2.181160089818944825e-01
6.746414200000000472e-01 8.321747975675676257e-01 2.303009840399579955e-01
7.271077200000000129e-01 8.505939605405401505e-01 2.400106022931294825e-01
7.836542699999999861e-01 8.572586209009009917e-01 2.512726304758467477e-01
8.445983999999999714e-01 8.509667527027023892e-01 2.478950298363575555e-01
9.102820999999999829e-01 8.652006327027021992e-01 2.265916736076737936e-01
9.810739699999999619e-01 8.646790161711713774e-01 2.274442031863755931e-01
1.057371300000000014e+00 8.684871000450449241e-01 2.168996720099901354e-01
1.139602100000000062e+00 8.391569437387390584e-01 2.000161230804096135e-01
1.228228000000000097e+00 8.097803812162163162e-01 1.892457529632971813e-01
1.323746300000000042e+00 7.728690161261260183e-01 1.740754207678067156e-01
1.426692899999999931e+00 7.520474249099096120e-01 1.700509195046054911e-01
1.537645600000000057e+00 7.718382343693689362e-01 1.751279030617334254e-01
1.657227000000000006e+00 7.647739312612611418e-01 1.627406844262955510e-01
1.786108199999999924e+00 7.764865350450450565e-01 1.655541476370420428e-01
1.925012299999999899e+00 7.738646236036037518e-01 1.212049523182133909e-01
2.074718799999999863e+00 7.568323763963964446e-01 9.856324510131686534e-02
2.236067999999999945e+00 7.641599912612609957e-01 1.262732275876276289e-01
2.409965099999999971e+00 8.724169960360363962e-01 1.750085155853893792e-01
2.597386000000000195e+00 9.447628882882889156e-01 1.826706759561340376e-01
2.799382599999999943e+00 9.459129103603606259e-01 1.206082231594004933e-01
3.017088199999999887e+00 9.397514926126125934e-01 1.273316193893856696e-01
3.251724600000000187e+00 1.026733483153153603e+00 2.060015222607024521e-01
3.504608399999999957e+00 1.147322797297296804e+00 2.578597682971379146e-01
3.777158899999999875e+00 1.084668612972973234e+00 2.456862405435882024e-01
4.070905299999999727e+00 1.104743274549548904e+00 2.175753314850143449e-01
4.387496200000000179e+00 1.154611984639639211e+00 1.843819585000281702e-01
4.728708000000000133e+00 1.216764819054053870e+00 2.019128267618605088e-01
5.096455699999999922e+00 1.303846542207207637e+00 1.445053396950800595e-01
5.492802700000000371e+00 1.305867171621621692e+00 1.139320810633696196e-01
5.919973299999999661e+00 1.212583784009008125e+00 1.748521559989902330e-01
6.380364700000000333e+00 1.764755195495495199e+00 2.300179836168556591e-01
6.876560200000000123e+00 1.627535252702704049e+00 1.860002079919859941e-01
7.411344500000000224e+00 1.369189571171170128e+00 1.441931895452538137e-01
7.987718499999999722e+00 1.543533153603603880e+00 1.115512819427635499e-01
8.608916600000000585e+00 1.858303695945945799e+00 1.647169209706749460e-01
9.278424799999999806e+00 1.871503833783783710e+00 1.294053528483522786e-01
1.000000000000000000e+01 1.788852588738739646e+00 1.321904545035711975e-01
