5.000000000000000000e-01 9.141103624336286426e-01 1.161150891088083420e-01
5.388845799999999464e-01 7.928613578761062319e-01 1.157541809697393426e-01
5.807931699999999697e-01 7.546441657522124924e-01 1.111778701764722099e-01
6.259609699999999499e-01 7.599814170796462820e-01 1.095635915185430992e-01
6.746414200000000472e-01 7.749808244247786693e-01 1.399738572602974018e-01
7.271077200000000129e-01 7.901636107964602473e-01 1.412862026063259335e-01
7.836542699999999861e-01 7.966572105752209865e-01 1.254216009669623100e-01
8.445983999999999714e-01 7.952786123451324185e-01 1.490534902385055593e-01
9.102820999999999829e-01 8.025560495132746386e-01 1.205887329588101325e-01
9.810739699999999619e-01 8.428057846017699140e-01 1.428374548131875477e-01
1.057371300000000014e+00 8.849909069469028555e-01 1.823295088378697748e-01
1.139602100000000062e+00 8.806664926991152331e-01 1.793421002151381893e-01
1.228228000000000097e+00 8.732359650442476084e-01 1.718858196289572149e-01
1.323746300000000042e+00 8.559850403982298683e-01 1.930859641715907127e-01
1.426692899999999931e+00 8.534652060176988186e-01 1.648309423029317988e-01
1.537645600000000057e+00 8.581306320353984107e-01 1.097076365785515373e-01
1.657227000000000006e+00 8.794866673451329220e-01 1.037886040337468313e-01
1.786108199999999924e+00 9.663620300442471445e-01 1.791946951520894116e-01
1.925012299999999899e+00 1.244407634557523235e+00 3.004873502111854999e-01
2.074718799999999863e+00 1.581977300796461039e+00 2.863061716222842223e-01
2.236067999999999945e+00 1.638499741548672617e+00 2.775235415785046733e-01
2.409965099999999971e+00 1.757722719469026140e+00 3.188428502290773237e-01
2.597386000000000195e+00 2.063446178761060956e+00 3.125265267781380807e-01
2.799382599999999943e+00 1.958046274778761697e+00 4.208820831569013987e-01
3.017088199999999887e+00 1.495253979646017806e+00 1.919738817941454012e-01
3.251724600000000187e+00 1.621279261946902084e+00 1.752486101963248721e-01
3.504608399999999957e+00 1.821946850884955893e+00 3.155423416923793800e-01
3.777158899999999875e+00 2.065129789823008544e+00 5.891191489028437811e-01
4.070905299999999727e+00 2.301393308407079896e+00 4.857999360637058062e-01
4.387496200000000179e+00 2.168737541592919538e+00 3.738550244214303153e-01
4.728708000000000133e+00 2.499143492035398317e+00 3.599963397847177893e-01
5.096455699999999922e+00 2.471372527876106950e+00 3.280279306163174091e-01
5.492802700000000371e+00 2.331403496017700583e+00 2.854508710018345274e-01
5.919973299999999661e+00 2.128035264601770837e+00 2.550942442723960202e-01
6.380364700000000333e+00 1.979122597345131185e+00 2.078493200614511816e-01
6.876560200000000123e+00 1.737710728318584641e+00 2.934853136494746106e-01
7.411344500000000224e+00 1.654061953141592101e+00 3.238318507674723401e-01
7.987718499999999722e+00 1.322311545530974186e+00 2.579808228964356465e-01
8.608916600000000585e+00 1.044585056814159696e+00 1.405330417831733014e-01
9.278424799999999806e+00 9.600032256194691582e-01 9.203994904077410222e-02
1.000000000000000000e+01 9.728701266371683198e-01 9.871851126314834524e-02
