5.000000000000000000e-01 8.452385485000000198e-01 4.761701299667375764e-02
5.388845799999999464e-01 7.311857782999997557e-01 5.075121180565349277e-02
5.807931699999999697e-01 6.958530220999997740e-01 4.817274884688139275e-02
6.259609699999999499e-01 6.999191539000000351e-01 4.600902512848464160e-02
6.746414200000000472e-01 7.091557393000000875e-01 4.804705277018801735e-02
7.271077200000000129e-01 7.156752879999999095e-01 4.477819359367422175e-02
7.836542699999999861e-01 7.271986925500005805e-01 4.373921566529350574e-02
8.445983999999999714e-01 7.341738119500003101e-01 4.430316479230353433e-02
9.102820999999999829e-01 7.744146176499999701e-01 8.168615929258538078e-02
9.810739699999999619e-01 8.073251392000001525e-01 1.039314221652231224e-01
1.057371300000000014e+00 8.654717533499999282e-01 1.647161016952907731e-01
1.139602100000000062e+00 8.717343755499997737e-01 1.677885145360421271e-01
1.228228000000000097e+00 9.178458083499999587e-01 2.158062445081374292e-01
1.323746300000000042e+00 9.667554523499996000e-01 2.755736041462961139e-01
1.426692899999999931e+00 1.018291827349999679e+00 3.001415690429006244e-01
1.537645600000000057e+00 1.022628741450000600e+00 2.720667943188319615e-01
1.657227000000000006e+00 1.099403157450000057e+00 2.963705883374992966e-01
1.786108199999999924e+00 1.159807087350001265e+00 3.021381569911169018e-01
1.925012299999999899e+00 1.255089497999999804e+00 2.162813674796154328e-01
2.074718799999999863e+00 1.574131676850001549e+00 2.544181049245307080e-01
2.236067999999999945e+00 1.828243337000000635e+00 2.726410800028414294e-01
2.409965099999999971e+00 1.902011210000001062e+00 2.490381088813735933e-01
2.597386000000000195e+00 1.864136713000000389e+00 2.288306607574869256e-01
2.799382599999999943e+00 2.043871862000001371e+00 5.519695869968600510e-01
3.017088199999999887e+00 1.948993349500000027e+00 2.340644271596848403e-01
3.251724600000000187e+00 1.894814595999998241e+00 2.813708423252072599e-01
3.504608399999999957e+00 2.043524820499999173e+00 2.789415722877064407e-01
3.777158899999999875e+00 2.174970002000000235e+00 3.275315616292636678e-01
4.070905299999999727e+00 2.414332238000000963e+00 3.177186347437025993e-01
4.387496200000000179e+00 2.410631029499998412e+00 5.680496055322939997e-01
4.728708000000000133e+00 2.910719165500001537e+00 7.573592610395363245e-01
5.096455699999999922e+00 2.795887701500000322e+00 7.461117641024418434e-01
5.492802700000000371e+00 2.627819901499999666e+00 5.855103870319400272e-01
5.919973299999999661e+00 2.432594698999999583e+00 4.272843570427565796e-01
6.380364700000000333e+00 2.311276072500000112e+00 4.201683125500859650e-01
6.876560200000000123e+00 1.765712933499999027e+00 2.376945515649752927e-01
7.411344500000000224e+00 1.447009748500000859e+00 1.522626022826445991e-01
7.987718499999999722e+00 1.210669569999999862e+00 9.665893628449362396e-02
8.608916600000000585e+00 1.126526672250000471e+00 9.698267351077152765e-02
9.278424799999999806e+00 1.053055975449999515e+00 9.731714805060724671e-02
1.000000000000000000e+01 1.026308292100000630e+00 8.922461699452556572e-02
