5.000000000000000000e-01 7.864545058291458890e-01 4.145207079942914152e-02
5.388845799999999464e-01 6.696797711055278990e-01 4.620874522326256367e-02
5.807931699999999697e-01 6.526739130653265164e-01 4.962161537049815385e-02
6.259609699999999499e-01 6.716546521608039999e-01 5.353722411196717990e-02
6.746414200000000472e-01 6.987031232160801908e-01 5.154996681677660730e-02
7.271077200000000129e-01 7.113180775879397455e-01 4.990857773170703088e-02
7.836542699999999861e-01 7.256358886934672903e-01 5.394814937258994580e-02
8.445983999999999714e-01 7.338907647236183607e-01 6.084079438251177585e-02
9.102820999999999829e-01 7.773657785929650732e-01 1.009783704334346749e-01
9.810739699999999619e-01 8.041795560804015919e-01 1.556073323231307592e-01
1.057371300000000014e+00 8.210819367839201632e-01 1.640207802354717859e-01
1.139602100000000062e+00 8.180665057788947259e-01 1.507479130899831987e-01
1.228228000000000097e+00 8.078665703517583507e-01 9.626258498584705503e-02
1.323746300000000042e+00 8.488934983417089075e-01 1.407931430017583807e-01
1.426692899999999931e+00 8.812235584924626997e-01 1.843295733613747323e-01
1.537645600000000057e+00 9.524407616582915015e-01 2.384711501927933297e-01
1.657227000000000006e+00 9.654863276381907555e-01 2.517612682291077708e-01
1.786108199999999924e+00 9.821487230150758307e-01 2.430395004390118741e-01
1.925012299999999899e+00 1.307775098291457327e+00 1.987012414412485661e-01
2.074718799999999863e+00 1.673781705527639163e+00 1.940245692880497030e-01
2.236067999999999945e+00 1.870204268341708165e+00 1.731313576529895926e-01
2.409965099999999971e+00 2.056878732160803747e+00 3.540907587112342991e-01
2.597386000000000195e+00 2.384247477386935099e+00 4.461248693864064974e-01
2.799382599999999943e+00 3.964662884924622599e+00 1.308342562783430640e+00
3.017088199999999887e+00 3.480638485427135276e+00 8.330705309215623577e-01
3.251724600000000187e+00 2.656319693467336762e+00 8.962548301330975908e-01
3.504608399999999957e+00 1.196030380050252528e+00 2.442489716640296737e-01
3.777158899999999875e+00 6.952196853266332521e-01 1.466914687158438202e-01
4.070905299999999727e+00 4.875637551256281621e-01 7.753352087573224527e-02
4.387496200000000179e+00 4.483747361306531509e-01 9.267017706169689006e-02
4.728708000000000133e+00 4.149083761809043702e-01 8.866070173469518811e-02
5.096455699999999922e+00 4.843766676884419531e-01 7.744975924160774072e-02
5.492802700000000371e+00 6.975895521105524022e-01 5.881601921784369164e-02
5.919973299999999661e+00 8.281943180904528523e-01 9.193747783836882237e-02
6.380364700000000333e+00 8.207864153266334339e-01 1.032549382924368847e-01
6.876560200000000123e+00 9.304712030653263799e-01 1.493119860748393646e-01
7.411344500000000224e+00 9.072422911557789238e-01 1.653335968551043478e-01
7.987718499999999722e+00 8.655969467336673828e-01 1.469029658669314398e-01
8.608916600000000585e+00 8.549265520100506333e-01 1.583557856401263952e-01
9.278424799999999806e+00 7.824094276884419052e-01 7.760782190617547538e-02
1.000000000000000000e+01 7.206919220603013043e-01 5.293922689023052019e-02
