5.000000000000000000e-01 6.279485403124999143e-01 5.846701316483472743e-02
5.388845799999999464e-01 5.459847833035710307e-01 4.955660290180502470e-02
5.807931699999999697e-01 5.295395772321427330e-01 4.681682597680609376e-02
6.259609699999999499e-01 5.369355874553571883e-01 5.157440164240563452e-02
6.746414200000000472e-01 5.586689714732144818e-01 5.289767078934808076e-02
7.271077200000000129e-01 5.775139636160711021e-01 5.401098878749754917e-02
7.836542699999999861e-01 5.821744883482142807e-01 5.346730887901415818e-02
8.445983999999999714e-01 5.704222527232144513e-01 5.453126561499412744e-02
9.102820999999999829e-01 5.754109151785717913e-01 4.617726294089823796e-02
9.810739699999999619e-01 5.600307960714285826e-01 4.819519243353886234e-02
1.057371300000000014e+00 5.444670586607142093e-01 6.062500647662216052e-02
1.139602100000000062e+00 5.377723039732144050e-01 7.005418236062133097e-02
1.228228000000000097e+00 5.530894026785712070e-01 6.438700617246941038e-02
1.323746300000000042e+00 5.556413244642859350e-01 5.768973357046427303e-02
1.426692899999999931e+00 5.710795939732143944e-01 6.976756885956673926e-02
1.537645600000000057e+00 5.981123603125001464e-01 7.381400690257486352e-02
1.657227000000000006e+00 6.180951500000001486e-01 8.979393054865537904e-02
1.786108199999999924e+00 6.185982226339283852e-01 9.607820697899423223e-02
1.925012299999999899e+00 5.896841575446433170e-01 1.062707204201230604e-01
2.074718799999999863e+00 5.692282993749998576e-01 1.141404506110093725e-01
2.236067999999999945e+00 5.794939100892858574e-01 1.259654817905637436e-01
2.409965099999999971e+00 6.317137536160712941e-01 1.811489794603571568e-01
2.597386000000000195e+00 6.526197193303567845e-01 1.833827595845499980e-01
2.799382599999999943e+00 6.236555178571429048e-01 1.036819048182385378e-01
3.017088199999999887e+00 6.107822886160717557e-01 6.405633420856356175e-02
3.251724600000000187e+00 6.144477977232145616e-01 8.228671498074623114e-02
3.504608399999999957e+00 6.181629558928577461e-01 8.640578852761368611e-02
3.777158899999999875e+00 6.389225242410709882e-01 7.564429637441312526e-02
4.070905299999999727e+00 6.538913091071425487e-01 6.971923705659240078e-02
4.387496200000000179e+00 6.728061907142856013e-01 9.176220693242273518e-02
4.728708000000000133e+00 6.377761785267855865e-01 9.942344211583660496e-02
5.096455699999999922e+00 6.203172675446431139e-01 9.213169381835878413e-02
5.492802700000000371e+00 6.444402814285714598e-01 7.729843753558228447e-02
5.919973299999999661e+00 6.883500251785711344e-01 8.030347765071198241e-02
6.380364700000000333e+00 9.048217328571425133e-01 8.265859015767242080e-02
6.876560200000000123e+00 8.917008198660714147e-01 8.848875913190219766e-02
7.411344500000000224e+00 7.867708433928572997e-01 1.008005974541754113e-01
7.987718499999999722e+00 6.911137042857143920e-01 1.023840602767959601e-01
8.608916600000000585e+00 7.745756716964283806e-01 8.983115450854635420e-02
9.278424799999999806e+00 7.925346922321427900e-01 8.096051583587669798e-02
1.000000000000000000e+01 7.875133342410717274e-01 7.742231897935947238e-02
