5.000000000000000000e-01 8.492608370142182839e-01 1.691329180115773434e-01
5.388845799999999464e-01 7.545717116587681295e-01 2.214576289224618744e-01
5.807931699999999697e-01 7.411717092417058339e-01 2.502036031545158412e-01
6.259609699999999499e-01 7.516492151658773491e-01 2.604177813642912787e-01
6.746414200000000472e-01 7.538391451184830450e-01 2.626343535920132033e-01
7.271077200000000129e-01 7.420880374407582414e-01 2.300318669266348814e-01
7.836542699999999861e-01 7.516637271090041983e-01 2.720372915524442159e-01
8.445983999999999714e-01 7.417395628436022070e-01 2.225118073297080723e-01
9.102820999999999829e-01 7.803611037914692794e-01 2.397776173916769671e-01
9.810739699999999619e-01 8.178165847867300275e-01 2.988186988872372774e-01
1.057371300000000014e+00 8.293893594312797823e-01 2.882646946485882267e-01
1.139602100000000062e+00 8.652803875829386815e-01 2.768508447961766650e-01
1.228228000000000097e+00 8.845082240758294079e-01 2.765225335559874376e-01
1.323746300000000042e+00 9.094206029857817564e-01 2.751277362445239127e-01
1.426692899999999931e+00 1.115558289668246328e+00 3.442423449828025395e-01
1.537645600000000057e+00 1.268482155213270346e+00 3.937225131803681610e-01
1.657227000000000006e+00 1.302157948104264884e+00 3.745751093490667372e-01
1.786108199999999924e+00 1.165594570379146155e+00 2.958398082099715776e-01
1.925012299999999899e+00 1.231402922180095283e+00 2.875937296875327731e-01
2.074718799999999863e+00 1.245044479763032230e+00 2.951878597778828661e-01
2.236067999999999945e+00 1.448702506492890452e+00 3.186000140647445300e-01
2.409965099999999971e+00 1.493410400710900143e+00 3.071847604980650348e-01
2.597386000000000195e+00 1.676007379004738507e+00 3.446931327205975393e-01
2.799382599999999943e+00 1.945145518957346775e+00 4.534167783452895950e-01
3.017088199999999887e+00 2.114646459099526865e+00 3.996729362466327484e-01
3.251724600000000187e+00 2.321826380758294839e+00 4.169242656749673204e-01
3.504608399999999957e+00 1.926557993127961943e+00 3.651174231750437538e-01
3.777158899999999875e+00 1.700054089526065404e+00 3.595933471803113290e-01
4.070905299999999727e+00 2.380622866540283322e+00 4.727936743385345864e-01
4.387496200000000179e+00 2.668795793364929114e+00 3.677648025295528478e-01
4.728708000000000133e+00 2.225870842180095455e+00 3.123180717847699461e-01
5.096455699999999922e+00 1.894186445023695820e+00 2.654098145711194512e-01
5.492802700000000371e+00 1.631816019431279408e+00 3.027155421483740394e-01
5.919973299999999661e+00 1.642138025497630327e+00 3.437448925598269311e-01
6.380364700000000333e+00 2.024104697819905319e+00 4.953619201142809292e-01
6.876560200000000123e+00 1.946701160284360022e+00 4.790859534067975489e-01
7.411344500000000224e+00 1.626286124265402311e+00 4.436061924980342908e-01
7.987718499999999722e+00 1.258563096966825556e+00 3.827336447348450021e-01
8.608916600000000585e+00 1.008062788530805554e+00 2.934733554297282443e-01
9.278424799999999806e+00 8.436342458293836222e-01 2.049972010079167684e-01
1.000000000000000000e+01 7.361641143127959364e-01 1.318437084291702033e-01
