5.000000000000000000e-01 6.616111063720934160e-01 7.740850752300183768e-02
5.388845799999999464e-01 5.688951542325583199e-01 6.449568516690035169e-02
5.807931699999999697e-01 5.499014802790697098e-01 6.918235632753791386e-02
6.259609699999999499e-01 5.653382999534887210e-01 7.515946727299839536e-02
6.746414200000000472e-01 5.837092566976744834e-01 8.743723320166589541e-02
7.271077200000000129e-01 6.040533616744185874e-01 9.729832708037423894e-02
7.836542699999999861e-01 6.279501659069768316e-01 1.165351757383020215e-01
8.445983999999999714e-01 6.370765966046512130e-01 1.309856983276674880e-01
9.102820999999999829e-01 6.650856165116273422e-01 1.424534009130479506e-01
9.810739699999999619e-01 6.681433674418600921e-01 1.605414671771809298e-01
1.057371300000000014e+00 6.825519108372091193e-01 1.767889171159945372e-01
1.139602100000000062e+00 7.007682607441859668e-01 2.016163008277470081e-01
1.228228000000000097e+00 7.076522562790699133e-01 1.963052437908721082e-01
1.323746300000000042e+00 7.197039709302323063e-01 2.159371719488095143e-01
1.426692899999999931e+00 7.266739064651163149e-01 2.449994604922544894e-01
1.537645600000000057e+00 7.189908369767442631e-01 2.593462717962361497e-01
1.657227000000000006e+00 7.372592035813948508e-01 2.884538618159021572e-01
1.786108199999999924e+00 7.688741682790698473e-01 3.356422491136161201e-01
1.925012299999999899e+00 7.651026831162788255e-01 3.191333506953492605e-01
2.074718799999999863e+00 8.084100013953493535e-01 2.833249000864789813e-01
2.236067999999999945e+00 8.688934661860465702e-01 2.918552354317332509e-01
2.409965099999999971e+00 8.576587212558143269e-01 2.574830477070311763e-01
2.597386000000000195e+00 9.189127741395348714e-01 2.919831729523520991e-01
2.799382599999999943e+00 8.974169910697675778e-01 2.787943203797577651e-01
3.017088199999999887e+00 8.881063424651163274e-01 2.405236928181160860e-01
3.251724600000000187e+00 9.510833146976740426e-01 2.902519020994412946e-01
3.504608399999999957e+00 9.492116670232557674e-01 2.497961145552412554e-01
3.777158899999999875e+00 9.258589970232554700e-01 2.340381649953566512e-01
4.070905299999999727e+00 9.350008577674419064e-01 2.262545916609594587e-01
4.387496200000000179e+00 1.191550119023256249e+00 4.818918576377055896e-01
4.728708000000000133e+00 1.131245039674418917e+00 4.267983696340562072e-01
5.096455699999999922e+00 1.226291039116279125e+00 4.589263812970174605e-01
5.492802700000000371e+00 1.265721312325581271e+00 4.696498453712568688e-01
5.919973299999999661e+00 1.265234626325581591e+00 4.641060595227189389e-01
6.380364700000000333e+00 1.617265770418604198e+00 7.358288035861191290e-01
6.876560200000000123e+00 1.624176472093023849e+00 8.308434848789284510e-01
7.411344500000000224e+00 1.792929617720929736e+00 1.084547662144256686e+00
7.987718499999999722e+00 2.928981362186048543e+00 2.879124534058293161e+00
8.608916600000000585e+00 3.407051081813952109e+00 3.247274624344748783e+00
9.278424799999999806e+00 3.031659404558138871e+00 2.644623059971203727e+00
1.000000000000000000e+01 2.332102818651164089e+00 1.584988879184026533e+00
