5.000000000000000000e-01 7.567184528571431201e-01 9.358725824169296381e-02
5.388845799999999464e-01 6.430500534761905973e-01 7.950771282555824104e-02
5.807931699999999697e-01 6.184106678095238063e-01 7.645729765852218862e-02
6.259609699999999499e-01 6.168505118571429024e-01 7.485217822130378618e-02
6.746414200000000472e-01 6.315951793809524428e-01 7.568170297634178867e-02
7.271077200000000129e-01 6.345759794285718014e-01 8.493618234066395434e-02
7.836542699999999861e-01 6.562725648095241171e-01 8.506520656751537235e-02
8.445983999999999714e-01 6.491313499047617341e-01 8.043516646921684832e-02
9.102820999999999829e-01 6.584845086190472818e-01 7.295334179091443605e-02
9.810739699999999619e-01 6.540242105714286769e-01 5.896703711698312450e-02
1.057371300000000014e+00 6.717812918095240615e-01 6.660640538593341764e-02
1.139602100000000062e+00 6.793259139047614914e-01 7.979258792160938418e-02
1.228228000000000097e+00 6.558135070952377799e-01 5.270613100616031166e-02
1.323746300000000042e+00 6.623244254285709509e-01 5.434042257636158280e-02
1.426692899999999931e+00 6.861459109999998862e-01 8.491591971215430024e-02
1.537645600000000057e+00 7.687421670000003093e-01 1.448514139224824082e-01
1.657227000000000006e+00 7.733454565238097045e-01 1.401100939631656217e-01
1.786108199999999924e+00 7.592838398571429837e-01 9.444415184805908525e-02
1.925012299999999899e+00 7.387143690952381325e-01 1.142669518801144590e-01
2.074718799999999863e+00 7.660306842380953940e-01 1.251181851953843127e-01
2.236067999999999945e+00 8.388916560476199491e-01 1.209968091394545697e-01
2.409965099999999971e+00 9.189852625238094097e-01 1.373277549113035012e-01
2.597386000000000195e+00 9.622496464285709150e-01 1.609292193925049852e-01
2.799382599999999943e+00 1.048561415285714338e+00 1.833420740208411837e-01
3.017088199999999887e+00 1.238908323904762243e+00 2.544321584288647409e-01
3.251724600000000187e+00 1.479386665666666323e+00 4.983509326075542534e-01
3.504608399999999957e+00 1.670226176333333479e+00 5.475441521277975010e-01
3.777158899999999875e+00 1.845468319095237675e+00 5.725811772417931378e-01
4.070905299999999727e+00 1.816672223000000530e+00 5.406233859132073549e-01
4.387496200000000179e+00 1.639983355238094243e+00 4.888407573745242596e-01
4.728708000000000133e+00 1.401592151380952611e+00 3.943574695184759449e-01
5.096455699999999922e+00 1.406123487857142917e+00 5.468374531989875775e-01
5.492802700000000371e+00 1.512762140904762020e+00 5.918257473282571013e-01
5.919973299999999661e+00 1.684754209619048204e+00 6.312570301741990964e-01
6.380364700000000333e+00 1.528271825666666750e+00 5.385738619036405384e-01
6.876560200000000123e+00 1.511652086238095327e+00 5.230919101560521645e-01
7.411344500000000224e+00 1.490504363095238594e+00 4.914543005699348877e-01
7.987718499999999722e+00 1.450357857142856588e+00 4.408011652793842883e-01
8.608916600000000585e+00 1.253427572285713998e+00 3.418698556434142666e-01
9.278424799999999806e+00 9.546357719523808072e-01 2.092611418448903915e-01
1.000000000000000000e+01 7.062533412857147086e-01 1.222150567500845386e-01
