5.000000000000000000e-01 7.945863254377879548e-01 5.061908280605950661e-02
5.388845799999999464e-01 6.919931758064516991e-01 5.628373356404145489e-02
5.807931699999999697e-01 6.700565907834101775e-01 5.288260999741033891e-02
6.259609699999999499e-01 6.814367261751155258e-01 5.695396595622628094e-02
6.746414200000000472e-01 6.877673476958527932e-01 5.444832525418628888e-02
7.271077200000000129e-01 6.828970989861754548e-01 6.063995311370656144e-02
7.836542699999999861e-01 6.795854900000002363e-01 5.964944741476326667e-02
8.445983999999999714e-01 6.804343005990788340e-01 5.754445461112440291e-02
9.102820999999999829e-01 7.016627449769587965e-01 7.379153822791133244e-02
9.810739699999999619e-01 7.261141841935486729e-01 1.018464194187083394e-01
1.057371300000000014e+00 7.197202865437787311e-01 7.166658132064507303e-02
1.139602100000000062e+00 7.269264379262674325e-01 6.479225710563048246e-02
1.228228000000000097e+00 7.637204404608290975e-01 8.237918580110485667e-02
1.323746300000000042e+00 7.753277712442397940e-01 1.091671107194890078e-01
1.426692899999999931e+00 8.416253818894011696e-01 1.799432457671684693e-01
1.537645600000000057e+00 8.508110135483873959e-01 1.744327128466386378e-01
1.657227000000000006e+00 8.730474059447003166e-01 1.536582561965952887e-01
1.786108199999999924e+00 9.422777900921658345e-01 2.036929251499326465e-01
1.925012299999999899e+00 1.106212141382488579e+00 3.073919295465257218e-01
2.074718799999999863e+00 1.222213300875576447e+00 2.620359478785943552e-01
2.236067999999999945e+00 1.397702341566820605e+00 2.384740334935382400e-01
2.409965099999999971e+00 1.574955432949308953e+00 3.329631989990563534e-01
2.597386000000000195e+00 1.692015519354839403e+00 3.358325381014289901e-01
2.799382599999999943e+00 2.315013894470046019e+00 5.680771290245325567e-01
3.017088199999999887e+00 2.408822397695852935e+00 3.740850495692830124e-01
3.251724600000000187e+00 2.787486740092166571e+00 5.732464970376686120e-01
3.504608399999999957e+00 2.602454165898620442e+00 4.669245813032265602e-01
3.777158899999999875e+00 2.398266990322579950e+00 3.482169164814299944e-01
4.070905299999999727e+00 2.546074109677419983e+00 4.407558996768600190e-01
4.387496200000000179e+00 2.421279081566819258e+00 3.652231858798944963e-01
4.728708000000000133e+00 2.634012938248846858e+00 4.942436766251517843e-01
5.096455699999999922e+00 2.584191104608294154e+00 5.464573440798815573e-01
5.492802700000000371e+00 2.312941440092164846e+00 4.177927171188378641e-01
5.919973299999999661e+00 2.045914323963132553e+00 3.924482499602164887e-01
6.380364700000000333e+00 1.933229145622119560e+00 3.100197178282448340e-01
6.876560200000000123e+00 1.844959525345622353e+00 3.550300151136641658e-01
7.411344500000000224e+00 1.615766408341013927e+00 3.264433709030999942e-01
7.987718499999999722e+00 1.366451015898617172e+00 2.431229101182817709e-01
8.608916600000000585e+00 1.152797071428571352e+00 1.568277801209889688e-01
9.278424799999999806e+00 1.152123917972349254e+00 1.600419156757684203e-01
1.000000000000000000e+01 1.187928638110599122e+00 1.413364864994419157e-01
