5.000000000000000000e-01 7.946276562679425171e-01 1.270025652744670164e-01
5.388845799999999464e-01 6.796230474641146158e-01 1.145943439033237365e-01
5.807931699999999697e-01 6.636516343062196510e-01 1.309815039968517669e-01
6.259609699999999499e-01 6.792343917224880068e-01 1.499226295873263282e-01
6.746414200000000472e-01 6.888472035885166989e-01 1.593748841402724825e-01
7.271077200000000129e-01 7.130166554545451785e-01 1.775841927956637312e-01
7.836542699999999861e-01 7.194214347846887847e-01 1.953384684605321553e-01
8.445983999999999714e-01 7.364070302392347056e-01 2.185464988126619712e-01
9.102820999999999829e-01 7.582171946411487840e-01 2.789109818011315522e-01
9.810739699999999619e-01 7.520082413875595062e-01 2.470042929184742553e-01
1.057371300000000014e+00 8.191779884210529383e-01 2.476873557655022984e-01
1.139602100000000062e+00 8.620570440191388517e-01 2.254039096187447355e-01
1.228228000000000097e+00 8.661372072248801901e-01 2.479289499761876403e-01
1.323746300000000042e+00 8.955380788516749124e-01 2.891590175000625096e-01
1.426692899999999931e+00 9.967994432057423193e-01 2.920584161922301636e-01
1.537645600000000057e+00 1.146383153779904740e+00 2.223429744040628375e-01
1.657227000000000006e+00 1.202980751913875990e+00 2.127578347379436019e-01
1.786108199999999924e+00 1.125301595502393281e+00 1.617546442792782146e-01
1.925012299999999899e+00 9.781552972727268758e-01 1.725980346583527170e-01
2.074718799999999863e+00 1.042106225023923027e+00 1.286803914401633553e-01
2.236067999999999945e+00 9.706735937320574159e-01 9.760030814566821034e-02
2.409965099999999971e+00 9.945885173684205771e-01 1.895748234318361258e-01
2.597386000000000195e+00 1.232581348038277458e+00 1.815021019925100731e-01
2.799382599999999943e+00 1.443720011148325710e+00 3.039838171697127889e-01
3.017088199999999887e+00 1.366968641148324615e+00 2.683366384086730005e-01
3.251724600000000187e+00 1.507728625358851993e+00 3.011877772099058048e-01
3.504608399999999957e+00 1.694547955023923080e+00 3.124479639357349292e-01
3.777158899999999875e+00 1.949243806698564230e+00 3.678655334735030369e-01
4.070905299999999727e+00 2.423066418755980500e+00 6.809037996335255416e-01
4.387496200000000179e+00 1.976974790765549495e+00 5.354594871128283140e-01
4.728708000000000133e+00 1.857315583732056963e+00 4.008105893538254083e-01
5.096455699999999922e+00 1.529277410047846120e+00 1.811083775467998702e-01
5.492802700000000371e+00 2.252514779712917470e+00 6.874079932232298740e-01
5.919973299999999661e+00 2.322888860287081414e+00 5.594434802853478494e-01
6.380364700000000333e+00 3.305903490909090969e+00 6.716250797617836499e-01
6.876560200000000123e+00 3.493292192344497504e+00 3.504700793266635750e-01
7.411344500000000224e+00 6.311128656937801118e+00 1.000729522488231105e+00
7.987718499999999722e+00 8.650761570813401136e+00 5.475510104319366578e-01
8.608916600000000585e+00 8.072509579904311394e+00 7.054376538442026501e-01
9.278424799999999806e+00 7.368016519138756770e+00 9.430109713589489573e-01
1.000000000000000000e+01 3.528904603827751618e+00 7.771139587186631781e-01
