5.000000000000000000e-01 8.546733039108909136e-01 1.518349232717255970e-01
5.388845799999999464e-01 7.762645338118813187e-01 1.269640106950979119e-01
5.807931699999999697e-01 7.951084899999993905e-01 1.344669769733584652e-01
6.259609699999999499e-01 8.207401796534655736e-01 1.550952182035575666e-01
6.746414200000000472e-01 9.838985187128719279e-01 2.804839389635594982e-01
7.271077200000000129e-01 9.298071378712874369e-01 2.334941605794041974e-01
7.836542699999999861e-01 1.028083772475247848e+00 3.503976310761367507e-01
8.445983999999999714e-01 9.456591284653467211e-01 3.526579621984292645e-01
9.102820999999999829e-01 9.530538571287135996e-01 3.311791030414313330e-01
9.810739699999999619e-01 9.118970997029702819e-01 2.326770260888658126e-01
1.057371300000000014e+00 8.789647578217820723e-01 1.638748177661535910e-01
1.139602100000000062e+00 9.847282996534655330e-01 2.555086854230131932e-01
1.228228000000000097e+00 1.038668161881187268e+00 3.375448501766274423e-01
1.323746300000000042e+00 1.201796361485148124e+00 4.816381091373907464e-01
1.426692899999999931e+00 1.376054033366336027e+00 7.553052813359324436e-01
1.537645600000000057e+00 1.541113870049504619e+00 1.011713621532961405e+00
1.657227000000000006e+00 1.589705765297030338e+00 1.156853559325806025e+00
1.786108199999999924e+00 1.413309639554455321e+00 9.969852078393883765e-01
1.925012299999999899e+00 1.388472346683168546e+00 1.100375449262435135e+00
2.074718799999999863e+00 1.614478017376238084e+00 1.178288714669323500e+00
2.236067999999999945e+00 1.554665842029702594e+00 9.302875806235726408e-01
2.409965099999999971e+00 1.732143730792078617e+00 1.038724873467790744e+00
2.597386000000000195e+00 1.526534135940593950e+00 4.490445701549121704e-01
2.799382599999999943e+00 1.808126117277227829e+00 5.725685509497147052e-01
3.017088199999999887e+00 2.198680084356436470e+00 8.438586820767596253e-01
3.251724600000000187e+00 3.599721899999998698e+00 1.266314446414121164e+00
3.504608399999999957e+00 3.786266535148517409e+00 1.619975899963001842e+00
3.777158899999999875e+00 4.450383836633664103e+00 1.488779551527052325e+00
4.070905299999999727e+00 5.020049213366337248e+00 9.648655866764546118e-01
4.387496200000000179e+00 4.759718156435646108e+00 7.138323538728151840e-01
4.728708000000000133e+00 4.115294057920792170e+00 6.462570528403632775e-01
5.096455699999999922e+00 3.610654424257424999e+00 7.364402343544113050e-01
5.492802700000000371e+00 2.874851486633664521e+00 7.886563592743279782e-01
5.919973299999999661e+00 2.322948591089108561e+00 5.225766298325772441e-01
6.380364700000000333e+00 1.457295217673267418e+00 4.909430625461009834e-01
6.876560200000000123e+00 1.026742208465347028e+00 3.231565847686048709e-01
7.411344500000000224e+00 8.234002236633668481e-01 2.013378024831273261e-01
7.987718499999999722e+00 7.388593236138617515e-01 1.581699309106569529e-01
8.608916600000000585e+00 6.614311992079204838e-01 1.299888712125278900e-01
9.278424799999999806e+00 7.086410500990095729e-01 7.390421764244703429e-02
1.000000000000000000e+01 6.664244123762379512e-01 6.846477449283182304e-02
