5.000000000000000000e-01 8.114666595408165373e-01 9.902068736277225280e-02
5.388845799999999464e-01 7.174239310714284334e-01 1.295899589414419573e-01
5.807931699999999697e-01 6.916509917346943537e-01 1.282160856505251689e-01
6.259609699999999499e-01 6.919906413265307643e-01 1.382599770098825454e-01
6.746414200000000472e-01 7.083477588775511924e-01 1.818523735149564224e-01
7.271077200000000129e-01 7.355378944897954518e-01 2.547680495322872662e-01
7.836542699999999861e-01 7.460760911224492142e-01 2.663170914077311879e-01
8.445983999999999714e-01 7.430258612244898808e-01 1.904376617990132803e-01
9.102820999999999829e-01 7.730724593877552620e-01 2.004169949071976375e-01
9.810739699999999619e-01 7.958753324489792336e-01 2.035402680741664749e-01
1.057371300000000014e+00 7.897650704081636830e-01 1.851069853105226093e-01
1.139602100000000062e+00 8.121825014285712907e-01 1.635701330217715077e-01
1.228228000000000097e+00 8.369245688265304350e-01 1.741237323412729299e-01
1.323746300000000042e+00 8.599561689285719623e-01 2.059551384292620524e-01
1.426692899999999931e+00 8.913701810204075482e-01 1.964524655977673284e-01
1.537645600000000057e+00 9.247990410204077749e-01 2.230149016722201838e-01
1.657227000000000006e+00 9.263318383673465606e-01 2.005831174573609599e-01
1.786108199999999924e+00 1.033187612091836849e+00 2.935945922097638050e-01
1.925012299999999899e+00 1.101516987040816575e+00 2.732645397678065136e-01
2.074718799999999863e+00 1.194956677704081205e+00 2.560958824841298442e-01
2.236067999999999945e+00 1.294728329540816514e+00 2.691631353387519132e-01
2.409965099999999971e+00 1.746954342448978181e+00 4.004525067693432416e-01
2.597386000000000195e+00 2.138518268316325965e+00 4.595787298567743928e-01
2.799382599999999943e+00 2.591870911224487539e+00 4.481526624048836061e-01
3.017088199999999887e+00 2.188237715816326645e+00 3.644023635673719896e-01
3.251724600000000187e+00 1.993213592346938734e+00 2.835490004974271505e-01
3.504608399999999957e+00 1.680887027040817383e+00 2.779533074902062473e-01
3.777158899999999875e+00 1.395954118316326209e+00 2.904546044143018202e-01
4.070905299999999727e+00 1.234819880306122553e+00 3.143626378132553523e-01
4.387496200000000179e+00 1.196424753724490309e+00 3.178535466330216219e-01
4.728708000000000133e+00 9.060482595918364357e-01 2.327801130283385644e-01
5.096455699999999922e+00 7.057453508163259448e-01 1.279970821998837327e-01
5.492802700000000371e+00 6.593059560714285006e-01 7.911435249424696170e-02
5.919973299999999661e+00 6.346922375510199998e-01 8.262708803609815356e-02
6.380364700000000333e+00 5.855278742346936571e-01 5.817850739427071760e-02
6.876560200000000123e+00 5.830968078571429070e-01 5.214002658043648958e-02
7.411344500000000224e+00 5.907872305612245079e-01 6.054137397589425679e-02
7.987718499999999722e+00 6.330849550510203594e-01 8.524560440153601537e-02
8.608916600000000585e+00 6.529321736224490413e-01 1.331984501457894876e-01
9.278424799999999806e+00 6.515426931632649632e-01 1.499143447659661843e-01
1.000000000000000000e+01 6.609139859183670307e-01 1.435310682592672860e-01
