5.000000000000000000e-01 9.283526155940590163e-01 1.167555748546349331e-01
5.388845799999999464e-01 8.145145450000007559e-01 1.028236508125385668e-01
5.807931699999999697e-01 8.114883588118810831e-01 1.118470009871306153e-01
6.259609699999999499e-01 8.384930806930691594e-01 1.198707721448712127e-01
6.746414200000000472e-01 8.611638405940592600e-01 1.225957070269755173e-01
7.271077200000000129e-01 8.818724052475249708e-01 1.298033128567451233e-01
7.836542699999999861e-01 9.524288022277223043e-01 1.811011558141259192e-01
8.445983999999999714e-01 9.576161894554459098e-01 1.705080310165619506e-01
9.102820999999999829e-01 1.015680010594058880e+00 1.822137934435273110e-01
9.810739699999999619e-01 1.056630731485148633e+00 1.900088046165643862e-01
1.057371300000000014e+00 1.077270344900990384e+00 1.964011378024824450e-01
1.139602100000000062e+00 1.117823162128712466e+00 1.954828594695411093e-01
1.228228000000000097e+00 1.138182931683168420e+00 1.812300191400442739e-01
1.323746300000000042e+00 1.190306791782178575e+00 2.102859304693832088e-01
1.426692899999999931e+00 1.264313700940593588e+00 2.508340410693831180e-01
1.537645600000000057e+00 1.393984378712872285e+00 3.057736126427452739e-01
1.657227000000000006e+00 1.454845227128712892e+00 3.094368188421005028e-01
1.786108199999999924e+00 1.551709814752476158e+00 4.400739838751778210e-01
1.925012299999999899e+00 1.987399092079208174e+00 9.846138708122835759e-01
2.074718799999999863e+00 2.188931364158416937e+00 1.179144885787937636e+00
2.236067999999999945e+00 2.448097975247525149e+00 8.865644460620284439e-01
2.409965099999999971e+00 2.975034273267326057e+00 8.963917390052729139e-01
2.597386000000000195e+00 2.927062642079207855e+00 7.258877960685664599e-01
2.799382599999999943e+00 2.660088735643564739e+00 6.415976380859965689e-01
3.017088199999999887e+00 2.580608873762374245e+00 5.634966499577437338e-01
3.251724600000000187e+00 2.240705688118811434e+00 3.713169455954446474e-01
3.504608399999999957e+00 2.059207567475247025e+00 3.988431708105205087e-01
3.777158899999999875e+00 1.796220587326732954e+00 3.877975995160627964e-01
4.070905299999999727e+00 1.858597182970297856e+00 4.214104700469566978e-01
4.387496200000000179e+00 1.931651682227723876e+00 4.234063775522106110e-01
4.728708000000000133e+00 2.019267106039603465e+00 5.306942273279068312e-01
5.096455699999999922e+00 1.881161617673267950e+00 4.669868164839428015e-01
5.492802700000000371e+00 1.699822968564357550e+00 2.757342573513734130e-01
5.919973299999999661e+00 1.671387101980197132e+00 2.960029049194594641e-01
6.380364700000000333e+00 1.604175391584158339e+00 3.001527116449120292e-01
6.876560200000000123e+00 1.461897557178217566e+00 3.277044627354824824e-01
7.411344500000000224e+00 1.377245579356434879e+00 3.206249329070982590e-01
7.987718499999999722e+00 1.229803169158416365e+00 2.941980081800332214e-01
8.608916600000000585e+00 1.093929911534653687e+00 2.772119268402347680e-01
9.278424799999999806e+00 9.616270550495049640e-01 2.879947925933638575e-01
1.000000000000000000e+01 8.493845728712865473e-01 2.860567938862653148e-01
