5.000000000000000000e-01 7.570948553365380862e-01 4.893703755672577926e-02
5.388845799999999464e-01 6.444193409134614248e-01 4.772377608760010326e-02
5.807931699999999697e-01 6.164397923557695114e-01 4.797877308901053045e-02
6.259609699999999499e-01 6.152021995673075949e-01 4.105552548776214561e-02
6.746414200000000472e-01 6.149387712019230845e-01 4.294467215958056028e-02
7.271077200000000129e-01 6.166215390384615080e-01 4.146751643079202992e-02
7.836542699999999861e-01 6.179188020673078707e-01 3.934816946082223682e-02
8.445983999999999714e-01 6.158547281730771816e-01 4.194801256448316834e-02
9.102820999999999829e-01 6.336757038461536817e-01 6.327427483551105458e-02
9.810739699999999619e-01 6.437909219711536180e-01 7.731738625210732296e-02
1.057371300000000014e+00 6.440567487019233095e-01 8.188864041758918411e-02
1.139602100000000062e+00 6.630004495192310943e-01 1.150007946295308614e-01
1.228228000000000097e+00 6.658496136538460952e-01 1.162947422813828680e-01
1.323746300000000042e+00 6.500703789423079026e-01 1.022045961339744097e-01
1.426692899999999931e+00 6.381840906250004775e-01 8.800523920427195945e-02
1.537645600000000057e+00 6.829217951923077790e-01 1.370190206609819272e-01
1.657227000000000006e+00 7.088135864903843952e-01 1.551141986813659446e-01
1.786108199999999924e+00 6.877489841346147159e-01 1.288028049963016730e-01
1.925012299999999899e+00 6.563334441346152515e-01 9.233790525544410821e-02
2.074718799999999863e+00 7.399969650961542023e-01 8.317255202276048476e-02
2.236067999999999945e+00 7.965218762980762479e-01 7.186721482538112327e-02
2.409965099999999971e+00 7.917794554326926804e-01 7.721621522084556877e-02
2.597386000000000195e+00 1.044535408509615459e+00 2.404012081019827052e-01
2.799382599999999943e+00 1.411553593269231355e+00 2.870437473269445983e-01
3.017088199999999887e+00 1.273810933942307599e+00 2.347180350720205755e-01
3.251724600000000187e+00 1.396283155817307886e+00 2.220721142891762812e-01
3.504608399999999957e+00 1.292283216875000029e+00 2.280258701573059654e-01
3.777158899999999875e+00 1.250164569951923266e+00 2.089497354076173263e-01
4.070905299999999727e+00 9.437234096634619096e-01 9.653629517639236712e-02
4.387496200000000179e+00 9.797982244711533895e-01 6.685494044472881092e-02
4.728708000000000133e+00 1.017250940336538623e+00 9.391114910891038003e-02
5.096455699999999922e+00 1.014874074471154186e+00 9.280230847080844780e-02
5.492802700000000371e+00 1.116189767500000096e+00 1.369878918386763789e-01
5.919973299999999661e+00 1.258500936634615153e+00 1.595207744817317974e-01
6.380364700000000333e+00 1.735983659615385255e+00 2.229302748091314956e-01
6.876560200000000123e+00 2.552516994711539589e+00 2.813045546016864629e-01
7.411344500000000224e+00 2.561627302403848283e+00 3.298919272939814240e-01
7.987718499999999722e+00 2.361593231250000535e+00 2.870703339342071114e-01
8.608916600000000585e+00 1.977986442307692050e+00 2.305656884175512900e-01
9.278424799999999806e+00 2.660334843749999401e+00 2.414595220360274963e-01
1.000000000000000000e+01 2.522720553846154345e+00 3.173371499586745692e-01
