5.000000000000000000e-01 9.760316783419686892e-01 1.961567545661592471e-01
5.388845799999999464e-01 8.200880434715023259e-01 1.598280802769201092e-01
5.807931699999999697e-01 7.998139861139895723e-01 1.535888912049170330e-01
6.259609699999999499e-01 8.330236772538860412e-01 1.678941330716581248e-01
6.746414200000000472e-01 8.715908963212433136e-01 1.799754436095677146e-01
7.271077200000000129e-01 8.948711848186526874e-01 2.009157425003938457e-01
7.836542699999999861e-01 9.130115101554400203e-01 2.162364546222631523e-01
8.445983999999999714e-01 9.145968896373055657e-01 2.192426167866036446e-01
9.102820999999999829e-01 9.366428268393779399e-01 2.116930601431820380e-01
9.810739699999999619e-01 9.209293058549226085e-01 2.064057310652779587e-01
1.057371300000000014e+00 9.540115702072542447e-01 2.371616664447872558e-01
1.139602100000000062e+00 9.758372209844566880e-01 2.976007819015947242e-01
1.228228000000000097e+00 1.009111240673574938e+00 3.139185272051195907e-01
1.323746300000000042e+00 1.081577599378238386e+00 3.458859150677514038e-01
1.426692899999999931e+00 1.059757785492228210e+00 2.780243567501111679e-01
1.537645600000000057e+00 1.056884605284974077e+00 3.145297484830607559e-01
1.657227000000000006e+00 1.189181182590674402e+00 4.796285454588768427e-01
1.786108199999999924e+00 1.104005853316061936e+00 3.410270281131487224e-01
1.925012299999999899e+00 1.141417699689119880e+00 2.951850887680097513e-01
2.074718799999999863e+00 1.138096003834196956e+00 2.500090744020332378e-01
2.236067999999999945e+00 1.126797500207253666e+00 2.002365400907364923e-01
2.409965099999999971e+00 1.055741217409327026e+00 1.671997347071200457e-01
2.597386000000000195e+00 1.084230898860103487e+00 1.397824946871104868e-01
2.799382599999999943e+00 1.147789039222797181e+00 1.244477911674312653e-01
3.017088199999999887e+00 1.102706034352331388e+00 1.169902224039305050e-01
3.251724600000000187e+00 1.283088194559585782e+00 1.496082414202637989e-01
3.504608399999999957e+00 1.434892960259066763e+00 1.663279521719665255e-01
3.777158899999999875e+00 1.587452284455957763e+00 2.736496535681605669e-01
4.070905299999999727e+00 2.150539683575129146e+00 5.378333751790072004e-01
4.387496200000000179e+00 2.862982820725390010e+00 7.459580265832194135e-01
4.728708000000000133e+00 3.496079835751295661e+00 1.098568485376015591e+00
5.096455699999999922e+00 4.256983170466321020e+00 1.512960097530950510e+00
5.492802700000000371e+00 4.498131358031086435e+00 1.093823590126242085e+00
5.919973299999999661e+00 4.323271234715024391e+00 1.104668883365834686e+00
6.380364700000000333e+00 6.118481173575128551e+00 1.578941641261864870e+00
6.876560200000000123e+00 5.612856611398962414e+00 1.608807055369270156e+00
7.411344500000000224e+00 4.946884098445599953e+00 1.188195202229269221e+00
7.987718499999999722e+00 4.292747031088083531e+00 7.236098605260085082e-01
8.608916600000000585e+00 4.128714565284975713e+00 4.276846966172572206e-01
9.278424799999999806e+00 3.457788691191709951e+00 3.261227150314124912e-01
1.000000000000000000e+01 2.901308458549223257e+00 2.311064356349664672e-01
