5.000000000000000000e-01 8.295347854090908690e-01 5.183526789520779415e-02
5.388845799999999464e-01 7.177704766363635080e-01 5.498757669212239046e-02
5.807931699999999697e-01 6.943066272727274058e-01 5.614570865418629791e-02
6.259609699999999499e-01 7.044058749545458742e-01 5.948758699990586152e-02
6.746414200000000472e-01 7.080403809999998854e-01 5.449519272147004129e-02
7.271077200000000129e-01 7.029299494545455662e-01 6.071143954657773345e-02
7.836542699999999861e-01 6.960748219090906463e-01 6.853957374259354862e-02
8.445983999999999714e-01 7.011349318636357353e-01 6.949575945663750975e-02
9.102820999999999829e-01 7.266315505909084482e-01 7.905784230165428805e-02
9.810739699999999619e-01 7.533337331818182880e-01 9.105744339577707958e-02
1.057371300000000014e+00 8.049211673636363917e-01 1.099448225209133656e-01
1.139602100000000062e+00 8.357444460454545032e-01 1.186464054701006909e-01
1.228228000000000097e+00 8.736027780909093599e-01 1.404551538702956681e-01
1.323746300000000042e+00 9.144167701363635770e-01 1.716229792139384591e-01
1.426692899999999931e+00 9.350188097727275549e-01 1.837569918347286002e-01
1.537645600000000057e+00 9.586912794090909351e-01 1.979229846750799604e-01
1.657227000000000006e+00 9.897914734545455451e-01 2.095621761388820892e-01
1.786108199999999924e+00 1.043108431181818396e+00 2.404222094506980600e-01
1.925012299999999899e+00 1.169607804318181454e+00 2.732061935647526196e-01
2.074718799999999863e+00 1.219460591909090841e+00 2.608197377437878051e-01
2.236067999999999945e+00 1.245019749181817348e+00 1.912644463576818887e-01
2.409965099999999971e+00 1.368633493772726473e+00 2.157643972928063036e-01
2.597386000000000195e+00 1.621099214909089925e+00 3.022827432240383638e-01
2.799382599999999943e+00 1.768421046363636728e+00 3.271420549136508926e-01
3.017088199999999887e+00 2.089279333181817577e+00 4.160284977936301032e-01
3.251724600000000187e+00 2.227001613636363508e+00 3.410382071118475689e-01
3.504608399999999957e+00 2.086812585454545843e+00 2.765999093296054867e-01
3.777158899999999875e+00 2.149877990454545085e+00 3.357077745884916586e-01
4.070905299999999727e+00 2.864505973181818543e+00 5.905523619758197285e-01
4.387496200000000179e+00 3.229109426363637514e+00 5.289856769666362313e-01
4.728708000000000133e+00 3.487262780909092807e+00 4.541218912275986064e-01
5.096455699999999922e+00 3.813671988181813521e+00 4.283747001953107092e-01
5.492802700000000371e+00 4.123026536363635586e+00 4.460009634163762948e-01
5.919973299999999661e+00 4.621741179090911089e+00 5.469922606121564446e-01
6.380364700000000333e+00 4.551944579090910992e+00 4.296528540035382537e-01
6.876560200000000123e+00 3.937615103636364910e+00 2.597270465271018236e-01
7.411344500000000224e+00 3.369800100454546588e+00 2.383308080787345240e-01
7.987718499999999722e+00 2.934880874545451768e+00 2.578551664536405941e-01
8.608916600000000585e+00 2.053626300454547415e+00 1.313962565012017358e-01
9.278424799999999806e+00 2.012683471363637455e+00 1.171729702968042630e-01
1.000000000000000000e+01 1.769309548636363916e+00 9.308286049613320734e-02
