5.000000000000000000e-01 7.775627757017543606e-01 4.783750034950565860e-02
5.388845799999999464e-01 6.685815548245614970e-01 5.400034886237496667e-02
5.807931699999999697e-01 6.317978394736839531e-01 5.899565872441996789e-02
6.259609699999999499e-01 6.188538323684208420e-01 7.288348721720601386e-02
6.746414200000000472e-01 6.020786849122807816e-01 8.219625614986150741e-02
7.271077200000000129e-01 5.785722469736842566e-01 9.010852009214086189e-02
7.836542699999999861e-01 5.619541473684210864e-01 1.118136053301432009e-01
8.445983999999999714e-01 5.383082128508774877e-01 1.357453700055110679e-01
9.102820999999999829e-01 5.414260022807015904e-01 1.782100658205133803e-01
9.810739699999999619e-01 5.417908146491229315e-01 1.757820689532859082e-01
1.057371300000000014e+00 5.681884198245614748e-01 1.842768375479257592e-01
1.139602100000000062e+00 6.163177245614033239e-01 2.206930218934380628e-01
1.228228000000000097e+00 6.425463729385968437e-01 2.225623166044456702e-01
1.323746300000000042e+00 6.382480417982452359e-01 2.047117195762998831e-01
1.426692899999999931e+00 7.012643106798247539e-01 2.124827834437303387e-01
1.537645600000000057e+00 7.754203623289469549e-01 2.377909905587791140e-01
1.657227000000000006e+00 8.299926208333331390e-01 2.672490189217336387e-01
1.786108199999999924e+00 7.959296688596497749e-01 2.646914096890914392e-01
1.925012299999999899e+00 7.650794424122812076e-01 2.597469718249122983e-01
2.074718799999999863e+00 7.654575932017545492e-01 2.684686318836405627e-01
2.236067999999999945e+00 7.949445256140350580e-01 1.985814242455315737e-01
2.409965099999999971e+00 8.236778138596491106e-01 2.132443058745719933e-01
2.597386000000000195e+00 8.639270273684206414e-01 2.843910362435696504e-01
2.799382599999999943e+00 9.831018385087716416e-01 3.137693193036311112e-01
3.017088199999999887e+00 9.900675770614032478e-01 3.559724913476261521e-01
3.251724600000000187e+00 9.707481916666660382e-01 4.065841828493111376e-01
3.504608399999999957e+00 8.989405958333334112e-01 3.648697546717540874e-01
3.777158899999999875e+00 8.801080110043857374e-01 3.489361263628860121e-01
4.070905299999999727e+00 8.881147749999995789e-01 3.578011032475156838e-01
4.387496200000000179e+00 1.093499307061404080e+00 3.863392867356946203e-01
4.728708000000000133e+00 1.149509371140351233e+00 4.451752668338369023e-01
5.096455699999999922e+00 1.313024593026316245e+00 5.578781690093765899e-01
5.492802700000000371e+00 1.600629885175437472e+00 8.155509960809113057e-01
5.919973299999999661e+00 2.213159395789475958e+00 1.202926564497941886e+00
6.380364700000000333e+00 6.149652528596490697e+00 3.389846808710611725e+00
6.876560200000000123e+00 7.454574545964914201e+00 3.361811894038652770e+00
7.411344500000000224e+00 7.102127648026312912e+00 3.178080098569356249e+00
7.987718499999999722e+00 5.621286912719302364e+00 2.211197219518969970e+00
8.608916600000000585e+00 3.338443000657893123e+00 1.256484380616956775e+00
9.278424799999999806e+00 2.777063095877192467e+00 1.038697761302940670e+00
1.000000000000000000e+01 2.379890727543857221e+00 8.467571231139109367e-01
