5.000000000000000000e-01 6.708964724056605267e-01 4.058862974917231553e-02
5.388845799999999464e-01 5.795199936792454487e-01 4.342149427724637661e-02
5.807931699999999697e-01 5.523001476415095867e-01 4.530955444784953712e-02
6.259609699999999499e-01 5.558590787264148236e-01 4.832353263354114553e-02
6.746414200000000472e-01 5.761518630660379392e-01 4.428820110074940808e-02
7.271077200000000129e-01 6.009930471698111676e-01 4.200864854561096179e-02
7.836542699999999861e-01 6.163076624528301961e-01 4.267588041165365498e-02
8.445983999999999714e-01 6.099343670283018382e-01 4.667163070345442533e-02
9.102820999999999829e-01 6.073971984433960136e-01 4.332506452351519294e-02
9.810739699999999619e-01 6.054134451415092988e-01 4.864541933405783919e-02
1.057371300000000014e+00 6.098992811320759211e-01 4.255361529825610334e-02
1.139602100000000062e+00 6.267220188207548448e-01 4.271631779350591046e-02
1.228228000000000097e+00 6.208827813207545843e-01 4.362995801306655125e-02
1.323746300000000042e+00 6.210489917452831632e-01 6.052648080541798287e-02
1.426692899999999931e+00 6.258689011320753837e-01 7.393727910082667498e-02
1.537645600000000057e+00 6.370240051886794097e-01 8.140768021959102207e-02
1.657227000000000006e+00 6.723058742452829861e-01 7.564585556278048684e-02
1.786108199999999924e+00 7.188162687264150197e-01 1.113731454965801310e-01
1.925012299999999899e+00 7.872503960377358334e-01 1.666393805735076061e-01
2.074718799999999863e+00 8.622571283018872768e-01 1.617148763556391089e-01
2.236067999999999945e+00 9.199468243396223821e-01 1.574505797878150981e-01
2.409965099999999971e+00 9.069626199999997196e-01 1.159899687909266008e-01
2.597386000000000195e+00 9.175861656603774286e-01 1.210669918812167373e-01
2.799382599999999943e+00 9.664688642452833323e-01 1.519933791173970206e-01
3.017088199999999887e+00 1.164882539669811701e+00 1.475469117655933138e-01
3.251724600000000187e+00 1.303729565566038140e+00 1.336969562387485544e-01
3.504608399999999957e+00 1.403082421698113258e+00 8.891290108703424344e-02
3.777158899999999875e+00 1.619935237264150230e+00 1.578259527015439534e-01
4.070905299999999727e+00 1.816910767924528214e+00 1.040276868496429474e-01
4.387496200000000179e+00 2.285742892924528924e+00 1.358952370607958704e-01
4.728708000000000133e+00 2.923498675471698505e+00 2.784714306913064208e-01
5.096455699999999922e+00 2.887722292452830519e+00 2.013474801621926158e-01
5.492802700000000371e+00 4.724655029245281135e+00 6.897089882594121812e-01
5.919973299999999661e+00 5.882679259433965413e+00 6.333007576937315086e-01
6.380364700000000333e+00 4.845538881603776993e+00 5.050893478113769319e-01
6.876560200000000123e+00 3.953693068396229471e+00 3.004588945364107255e-01
7.411344500000000224e+00 2.752098534905660365e+00 2.025766164368646427e-01
7.987718499999999722e+00 2.103611973584905037e+00 2.235841041809086827e-01
8.608916600000000585e+00 2.208571998113207702e+00 2.499589577496084958e-01
9.278424799999999806e+00 2.097200879245283200e+00 2.432127256275511684e-01
1.000000000000000000e+01 1.634134122169811576e+00 1.329354635562277898e-01
