5.000000000000000000e-01 8.325628078703700696e-01 6.113893539584206588e-02
5.388845799999999464e-01 7.186872969907406317e-01 6.082119033505099803e-02
5.807931699999999697e-01 6.872872793981483763e-01 6.281755153993531793e-02
6.259609699999999499e-01 6.833859052777776499e-01 6.017774210614998398e-02
6.746414200000000472e-01 6.778809581481484159e-01 6.229831430348775623e-02
7.271077200000000129e-01 6.621997103703703980e-01 6.580229662174219563e-02
7.836542699999999861e-01 6.611481729166664989e-01 7.135758472652080353e-02
8.445983999999999714e-01 6.587113950462966105e-01 7.212388703274399959e-02
9.102820999999999829e-01 6.745566811574078558e-01 8.564291255039765960e-02
9.810739699999999619e-01 6.997799785648152193e-01 7.988802665198663222e-02
1.057371300000000014e+00 7.307545872685183852e-01 9.272548265484578667e-02
1.139602100000000062e+00 7.329452518518522197e-01 9.387527155755237551e-02
1.228228000000000097e+00 7.750344725925925049e-01 1.261762165176244788e-01
1.323746300000000042e+00 8.127810221296298820e-01 1.658719850879133983e-01
1.426692899999999931e+00 8.562713686111110833e-01 2.041013029415409963e-01
1.537645600000000057e+00 9.058438634722224547e-01 2.302560760636131465e-01
1.657227000000000006e+00 9.097351752777778078e-01 2.440177791508988392e-01
1.786108199999999924e+00 9.024870062499998902e-01 2.130043351751058633e-01
1.925012299999999899e+00 8.983962434722220225e-01 1.705438279187423967e-01
2.074718799999999863e+00 9.835855909259261232e-01 1.639909417395298552e-01
2.236067999999999945e+00 1.085569805046296743e+00 2.068959544460662048e-01
2.409965099999999971e+00 1.060226889490741176e+00 1.633519574949691411e-01
2.597386000000000195e+00 1.061237125879629595e+00 1.363027003276618965e-01
2.799382599999999943e+00 1.085179551527777342e+00 1.296765077731072413e-01
3.017088199999999887e+00 1.115259714537036873e+00 1.370359751426841743e-01
3.251724600000000187e+00 1.206998130185184870e+00 2.195853518427047513e-01
3.504608399999999957e+00 1.308487734444444550e+00 2.351896501246683036e-01
3.777158899999999875e+00 1.399077506064815735e+00 2.721647187091618680e-01
4.070905299999999727e+00 1.543034425370369389e+00 3.023063134006435670e-01
4.387496200000000179e+00 2.043339997962962062e+00 4.609297468491913574e-01
4.728708000000000133e+00 2.477943242592592465e+00 6.032818172378346944e-01
5.096455699999999922e+00 3.230464930555553948e+00 6.985182765853493736e-01
5.492802700000000371e+00 4.155933911111110213e+00 5.592784953087175381e-01
5.919973299999999661e+00 3.353665848611108835e+00 4.510734372595785469e-01
6.380364700000000333e+00 4.942421699537038471e+00 6.604646351627134759e-01
6.876560200000000123e+00 3.859284837037037619e+00 6.641586646535656557e-01
7.411344500000000224e+00 4.365759853240740007e+00 7.483137457525980141e-01
7.987718499999999722e+00 4.351154379166665365e+00 5.988001040444064227e-01
8.608916600000000585e+00 3.800605362962960587e+00 4.207040002399444201e-01
9.278424799999999806e+00 3.393421417592594747e+00 3.975693483680085016e-01
1.000000000000000000e+01 2.225353567129630061e+00 1.948512165554650011e-01
