5.000000000000000000e-01 7.751302222279794485e-01 8.144914872238541437e-02
5.388845799999999464e-01 6.721416450259068975e-01 7.568447573680346652e-02
5.807931699999999697e-01 6.534310778756479143e-01 8.196538066903881481e-02
6.259609699999999499e-01 6.658763713989637179e-01 9.122380024669156373e-02
6.746414200000000472e-01 6.753718726424871033e-01 9.887606406574572793e-02
7.271077200000000129e-01 6.758872397409325661e-01 9.506829689868133426e-02
7.836542699999999861e-01 6.866660011398958430e-01 1.172155110273492146e-01
8.445983999999999714e-01 7.018705454404142730e-01 1.291929082148012831e-01
9.102820999999999829e-01 7.743533148704662139e-01 1.882537614717161301e-01
9.810739699999999619e-01 8.401628274611400160e-01 2.506157170395263978e-01
1.057371300000000014e+00 7.943008279792749260e-01 2.312075407581793418e-01
1.139602100000000062e+00 9.018104506217616834e-01 3.402622054329358936e-01
1.228228000000000097e+00 9.376029946632125078e-01 4.161286777940763071e-01
1.323746300000000042e+00 1.228422847772020710e+00 7.173351581129842058e-01
1.426692899999999931e+00 1.366915060414507943e+00 8.288125212681024534e-01
1.537645600000000057e+00 1.458217239792745090e+00 8.591582667905149906e-01
1.657227000000000006e+00 1.281178851658030915e+00 6.720929269645496973e-01
1.786108199999999924e+00 9.613442948186526893e-01 2.785314443247269289e-01
1.925012299999999899e+00 1.014548273989637428e+00 2.594050943876998749e-01
2.074718799999999863e+00 9.821453369430055425e-01 2.432322175765736227e-01
2.236067999999999945e+00 1.511378883160620967e+00 6.866978726805234023e-01
2.409965099999999971e+00 1.519842454974093648e+00 5.527239910544887724e-01
2.597386000000000195e+00 1.623448254352332309e+00 4.788831607002550506e-01
2.799382599999999943e+00 1.646120175647668438e+00 4.232948857377724639e-01
3.017088199999999887e+00 1.883573165336789090e+00 5.836128584144979481e-01
3.251724600000000187e+00 1.747577732279792073e+00 5.075494378504423754e-01
3.504608399999999957e+00 1.975854030621762458e+00 5.203110675314293054e-01
3.777158899999999875e+00 2.255349509067357872e+00 4.671183600276046510e-01
4.070905299999999727e+00 2.566489158031087570e+00 2.510186908201539890e-01
4.387496200000000179e+00 2.754826734196890392e+00 1.374249844700849155e-01
4.728708000000000133e+00 2.292905786010363212e+00 1.028950021947579313e-01
5.096455699999999922e+00 1.934456335233161184e+00 8.914730010296836871e-02
5.492802700000000371e+00 1.835971291191710986e+00 1.818783666197068549e-01
5.919973299999999661e+00 2.474943612953365513e+00 3.301214873887829415e-01
6.380364700000000333e+00 4.110916495854921138e+00 1.347262461272536460e-01
6.876560200000000123e+00 3.848446472020723430e+00 2.186263542079173172e-01
7.411344500000000224e+00 2.676241553367876946e+00 3.154768212740369226e-01
7.987718499999999722e+00 2.061215656476683922e+00 4.283474597218363544e-01
8.608916600000000585e+00 1.959144699999999295e+00 4.471689448792121602e-01
9.278424799999999806e+00 1.613731822279792061e+00 4.999638244689792455e-01
1.000000000000000000e+01 1.238235756113990282e+00 1.214909387697331589e-01
