5.000000000000000000e-01 6.868530610138248171e-01 9.716366465446171774e-02
5.388845799999999464e-01 5.876637052073728773e-01 1.027852950292362094e-01
5.807931699999999697e-01 5.728125780645162424e-01 1.074660440774803938e-01
6.259609699999999499e-01 5.881470054377879730e-01 1.273190416125640212e-01
6.746414200000000472e-01 6.322033269124424093e-01 1.300793725965636027e-01
7.271077200000000129e-01 6.655387906451610824e-01 1.135691656667595223e-01
7.836542699999999861e-01 6.819911104608298302e-01 1.073889297196198161e-01
8.445983999999999714e-01 7.174544754377878419e-01 1.288304336635313907e-01
9.102820999999999829e-01 7.843082571428576788e-01 1.778321276818888574e-01
9.810739699999999619e-01 7.772137360829490804e-01 2.024036119939801592e-01
1.057371300000000014e+00 8.057302552995391220e-01 2.550499049628787707e-01
1.139602100000000062e+00 8.086935351612904999e-01 3.016529789126978223e-01
1.228228000000000097e+00 8.739199690322575487e-01 2.986015397661170856e-01
1.323746300000000042e+00 9.347819830875572222e-01 3.061708719016381641e-01
1.426692899999999931e+00 9.826081795391699014e-01 2.833154110101407941e-01
1.537645600000000057e+00 8.920424769585254543e-01 2.361214504138092751e-01
1.657227000000000006e+00 8.609636876958531859e-01 2.487910043558862749e-01
1.786108199999999924e+00 8.211820138709675643e-01 2.510641705385848188e-01
1.925012299999999899e+00 7.554287370046088856e-01 2.016018865593694753e-01
2.074718799999999863e+00 8.024318796313363311e-01 1.559847801147426216e-01
2.236067999999999945e+00 8.560950187096771913e-01 8.240564219303167515e-02
2.409965099999999971e+00 7.902417521198161765e-01 9.194881526320283771e-02
2.597386000000000195e+00 8.825803004147469988e-01 2.070630934496600073e-01
2.799382599999999943e+00 1.149600502073732322e+00 3.626621313258302504e-01
3.017088199999999887e+00 1.089651489032258169e+00 3.558866727614762304e-01
3.251724600000000187e+00 1.143894210921659438e+00 2.842320051703991490e-01
3.504608399999999957e+00 1.156863877695853748e+00 1.579415371615946473e-01
3.777158899999999875e+00 1.139786692258064393e+00 2.038936531779315109e-01
4.070905299999999727e+00 1.044336042949309373e+00 1.548729605629243222e-01
4.387496200000000179e+00 1.085059549953917957e+00 8.170630475586421193e-02
4.728708000000000133e+00 1.305551490875576093e+00 1.350126190333328091e-01
5.096455699999999922e+00 1.565571563594469140e+00 1.265075873633425552e-01
5.492802700000000371e+00 1.709916556221199091e+00 1.398805890769615201e-01
5.919973299999999661e+00 1.841179964976959127e+00 1.718719345204509086e-01
6.380364700000000333e+00 2.049741387096774670e+00 3.449252312310743807e-01
6.876560200000000123e+00 1.936705095391706655e+00 2.781952886332846875e-01
7.411344500000000224e+00 1.891190133179723398e+00 3.365655095871182279e-01
7.987718499999999722e+00 1.812473261244238465e+00 4.681394639314865325e-01
8.608916600000000585e+00 1.759934984239629685e+00 5.346307522402740098e-01
9.278424799999999806e+00 2.078421305806450015e+00 6.422195098875225217e-01
1.000000000000000000e+01 2.275313341981567206e+00 5.892758536681875770e-01
