5.000000000000000000e-01 7.770093949327356864e-01 4.798812398513743055e-02
5.388845799999999464e-01 6.298287320627804498e-01 7.176622276696610625e-02
5.807931699999999697e-01 5.578705877578474803e-01 9.536893094713747021e-02
6.259609699999999499e-01 5.208904900896863532e-01 9.744891631544667920e-02
6.746414200000000472e-01 4.663412966816145033e-01 1.074608749174125744e-01
7.271077200000000129e-01 3.686873850672647279e-01 1.254934828733086094e-01
7.836542699999999861e-01 4.770673323318386227e-01 1.264028883661242886e-01
8.445983999999999714e-01 6.146556521973093323e-01 1.424549110738093649e-01
9.102820999999999829e-01 6.888245198654706636e-01 1.482488638737166908e-01
9.810739699999999619e-01 7.177244637668156457e-01 1.490575402844935837e-01
1.057371300000000014e+00 6.999672760538121485e-01 1.602711947647315061e-01
1.139602100000000062e+00 4.569331311659192152e-01 2.526221302913325140e-01
1.228228000000000097e+00 4.763041527130046915e-01 2.534654944744645921e-01
1.323746300000000042e+00 7.073135495964129049e-01 1.450683677484618794e-01
1.426692899999999931e+00 7.070651763228700259e-01 2.099890877246834708e-01
1.537645600000000057e+00 6.734447267713007390e-01 2.344460443568585906e-01
1.657227000000000006e+00 7.307350764573994351e-01 1.808530914947568680e-01
1.786108199999999924e+00 7.864264290134532764e-01 1.366833457574061217e-01
1.925012299999999899e+00 8.101828948878929681e-01 1.310903140492424013e-01
2.074718799999999863e+00 8.196087536771304860e-01 1.289433108274161688e-01
2.236067999999999945e+00 8.153939226457396217e-01 1.358166711050937669e-01
2.409965099999999971e+00 8.321902784304939793e-01 1.254708865107703741e-01
2.597386000000000195e+00 7.888011180717486859e-01 1.402968190167265539e-01
2.799382599999999943e+00 8.129366193273542818e-01 1.291661151657435835e-01
3.017088199999999887e+00 8.277221551121080045e-01 1.243406384337230886e-01
3.251724600000000187e+00 5.853047942152465044e-01 1.309417400474239823e-01
3.504608399999999957e+00 5.852515437219730776e-01 1.395566504194861723e-01
3.777158899999999875e+00 5.616771339461884560e-01 1.526238424522646797e-01
4.070905299999999727e+00 5.546530494618832074e-01 1.456353766851221365e-01
4.387496200000000179e+00 8.427686638116591578e-01 1.118982985905897509e-01
4.728708000000000133e+00 8.704352179372192300e-01 1.290851310467364399e-01
5.096455699999999922e+00 1.229234066816143667e+00 4.025145760942476780e-01
5.492802700000000371e+00 2.026415312197308527e+00 7.870273038084550921e-01
5.919973299999999661e+00 2.798408940044843529e+00 9.952516977317841240e-01
6.380364700000000333e+00 3.854120714349775767e+00 9.075948082478543233e-01
6.876560200000000123e+00 3.335196843946188761e+00 8.844241380311399503e-01
7.411344500000000224e+00 3.712995026008969468e+00 9.228804737392236612e-01
7.987718499999999722e+00 4.064836259641253946e+00 1.101945071263898290e+00
8.608916600000000585e+00 4.013134136771300930e+00 8.313531621637078040e-01
9.278424799999999806e+00 3.705122209417040846e+00 4.612449389828334745e-01
1.000000000000000000e+01 2.839160299103137497e+00 3.001243124854576783e-01
