5.000000000000000000e-01 9.223189013063061159e-01 5.555184598593196910e-01
5.388845799999999464e-01 8.145680963513509676e-01 8.986386466502945813e-01
5.807931699999999697e-01 8.057934695945944137e-01 9.473326805211116364e-01
6.259609699999999499e-01 8.171971330630627417e-01 8.801549406854918267e-01
6.746414200000000472e-01 8.331839776126120922e-01 8.585859157808160003e-01
7.271077200000000129e-01 8.464771262162165133e-01 9.552306239234980012e-01
7.836542699999999861e-01 8.550502929279275577e-01 8.515454959780407451e-01
8.445983999999999714e-01 8.536856036486482058e-01 6.775365484289590512e-01
9.102820999999999829e-01 8.437043519819822368e-01 4.880533329985726754e-01
9.810739699999999619e-01 8.418611246846843255e-01 5.649039149613325206e-01
1.057371300000000014e+00 8.654726471621625450e-01 4.774600283707384207e-01
1.139602100000000062e+00 8.807060296396398424e-01 3.524175303771346912e-01
1.228228000000000097e+00 8.779169260810806286e-01 3.478412813803289927e-01
1.323746300000000042e+00 8.354113410360369807e-01 2.518097069577567293e-01
1.426692899999999931e+00 8.391930853603606355e-01 2.046863930751957328e-01
1.537645600000000057e+00 9.072365848648646924e-01 2.244550742264845022e-01
1.657227000000000006e+00 9.571732161711711262e-01 2.206119444587573974e-01
1.786108199999999924e+00 9.799867216216219257e-01 2.464952824107604357e-01
1.925012299999999899e+00 1.041967144504504228e+00 2.434198941372123226e-01
2.074718799999999863e+00 1.048146439144143960e+00 2.169693955801374197e-01
2.236067999999999945e+00 1.057000286396395872e+00 2.076566262499142945e-01
2.409965099999999971e+00 1.118803751126125956e+00 1.970047868784921830e-01
2.597386000000000195e+00 1.273138286666666286e+00 2.251654418808937685e-01
2.799382599999999943e+00 1.445976516981982041e+00 2.661532250870883298e-01
3.017088199999999887e+00 1.406794211576577025e+00 2.385705044588277146e-01
3.251724600000000187e+00 1.546312350540542280e+00 2.381985220416608651e-01
3.504608399999999957e+00 1.839440753153153807e+00 2.608848540653896375e-01
3.777158899999999875e+00 1.972058065315316355e+00 2.822333422514136103e-01
4.070905299999999727e+00 2.171715990540540098e+00 3.452411539478958402e-01
4.387496200000000179e+00 2.872312582432432926e+00 4.368092686633210930e-01
4.728708000000000133e+00 4.012483173873874875e+00 6.750482683403461470e-01
5.096455699999999922e+00 5.559162598198201799e+00 1.344468035302717634e+00
5.492802700000000371e+00 6.746522102702698476e+00 1.216294112144378881e+00
5.919973299999999661e+00 5.468674953603602340e+00 7.620892085271084859e-01
6.380364700000000333e+00 4.734142217117114804e+00 6.508381529484278394e-01
6.876560200000000123e+00 4.277095018468464183e+00 5.321651379589440456e-01
7.411344500000000224e+00 3.826745469369369879e+00 4.121990695648453662e-01
7.987718499999999722e+00 3.644294102252252365e+00 4.911451502031992100e-01
8.608916600000000585e+00 3.365244134234234519e+00 3.926138828633080058e-01
9.278424799999999806e+00 2.514256427027025342e+00 2.690085068755421749e-01
1.000000000000000000e+01 1.867566557207207323e+00 1.729651626702619904e-01
