5.000000000000000000e-01 6.948726449557521834e-01 1.038975246308257300e-01
5.388845799999999464e-01 5.960951714159294923e-01 8.781939251921448697e-02
5.807931699999999697e-01 5.751727738938052781e-01 9.050406877412114914e-02
6.259609699999999499e-01 5.856260569026545681e-01 1.010892743461060117e-01
6.746414200000000472e-01 5.984748234513277421e-01 1.129307773309532470e-01
7.271077200000000129e-01 6.285940073451323773e-01 1.427878474881794646e-01
7.836542699999999861e-01 6.540343507079648955e-01 1.636494459973177051e-01
8.445983999999999714e-01 6.667076699557523689e-01 1.671265063524970951e-01
9.102820999999999829e-01 6.896135078761059800e-01 1.738043951115628427e-01
9.810739699999999619e-01 6.810408435398227489e-01 1.739817973667929507e-01
1.057371300000000014e+00 7.030961471681420605e-01 1.660119500206124199e-01
1.139602100000000062e+00 7.142256748230089158e-01 1.800145157449122568e-01
1.228228000000000097e+00 7.021827830973453866e-01 1.653289545487909573e-01
1.323746300000000042e+00 7.140651615929202167e-01 1.634316206510219860e-01
1.426692899999999931e+00 7.110363753097345141e-01 1.799620730304303529e-01
1.537645600000000057e+00 7.509858229203539848e-01 1.678503352569853946e-01
1.657227000000000006e+00 7.719853807964602854e-01 1.608944299560189917e-01
1.786108199999999924e+00 8.012946480973454078e-01 1.784085354784614441e-01
1.925012299999999899e+00 7.657795589380529400e-01 1.514817705497825129e-01
2.074718799999999863e+00 8.696713097787611702e-01 1.781889082993496909e-01
2.236067999999999945e+00 9.363395872123891905e-01 2.037075031579661522e-01
2.409965099999999971e+00 1.002306186415928613e+00 1.958987111545472115e-01
2.597386000000000195e+00 1.135964256548672946e+00 1.889777163883586408e-01
2.799382599999999943e+00 1.637689359115044763e+00 5.009133872739706117e-01
3.017088199999999887e+00 1.946007969911504487e+00 4.386610652452664350e-01
3.251724600000000187e+00 1.833007512831858365e+00 3.653737187294043842e-01
3.504608399999999957e+00 1.819921996902654326e+00 2.414267807564227653e-01
3.777158899999999875e+00 1.763138778274336183e+00 2.368631227790117810e-01
4.070905299999999727e+00 1.982010514159293413e+00 2.237529569019565678e-01
4.387496200000000179e+00 2.659980000884957896e+00 3.543830750707218646e-01
4.728708000000000133e+00 2.365024040265486072e+00 2.706981316777554714e-01
5.096455699999999922e+00 2.170702840265488209e+00 2.476309876803658439e-01
5.492802700000000371e+00 1.983249173008851285e+00 2.535246176844813681e-01
5.919973299999999661e+00 1.811133168141593197e+00 3.004138465791738044e-01
6.380364700000000333e+00 1.382470354911504273e+00 2.319456879967487228e-01
6.876560200000000123e+00 9.323957791150443430e-01 1.605200555516120842e-01
7.411344500000000224e+00 7.555503613716810785e-01 1.401901266047090033e-01
7.987718499999999722e+00 6.349970733628319541e-01 1.342355675189025876e-01
8.608916600000000585e+00 6.837112113716814488e-01 1.967591372189187171e-01
9.278424799999999806e+00 7.177229402212389475e-01 2.281904626985454543e-01
1.000000000000000000e+01 7.794815697787613740e-01 2.323645582975349400e-01
