5.000000000000000000e-01 8.043132600492610695e-01 9.321537626016335176e-02
5.388845799999999464e-01 6.958396154679801215e-01 7.595082716552972735e-02
5.807931699999999697e-01 6.717953376847294322e-01 7.855766955752538361e-02
6.259609699999999499e-01 6.730621995566504756e-01 7.860257485023641744e-02
6.746414200000000472e-01 6.731647236453205396e-01 7.214093033446566938e-02
7.271077200000000129e-01 6.708337112315270190e-01 7.101687238332983487e-02
7.836542699999999861e-01 6.718952773891623265e-01 7.434891380374142322e-02
8.445983999999999714e-01 6.707002880295570568e-01 7.364139621436148475e-02
9.102820999999999829e-01 6.744956338423644393e-01 8.355630749975018201e-02
9.810739699999999619e-01 7.154141679310346280e-01 9.905990330323505288e-02
1.057371300000000014e+00 7.764532303448273831e-01 1.397023446749432740e-01
1.139602100000000062e+00 8.157839929556652825e-01 1.556090103067901964e-01
1.228228000000000097e+00 8.306771765517244610e-01 1.628571720364173636e-01
1.323746300000000042e+00 7.998092620197044811e-01 1.360263835854428893e-01
1.426692899999999931e+00 8.353375230049262523e-01 1.686678471391512835e-01
1.537645600000000057e+00 8.386640301970438305e-01 1.703753999416875442e-01
1.657227000000000006e+00 8.396076815763541257e-01 1.551455737660305811e-01
1.786108199999999924e+00 8.310563668965519346e-01 1.672099282536528841e-01
1.925012299999999899e+00 9.464992923645317857e-01 1.850264257114484501e-01
2.074718799999999863e+00 1.040162537832513001e+00 1.707639995164609015e-01
2.236067999999999945e+00 1.236430076059112704e+00 2.245427985690613970e-01
2.409965099999999971e+00 1.432230045911330185e+00 3.176152300212654045e-01
2.597386000000000195e+00 2.029486937536945756e+00 5.607401868387040800e-01
2.799382599999999943e+00 2.291453889261084509e+00 4.635519797300126643e-01
3.017088199999999887e+00 2.854809094581281848e+00 5.778700256758367848e-01
3.251724600000000187e+00 3.440253197044332634e+00 5.811787603146875147e-01
3.504608399999999957e+00 2.658671350246303522e+00 2.639486235420432370e-01
3.777158899999999875e+00 2.523016716748769372e+00 2.537634171975916009e-01
4.070905299999999727e+00 2.298291608374384953e+00 2.387568104774900890e-01
4.387496200000000179e+00 2.080684984729064713e+00 2.176214009715587150e-01
4.728708000000000133e+00 2.025277265517241521e+00 3.155206214479335247e-01
5.096455699999999922e+00 2.120866344334973785e+00 5.939730850571304233e-01
5.492802700000000371e+00 1.984407315270936722e+00 6.747835598222993170e-01
5.919973299999999661e+00 1.675237154679803497e+00 6.215406903138167571e-01
6.380364700000000333e+00 1.628260616256157478e+00 4.484478487013205394e-01
6.876560200000000123e+00 1.584454229064038877e+00 3.573731757021064714e-01
7.411344500000000224e+00 1.607929854187191365e+00 3.234477274228204635e-01
7.987718499999999722e+00 1.761284198522167666e+00 2.705828038011953707e-01
8.608916600000000585e+00 1.670700258128078985e+00 2.727493173540131433e-01
9.278424799999999806e+00 1.390267942807882351e+00 2.383848270608694420e-01
1.000000000000000000e+01 1.234184370197044522e+00 1.901345650704968637e-01
