5.000000000000000000e-01 7.440557414795919700e-01 4.856548908291567074e-02
5.388845799999999464e-01 6.441346831122448657e-01 4.964216033818097396e-02
5.807931699999999697e-01 6.193677384183673418e-01 4.842944277731658226e-02
6.259609699999999499e-01 6.157783329591838273e-01 4.266311211393163105e-02
6.746414200000000472e-01 6.296068864795919540e-01 4.342610144479518153e-02
7.271077200000000129e-01 6.432579377551022048e-01 4.472905086567805638e-02
7.836542699999999861e-01 6.532019527040816564e-01 4.249371818285114372e-02
8.445983999999999714e-01 6.635307100510204892e-01 4.441323322286223896e-02
9.102820999999999829e-01 6.830674706632654525e-01 5.700064923870779704e-02
9.810739699999999619e-01 6.945495587244900904e-01 5.140222130997970651e-02
1.057371300000000014e+00 7.503749801020406229e-01 1.010432332783208764e-01
1.139602100000000062e+00 7.785622319387750512e-01 1.118735048932936321e-01
1.228228000000000097e+00 7.615801513265305633e-01 9.252217244279235808e-02
1.323746300000000042e+00 7.087103450510200409e-01 8.082145926689388027e-02
1.426692899999999931e+00 7.964502107142853449e-01 1.205944111377330319e-01
1.537645600000000057e+00 9.408807848979590105e-01 1.480532259982786092e-01
1.657227000000000006e+00 1.031869493418367423e+00 1.899202008624511495e-01
1.786108199999999924e+00 8.842097994387748683e-01 1.638273481780286589e-01
1.925012299999999899e+00 9.329572570918363006e-01 1.421942160552297496e-01
2.074718799999999863e+00 9.950963142857144339e-01 1.255305775509657495e-01
2.236067999999999945e+00 1.166501537602040894e+00 1.391309768356518983e-01
2.409965099999999971e+00 1.450141300000000300e+00 1.891240814657719205e-01
2.597386000000000195e+00 1.827940076020407645e+00 2.668040038052086338e-01
2.799382599999999943e+00 1.937023577551020503e+00 3.223299153689728191e-01
3.017088199999999887e+00 1.740512206632652825e+00 2.531087353400872098e-01
3.251724600000000187e+00 1.872643463775510275e+00 4.239687417019017412e-01
3.504608399999999957e+00 1.777330823469387422e+00 3.295655491627773048e-01
3.777158899999999875e+00 1.956573622448979810e+00 4.086529664104006088e-01
4.070905299999999727e+00 2.484971055612245738e+00 5.351797093654121484e-01
4.387496200000000179e+00 2.529828387244898558e+00 2.746030146578600228e-01
4.728708000000000133e+00 2.694242827551021957e+00 7.172137965402389792e-01
5.096455699999999922e+00 5.361748769387754798e+00 1.579976834514977835e+00
5.492802700000000371e+00 1.054360233724489504e+01 1.288051661228889699e+00
5.919973299999999661e+00 5.603227096938774743e+00 7.739862987290273555e-01
6.380364700000000333e+00 3.423127010714285490e+00 1.448155700223350273e-01
6.876560200000000123e+00 2.928773458163265619e+00 3.160978002786647978e-01
7.411344500000000224e+00 2.280811455612245187e+00 3.112289892460212704e-01
7.987718499999999722e+00 1.623116062755102007e+00 1.188186439458157467e-01
8.608916600000000585e+00 1.488411332653059915e+00 1.772104158397856122e-01
9.278424799999999806e+00 2.126589181122450878e+00 3.386514479438641478e-01
1.000000000000000000e+01 2.310474621938774842e+00 4.512837791543752863e-01
