5.000000000000000000e-01 7.790768239234446835e-01 5.229979170967037627e-02
5.388845799999999464e-01 6.723990987081337467e-01 5.355246672582913287e-02
5.807931699999999697e-01 6.368893149282297550e-01 5.242729339053509713e-02
6.259609699999999499e-01 6.428086813397131394e-01 5.033978340707111199e-02
6.746414200000000472e-01 6.451491051196170945e-01 5.048885666863929533e-02
7.271077200000000129e-01 6.513264995693781589e-01 4.640333266947344742e-02
7.836542699999999861e-01 6.592929126315784094e-01 4.514840618601898697e-02
8.445983999999999714e-01 6.596101405741626733e-01 4.269986906410131594e-02
9.102820999999999829e-01 6.648799022488038890e-01 4.717279919396250715e-02
9.810739699999999619e-01 6.506556982296649583e-01 4.650455810511819332e-02
1.057371300000000014e+00 6.462096164593298386e-01 4.274019640052111046e-02
1.139602100000000062e+00 6.605834625837322394e-01 4.503616745538534943e-02
1.228228000000000097e+00 6.927421034449756654e-01 6.315563241059024557e-02
1.323746300000000042e+00 6.930655315789470139e-01 6.591037437480014305e-02
1.426692899999999931e+00 6.747914554066987147e-01 7.463966998198168223e-02
1.537645600000000057e+00 6.970616681339714127e-01 8.492441379995223361e-02
1.657227000000000006e+00 6.825490778947372883e-01 9.600629205057489846e-02
1.786108199999999924e+00 6.978319107177031189e-01 1.037945796773290519e-01
1.925012299999999899e+00 6.932834111004788635e-01 1.267937684841823620e-01
2.074718799999999863e+00 7.169618449282295636e-01 1.126034936830952321e-01
2.236067999999999945e+00 7.189351773684214963e-01 9.865505769057350549e-02
2.409965099999999971e+00 7.307216091387565005e-01 1.007826118527369447e-01
2.597386000000000195e+00 7.504613696650711541e-01 8.998384186055823075e-02
2.799382599999999943e+00 8.218190013875592559e-01 1.584736412598836131e-01
3.017088199999999887e+00 8.768619987081336387e-01 1.175526757575778986e-01
3.251724600000000187e+00 8.159053235885164179e-01 9.266518039687988983e-02
3.504608399999999957e+00 7.869802874162684647e-01 5.107094594808812144e-02
3.777158899999999875e+00 7.284032030622004106e-01 5.515025555998190332e-02
4.070905299999999727e+00 7.365097394736845882e-01 5.087564561791570877e-02
4.387496200000000179e+00 7.647680994736834048e-01 4.910825215772514352e-02
4.728708000000000133e+00 8.005240068899516226e-01 6.320242796095465465e-02
5.096455699999999922e+00 7.973461478947366787e-01 6.976043954699026606e-02
5.492802700000000371e+00 7.897214255980862241e-01 9.033223100027380770e-02
5.919973299999999661e+00 7.781870329665073749e-01 1.070717060448845986e-01
6.380364700000000333e+00 9.090633318181818856e-01 1.288865292191805623e-01
6.876560200000000123e+00 9.181818321052633847e-01 1.519818678321813998e-01
7.411344500000000224e+00 9.624794461244018384e-01 1.567519020409223751e-01
7.987718499999999722e+00 1.062031907033492706e+00 1.819241401881853126e-01
8.608916600000000585e+00 1.201284195837320823e+00 1.563110042981140646e-01
9.278424799999999806e+00 1.359367300956937807e+00 1.360568281061733942e-01
1.000000000000000000e+01 1.611942566985644865e+00 1.954575537005834307e-01
