5.000000000000000000e-01 7.964283222535208928e-01 6.500297280956593426e-02
5.388845799999999464e-01 6.854780500938963961e-01 6.412873404507199449e-02
5.807931699999999697e-01 6.611618194835678919e-01 6.595413218525035537e-02
6.259609699999999499e-01 6.726117962910795889e-01 7.083618679716698063e-02
6.746414200000000472e-01 6.926465193896713668e-01 7.408160182992208631e-02
7.271077200000000129e-01 7.169784715023473920e-01 8.765547514673810436e-02
7.836542699999999861e-01 7.380239788262911160e-01 1.051339634063877954e-01
8.445983999999999714e-01 7.495506210798117408e-01 1.245130388610794087e-01
9.102820999999999829e-01 7.723057876525825094e-01 1.287884793722427756e-01
9.810739699999999619e-01 7.953201711267606777e-01 1.287810977785722455e-01
1.057371300000000014e+00 7.894691197652589087e-01 1.450964872778623405e-01
1.139602100000000062e+00 8.022175461032864385e-01 1.617160642534371806e-01
1.228228000000000097e+00 8.321101553990603028e-01 1.614582954518865021e-01
1.323746300000000042e+00 8.375884953051644377e-01 1.801731352326208790e-01
1.426692899999999931e+00 8.497536659624411737e-01 2.011963815649648879e-01
1.537645600000000057e+00 8.672749445070423446e-01 1.886183145654045934e-01
1.657227000000000006e+00 9.102951238497655195e-01 2.293383675890778295e-01
1.786108199999999924e+00 9.520525260563380554e-01 2.837665513010917961e-01
1.925012299999999899e+00 9.737416231455400251e-01 2.479198240297175726e-01
2.074718799999999863e+00 9.848204434741781865e-01 2.244524782875832458e-01
2.236067999999999945e+00 1.083104563849764945e+00 2.205794434447200247e-01
2.409965099999999971e+00 1.071878382441315170e+00 2.184049914659783320e-01
2.597386000000000195e+00 1.192009076619718444e+00 2.232387439045651067e-01
2.799382599999999943e+00 1.142939302676056812e+00 1.549544635064615816e-01
3.017088199999999887e+00 1.134520408215963228e+00 1.377874913404110169e-01
3.251724600000000187e+00 1.235234693192488686e+00 2.157394629191988211e-01
3.504608399999999957e+00 1.214572115446008960e+00 2.192582723806973666e-01
3.777158899999999875e+00 1.282724785399061318e+00 2.379053702169034723e-01
4.070905299999999727e+00 1.312778269812206133e+00 2.338293041954480622e-01
4.387496200000000179e+00 1.700434013004695322e+00 3.784836005190336250e-01
4.728708000000000133e+00 1.441129763427231092e+00 2.620008906386939174e-01
5.096455699999999922e+00 1.332068693380282109e+00 1.225774977665690518e-01
5.492802700000000371e+00 1.367979855821595869e+00 1.679044233159268373e-01
5.919973299999999661e+00 1.745395039906103118e+00 4.439268883929020082e-01
6.380364700000000333e+00 3.059094672769951728e+00 5.983713244773872786e-01
6.876560200000000123e+00 3.158066559624412850e+00 5.704935516623124148e-01
7.411344500000000224e+00 3.207677530516431563e+00 5.250335596491032542e-01
7.987718499999999722e+00 3.352032843661972183e+00 4.522694532038055715e-01
8.608916600000000585e+00 3.020611469014083283e+00 2.791206994451358447e-01
9.278424799999999806e+00 2.789010182159625373e+00 3.314067677864616646e-01
1.000000000000000000e+01 3.694153111737088935e+00 6.874452187245608803e-01
