5.000000000000000000e-01 7.472666158937196768e-01 9.708158305239036889e-02
5.388845799999999464e-01 6.407590424154588904e-01 8.490792537983547772e-02
5.807931699999999697e-01 6.256747209661835951e-01 9.071586648590651558e-02
6.259609699999999499e-01 6.524004222222229421e-01 1.130034980651143384e-01
6.746414200000000472e-01 6.836772285507244362e-01 1.268457058536126003e-01
7.271077200000000129e-01 7.122501194685993964e-01 1.391218136530871508e-01
7.836542699999999861e-01 7.404470440096618811e-01 1.604805805127075546e-01
8.445983999999999714e-01 7.741904605314005039e-01 1.680201826115644836e-01
9.102820999999999829e-01 8.207154954589370721e-01 1.770273779924871060e-01
9.810739699999999619e-01 8.568176794202897462e-01 1.861421636733014695e-01
1.057371300000000014e+00 8.590230257004833891e-01 1.651285893419981998e-01
1.139602100000000062e+00 8.553095744444443316e-01 1.587133082651184246e-01
1.228228000000000097e+00 8.574035438647340523e-01 2.041775654661261152e-01
1.323746300000000042e+00 8.617546165700482597e-01 2.312109609812617872e-01
1.426692899999999931e+00 8.549945500966181777e-01 2.252915983796695554e-01
1.537645600000000057e+00 9.607495817391301651e-01 2.601615279420292359e-01
1.657227000000000006e+00 8.883965876328505651e-01 2.204345799271950623e-01
1.786108199999999924e+00 6.898399217391301130e-01 1.158891501754855530e-01
1.925012299999999899e+00 6.381112515458936540e-01 1.177757538176402580e-01
2.074718799999999863e+00 7.615921264251206413e-01 1.402072004689477458e-01
2.236067999999999945e+00 7.550452243478262826e-01 1.780658154793803849e-01
2.409965099999999971e+00 7.239927978260871644e-01 1.795467985085359985e-01
2.597386000000000195e+00 8.423003355072462561e-01 2.197579546815257856e-01
2.799382599999999943e+00 8.283131723188402740e-01 1.951301293854728613e-01
3.017088199999999887e+00 8.413793305314010151e-01 1.585691452702216453e-01
3.251724600000000187e+00 8.294324929951700787e-01 1.124757283322914969e-01
3.504608399999999957e+00 7.485953778743964504e-01 7.971140883499096275e-02
3.777158899999999875e+00 5.903723782125602781e-01 1.070956959235685596e-01
4.070905299999999727e+00 5.141232083091783478e-01 9.829068391424269913e-02
4.387496200000000179e+00 5.404395621739129796e-01 1.039468821027765555e-01
4.728708000000000133e+00 5.361976531884056207e-01 1.073297066971619501e-01
5.096455699999999922e+00 5.314404092270530455e-01 1.406651523297793305e-01
5.492802700000000371e+00 5.979945153140097114e-01 1.210242919728193034e-01
5.919973299999999661e+00 7.277064595652172896e-01 1.218384865028835223e-01
6.380364700000000333e+00 9.501983826570051805e-01 1.996686884752882085e-01
6.876560200000000123e+00 1.030446275362318476e+00 2.545193733104586520e-01
7.411344500000000224e+00 9.508366268115940878e-01 2.439708243524256470e-01
7.987718499999999722e+00 9.569305496135266376e-01 1.987912476262443939e-01
8.608916600000000585e+00 9.112528372463757353e-01 1.638967865765266207e-01
9.278424799999999806e+00 9.291848398550727195e-01 1.727618729956839627e-01
1.000000000000000000e+01 9.425689886956521990e-01 2.156695362016598783e-01
