5.000000000000000000e-01 8.007475476886797283e-01 6.405706498294817808e-02
5.388845799999999464e-01 6.844669840094332880e-01 6.548408910498645930e-02
5.807931699999999697e-01 6.629019311320756280e-01 6.996176703597137281e-02
6.259609699999999499e-01 6.790187007547167086e-01 7.965674014785123491e-02
6.746414200000000472e-01 6.719995342452831366e-01 7.411842343266268618e-02
7.271077200000000129e-01 6.987789628301889211e-01 9.525153955946748241e-02
7.836542699999999861e-01 7.481921173113205148e-01 1.356663833789663043e-01
8.445983999999999714e-01 8.513841624528302177e-01 1.890131484894988501e-01
9.102820999999999829e-01 8.431271659433958732e-01 1.635895624395372339e-01
9.810739699999999619e-01 8.428129490094337095e-01 1.322804922896396174e-01
1.057371300000000014e+00 8.729328251415096052e-01 1.407211010028866227e-01
1.139602100000000062e+00 9.023892558490563820e-01 1.943331326125550540e-01
1.228228000000000097e+00 9.431315349999997988e-01 1.914748254094782165e-01
1.323746300000000042e+00 9.531426273584908682e-01 1.982091710957688824e-01
1.426692899999999931e+00 9.726873856132078888e-01 2.184762825400453357e-01
1.537645600000000057e+00 1.062350465707547320e+00 2.383280818837368586e-01
1.657227000000000006e+00 1.140995423207547654e+00 2.894232769155555829e-01
1.786108199999999924e+00 1.321793517499999071e+00 4.886101727560795416e-01
1.925012299999999899e+00 1.585148424103774101e+00 8.410097334803519065e-01
2.074718799999999863e+00 1.251835589764151546e+00 2.891221589173953443e-01
2.236067999999999945e+00 1.517111334858490812e+00 3.937645967940353597e-01
2.409965099999999971e+00 1.282068444198113166e+00 2.771914079953113896e-01
2.597386000000000195e+00 1.706861995283019517e+00 2.388711042323210243e-01
2.799382599999999943e+00 1.657492414103773015e+00 3.346681966758470184e-01
3.017088199999999887e+00 1.948027476415095549e+00 2.214495007829680173e-01
3.251724600000000187e+00 2.280580490094340718e+00 2.082323159439021243e-01
3.504608399999999957e+00 2.503746153773585892e+00 2.341329831415829288e-01
3.777158899999999875e+00 2.687206922169810941e+00 2.403705620350635730e-01
4.070905299999999727e+00 2.656985917452831192e+00 2.205837296024208138e-01
4.387496200000000179e+00 2.690421407075472171e+00 2.138939007194489150e-01
4.728708000000000133e+00 2.502605223584906113e+00 2.261658130485932339e-01
5.096455699999999922e+00 1.880992343396226563e+00 9.681239707936113714e-02
5.492802700000000371e+00 1.633081723584905554e+00 6.954665755885940104e-02
5.919973299999999661e+00 1.495687818396227664e+00 1.387668660024189149e-01
6.380364700000000333e+00 1.234701178301887303e+00 1.443598549186614344e-01
6.876560200000000123e+00 1.121461345754716898e+00 1.663949278047263669e-01
7.411344500000000224e+00 1.075991658867925027e+00 1.851556129947726503e-01
7.987718499999999722e+00 1.071419487830187922e+00 1.738452135708080659e-01
8.608916600000000585e+00 1.054864138160377607e+00 1.558267079438773461e-01
9.278424799999999806e+00 1.063605073773584264e+00 1.303046009157906027e-01
1.000000000000000000e+01 1.006144801603773953e+00 8.750267809139812558e-02
