5.000000000000000000e-01 6.881730632843134909e-01 5.371240052295741391e-02
5.388845799999999464e-01 5.947607297058826736e-01 5.181789929215925572e-02
5.807931699999999697e-01 5.614916980392156143e-01 4.631784905102780819e-02
6.259609699999999499e-01 5.621585314705880299e-01 4.873962757543584545e-02
6.746414200000000472e-01 5.709772426960781910e-01 4.450285742012224932e-02
7.271077200000000129e-01 5.753503515686277936e-01 4.383959257805405269e-02
7.836542699999999861e-01 5.800333911274511145e-01 4.437286823377741690e-02
8.445983999999999714e-01 5.728616660784310310e-01 5.081271208064992023e-02
9.102820999999999829e-01 5.852914970098043179e-01 5.161216429637689035e-02
9.810739699999999619e-01 5.858318951470590230e-01 5.916138550135951329e-02
1.057371300000000014e+00 5.913210090196076019e-01 6.004381041366867178e-02
1.139602100000000062e+00 6.048589190196079768e-01 7.194803384615751363e-02
1.228228000000000097e+00 6.063281644117649583e-01 9.035844221669074583e-02
1.323746300000000042e+00 6.141000231862742131e-01 1.171760412437481413e-01
1.426692899999999931e+00 6.402180955882351698e-01 1.223979993508227393e-01
1.537645600000000057e+00 6.274175892647061437e-01 1.552783773702801629e-01
1.657227000000000006e+00 6.102178285784313205e-01 1.833794041676692077e-01
1.786108199999999924e+00 6.038063020098034528e-01 1.866364118914566606e-01
1.925012299999999899e+00 6.407184274019607217e-01 1.782718887629348159e-01
2.074718799999999863e+00 6.123407822058822836e-01 1.733041112112150006e-01
2.236067999999999945e+00 6.086686331372552772e-01 1.404901498343685828e-01
2.409965099999999971e+00 6.322098667156864638e-01 1.136240684030486309e-01
2.597386000000000195e+00 6.665438273039213657e-01 1.193926795619418002e-01
2.799382599999999943e+00 6.315086743627451593e-01 9.764240660214906775e-02
3.017088199999999887e+00 6.650218250980385326e-01 9.088965632482194634e-02
3.251724600000000187e+00 6.682722215686277556e-01 9.888516660448895546e-02
3.504608399999999957e+00 6.901732229901960114e-01 1.052436537373364484e-01
3.777158899999999875e+00 6.950756352941178662e-01 1.189614818691802633e-01
4.070905299999999727e+00 8.066447578921565054e-01 1.708383918250220568e-01
4.387496200000000179e+00 8.901343039215685593e-01 1.923254364618212364e-01
4.728708000000000133e+00 9.225487592156870198e-01 1.799016840844793463e-01
5.096455699999999922e+00 9.144098882843143539e-01 1.352466103796781949e-01
5.492802700000000371e+00 8.822290526470587535e-01 1.387458212116229050e-01
5.919973299999999661e+00 8.186256381862742071e-01 1.366264648806236881e-01
6.380364700000000333e+00 1.004704411176470913e+00 2.565494596384045867e-01
6.876560200000000123e+00 1.075307509901960668e+00 3.420341299358672926e-01
7.411344500000000224e+00 1.326599016225489702e+00 5.342647945957400557e-01
7.987718499999999722e+00 1.651577705882352864e+00 5.363982858835339984e-01
8.608916600000000585e+00 1.948199015196079076e+00 4.387713215543116441e-01
9.278424799999999806e+00 2.151228414215685891e+00 3.022893823224015453e-01
1.000000000000000000e+01 2.526813323529410127e+00 2.675043015290750614e-01
