5.000000000000000000e-01 8.705269649019605760e-01 9.246602007996168604e-02
5.388845799999999464e-01 7.209088189705881167e-01 9.809970030966314036e-02
5.807931699999999697e-01 6.503133988235292318e-01 1.200730492053477538e-01
6.259609699999999499e-01 6.416839909313721835e-01 1.372852880491025052e-01
6.746414200000000472e-01 6.695627015686270722e-01 1.309202683823080804e-01
7.271077200000000129e-01 6.375200213725491505e-01 1.234886327155110958e-01
7.836542699999999861e-01 7.020532171078429640e-01 1.337059850469893008e-01
8.445983999999999714e-01 6.812679261764703620e-01 1.320769502360181757e-01
9.102820999999999829e-01 8.000117674509807930e-01 1.109449347851645812e-01
9.810739699999999619e-01 6.845169850980388215e-01 1.672760731426740366e-01
1.057371300000000014e+00 8.830789473529404576e-01 1.440077185540330484e-01
1.139602100000000062e+00 7.333035308333336610e-01 2.594284398452776919e-01
1.228228000000000097e+00 7.340294959313728995e-01 2.487144805514379942e-01
1.323746300000000042e+00 9.361085603921567300e-01 2.054442553823014883e-01
1.426692899999999931e+00 9.012120627450981303e-01 3.177310344797358854e-01
1.537645600000000057e+00 9.731265677941176584e-01 4.377743169990177541e-01
1.657227000000000006e+00 1.039778680441177050e+00 4.405364744635423824e-01
1.786108199999999924e+00 1.104356081911765264e+00 4.059985738883076234e-01
1.925012299999999899e+00 1.568595094705882431e+00 7.838699824932359173e-01
2.074718799999999863e+00 2.341928118872548037e+00 1.044824397637919233e+00
2.236067999999999945e+00 2.887746121568627533e+00 9.692670394074990314e-01
2.409965099999999971e+00 3.087186136764704880e+00 5.905589791853891324e-01
2.597386000000000195e+00 3.061253298529410749e+00 5.568666604950496257e-01
2.799382599999999943e+00 2.876664881372548610e+00 3.204847478839614738e-01
3.017088199999999887e+00 2.705687796568626347e+00 2.302376490223714267e-01
3.251724600000000187e+00 2.483840600980391944e+00 2.063571475558747537e-01
3.504608399999999957e+00 2.380138566666666122e+00 2.217595353865003949e-01
3.777158899999999875e+00 2.159450137745098086e+00 1.483908842138308148e-01
4.070905299999999727e+00 1.912965981862745801e+00 1.782567528144606006e-01
4.387496200000000179e+00 1.862835997549019629e+00 1.523833514987072424e-01
4.728708000000000133e+00 1.948122879901960980e+00 1.339977650983624480e-01
5.096455699999999922e+00 1.928018639215684615e+00 1.652955967543826843e-01
5.492802700000000371e+00 2.058758817647058592e+00 1.705880740320023792e-01
5.919973299999999661e+00 2.161450114705882442e+00 1.345907309487178738e-01
6.380364700000000333e+00 2.321727024019607288e+00 1.883727417658439540e-01
6.876560200000000123e+00 2.554367783823529248e+00 4.183719651186952326e-01
7.411344500000000224e+00 2.509937132352941358e+00 3.371745531031624665e-01
7.987718499999999722e+00 2.228731586274510512e+00 2.954082365513426844e-01
8.608916600000000585e+00 1.865588549019608022e+00 2.043891778297527440e-01
9.278424799999999806e+00 1.707020228431372022e+00 1.049812646649642828e-01
1.000000000000000000e+01 1.332582935294117421e+00 9.666915780349689957e-02
