5.000000000000000000e-01 7.152504479090910916e-01 4.862353720068016139e-02
5.388845799999999464e-01 6.096365768181815081e-01 5.234190194080259872e-02
5.807931699999999697e-01 5.684616786818184053e-01 4.498046741105440893e-02
6.259609699999999499e-01 5.619018939545458169e-01 4.330687377739473459e-02
6.746414200000000472e-01 5.605154545454549275e-01 4.102865918501939768e-02
7.271077200000000129e-01 5.562152200909087352e-01 3.455295894876756618e-02
7.836542699999999861e-01 5.573474698636363689e-01 3.453064448650132456e-02
8.445983999999999714e-01 5.648936582727269728e-01 3.764676007968376786e-02
9.102820999999999829e-01 5.678126209545453218e-01 4.406495052686976166e-02
9.810739699999999619e-01 5.629605827272732288e-01 4.178493197253851932e-02
1.057371300000000014e+00 5.548970929999996748e-01 3.930821665131648684e-02
1.139602100000000062e+00 5.311256035454544611e-01 4.731388378241178916e-02
1.228228000000000097e+00 5.532237323181820043e-01 4.030584198857915107e-02
1.323746300000000042e+00 5.756092680909092874e-01 4.410754317338393127e-02
1.426692899999999931e+00 5.705210500454545031e-01 5.167958797982120933e-02
1.537645600000000057e+00 5.691200069090911473e-01 5.734059485946689516e-02
1.657227000000000006e+00 6.023282190909089451e-01 6.930294300647651951e-02
1.786108199999999924e+00 6.529858850454545172e-01 1.293164502561031382e-01
1.925012299999999899e+00 7.062125356818182986e-01 1.885710737771186807e-01
2.074718799999999863e+00 7.225395382272729039e-01 1.521017003273566481e-01
2.236067999999999945e+00 7.934546733636357319e-01 1.621319396841117977e-01
2.409965099999999971e+00 8.291220147272729823e-01 2.157253826550321330e-01
2.597386000000000195e+00 7.536703193636365983e-01 1.525157394307783132e-01
2.799382599999999943e+00 7.288692874545453781e-01 7.542512378566226805e-02
3.017088199999999887e+00 6.192155153636367260e-01 7.816684576992254108e-02
3.251724600000000187e+00 6.289296708636358257e-01 9.956415532129563040e-02
3.504608399999999957e+00 7.257341666818183379e-01 9.281401174812085875e-02
3.777158899999999875e+00 8.628046131363635851e-01 6.924221974610927921e-02
4.070905299999999727e+00 8.776446715000003618e-01 5.960646241121959898e-02
4.387496200000000179e+00 8.779305410454543157e-01 6.680857210570537164e-02
4.728708000000000133e+00 8.162155173181819823e-01 4.465479754867123646e-02
5.096455699999999922e+00 7.654254791363634958e-01 8.052483927111787898e-02
5.492802700000000371e+00 8.316930014545454997e-01 5.424372320913193463e-02
5.919973299999999661e+00 7.982610753181820229e-01 6.522852785479281434e-02
6.380364700000000333e+00 8.389914609090908248e-01 6.841111009741994431e-02
6.876560200000000123e+00 8.363416355000005131e-01 8.661019792377021298e-02
7.411344500000000224e+00 8.455746160454546967e-01 9.490248756114706696e-02
7.987718499999999722e+00 1.024719638636364172e+00 9.960206974550453451e-02
8.608916600000000585e+00 1.305175425636363684e+00 1.451326732193250479e-01
9.278424799999999806e+00 1.736302570909091347e+00 1.938261212676697376e-01
1.000000000000000000e+01 2.661703162272726964e+00 3.929818248588184404e-01
