5.000000000000000000e-01 7.907561458482140759e-01 5.845539951922026911e-02
5.388845799999999464e-01 6.878107222767857465e-01 6.728784936920662041e-02
5.807931699999999697e-01 6.629500613839282019e-01 7.088235492009663241e-02
6.259609699999999499e-01 6.651575692410717222e-01 6.400507309035868841e-02
6.746414200000000472e-01 6.797542550446425969e-01 7.003580608834306109e-02
7.271077200000000129e-01 7.059753850000004549e-01 7.929783041801646837e-02
7.836542699999999861e-01 7.241023041517856695e-01 7.826355924110817153e-02
8.445983999999999714e-01 7.470423000892862930e-01 8.583876089995634562e-02
9.102820999999999829e-01 7.790868808035719129e-01 1.013910081917198114e-01
9.810739699999999619e-01 8.124591793750000068e-01 1.097819596435876677e-01
1.057371300000000014e+00 8.453190732589289658e-01 1.207132260612486380e-01
1.139602100000000062e+00 8.638415333035710519e-01 1.324026451500008306e-01
1.228228000000000097e+00 8.480542091071427979e-01 1.450396471123925335e-01
1.323746300000000042e+00 8.485229455803571241e-01 1.617600615117375240e-01
1.426692899999999931e+00 8.301726466517855840e-01 1.752480288163158206e-01
1.537645600000000057e+00 8.244900705357146586e-01 1.723954361005155533e-01
1.657227000000000006e+00 8.288764209374998027e-01 1.691216260337781718e-01
1.786108199999999924e+00 9.424896511160706369e-01 2.157763559593910141e-01
1.925012299999999899e+00 9.064906345089287498e-01 2.149303055857851030e-01
2.074718799999999863e+00 7.729954308928578266e-01 1.215025684446252446e-01
2.236067999999999945e+00 7.468984084821425062e-01 1.342998979100358259e-01
2.409965099999999971e+00 7.255912495535713491e-01 8.390380043472754623e-02
2.597386000000000195e+00 7.583919267857144320e-01 1.171562995906102744e-01
2.799382599999999943e+00 8.306069526339285858e-01 1.588468768793703523e-01
3.017088199999999887e+00 7.324715899553576604e-01 8.565178643534950009e-02
3.251724600000000187e+00 7.138826536160715053e-01 9.158684148608417508e-02
3.504608399999999957e+00 7.201840911607142459e-01 1.081788060934351509e-01
3.777158899999999875e+00 7.533785776339289031e-01 1.364787040699846354e-01
4.070905299999999727e+00 7.167411507589285247e-01 1.019039713023961596e-01
4.387496200000000179e+00 8.535797262946429598e-01 1.529499077610717017e-01
4.728708000000000133e+00 8.685510150892856718e-01 1.664949471422426941e-01
5.096455699999999922e+00 8.658930061607144069e-01 1.691999823083158161e-01
5.492802700000000371e+00 8.571996425446423151e-01 1.360174918820594159e-01
5.919973299999999661e+00 7.793149457589290119e-01 1.327980519258490644e-01
6.380364700000000333e+00 1.043441211116071576e+00 2.539191424120838536e-01
6.876560200000000123e+00 1.011963885669642904e+00 2.498171542809435597e-01
7.411344500000000224e+00 9.570726165624998671e-01 2.121080376758237851e-01
7.987718499999999722e+00 9.448019455803573496e-01 1.274783682770533888e-01
8.608916600000000585e+00 1.006676863616072115e+00 1.060607355333355734e-01
9.278424799999999806e+00 9.327460693303570860e-01 9.633296211654225616e-02
1.000000000000000000e+01 8.631547574107137910e-01 1.071707520684757747e-01
