5.000000000000000000e-01 1.130919612524271534e+00 3.613257477434067555e-01
5.388845799999999464e-01 9.290740186407764334e-01 2.785708318797354144e-01
5.807931699999999697e-01 8.743830502427181184e-01 2.334880292407360558e-01
6.259609699999999499e-01 8.719288129611658666e-01 1.986055094411444122e-01
6.746414200000000472e-01 9.130711156796115224e-01 1.794227969063344474e-01
7.271077200000000129e-01 8.821380814563108963e-01 1.400266618091074444e-01
7.836542699999999861e-01 7.942827753398057355e-01 5.911633953305169692e-02
8.445983999999999714e-01 7.287966538834951269e-01 5.487600165768378307e-02
9.102820999999999829e-01 6.937117106310678460e-01 6.650213214912696624e-02
9.810739699999999619e-01 6.828790116504855900e-01 7.861653675856869472e-02
1.057371300000000014e+00 6.808837458737863058e-01 1.030763356266555381e-01
1.139602100000000062e+00 7.414614858737864633e-01 1.342765029354527628e-01
1.228228000000000097e+00 7.205329118446603953e-01 1.457025820081530310e-01
1.323746300000000042e+00 7.322407677669907633e-01 1.430479076593184073e-01
1.426692899999999931e+00 6.978150991747572585e-01 1.573048288475741852e-01
1.537645600000000057e+00 6.396154971844658643e-01 1.717778685062205657e-01
1.657227000000000006e+00 5.808066078640778951e-01 1.588318806768472258e-01
1.786108199999999924e+00 5.936761994174759582e-01 1.048623023164362844e-01
1.925012299999999899e+00 5.872140039320390414e-01 1.751681602931752513e-01
2.074718799999999863e+00 6.243325236893202401e-01 2.444432516693496038e-01
2.236067999999999945e+00 7.256280447572811543e-01 2.725595053345285512e-01
2.409965099999999971e+00 9.355445312621357701e-01 2.983604895495785558e-01
2.597386000000000195e+00 1.086268335873786350e+00 3.120773691980603948e-01
2.799382599999999943e+00 1.294479228106795166e+00 4.020875728493169543e-01
3.017088199999999887e+00 1.562696546844658974e+00 5.592332393755674591e-01
3.251724600000000187e+00 1.700112718446601834e+00 5.434085565814745777e-01
3.504608399999999957e+00 1.681448326067961796e+00 4.781899898038508012e-01
3.777158899999999875e+00 1.198803047087378504e+00 2.507549744462029828e-01
4.070905299999999727e+00 8.909524304854364862e-01 8.321322861527605252e-02
4.387496200000000179e+00 7.510969088349516154e-01 9.560311263218641831e-02
4.728708000000000133e+00 5.539245185922326842e-01 3.747183278544143764e-02
5.096455699999999922e+00 5.086416550970870309e-01 4.345042874818056539e-02
5.492802700000000371e+00 4.982284479611652217e-01 4.211171792263739694e-02
5.919973299999999661e+00 5.112040286893202445e-01 3.093513847903758482e-02
6.380364700000000333e+00 5.504472166019421797e-01 3.404271312854053461e-02
6.876560200000000123e+00 5.954635897087379171e-01 6.301790550664558566e-02
7.411344500000000224e+00 5.926890557281554450e-01 6.589100836634595448e-02
7.987718499999999722e+00 6.006577109223298905e-01 6.348061042157290834e-02
8.608916600000000585e+00 6.273602034466015942e-01 6.015919323254453194e-02
9.278424799999999806e+00 6.574889068932038283e-01 8.799624899481434115e-02
1.000000000000000000e+01 6.421325367961168151e-01 9.927291499322321577e-02
