5.000000000000000000e-01 7.528818823923447701e-01 4.989840973257811396e-02
5.388845799999999464e-01 6.492868651196173069e-01 4.861163788996687718e-02
5.807931699999999697e-01 6.128344518181814138e-01 4.585709685769665672e-02
6.259609699999999499e-01 6.152651533014350527e-01 4.328864981094873027e-02
6.746414200000000472e-01 6.160044247368418047e-01 3.976402235505461374e-02
7.271077200000000129e-01 6.205437763636365567e-01 3.614327843592658046e-02
7.836542699999999861e-01 6.195058736842105063e-01 3.929889630356005886e-02
8.445983999999999714e-01 6.228139130622006858e-01 4.131145761686561696e-02
9.102820999999999829e-01 6.308691829665072914e-01 5.033464219692355274e-02
9.810739699999999619e-01 6.525018355502387735e-01 6.493214033538668994e-02
1.057371300000000014e+00 7.004323779425835061e-01 7.428580632054085364e-02
1.139602100000000062e+00 7.505790393779909753e-01 1.190871129571138137e-01
1.228228000000000097e+00 7.970158820095690766e-01 1.560150887134916786e-01
1.323746300000000042e+00 8.197834573205744491e-01 1.612027124500595987e-01
1.426692899999999931e+00 8.307549843062203010e-01 1.623630989998575413e-01
1.537645600000000057e+00 8.277386113875599971e-01 1.582332917894970492e-01
1.657227000000000006e+00 9.265346566028703768e-01 1.882818558536709930e-01
1.786108199999999924e+00 1.160094144880382316e+00 3.542758081994689112e-01
1.925012299999999899e+00 1.313532565837320698e+00 3.964905429321780028e-01
2.074718799999999863e+00 1.553335955071769803e+00 6.105359635267565421e-01
2.236067999999999945e+00 1.958535452631579687e+00 8.077937065637381675e-01
2.409965099999999971e+00 2.694183088038277774e+00 1.177212635934450358e+00
2.597386000000000195e+00 3.157867545933013886e+00 9.116139790995886338e-01
2.799382599999999943e+00 2.945536355980861831e+00 6.806380441197866782e-01
3.017088199999999887e+00 2.539761708133971396e+00 5.891747129626547785e-01
3.251724600000000187e+00 1.840973488038277317e+00 2.042648936486314848e-01
3.504608399999999957e+00 1.980617134449760952e+00 2.827262420572002055e-01
3.777158899999999875e+00 2.394314726315789787e+00 3.978760711515260118e-01
4.070905299999999727e+00 3.589910244976079579e+00 9.202367749130799801e-01
4.387496200000000179e+00 2.539378221052632334e+00 4.145375979550678935e-01
4.728708000000000133e+00 3.457502996172250320e+00 7.419457167602812042e-01
5.096455699999999922e+00 3.474698373205740598e+00 4.874781898105830513e-01
5.492802700000000371e+00 3.153564837320575354e+00 3.903361142814979479e-01
5.919973299999999661e+00 2.618979065550238072e+00 4.094170070221753721e-01
6.380364700000000333e+00 1.268630387703348905e+00 1.175291361141200946e-01
6.876560200000000123e+00 1.046077395358851359e+00 8.557167143562183220e-02
7.411344500000000224e+00 9.580834367464117207e-01 5.894881356474630102e-02
7.987718499999999722e+00 9.923957380861248012e-01 6.175413757772128115e-02
8.608916600000000585e+00 1.093016757081339163e+00 7.662678799109812200e-02
9.278424799999999806e+00 1.218947576267942923e+00 1.275405618273729447e-01
1.000000000000000000e+01 1.480033302966506925e+00 1.784403800194200584e-01
