5.000000000000000000e-01 8.481159791176472451e-01 6.573560097843443584e-02
5.388845799999999464e-01 7.284643235294115948e-01 6.266741606168671486e-02
5.807931699999999697e-01 7.020171570588238374e-01 7.507817087743830220e-02
6.259609699999999499e-01 7.053225482843140659e-01 9.264692361819902577e-02
6.746414200000000472e-01 7.284117831372547425e-01 1.121957380982973596e-01
7.271077200000000129e-01 7.686654176470590905e-01 1.739858046211645304e-01
7.836542699999999861e-01 7.696243052450979505e-01 1.784648935670269110e-01
8.445983999999999714e-01 7.650462939705885423e-01 1.736788968136938893e-01
9.102820999999999829e-01 8.600473742156862222e-01 3.120465305713531201e-01
9.810739699999999619e-01 9.490848202941168932e-01 4.579204524076039284e-01
1.057371300000000014e+00 9.805401025490197986e-01 4.420407588316060954e-01
1.139602100000000062e+00 9.511187833823534499e-01 2.780016386542649154e-01
1.228228000000000097e+00 9.644777453431382375e-01 2.841518957486025010e-01
1.323746300000000042e+00 9.915364375490202109e-01 2.679075263520623307e-01
1.426692899999999931e+00 1.077923280882352897e+00 4.180943063513715141e-01
1.537645600000000057e+00 1.055260780196078718e+00 3.595176845475208105e-01
1.657227000000000006e+00 1.051742339999999665e+00 3.698141360361202334e-01
1.786108199999999924e+00 9.864779870098038250e-01 2.859695492728667188e-01
1.925012299999999899e+00 1.027936416617647453e+00 3.184128132843805359e-01
2.074718799999999863e+00 1.074821511862745549e+00 3.846909422211330365e-01
2.236067999999999945e+00 1.149494087549019605e+00 3.732976668817982735e-01
2.409965099999999971e+00 1.402724244068627613e+00 4.903078641474822863e-01
2.597386000000000195e+00 1.751606025343136475e+00 6.445506318363800613e-01
2.799382599999999943e+00 2.299391364313726704e+00 8.930964758870995057e-01
3.017088199999999887e+00 3.247075378676470336e+00 1.141942500402446825e+00
3.251724600000000187e+00 4.162107048235295537e+00 1.464122422967385928e+00
3.504608399999999957e+00 4.760794055196080343e+00 1.488883159925207256e+00
3.777158899999999875e+00 5.993114666127448587e+00 1.865781366366453975e+00
4.070905299999999727e+00 5.567915200490195282e+00 1.421678597044566006e+00
4.387496200000000179e+00 4.577391088725491386e+00 1.227105462975763395e+00
4.728708000000000133e+00 3.553471766176471203e+00 7.951514237450671985e-01
5.096455699999999922e+00 2.764924414705882239e+00 5.470506287331892148e-01
5.492802700000000371e+00 2.766941297058823857e+00 4.272613248832395350e-01
5.919973299999999661e+00 2.622079774509803674e+00 4.494828051865014107e-01
6.380364700000000333e+00 2.214010230882354158e+00 3.417821973740536867e-01
6.876560200000000123e+00 1.836676932843137378e+00 2.908894865526485130e-01
7.411344500000000224e+00 1.606155953039216211e+00 2.433276338121087845e-01
7.987718499999999722e+00 1.469585461617646249e+00 2.022863517670112077e-01
8.608916600000000585e+00 1.475091372794117284e+00 2.509285844756711792e-01
9.278424799999999806e+00 1.375366660441176947e+00 2.660955460474813128e-01
1.000000000000000000e+01 1.190598109313725672e+00 2.026671105628116420e-01
