5.000000000000000000e-01 7.704940954871792869e-01 5.658042667734563408e-02
5.388845799999999464e-01 6.730381267692308045e-01 5.610869094697254478e-02
5.807931699999999697e-01 6.408940596410257484e-01 5.766626612664498691e-02
6.259609699999999499e-01 6.475101775384612957e-01 5.640950078028244413e-02
6.746414200000000472e-01 6.531451935897434335e-01 5.511544323618259439e-02
7.271077200000000129e-01 6.666512227692306114e-01 5.174846337899881993e-02
7.836542699999999861e-01 6.839155617948718957e-01 5.718054754287685976e-02
8.445983999999999714e-01 7.033853820512823152e-01 6.605750766850353173e-02
9.102820999999999829e-01 7.345139197435898160e-01 7.258353457945003473e-02
9.810739699999999619e-01 7.696483204102557707e-01 8.654817304871434414e-02
1.057371300000000014e+00 7.974457162051278303e-01 9.350143989062394134e-02
1.139602100000000062e+00 8.473073203589750468e-01 1.090715222749414209e-01
1.228228000000000097e+00 8.948247424615389800e-01 1.304109024165607811e-01
1.323746300000000042e+00 9.463576120512817713e-01 1.383332938182681715e-01
1.426692899999999931e+00 9.682343447179487805e-01 1.458261484534912888e-01
1.537645600000000057e+00 1.037433312000000551e+00 1.607570305938564870e-01
1.657227000000000006e+00 1.103471625128205069e+00 1.789413020750847683e-01
1.786108199999999924e+00 1.095924235538461078e+00 1.838813264733758501e-01
1.925012299999999899e+00 1.016412775435896698e+00 2.564060400838218401e-01
2.074718799999999863e+00 1.038816522153846345e+00 2.867228942974303085e-01
2.236067999999999945e+00 1.085478097487179605e+00 3.589607302621298235e-01
2.409965099999999971e+00 1.309809749641025700e+00 4.722492558729064482e-01
2.597386000000000195e+00 1.816106092717948872e+00 3.934692764685684407e-01
2.799382599999999943e+00 1.841647730256410931e+00 2.203425776225041710e-01
3.017088199999999887e+00 1.762996716410257125e+00 1.484025988433979870e-01
3.251724600000000187e+00 1.948030085641024645e+00 1.541949784217245822e-01
3.504608399999999957e+00 2.127038462564102783e+00 1.376654372529567405e-01
3.777158899999999875e+00 2.145578920512819732e+00 1.177614677532031612e-01
4.070905299999999727e+00 2.306487111282052194e+00 1.519881682996881145e-01
4.387496200000000179e+00 2.145148813333332072e+00 1.411348258913081577e-01
4.728708000000000133e+00 1.784388535384614283e+00 1.118077419546461282e-01
5.096455699999999922e+00 1.521279352307691290e+00 8.825796537566761579e-02
5.492802700000000371e+00 1.263806692358974360e+00 8.290491848548761644e-02
5.919973299999999661e+00 1.184762535384615179e+00 8.006161413022735984e-02
6.380364700000000333e+00 1.226054009076923634e+00 8.404216290268633205e-02
6.876560200000000123e+00 1.246209279487179966e+00 8.781450374971032369e-02
7.411344500000000224e+00 1.240551486666666703e+00 9.882649047529055986e-02
7.987718499999999722e+00 1.162066484307692216e+00 1.170386594925308110e-01
8.608916600000000585e+00 9.985308131794874420e-01 8.510291710729642189e-02
9.278424799999999806e+00 1.108640293743588856e+00 5.135333916151296751e-02
1.000000000000000000e+01 1.126843226974359125e+00 5.662648519384945456e-02
