5.000000000000000000e-01 9.826128156744193820e-01 1.837611720798161263e-01
5.388845799999999464e-01 5.581965764186048728e-01 1.517255315651439840e-01
5.807931699999999697e-01 4.535464280465115738e-01 1.794946485033285799e-01
6.259609699999999499e-01 5.382376874418602908e-01 1.579447660990620506e-01
6.746414200000000472e-01 7.134429370232558965e-01 2.219202717608317610e-01
7.271077200000000129e-01 8.240026312558141885e-01 2.356488840027824994e-01
7.836542699999999861e-01 9.899025649767446700e-01 2.839035944829624292e-01
8.445983999999999714e-01 1.114749572511627651e+00 2.679870243423947418e-01
9.102820999999999829e-01 1.266095015674418178e+00 2.870493837708773532e-01
9.810739699999999619e-01 9.426505865116275862e-01 2.263336526440196672e-01
1.057371300000000014e+00 1.092188879860464867e+00 2.553312734788473204e-01
1.139602100000000062e+00 6.741009716279068309e-01 1.827344500000189775e-01
1.228228000000000097e+00 5.959185585116282269e-01 1.541378667822650983e-01
1.323746300000000042e+00 5.795331109302320760e-01 1.490234392781652761e-01
1.426692899999999931e+00 6.467381872093025397e-01 1.937432600907633418e-01
1.537645600000000057e+00 7.133467737674420439e-01 2.544477407883238285e-01
1.657227000000000006e+00 6.009988693488369504e-01 1.517253828280110128e-01
1.786108199999999924e+00 9.801099260930239421e-01 3.033565940509045378e-01
1.925012299999999899e+00 1.134070342279070109e+00 3.389174923795076899e-01
2.074718799999999863e+00 1.639492081255813138e+00 5.009522443204905695e-01
2.236067999999999945e+00 7.481717052093017628e-01 2.603690421986040171e-01
2.409965099999999971e+00 1.409402402372093910e+00 4.380526740932683682e-01
2.597386000000000195e+00 2.663990945116279985e+00 5.538370377874898276e-01
2.799382599999999943e+00 5.564460351627908530e+00 1.231202201001438068e+00
3.017088199999999887e+00 8.231120242790701980e+00 1.765070204574303636e+00
3.251724600000000187e+00 5.198037712093020346e+00 1.191109683109318418e+00
3.504608399999999957e+00 5.363585155348833844e+00 1.433151861078737488e+00
3.777158899999999875e+00 6.322681586046511093e+00 1.847183841432242790e+00
4.070905299999999727e+00 7.010420037674425231e+00 1.849176455396032370e+00
4.387496200000000179e+00 7.208235316279068883e+00 1.610961265236879658e+00
4.728708000000000133e+00 6.483701718139535330e+00 1.253466123780274000e+00
5.096455699999999922e+00 4.861925924186046188e+00 7.912874125558511107e-01
5.492802700000000371e+00 3.063420743720929540e+00 4.097625667422395979e-01
5.919973299999999661e+00 2.042214260465115672e+00 2.308400461529943049e-01
6.380364700000000333e+00 1.866158168837210640e+00 2.420357663351740685e-01
6.876560200000000123e+00 1.397167246697673892e+00 2.498089832387194453e-01
7.411344500000000224e+00 9.312535559999998158e-01 1.293778752637417817e-01
7.987718499999999722e+00 6.027904824651164617e-01 7.840883884944289950e-02
8.608916600000000585e+00 4.782951379069766973e-01 5.458016395397009141e-02
9.278424799999999806e+00 4.308963567906975434e-01 2.523706328076784355e-02
1.000000000000000000e+01 4.533766875813957653e-01 2.120725586679871391e-02
