5.000000000000000000e-01 8.439417348401820895e-01 5.334808262361522002e-02
5.388845799999999464e-01 7.184265802739723261e-01 5.774827487595358272e-02
5.807931699999999697e-01 6.870741972602736336e-01 6.847495879109093131e-02
6.259609699999999499e-01 6.808822657990867278e-01 7.677687496740288886e-02
6.746414200000000472e-01 6.861269234246578641e-01 6.475711575953017884e-02
7.271077200000000129e-01 6.950085836529681371e-01 5.978805619864724363e-02
7.836542699999999861e-01 7.010808973972602054e-01 6.430569383658411853e-02
8.445983999999999714e-01 7.029581494977170664e-01 6.842084447902982425e-02
9.102820999999999829e-01 7.184650559817349347e-01 9.555926870610165214e-02
9.810739699999999619e-01 7.432510200913247100e-01 1.320294063394299722e-01
1.057371300000000014e+00 7.909652311872138464e-01 1.741689805033980742e-01
1.139602100000000062e+00 8.207026957077625529e-01 1.949775918040621003e-01
1.228228000000000097e+00 7.897723278082182663e-01 1.573214823137441543e-01
1.323746300000000042e+00 7.729638935159818258e-01 1.642185818186168711e-01
1.426692899999999931e+00 7.870255361187215026e-01 1.880685931450544190e-01
1.537645600000000057e+00 8.226892471689499775e-01 1.694069001105354133e-01
1.657227000000000006e+00 8.099334182648405545e-01 1.637800757828971054e-01
1.786108199999999924e+00 7.684196579452053921e-01 1.548705764555356190e-01
1.925012299999999899e+00 7.722602213242012459e-01 1.799807770725876388e-01
2.074718799999999863e+00 8.443018019178082367e-01 2.480896894186078727e-01
2.236067999999999945e+00 9.303480222374429509e-01 3.000932836004767679e-01
2.409965099999999971e+00 1.280552370410958485e+00 3.996357507752886229e-01
2.597386000000000195e+00 1.342803000273971925e+00 2.870444297031646830e-01
2.799382599999999943e+00 1.495217599726027302e+00 2.965129738093988943e-01
3.017088199999999887e+00 1.789301247031963804e+00 3.720825891102096383e-01
3.251724600000000187e+00 2.014263294977169494e+00 3.382543663053852456e-01
3.504608399999999957e+00 2.681953974885843639e+00 4.105445047453695762e-01
3.777158899999999875e+00 3.465320138812788109e+00 5.868927228574694066e-01
4.070905299999999727e+00 3.003332292694064876e+00 5.246097932141875475e-01
4.387496200000000179e+00 3.400349123287669695e+00 8.569439734868715686e-01
4.728708000000000133e+00 1.932690125114154389e+00 3.081564447715230970e-01
5.096455699999999922e+00 2.147236081735159896e+00 3.607948140321010633e-01
5.492802700000000371e+00 1.937392493150685846e+00 2.896782422176646943e-01
5.919973299999999661e+00 1.857465583105022189e+00 2.529124759646188547e-01
6.380364700000000333e+00 2.161727568493151619e+00 2.683418606784820359e-01
6.876560200000000123e+00 2.036602935159816496e+00 4.087284776942937126e-01
7.411344500000000224e+00 2.097916675799087027e+00 5.392389946353153274e-01
7.987718499999999722e+00 2.201818790410959181e+00 5.259678902559300484e-01
8.608916600000000585e+00 2.212555760273971828e+00 3.608253493429058878e-01
9.278424799999999806e+00 2.164630756621006569e+00 2.771030290962004372e-01
1.000000000000000000e+01 1.790526000456621469e+00 2.279186106866498418e-01
