5.000000000000000000e-01 1.037811815045044828e+00 2.463169753501268655e-01
5.388845799999999464e-01 8.762310604054049934e-01 2.036345668261655417e-01
5.807931699999999697e-01 8.212266003153160243e-01 1.961594800722500642e-01
6.259609699999999499e-01 7.988264787387386878e-01 1.818313810102200057e-01
6.746414200000000472e-01 7.953774044594594805e-01 1.502376923366718353e-01
7.271077200000000129e-01 8.029521042792789887e-01 1.333654108814152361e-01
7.836542699999999861e-01 8.309266000900900062e-01 1.363673919705922222e-01
8.445983999999999714e-01 9.123135760810812123e-01 1.523301424396032722e-01
9.102820999999999829e-01 9.135484280630628007e-01 1.656992572700374533e-01
9.810739699999999619e-01 8.970054373873879161e-01 1.801388778660083789e-01
1.057371300000000014e+00 8.188928731081077661e-01 1.593957348381931649e-01
1.139602100000000062e+00 7.645630512612610064e-01 1.224744131212114617e-01
1.228228000000000097e+00 7.739365214864863951e-01 1.310942215836717883e-01
1.323746300000000042e+00 7.808934970270273723e-01 1.514303276630845629e-01
1.426692899999999931e+00 8.868033664864863885e-01 1.724068103091048743e-01
1.537645600000000057e+00 1.000452341981982185e+00 2.265195392614839376e-01
1.657227000000000006e+00 1.046383228378378494e+00 2.669653469938291779e-01
1.786108199999999924e+00 1.032558519954954290e+00 2.365775127793452726e-01
1.925012299999999899e+00 1.015731805270269961e+00 2.407455655937844885e-01
2.074718799999999863e+00 1.036101811306306963e+00 2.757669869431272902e-01
2.236067999999999945e+00 9.260591662162157567e-01 2.480667813881041184e-01
2.409965099999999971e+00 1.051660158963963809e+00 2.263103287960700205e-01
2.597386000000000195e+00 1.418871271171171289e+00 4.010293605925878135e-01
2.799382599999999943e+00 1.841903533063062426e+00 5.436545334159577081e-01
3.017088199999999887e+00 1.687923196216217336e+00 3.155112423471609917e-01
3.251724600000000187e+00 1.922855705180180896e+00 3.543319225204240031e-01
3.504608399999999957e+00 2.011810005855855898e+00 3.291626396683819400e-01
3.777158899999999875e+00 2.311916444144143767e+00 3.696389452208411197e-01
4.070905299999999727e+00 2.604353352702704072e+00 3.932526368306104025e-01
4.387496200000000179e+00 3.429888940990992729e+00 5.331115037797328204e-01
4.728708000000000133e+00 3.640089693243246050e+00 4.247167396786399873e-01
5.096455699999999922e+00 3.242239599549550544e+00 2.927383924967011386e-01
5.492802700000000371e+00 2.975052699099097087e+00 2.224503500519751098e-01
5.919973299999999661e+00 2.529203198198199942e+00 1.629884477876167859e-01
6.380364700000000333e+00 2.738304077477477616e+00 1.397337892355437483e-01
6.876560200000000123e+00 2.305847275675674268e+00 1.234147416182886509e-01
7.411344500000000224e+00 2.012598692342342677e+00 7.776053380221364941e-02
7.987718499999999722e+00 1.741191652252252364e+00 9.987579311749930633e-02
8.608916600000000585e+00 1.591922084234234314e+00 1.204164469762649958e-01
9.278424799999999806e+00 1.422418940540540300e+00 6.724169552492374746e-02
1.000000000000000000e+01 1.158160983783782960e+00 5.499719746363828515e-02
