5.000000000000000000e-01 7.576553210880827560e-01 3.959851959980511399e-02
5.388845799999999464e-01 6.620603615025908439e-01 4.814315451788221678e-02
5.807931699999999697e-01 6.374805193264249104e-01 5.153595473606462779e-02
6.259609699999999499e-01 6.296488374611397543e-01 4.910953553773268754e-02
6.746414200000000472e-01 6.234740267875650277e-01 4.293656125217663183e-02
7.271077200000000129e-01 6.235551952849741619e-01 3.932509459013068531e-02
7.836542699999999861e-01 6.229438236787563365e-01 4.149988958349724172e-02
8.445983999999999714e-01 6.175099178238343534e-01 3.930457317694584229e-02
9.102820999999999829e-01 6.366768814507772767e-01 5.819739747221493870e-02
9.810739699999999619e-01 6.604720768911911399e-01 8.980197259009746469e-02
1.057371300000000014e+00 6.806433367357507258e-01 1.008759566327238760e-01
1.139602100000000062e+00 6.932111851813472780e-01 1.046742716733670558e-01
1.228228000000000097e+00 7.107087771502590412e-01 1.381169902822206030e-01
1.323746300000000042e+00 7.188527639896373778e-01 1.425605601617156992e-01
1.426692899999999931e+00 7.047338219689124328e-01 1.167920058256009114e-01
1.537645600000000057e+00 6.945757307253886959e-01 9.829149911773588100e-02
1.657227000000000006e+00 6.621410022797930006e-01 6.580151414198870397e-02
1.786108199999999924e+00 6.617138165803105876e-01 6.812066360447815994e-02
1.925012299999999899e+00 6.579360145077718380e-01 7.198955714869088862e-02
2.074718799999999863e+00 7.026754651295334941e-01 8.870096290509084380e-02
2.236067999999999945e+00 7.780210968393781457e-01 1.410818874135746637e-01
2.409965099999999971e+00 6.583929388601036381e-01 8.079620394588531151e-02
2.597386000000000195e+00 6.633035732642487137e-01 8.547447123827241200e-02
2.799382599999999943e+00 7.800473405699483997e-01 1.741721368830603522e-01
3.017088199999999887e+00 8.299020658549226548e-01 1.217885731448297149e-01
3.251724600000000187e+00 1.060367038031087672e+00 1.758005335736088359e-01
3.504608399999999957e+00 1.189171345544041580e+00 1.407743062203322404e-01
3.777158899999999875e+00 1.144125590932642211e+00 1.006691502290306128e-01
4.070905299999999727e+00 1.066491414766839396e+00 9.399345886394239180e-02
4.387496200000000179e+00 9.783901888601033159e-01 1.240153233836114866e-01
4.728708000000000133e+00 9.534971848186525323e-01 1.174361420592964916e-01
5.096455699999999922e+00 8.496710345595852587e-01 1.349258032877167501e-01
5.492802700000000371e+00 8.231389181347154027e-01 1.440611176507914093e-01
5.919973299999999661e+00 7.595292546113991961e-01 1.348628415259979507e-01
6.380364700000000333e+00 7.002130644041448804e-01 1.161944101176020372e-01
6.876560200000000123e+00 6.235707398963733494e-01 1.011759976126737903e-01
7.411344500000000224e+00 5.655759569948184406e-01 7.547551099989704970e-02
7.987718499999999722e+00 5.844210865803105559e-01 5.347520206881836019e-02
8.608916600000000585e+00 6.407750401036269583e-01 7.377128105875599418e-02
9.278424799999999806e+00 7.252258968911922121e-01 8.103272659154357738e-02
1.000000000000000000e+01 8.137631261658024862e-01 6.289351238592626181e-02
