5.000000000000000000e-01 6.725844622815532192e-01 4.867753466636282750e-02
5.388845799999999464e-01 5.837926602427184752e-01 4.918728978088257597e-02
5.807931699999999697e-01 5.593507361650484899e-01 4.773912833819619894e-02
6.259609699999999499e-01 5.590277448058250664e-01 4.638157522915568182e-02
6.746414200000000472e-01 5.635464876213592822e-01 4.199108962004748091e-02
7.271077200000000129e-01 5.733066495631067294e-01 4.260551146846610487e-02
7.836542699999999861e-01 5.732977778155338155e-01 4.247298133486869520e-02
8.445983999999999714e-01 5.789956686407765618e-01 4.321723772235518818e-02
9.102820999999999829e-01 5.988042227184469102e-01 5.311739205936936992e-02
9.810739699999999619e-01 6.150505129611649746e-01 6.446022673745074871e-02
1.057371300000000014e+00 5.955905114563109226e-01 6.041313561553460221e-02
1.139602100000000062e+00 5.808815290776696560e-01 4.652214858062478364e-02
1.228228000000000097e+00 5.918533755339808744e-01 5.150792314322164001e-02
1.323746300000000042e+00 6.202857591747571453e-01 7.395398652123395811e-02
1.426692899999999931e+00 6.125335163106796488e-01 7.821178074658172164e-02
1.537645600000000057e+00 6.273184918446599312e-01 9.624955542330021485e-02
1.657227000000000006e+00 6.307241453883495330e-01 9.944025155978550301e-02
1.786108199999999924e+00 6.710915524271846566e-01 1.436118875529456274e-01
1.925012299999999899e+00 6.328013078640778444e-01 8.095502453548503174e-02
2.074718799999999863e+00 6.386846173300970708e-01 5.202252865934355042e-02
2.236067999999999945e+00 6.982396013106794141e-01 5.824403546725617081e-02
2.409965099999999971e+00 7.164518110679615193e-01 5.812032443875596310e-02
2.597386000000000195e+00 7.985128071844658226e-01 1.140011207110667724e-01
2.799382599999999943e+00 1.005812193737864124e+00 2.966883313340000772e-01
3.017088199999999887e+00 1.142750085485436662e+00 3.851146606470024492e-01
3.251724600000000187e+00 1.067684712815534898e+00 2.370643561978314218e-01
3.504608399999999957e+00 9.938645142718445236e-01 1.053275060757771497e-01
3.777158899999999875e+00 1.046902758300971348e+00 1.430388512876852314e-01
4.070905299999999727e+00 1.103993147621358917e+00 1.076360394709482138e-01
4.387496200000000179e+00 1.265870591844660664e+00 1.537789366736105612e-01
4.728708000000000133e+00 1.264809038640776873e+00 1.419743305246191356e-01
5.096455699999999922e+00 1.271982511990291442e+00 1.277992426948825200e-01
5.492802700000000371e+00 1.570125427184465128e+00 1.985434310959639514e-01
5.919973299999999661e+00 1.816499879126214356e+00 1.629374446613133243e-01
6.380364700000000333e+00 2.193593551941747766e+00 2.491728104111832209e-01
6.876560200000000123e+00 2.444148043689319039e+00 4.733073363822962176e-01
7.411344500000000224e+00 2.253728440291260959e+00 4.109680518011982198e-01
7.987718499999999722e+00 2.026765905339805940e+00 2.842026542130532962e-01
8.608916600000000585e+00 1.817852586893203615e+00 2.022293531497953156e-01
9.278424799999999806e+00 1.479828671844660715e+00 1.714898561421508705e-01
1.000000000000000000e+01 1.331903274368931855e+00 1.711730261534269992e-01
