5.000000000000000000e-01 7.804533134782610793e-01 5.033358230269146388e-02
5.388845799999999464e-01 6.742766016425123521e-01 5.643256118905077418e-02
5.807931699999999697e-01 6.208518114975841717e-01 5.999655826327605912e-02
6.259609699999999499e-01 6.051512360869564233e-01 5.988977311434342393e-02
6.746414200000000472e-01 5.776022322222222893e-01 6.703859053412125624e-02
7.271077200000000129e-01 5.672052425120772678e-01 7.334785099533611130e-02
7.836542699999999861e-01 5.626258108212561782e-01 8.511734835356277173e-02
8.445983999999999714e-01 5.578472124154592038e-01 8.915981513568929651e-02
9.102820999999999829e-01 5.597033736231887824e-01 1.300111468315950369e-01
9.810739699999999619e-01 6.274186548309178546e-01 1.699546482509687040e-01
1.057371300000000014e+00 6.400716032850243264e-01 2.541826424262400019e-01
1.139602100000000062e+00 7.192670794685986912e-01 1.887130246683101364e-01
1.228228000000000097e+00 7.332108944444445386e-01 1.731275920353623765e-01
1.323746300000000042e+00 6.898544654106281149e-01 1.666620327724356587e-01
1.426692899999999931e+00 7.326763541062797369e-01 1.160029230039397868e-01
1.537645600000000057e+00 7.125119314009669136e-01 1.124522108452242070e-01
1.657227000000000006e+00 6.963719495652169744e-01 7.916545958856881227e-02
1.786108199999999924e+00 7.071744180676325930e-01 5.692769311751429140e-02
1.925012299999999899e+00 6.461184751690820516e-01 6.298569218576823003e-02
2.074718799999999863e+00 6.375499451207727875e-01 1.504022162194647017e-01
2.236067999999999945e+00 6.285590259420287262e-01 1.507828037785321762e-01
2.409965099999999971e+00 6.758350871014486838e-01 1.738289229529339230e-01
2.597386000000000195e+00 7.682863976328503375e-01 1.563172738223058689e-01
2.799382599999999943e+00 8.516736180676334200e-01 1.296039411429683041e-01
3.017088199999999887e+00 1.018346804009662376e+00 1.724981709974546806e-01
3.251724600000000187e+00 1.165051790579710644e+00 1.553407791363696777e-01
3.504608399999999957e+00 1.360515235024154501e+00 2.284560463031252431e-01
3.777158899999999875e+00 1.263814902270531393e+00 1.680038053318922697e-01
4.070905299999999727e+00 1.249483901545893616e+00 1.526645686360180720e-01
4.387496200000000179e+00 1.080811344734299517e+00 1.228558661879553954e-01
4.728708000000000133e+00 9.961241875362322196e-01 1.191072189070856019e-01
5.096455699999999922e+00 7.761916914009658885e-01 7.263945186739585724e-02
5.492802700000000371e+00 7.170776627536231684e-01 4.806197173298530634e-02
5.919973299999999661e+00 7.195042232850239472e-01 4.729272699233810773e-02
6.380364700000000333e+00 6.945804691304339196e-01 2.677742061378400942e-02
6.876560200000000123e+00 6.717981903381640141e-01 2.773601911420486843e-02
7.411344500000000224e+00 7.383619133333331197e-01 3.065688755675842481e-02
7.987718499999999722e+00 8.549383186956520664e-01 3.957934641385874724e-02
8.608916600000000585e+00 1.069646499371981418e+00 5.768505351226393962e-02
9.278424799999999806e+00 1.284407161835748212e+00 6.937092171818375064e-02
1.000000000000000000e+01 1.557056291787439539e+00 9.823045641967545483e-02
