5.000000000000000000e-01 7.578783060804016314e-01 1.126922514670638809e-01
5.388845799999999464e-01 6.536695612562817281e-01 9.778962394481909015e-02
5.807931699999999697e-01 6.507088408040196947e-01 1.171977976485643613e-01
6.259609699999999499e-01 6.663596624623117082e-01 1.365513213313812868e-01
6.746414200000000472e-01 6.943511964321612551e-01 1.595473324490110922e-01
7.271077200000000129e-01 7.208219184924627987e-01 1.808211256896594676e-01
7.836542699999999861e-01 7.290762242713565433e-01 1.894454472278879198e-01
8.445983999999999714e-01 7.396018080904521730e-01 2.035350836006606934e-01
9.102820999999999829e-01 7.622389332663320749e-01 2.000332703501229714e-01
9.810739699999999619e-01 7.829161031658289360e-01 1.925590339549706764e-01
1.057371300000000014e+00 7.988430305025120415e-01 1.972388288050719585e-01
1.139602100000000062e+00 7.902763126633166602e-01 2.063255355553435533e-01
1.228228000000000097e+00 8.415669495979903880e-01 1.869166227959179749e-01
1.323746300000000042e+00 8.565234966331658484e-01 1.836332287386776008e-01
1.426692899999999931e+00 8.742746887939694123e-01 1.771714040514053567e-01
1.537645600000000057e+00 8.793699129145730042e-01 1.483192760036287083e-01
1.657227000000000006e+00 9.583967722110544596e-01 1.735783434232117395e-01
1.786108199999999924e+00 1.046480880000000502e+00 2.018066749848674846e-01
1.925012299999999899e+00 1.111064434070351714e+00 1.924826980007316446e-01
2.074718799999999863e+00 1.406220476783919038e+00 4.795683438319343628e-01
2.236067999999999945e+00 1.595171558090453079e+00 5.257569783986728584e-01
2.409965099999999971e+00 1.608070194924623886e+00 6.187546352814943251e-01
2.597386000000000195e+00 1.753910926130653580e+00 4.563287142602384105e-01
2.799382599999999943e+00 1.826611250251256813e+00 5.323674272640920302e-01
3.017088199999999887e+00 1.625027887989949793e+00 5.093543340512842743e-01
3.251724600000000187e+00 1.981873344221104505e+00 2.595006552490354279e-01
3.504608399999999957e+00 1.719928580904523274e+00 1.649369676623624881e-01
3.777158899999999875e+00 1.857521361809046034e+00 2.015850780107779072e-01
4.070905299999999727e+00 2.041560672864321191e+00 2.135501857250293178e-01
4.387496200000000179e+00 2.136937653266331782e+00 2.394203730106789496e-01
4.728708000000000133e+00 2.045458295979898367e+00 2.404474922659755598e-01
5.096455699999999922e+00 1.689061374874371468e+00 1.795635248665658490e-01
5.492802700000000371e+00 1.439485939045226592e+00 1.669944242586608729e-01
5.919973299999999661e+00 1.344715684020100666e+00 1.875733190280340357e-01
6.380364700000000333e+00 1.472806703567838937e+00 1.782347908042432316e-01
6.876560200000000123e+00 1.535807173567839357e+00 1.683391661550911467e-01
7.411344500000000224e+00 1.252981699296481954e+00 1.301865226214932725e-01
7.987718499999999722e+00 1.103619054221104845e+00 1.259396422340282595e-01
8.608916600000000585e+00 1.256349299396984476e+00 2.118825240856644643e-01
9.278424799999999806e+00 1.442532201557789273e+00 3.935255858954794239e-01
1.000000000000000000e+01 1.363939700100503361e+00 3.706671882451664790e-01
