5.000000000000000000e-01 7.033215441314554228e-01 1.274630239099970030e-01
5.388845799999999464e-01 6.010221828638496744e-01 1.024233986134981539e-01
5.807931699999999697e-01 5.751554888262909726e-01 1.045781730252090952e-01
6.259609699999999499e-01 5.987803846009391862e-01 1.145814265267059012e-01
6.746414200000000472e-01 6.194275185446006526e-01 1.229538520548835168e-01
7.271077200000000129e-01 6.372463751173712554e-01 1.318656035627628620e-01
7.836542699999999861e-01 6.531515072769954466e-01 1.326740973593537598e-01
8.445983999999999714e-01 6.719233453521125110e-01 1.423145603181842633e-01
9.102820999999999829e-01 6.870488430985913775e-01 1.350897552287851078e-01
9.810739699999999619e-01 7.017289199530519772e-01 1.422415975063353044e-01
1.057371300000000014e+00 6.983763875586850300e-01 1.552736035231802592e-01
1.139602100000000062e+00 7.125999600938970335e-01 1.580928220690860919e-01
1.228228000000000097e+00 6.891005492488264661e-01 1.691534727971182595e-01
1.323746300000000042e+00 6.852596798591553684e-01 1.738107590961975590e-01
1.426692899999999931e+00 7.018249990610330169e-01 1.817252533484720878e-01
1.537645600000000057e+00 7.460360753990608051e-01 1.677736891085118420e-01
1.657227000000000006e+00 7.734275308920185443e-01 1.718675029016527023e-01
1.786108199999999924e+00 7.559130826291085015e-01 2.069999860745545539e-01
1.925012299999999899e+00 7.398711696713616837e-01 1.796395641557652356e-01
2.074718799999999863e+00 7.395206268075112943e-01 1.726581921940344155e-01
2.236067999999999945e+00 7.411331352582157805e-01 1.768318967530267960e-01
2.409965099999999971e+00 7.412544330985914032e-01 1.499108528770233262e-01
2.597386000000000195e+00 7.493117886854456788e-01 1.559367493699697349e-01
2.799382599999999943e+00 8.301845816431925318e-01 1.520251957771910079e-01
3.017088199999999887e+00 8.272577991549298071e-01 1.742807584399344023e-01
3.251724600000000187e+00 8.410846169483570112e-01 1.973962817159355121e-01
3.504608399999999957e+00 7.652261535680748850e-01 1.889748665613872891e-01
3.777158899999999875e+00 7.874590666666657635e-01 1.607608054039091350e-01
4.070905299999999727e+00 8.457051393427235109e-01 1.437981542240294175e-01
4.387496200000000179e+00 8.625447760093898353e-01 1.747984193466232128e-01
4.728708000000000133e+00 8.725666603286384992e-01 1.740894248597721627e-01
5.096455699999999922e+00 8.581116094835685715e-01 1.928904321599519966e-01
5.492802700000000371e+00 8.591162236150237108e-01 1.660227207579892394e-01
5.919973299999999661e+00 8.222895895774641195e-01 1.613385605028475334e-01
6.380364700000000333e+00 1.096810929201877505e+00 2.431261243847196996e-01
6.876560200000000123e+00 1.154232415117370181e+00 2.578972960919161950e-01
7.411344500000000224e+00 1.198758143004694743e+00 2.608352405872241819e-01
7.987718499999999722e+00 1.202371886197183271e+00 2.061238474310742308e-01
8.608916600000000585e+00 1.216628922910797828e+00 1.713150572737394961e-01
9.278424799999999806e+00 1.278686481737088654e+00 1.618647715599369208e-01
1.000000000000000000e+01 1.306188044037557949e+00 1.731248425917969458e-01
