5.000000000000000000e-01 7.743792356281404832e-01 5.051055475388562671e-02
5.388845799999999464e-01 6.703582650753768801e-01 5.862163233818400154e-02
5.807931699999999697e-01 6.339249887939700789e-01 5.595042023867115299e-02
6.259609699999999499e-01 6.348250507035178014e-01 5.772144728390970342e-02
6.746414200000000472e-01 6.381389513065329755e-01 5.722632339945760149e-02
7.271077200000000129e-01 6.452526407035176215e-01 5.962424060393862330e-02
7.836542699999999861e-01 6.449976700502508820e-01 6.300132061206174805e-02
8.445983999999999714e-01 6.272731861306531931e-01 7.329276499517661803e-02
9.102820999999999829e-01 6.244813694472363119e-01 7.754921952547003117e-02
9.810739699999999619e-01 6.357605802512561466e-01 9.293053545644974767e-02
1.057371300000000014e+00 6.476577052261304202e-01 9.953504698567787468e-02
1.139602100000000062e+00 7.011683430653266047e-01 1.420313658497562859e-01
1.228228000000000097e+00 7.359351045226130150e-01 1.586905092357487890e-01
1.323746300000000042e+00 7.445489716582913697e-01 1.527858506837462826e-01
1.426692899999999931e+00 7.923682225125628920e-01 1.726999049072744929e-01
1.537645600000000057e+00 9.059333490954779577e-01 2.434951281314416960e-01
1.657227000000000006e+00 9.654315633668347774e-01 3.389019788350188800e-01
1.786108199999999924e+00 9.775735542713565041e-01 3.309021174920685482e-01
1.925012299999999899e+00 9.767664750753770608e-01 2.876713980604354570e-01
2.074718799999999863e+00 1.148579662713568039e+00 3.202881371653039655e-01
2.236067999999999945e+00 1.258164927788943732e+00 3.380257524081562992e-01
2.409965099999999971e+00 1.516649884623114675e+00 3.985604594353053809e-01
2.597386000000000195e+00 1.754420278241206610e+00 4.334579514462886252e-01
2.799382599999999943e+00 2.592277326130652870e+00 5.656938839204517233e-01
3.017088199999999887e+00 2.975072008040199556e+00 5.980462125068585211e-01
3.251724600000000187e+00 3.774304198492463236e+00 4.185769920193587734e-01
3.504608399999999957e+00 4.205235600502510884e+00 4.673036447949794892e-01
3.777158899999999875e+00 4.753858512562815442e+00 6.369563757758452960e-01
4.070905299999999727e+00 4.076659339195980003e+00 6.109813142738403924e-01
4.387496200000000179e+00 3.751483975376884494e+00 5.038469384678321283e-01
4.728708000000000133e+00 2.554240031658291610e+00 3.370316460182084528e-01
5.096455699999999922e+00 2.060669588442211264e+00 2.245673956065131205e-01
5.492802700000000371e+00 1.636447387939697906e+00 2.079194901320852162e-01
5.919973299999999661e+00 1.255315677487436776e+00 1.119716684973921378e-01
6.380364700000000333e+00 9.150024206532668680e-01 1.124071638041060084e-01
6.876560200000000123e+00 5.671075059296482035e-01 1.165766711723877497e-01
7.411344500000000224e+00 4.281056886934673233e-01 7.860581078856797299e-02
7.987718499999999722e+00 4.583826890954772471e-01 5.338939113054694957e-02
8.608916600000000585e+00 6.112929361809051887e-01 1.113090524253388669e-01
9.278424799999999806e+00 7.036622578894474733e-01 1.331135959385516820e-01
1.000000000000000000e+01 7.408785725628140861e-01 1.400200121128647723e-01
