5.000000000000000000e-01 9.133376071359229353e-01 1.061510066224860827e-01
5.388845799999999464e-01 8.117386394660192073e-01 1.285929910684110722e-01
5.807931699999999697e-01 7.937666683980584281e-01 1.525471244193823128e-01
6.259609699999999499e-01 7.946446778155338286e-01 1.698478578473597567e-01
6.746414200000000472e-01 8.023921589320388570e-01 1.733698833160459418e-01
7.271077200000000129e-01 8.232016640776698146e-01 1.837306266181474579e-01
7.836542699999999861e-01 8.460439217475730356e-01 1.940025379785767223e-01
8.445983999999999714e-01 8.528297939805826733e-01 1.889215038961296889e-01
9.102820999999999829e-01 8.856653402427191457e-01 1.777775871625003334e-01
9.810739699999999619e-01 8.822872400970875884e-01 1.796221024129513455e-01
1.057371300000000014e+00 9.475510299999997388e-01 2.047694908904097721e-01
1.139602100000000062e+00 9.838304584466021074e-01 2.245157660248394693e-01
1.228228000000000097e+00 9.861869385436892177e-01 2.153250027339687900e-01
1.323746300000000042e+00 1.024727090679611985e+00 2.479370536650197243e-01
1.426692899999999931e+00 1.054903228495145173e+00 2.183597983476060489e-01
1.537645600000000057e+00 1.114888457038834435e+00 2.247752091156024201e-01
1.657227000000000006e+00 1.241721216601942235e+00 3.057089475942344481e-01
1.786108199999999924e+00 1.395312271407766591e+00 3.685203828934808801e-01
1.925012299999999899e+00 1.826649239320387696e+00 5.950305513109596101e-01
2.074718799999999863e+00 2.190439179902910372e+00 6.580939334385699224e-01
2.236067999999999945e+00 2.286000200000001037e+00 4.006659819990870397e-01
2.409965099999999971e+00 2.782688396601941783e+00 2.685664329633689063e-01
2.597386000000000195e+00 2.935807594660193587e+00 3.688770020839241548e-01
2.799382599999999943e+00 3.528352754368933475e+00 4.342700417845243299e-01
3.017088199999999887e+00 4.097515013106796999e+00 7.190277606675860023e-01
3.251724600000000187e+00 3.262848340291264471e+00 3.857542631950796053e-01
3.504608399999999957e+00 2.783698266019418277e+00 2.431215995581585132e-01
3.777158899999999875e+00 2.563858687378639978e+00 1.750037166734506600e-01
4.070905299999999727e+00 2.927664146601942186e+00 2.601386744513715654e-01
4.387496200000000179e+00 3.128769997572816486e+00 2.057073040198221514e-01
4.728708000000000133e+00 2.600081906310679258e+00 1.525683677164718088e-01
5.096455699999999922e+00 2.028938475728154778e+00 1.400801308366680931e-01
5.492802700000000371e+00 1.761755698543689741e+00 1.549297491172970387e-01
5.919973299999999661e+00 1.591216885436891992e+00 1.304672272107063880e-01
6.380364700000000333e+00 1.368141477669903017e+00 6.039883680777729386e-02
6.876560200000000123e+00 1.186493000000000464e+00 4.966003294659686318e-02
7.411344500000000224e+00 1.140119548058252885e+00 5.253359056426430002e-02
7.987718499999999722e+00 9.847367234951455162e-01 4.987164695535471759e-02
8.608916600000000585e+00 7.953095263106803037e-01 4.315271761673612760e-02
9.278424799999999806e+00 7.405811347087376539e-01 4.135022644801977787e-02
1.000000000000000000e+01 6.731531036407767399e-01 3.709663426023341454e-02
