5.000000000000000000e-01 7.897450672774868341e-01 6.023727161338846003e-02
5.388845799999999464e-01 6.840411556544498950e-01 7.445358333643277426e-02
5.807931699999999697e-01 6.377717870680627010e-01 6.503397564720476975e-02
6.259609699999999499e-01 6.305018848167537326e-01 5.761857727161279891e-02
6.746414200000000472e-01 6.327190785863873179e-01 5.209327722937760058e-02
7.271077200000000129e-01 6.481912784816752371e-01 4.846851160998653929e-02
7.836542699999999861e-01 6.583161808900528378e-01 4.716485442761695485e-02
8.445983999999999714e-01 6.680189678534033115e-01 5.327447341497865835e-02
9.102820999999999829e-01 6.941476569109947814e-01 6.659541623295273105e-02
9.810739699999999619e-01 7.234659667015709283e-01 8.548909841195426185e-02
1.057371300000000014e+00 7.912660617277478270e-01 1.299640868895700629e-01
1.139602100000000062e+00 9.027890314136121086e-01 2.307237030512829801e-01
1.228228000000000097e+00 9.252646740837686679e-01 2.160622771506962025e-01
1.323746300000000042e+00 9.332751095811518960e-01 2.023264917937541985e-01
1.426692899999999931e+00 9.649081622513089318e-01 1.709794569908514028e-01
1.537645600000000057e+00 9.819423114136125452e-01 1.554297169092311581e-01
1.657227000000000006e+00 1.008554642460733231e+00 1.643231484964102485e-01
1.786108199999999924e+00 1.133547069790575401e+00 2.069842255552246935e-01
1.925012299999999899e+00 1.263963485497382022e+00 2.748181389659447027e-01
2.074718799999999863e+00 1.455406676858638226e+00 3.568860227319511358e-01
2.236067999999999945e+00 1.693459708481675152e+00 3.974225585967262608e-01
2.409965099999999971e+00 2.011477522617800329e+00 3.893160338164327050e-01
2.597386000000000195e+00 2.575283590732983185e+00 5.870116892758465710e-01
2.799382599999999943e+00 3.824157145026175098e+00 7.541444768209880634e-01
3.017088199999999887e+00 4.550307655497384474e+00 7.668516021932517690e-01
3.251724600000000187e+00 3.744190988481675753e+00 3.891411679581426863e-01
3.504608399999999957e+00 3.083602453926703291e+00 2.131945107953240326e-01
3.777158899999999875e+00 2.599265800000000848e+00 1.757931323165277115e-01
4.070905299999999727e+00 2.327474871204188389e+00 1.461548097012863034e-01
4.387496200000000179e+00 2.135688409947643862e+00 1.356983833435654319e-01
4.728708000000000133e+00 1.842446507329842609e+00 1.183913757856615567e-01
5.096455699999999922e+00 1.735298170157068665e+00 1.044609243848937663e-01
5.492802700000000371e+00 1.599285430890052151e+00 1.150878524416133059e-01
5.919973299999999661e+00 1.331206619895287879e+00 1.118070535033631324e-01
6.380364700000000333e+00 1.163058389790576630e+00 8.217524013757335211e-02
6.876560200000000123e+00 1.048496719109947906e+00 8.768780961554316355e-02
7.411344500000000224e+00 1.071763055497382489e+00 6.407794651893929105e-02
7.987718499999999722e+00 1.160364555811518983e+00 8.894559986687219921e-02
8.608916600000000585e+00 1.221259672774869243e+00 5.904627611492257316e-02
9.278424799999999806e+00 1.244014421465968301e+00 6.094235390189126772e-02
1.000000000000000000e+01 1.211351785863874708e+00 6.322599845494553117e-02
