5.000000000000000000e-01 7.057816265178572523e-01 1.223445294203460432e-01
5.388845799999999464e-01 6.081634878571423597e-01 1.055316681033454801e-01
5.807931699999999697e-01 5.772979130357144273e-01 1.462964191173762307e-01
6.259609699999999499e-01 5.728627108482144958e-01 1.489252358108089369e-01
6.746414200000000472e-01 5.946623301339283296e-01 1.636230995895298357e-01
7.271077200000000129e-01 6.154870789732146408e-01 1.535461784434365151e-01
7.836542699999999861e-01 6.414203268749999465e-01 1.767736158221473730e-01
8.445983999999999714e-01 6.636133163392851086e-01 1.661352938820300773e-01
9.102820999999999829e-01 6.828097956696428383e-01 2.050894575546670373e-01
9.810739699999999619e-01 7.336652019196424623e-01 1.922468296311554137e-01
1.057371300000000014e+00 8.005818201785711574e-01 2.304473638948942860e-01
1.139602100000000062e+00 7.886324132142856769e-01 2.082527650066391400e-01
1.228228000000000097e+00 7.615630267857145252e-01 1.397280623742407912e-01
1.323746300000000042e+00 6.966183271428573187e-01 1.257552449114242021e-01
1.426692899999999931e+00 6.785941405357140965e-01 1.591107379633620311e-01
1.537645600000000057e+00 6.670411562053574217e-01 1.616517607514708632e-01
1.657227000000000006e+00 6.970454837946433724e-01 1.705580663154823151e-01
1.786108199999999924e+00 7.753732750000004170e-01 2.071507691381057337e-01
1.925012299999999899e+00 7.412293597321427674e-01 1.612885629586089387e-01
2.074718799999999863e+00 6.706135460267858006e-01 1.583183474759769782e-01
2.236067999999999945e+00 6.619919412499994937e-01 1.590987089452154946e-01
2.409965099999999971e+00 6.245578759375002287e-01 1.443393752565315935e-01
2.597386000000000195e+00 5.867279366964287535e-01 1.546993466497342540e-01
2.799382599999999943e+00 5.944688000446426424e-01 1.285038964008658469e-01
3.017088199999999887e+00 6.306638199553568080e-01 1.169447589607308935e-01
3.251724600000000187e+00 6.913770958035716507e-01 1.778003214043488711e-01
3.504608399999999957e+00 6.973096576339287145e-01 1.458996217998657918e-01
3.777158899999999875e+00 6.709314560267857219e-01 1.280086746055330849e-01
4.070905299999999727e+00 6.880208035267851852e-01 1.319390094039993022e-01
4.387496200000000179e+00 7.067078928124999049e-01 1.727015180342336420e-01
4.728708000000000133e+00 6.873583893750001561e-01 1.655587816563080794e-01
5.096455699999999922e+00 6.968914919196426139e-01 1.643489267914715335e-01
5.492802700000000371e+00 6.897702038392858892e-01 1.537958691611717998e-01
5.919973299999999661e+00 6.864847569642854586e-01 1.530652050103299688e-01
6.380364700000000333e+00 7.906172732589284990e-01 2.619979047293037877e-01
6.876560200000000123e+00 7.658440810267859167e-01 2.460787542621753754e-01
7.411344500000000224e+00 7.887447896428573246e-01 2.140416409496901928e-01
7.987718499999999722e+00 7.972239559821423516e-01 1.975456790167547938e-01
8.608916600000000585e+00 8.455380888839291176e-01 1.830985852978406769e-01
9.278424799999999806e+00 8.467320160267857165e-01 2.409079089731862577e-01
1.000000000000000000e+01 8.763558107142858100e-01 3.192242109447226417e-01
