5.000000000000000000e-01 6.536666591826924000e-01 4.669070620588133130e-02
5.388845799999999464e-01 5.581261256730770670e-01 4.490290319661281726e-02
5.807931699999999697e-01 5.433790547115380232e-01 4.653815392266840573e-02
6.259609699999999499e-01 5.441306303846152881e-01 4.358240664576457091e-02
6.746414200000000472e-01 5.612611342788462743e-01 4.578890653862704302e-02
7.271077200000000129e-01 5.740676191826921126e-01 4.614025442442525743e-02
7.836542699999999861e-01 5.921337548076921475e-01 5.519274266888365282e-02
8.445983999999999714e-01 6.153094424999998591e-01 6.127788215176934589e-02
9.102820999999999829e-01 6.571697572596154613e-01 7.652091893417233004e-02
9.810739699999999619e-01 6.602638148557692377e-01 7.010938697002383480e-02
1.057371300000000014e+00 6.794316677403847704e-01 8.105245304262180539e-02
1.139602100000000062e+00 7.193907352403847710e-01 1.105295034521518033e-01
1.228228000000000097e+00 7.374811999999995038e-01 1.237965310971175237e-01
1.323746300000000042e+00 7.462196688942310807e-01 1.314255036201562588e-01
1.426692899999999931e+00 7.858921921634617336e-01 1.661922478760848587e-01
1.537645600000000057e+00 7.822800470192307065e-01 1.547772954622595731e-01
1.657227000000000006e+00 7.629271514903845919e-01 1.232448859008320741e-01
1.786108199999999924e+00 8.196820323076926540e-01 1.320964115019003238e-01
1.925012299999999899e+00 8.511032263942308607e-01 1.749167587495810694e-01
2.074718799999999863e+00 8.330355549038459539e-01 1.431358087825882197e-01
2.236067999999999945e+00 8.366026848557687190e-01 1.296196839939444401e-01
2.409965099999999971e+00 8.179060609134609638e-01 9.697904541615437468e-02
2.597386000000000195e+00 8.609023698557687343e-01 1.038633847292160794e-01
2.799382599999999943e+00 8.908382126442310200e-01 1.039883246059612326e-01
3.017088199999999887e+00 9.905847018269228199e-01 8.970359637987976309e-02
3.251724600000000187e+00 1.086888846730768909e+00 1.617350758806710975e-01
3.504608399999999957e+00 1.164802502836538967e+00 1.997229842524351762e-01
3.777158899999999875e+00 1.273388616730768641e+00 2.114129587912275399e-01
4.070905299999999727e+00 1.399027078365385313e+00 1.831010147881621808e-01
4.387496200000000179e+00 1.552912641826923013e+00 2.369318782072966090e-01
4.728708000000000133e+00 1.726828166826923638e+00 3.026673566187800812e-01
5.096455699999999922e+00 1.929860129326923079e+00 2.896036593437403273e-01
5.492802700000000371e+00 2.237709036057693002e+00 2.353597657447219771e-01
5.919973299999999661e+00 2.324700038942307145e+00 3.167739409260190153e-01
6.380364700000000333e+00 3.027398812980766518e+00 3.287880229507244567e-01
6.876560200000000123e+00 2.913571417307693423e+00 3.348246610982952842e-01
7.411344500000000224e+00 2.930136448557691509e+00 4.249884524935988450e-01
7.987718499999999722e+00 2.742991496634615167e+00 4.797002994239503715e-01
8.608916600000000585e+00 2.287488447115385348e+00 2.909211892468003824e-01
9.278424799999999806e+00 1.783081901923077917e+00 1.874152230832191457e-01
1.000000000000000000e+01 1.641589542307690497e+00 2.343652767414605154e-01
