5.000000000000000000e-01 1.043135123627451089e+00 2.146476409976156019e-01
5.388845799999999464e-01 9.185856848039216649e-01 2.282072931010672434e-01
5.807931699999999697e-01 8.603453022058821231e-01 2.515901377004722272e-01
6.259609699999999499e-01 7.714248226470592495e-01 3.101510543095495342e-01
6.746414200000000472e-01 7.034471834803924795e-01 3.279262512635426341e-01
7.271077200000000129e-01 5.659947895588232081e-01 2.394124731171329845e-01
7.836542699999999861e-01 5.408720219117646444e-01 2.358261504436781619e-01
8.445983999999999714e-01 5.392977910784314544e-01 2.438395270827634076e-01
9.102820999999999829e-01 5.514597246078436488e-01 2.735642049930143704e-01
9.810739699999999619e-01 5.592714673039212991e-01 2.648440439728557694e-01
1.057371300000000014e+00 5.318348903431373564e-01 2.477387947343520636e-01
1.139602100000000062e+00 5.709199361764705216e-01 2.735218172532100644e-01
1.228228000000000097e+00 5.766686156372548000e-01 2.815584379567656614e-01
1.323746300000000042e+00 5.325804310294118826e-01 2.439728895041836099e-01
1.426692899999999931e+00 5.346249844117646477e-01 2.618311614536462106e-01
1.537645600000000057e+00 5.403616399509801882e-01 2.701242585398654361e-01
1.657227000000000006e+00 5.728429413235293088e-01 2.914792724478895702e-01
1.786108199999999924e+00 5.645285945588235377e-01 3.403284009887633244e-01
1.925012299999999899e+00 6.241199616176473786e-01 4.187165917726855535e-01
2.074718799999999863e+00 6.856818842156858773e-01 4.830601839619589888e-01
2.236067999999999945e+00 7.285610265686276454e-01 3.974458861008834387e-01
2.409965099999999971e+00 9.114600312254902414e-01 3.961124921016962452e-01
2.597386000000000195e+00 1.429294797401960748e+00 5.151712352157093999e-01
2.799382599999999943e+00 2.379199544607844885e+00 6.096713544883938241e-01
3.017088199999999887e+00 2.918329872058823327e+00 5.455709412387664825e-01
3.251724600000000187e+00 3.690981190196079176e+00 4.624809801691150968e-01
3.504608399999999957e+00 4.240056347549019833e+00 5.189098119646031737e-01
3.777158899999999875e+00 4.321018926470588717e+00 8.122336822334453865e-01
4.070905299999999727e+00 4.501858441176471715e+00 8.529974447926418346e-01
4.387496200000000179e+00 4.590071699999997534e+00 4.291770303216568827e-01
4.728708000000000133e+00 4.534804291176469881e+00 2.563705832693521369e-01
5.096455699999999922e+00 4.127139647058826633e+00 2.101338541407415383e-01
5.492802700000000371e+00 3.520114020588234638e+00 1.918893095209397159e-01
5.919973299999999661e+00 2.748345967156863523e+00 9.579759912796513566e-02
6.380364700000000333e+00 2.135778553431372906e+00 1.066506388752678225e-01
6.876560200000000123e+00 1.647488445098040266e+00 6.292846528726031563e-02
7.411344500000000224e+00 1.147146858333333741e+00 6.668011024490529126e-02
7.987718499999999722e+00 8.075679962254901367e-01 6.067329402018493273e-02
8.608916600000000585e+00 6.662079496078432417e-01 3.585174014073645721e-02
9.278424799999999806e+00 6.030451189215685348e-01 3.404009606413972711e-02
1.000000000000000000e+01 5.866904037745099831e-01 4.610646148286261237e-02
