5.000000000000000000e-01 7.155176140707963928e-01 5.927170510210272303e-02
5.388845799999999464e-01 6.276362939823010301e-01 6.442791685357784903e-02
5.807931699999999697e-01 5.999197871238939328e-01 7.517484904975949012e-02
6.259609699999999499e-01 6.241579113716813065e-01 8.537910684700707187e-02
6.746414200000000472e-01 6.507308199557524375e-01 9.601441829288094587e-02
7.271077200000000129e-01 7.140318516371680913e-01 1.313792053241844560e-01
7.836542699999999861e-01 7.759272660176983472e-01 1.806236344535673832e-01
8.445983999999999714e-01 8.496993543805314575e-01 2.345686214870124631e-01
9.102820999999999829e-01 9.584628044247789358e-01 2.852733313907152568e-01
9.810739699999999619e-01 1.057386150752212428e+00 3.553077304099024891e-01
1.057371300000000014e+00 1.162593009557521873e+00 4.736622887213288169e-01
1.139602100000000062e+00 1.298506216946902159e+00 5.827268338936976155e-01
1.228228000000000097e+00 1.436767381371681251e+00 7.097876008955966709e-01
1.323746300000000042e+00 1.633308599469026845e+00 8.664211434420345803e-01
1.426692899999999931e+00 1.924267559159291707e+00 1.095387711399278041e+00
1.537645600000000057e+00 2.006663399734512243e+00 1.151772415099000968e+00
1.657227000000000006e+00 2.367582411327433967e+00 1.353251656535338299e+00
1.786108199999999924e+00 2.910134229424778951e+00 1.617718396552417559e+00
1.925012299999999899e+00 2.838378188716813355e+00 1.585869400309747324e+00
2.074718799999999863e+00 2.652893399203538394e+00 1.437740395175613362e+00
2.236067999999999945e+00 2.954405673185840797e+00 1.495538605950680999e+00
2.409965099999999971e+00 2.640803627522122277e+00 1.226590383576761312e+00
2.597386000000000195e+00 2.954763517300883713e+00 1.259302423742676424e+00
2.799382599999999943e+00 2.554693460884957190e+00 9.731438586518111888e-01
3.017088199999999887e+00 2.244350197035397176e+00 7.733671008257301249e-01
3.251724600000000187e+00 2.500029256769911612e+00 8.775495700246389585e-01
3.504608399999999957e+00 2.311834345707964200e+00 7.931389997457787278e-01
3.777158899999999875e+00 2.259815676548672325e+00 7.632921025634717971e-01
4.070905299999999727e+00 2.236928193805308940e+00 7.193667259226764754e-01
4.387496200000000179e+00 3.211303203097346515e+00 1.194267131301827156e+00
4.728708000000000133e+00 3.232087371238938189e+00 1.068055893339743490e+00
5.096455699999999922e+00 3.230633034513273660e+00 8.747274972929250936e-01
5.492802700000000371e+00 2.949621827433629662e+00 5.550298253085300670e-01
5.919973299999999661e+00 3.012165007964600516e+00 3.787484442754887604e-01
6.380364700000000333e+00 6.128751983628317745e+00 9.917829279204872783e-01
6.876560200000000123e+00 7.378783447787609973e+00 8.849850846744641286e-01
7.411344500000000224e+00 7.122682359734512580e+00 6.221752692030662057e-01
7.987718499999999722e+00 6.771067115044247409e+00 5.223845219976809284e-01
8.608916600000000585e+00 6.766392344247789126e+00 5.159293074404295298e-01
9.278424799999999806e+00 5.943248825663714818e+00 4.782733672736729780e-01
1.000000000000000000e+01 5.134486984955753286e+00 4.492895341675462451e-01
