5.000000000000000000e-01 7.496906353658533417e-01 5.257833490113840436e-02
5.388845799999999464e-01 6.547437139512195525e-01 5.698319061416156489e-02
5.807931699999999697e-01 6.189929499512197841e-01 5.230950314450224375e-02
6.259609699999999499e-01 6.074617526829267922e-01 4.760696841436042048e-02
6.746414200000000472e-01 6.007501861951219935e-01 4.096731526579412697e-02
7.271077200000000129e-01 6.051064341951220005e-01 3.865424553236692512e-02
7.836542699999999861e-01 6.086125416097560858e-01 3.522445062767421559e-02
8.445983999999999714e-01 6.175847136097560863e-01 3.537389889080762989e-02
9.102820999999999829e-01 6.453921871707314351e-01 4.569419952471139024e-02
9.810739699999999619e-01 6.504173554146339686e-01 3.788215314553744495e-02
1.057371300000000014e+00 6.494704709756093930e-01 3.569250379451405913e-02
1.139602100000000062e+00 6.582607425853658212e-01 3.955531166310813362e-02
1.228228000000000097e+00 6.375526991219511164e-01 3.527065775255838059e-02
1.323746300000000042e+00 6.243115978048781045e-01 4.228462472816139212e-02
1.426692899999999931e+00 6.320914721951219617e-01 5.076271069161275573e-02
1.537645600000000057e+00 6.664804389268292883e-01 7.177185685273715365e-02
1.657227000000000006e+00 6.748503464878051750e-01 8.639899064640517434e-02
1.786108199999999924e+00 6.437764010731708009e-01 6.784787978872194869e-02
1.925012299999999899e+00 6.566762806829272714e-01 9.342592256296659847e-02
2.074718799999999863e+00 6.543179608780486101e-01 1.334017864129672659e-01
2.236067999999999945e+00 6.681036301463416649e-01 9.932820613092339934e-02
2.409965099999999971e+00 7.269454632195120336e-01 8.421666918911896449e-02
2.597386000000000195e+00 8.920913504390244331e-01 1.626164860095933862e-01
2.799382599999999943e+00 1.106272431024390102e+00 1.833718322952123669e-01
3.017088199999999887e+00 1.186248186829268692e+00 1.665488839925363951e-01
3.251724600000000187e+00 1.195142585902438270e+00 1.700718483776764989e-01
3.504608399999999957e+00 1.110520715219512011e+00 2.201056831574346173e-01
3.777158899999999875e+00 1.077014494731707517e+00 1.642544923800151047e-01
4.070905299999999727e+00 9.865242338048781923e-01 1.282526507243153258e-01
4.387496200000000179e+00 1.105679078926828929e+00 1.655292499427135633e-01
4.728708000000000133e+00 1.269988252048779964e+00 3.808491107208880622e-01
5.096455699999999922e+00 1.434159207756096732e+00 4.927050114863085195e-01
5.492802700000000371e+00 1.443287487463414953e+00 4.011740970235966319e-01
5.919973299999999661e+00 1.170927438439024248e+00 2.777327113324316588e-01
6.380364700000000333e+00 1.814367292682925736e+00 2.172117037209908841e-01
6.876560200000000123e+00 1.263886350243903500e+00 9.294510344734371876e-02
7.411344500000000224e+00 9.266237560487807778e-01 7.217482014324651252e-02
7.987718499999999722e+00 8.200450550731709365e-01 7.992095990937672645e-02
8.608916600000000585e+00 6.685233380975611484e-01 9.946453451669023949e-02
9.278424799999999806e+00 6.231919360487806481e-01 1.243877960594018534e-01
1.000000000000000000e+01 5.661915952682924358e-01 1.580976113261435001e-01
