5.000000000000000000e-01 8.964256660784318820e-01 8.852758785391297292e-02
5.388845799999999464e-01 7.016961620588234583e-01 8.871148541728789139e-02
5.807931699999999697e-01 5.914907959313724373e-01 1.133433122063480375e-01
6.259609699999999499e-01 5.745406748039215694e-01 1.284194025946865103e-01
6.746414200000000472e-01 5.443118289215690409e-01 1.414084240678016857e-01
7.271077200000000129e-01 5.035341205392158681e-01 1.560435518397555732e-01
7.836542699999999861e-01 5.027759858823530603e-01 1.500953108150775706e-01
8.445983999999999714e-01 6.077462216666668082e-01 1.028048000240030374e-01
9.102820999999999829e-01 5.629305317647056439e-01 1.644686090665890554e-01
9.810739699999999619e-01 6.035541327941176259e-01 1.213060932809047476e-01
1.057371300000000014e+00 7.522376038725491210e-01 1.629130536157794296e-01
1.139602100000000062e+00 6.132759480882350456e-01 2.975486010811124182e-01
1.228228000000000097e+00 6.447441070098034466e-01 2.906149218993672734e-01
1.323746300000000042e+00 8.434643673039216027e-01 1.373965709315283501e-01
1.426692899999999931e+00 8.374494507352941985e-01 1.429691453389044797e-01
1.537645600000000057e+00 9.328139174509800791e-01 1.416551768015034130e-01
1.657227000000000006e+00 1.047701651029412373e+00 1.061757360559830721e-01
1.786108199999999924e+00 1.059475339215686818e+00 6.930638386442458665e-02
1.925012299999999899e+00 1.034918673137255940e+00 7.112943461979903681e-02
2.074718799999999863e+00 1.024734674117647071e+00 1.290487509541995148e-01
2.236067999999999945e+00 9.439271313725495771e-01 1.857008031281141835e-01
2.409965099999999971e+00 9.295755627941175714e-01 2.739819511239029448e-01
2.597386000000000195e+00 1.141227390147059984e+00 2.805893395788841560e-01
2.799382599999999943e+00 1.280320062401961501e+00 2.568430833842599292e-01
3.017088199999999887e+00 1.732043920098039091e+00 4.887902890127326372e-01
3.251724600000000187e+00 1.958137037254903179e+00 4.083688536907998934e-01
3.504608399999999957e+00 2.575843271568627468e+00 4.565004247941668591e-01
3.777158899999999875e+00 3.077808815686275956e+00 7.758067591248712924e-01
4.070905299999999727e+00 3.652977296568624244e+00 9.967347981953715852e-01
4.387496200000000179e+00 4.597359353431373918e+00 9.546449945189897646e-01
4.728708000000000133e+00 4.017867336274509427e+00 6.505540067103262603e-01
5.096455699999999922e+00 3.331431936764705615e+00 4.347851929121313019e-01
5.492802700000000371e+00 2.706488013725489861e+00 3.746312546570772506e-01
5.919973299999999661e+00 1.709182771078431307e+00 2.275973959580532280e-01
6.380364700000000333e+00 1.070412343333333238e+00 9.084414578811661478e-02
6.876560200000000123e+00 7.826608000980395108e-01 4.995449246719623621e-02
7.411344500000000224e+00 7.446758176960782682e-01 5.193808017777602065e-02
7.987718499999999722e+00 8.680235218137249964e-01 5.968496924315506297e-02
8.608916600000000585e+00 8.415668268137257435e-01 5.074135527062743206e-02
9.278424799999999806e+00 8.133762757843140401e-01 4.597300654430482025e-02
1.000000000000000000e+01 8.498485684313729083e-01 4.244681187310737902e-02
