5.000000000000000000e-01 9.341356338392861058e-01 1.088204690056104873e-01
5.388845799999999464e-01 8.599286580803571223e-01 1.243945477432528424e-01
5.807931699999999697e-01 8.689711187946427273e-01 1.298162757133214384e-01
6.259609699999999499e-01 8.978995478125002538e-01 1.301203375112351124e-01
6.746414200000000472e-01 9.259201585714282867e-01 1.282618159883251729e-01
7.271077200000000129e-01 9.466555226785718924e-01 1.218027163272309560e-01
7.836542699999999861e-01 9.704189756249997911e-01 1.236272942293519805e-01
8.445983999999999714e-01 9.877470482142859387e-01 1.300687851428094233e-01
9.102820999999999829e-01 1.008943053526785816e+00 1.380425270493069179e-01
9.810739699999999619e-01 1.034483604151785308e+00 1.498797830239130546e-01
1.057371300000000014e+00 1.058547154285714553e+00 1.692040646570719120e-01
1.139602100000000062e+00 1.097294202142856889e+00 1.831445294360860843e-01
1.228228000000000097e+00 1.115373897008929083e+00 1.975773208036163686e-01
1.323746300000000042e+00 1.142725066205356965e+00 2.082196075011539527e-01
1.426692899999999931e+00 1.186667889553571387e+00 2.142826996975555343e-01
1.537645600000000057e+00 1.198038933928571748e+00 2.105074423398341221e-01
1.657227000000000006e+00 1.247675992232143205e+00 2.200879371644248739e-01
1.786108199999999924e+00 1.293698205000000101e+00 2.304468337371879949e-01
1.925012299999999899e+00 1.270480658258928752e+00 2.199359041558582306e-01
2.074718799999999863e+00 1.285935551607142902e+00 1.906587176051217358e-01
2.236067999999999945e+00 1.258694505624999405e+00 1.755226159071300862e-01
2.409965099999999971e+00 1.265454614598213734e+00 1.893188678736892616e-01
2.597386000000000195e+00 1.283258688258928970e+00 1.660092015365645657e-01
2.799382599999999943e+00 1.472403005892857220e+00 2.479162069515376265e-01
3.017088199999999887e+00 1.738417861874998582e+00 3.488557252436916278e-01
3.251724600000000187e+00 1.832031238392859196e+00 3.682825545701758907e-01
3.504608399999999957e+00 1.890815668973214292e+00 3.501703248287511006e-01
3.777158899999999875e+00 1.974412494107143257e+00 3.819090147814607761e-01
4.070905299999999727e+00 2.128852005357142918e+00 4.104029465419069544e-01
4.387496200000000179e+00 2.182622575446429014e+00 4.270817862686331345e-01
4.728708000000000133e+00 2.108617216964285834e+00 3.539641394021253995e-01
5.096455699999999922e+00 2.189950924553570655e+00 3.446540886848863394e-01
5.492802700000000371e+00 3.030068072321429273e+00 5.350608518616996045e-01
5.919973299999999661e+00 3.843780567857142394e+00 4.911134808040253930e-01
6.380364700000000333e+00 2.622966017857143672e+00 3.858676875984275445e-01
6.876560200000000123e+00 2.697735790625000352e+00 2.817140853663641087e-01
7.411344500000000224e+00 2.626842022767859497e+00 3.354383812079883564e-01
7.987718499999999722e+00 2.830914226785715027e+00 3.451641872905961139e-01
8.608916600000000585e+00 2.679579608482144160e+00 2.572414998793484675e-01
9.278424799999999806e+00 1.656559247767857457e+00 1.570809513638080079e-01
1.000000000000000000e+01 9.335393650446424108e-01 7.726450122665867726e-02
