5.000000000000000000e-01 1.224652950424528486e+00 3.065985426698880634e-01
5.388845799999999464e-01 1.153707921981131923e+00 3.382076654429488904e-01
5.807931699999999697e-01 1.219577767216980746e+00 3.869534981527763540e-01
6.259609699999999499e-01 1.300374310754716323e+00 4.091111406154154806e-01
6.746414200000000472e-01 1.376142652028301105e+00 4.175964238398943706e-01
7.271077200000000129e-01 1.439891065047169461e+00 4.233957461930092370e-01
7.836542699999999861e-01 1.435512887264150494e+00 3.848203859802512006e-01
8.445983999999999714e-01 1.440460710943395561e+00 3.780421212062504699e-01
9.102820999999999829e-01 1.437450229669811508e+00 3.836872935399215367e-01
9.810739699999999619e-01 1.453993003443396992e+00 4.090469378865342898e-01
1.057371300000000014e+00 1.461865134056603788e+00 4.468421949716642749e-01
1.139602100000000062e+00 1.483083505566037408e+00 4.768437823158342415e-01
1.228228000000000097e+00 1.748208055000000094e+00 6.700664156731018783e-01
1.323746300000000042e+00 1.732212401273584446e+00 6.121651847758815546e-01
1.426692899999999931e+00 1.711582362877358099e+00 5.479160944202937644e-01
1.537645600000000057e+00 2.089722247924528098e+00 6.739320234414404309e-01
1.657227000000000006e+00 1.973480065613206547e+00 5.313796184521641930e-01
1.786108199999999924e+00 1.823030715283018743e+00 3.842332575322913724e-01
1.925012299999999899e+00 1.886249948113207564e+00 3.406777804480428107e-01
2.074718799999999863e+00 1.973869198113207712e+00 4.316538253719828799e-01
2.236067999999999945e+00 1.683846471698112301e+00 2.824743955659341221e-01
2.409965099999999971e+00 2.023921677358490712e+00 4.784532036935779664e-01
2.597386000000000195e+00 1.684611033490565957e+00 1.895510650875340264e-01
2.799382599999999943e+00 1.751939496226415205e+00 2.118965314360513053e-01
3.017088199999999887e+00 2.030805158962263768e+00 3.811292651906200701e-01
3.251724600000000187e+00 2.019200520754717676e+00 1.952237019394184314e-01
3.504608399999999957e+00 2.163432990566036995e+00 2.322541672715669192e-01
3.777158899999999875e+00 2.361939374056603036e+00 2.355622950419639372e-01
4.070905299999999727e+00 2.659640475000001558e+00 2.237126187929589227e-01
4.387496200000000179e+00 2.978327344339621874e+00 2.577784575512699350e-01
4.728708000000000133e+00 2.617003661320754571e+00 1.572514517434235315e-01
5.096455699999999922e+00 2.876195214622640162e+00 4.352074014298419891e-01
5.492802700000000371e+00 3.679659064622643694e+00 4.759009272209864250e-01
5.919973299999999661e+00 5.429936165566035200e+00 5.123869223291234176e-01
6.380364700000000333e+00 4.248347570283018904e+00 2.116244877057652518e-01
6.876560200000000123e+00 5.000112684433962507e+00 5.016771737338882042e-01
7.411344500000000224e+00 5.596777962264148698e+00 3.718562408134316044e-01
7.987718499999999722e+00 6.587715337735851051e+00 3.179867780607750771e-01
8.608916600000000585e+00 4.743647933018866780e+00 3.723689186611243707e-01
9.278424799999999806e+00 4.047247342924528368e+00 1.524099618543671153e-01
1.000000000000000000e+01 4.567424275000000478e+00 1.474150848390001767e-01
