5.000000000000000000e-01 7.090139564500002045e-01 6.204255402866738073e-02
5.388845799999999464e-01 6.137651108499996289e-01 6.223827411382432812e-02
5.807931699999999697e-01 5.904179643499998242e-01 6.793127836791998386e-02
6.259609699999999499e-01 5.930906178499998349e-01 7.312397404273797419e-02
6.746414200000000472e-01 6.003699706500004174e-01 8.011147701106424712e-02
7.271077200000000129e-01 6.208864407000002084e-01 8.642394562928418233e-02
7.836542699999999861e-01 6.558641308499995048e-01 8.808071387913470052e-02
8.445983999999999714e-01 6.831311383499997225e-01 8.637085208913271306e-02
9.102820999999999829e-01 7.121659352499999374e-01 8.237113905541282310e-02
9.810739699999999619e-01 7.605294158999997833e-01 1.008591495914102215e-01
1.057371300000000014e+00 8.093829027499999107e-01 9.948279399162388015e-02
1.139602100000000062e+00 8.777692290000004283e-01 1.138274398444016206e-01
1.228228000000000097e+00 9.545838577999999908e-01 1.248032849955809931e-01
1.323746300000000042e+00 1.016160046900000058e+00 1.460152140723945391e-01
1.426692899999999931e+00 1.076665048049999518e+00 1.752840486532630804e-01
1.537645600000000057e+00 1.197606141400000546e+00 1.837454706121709747e-01
1.657227000000000006e+00 1.282604496399999849e+00 2.039279216281705553e-01
1.786108199999999924e+00 1.332241996199999612e+00 2.264410579388385636e-01
1.925012299999999899e+00 1.522785889749999066e+00 3.331082131542238978e-01
2.074718799999999863e+00 1.742761339700000356e+00 3.748875986439530461e-01
2.236067999999999945e+00 2.019499894599999568e+00 3.684025641991419686e-01
2.409965099999999971e+00 2.580891972500000797e+00 5.688322669290751810e-01
2.597386000000000195e+00 3.198865234000000335e+00 7.329309201746153635e-01
2.799382599999999943e+00 3.330858727000000297e+00 5.944387137325209958e-01
3.017088199999999887e+00 3.376114441999998661e+00 7.659705288862308503e-01
3.251724600000000187e+00 3.815981490999999615e+00 8.704725328998308420e-01
3.504608399999999957e+00 3.925685210999999786e+00 6.131847387494282486e-01
3.777158899999999875e+00 3.105058031999998747e+00 4.313811395981722030e-01
4.070905299999999727e+00 2.542727302500000341e+00 3.754818538495694469e-01
4.387496200000000179e+00 2.212560825499998884e+00 3.251966200764238590e-01
4.728708000000000133e+00 1.867723734999999330e+00 2.493265357145325878e-01
5.096455699999999922e+00 1.946782344500000761e+00 2.928642205932778797e-01
5.492802700000000371e+00 1.991329609999999306e+00 3.399157239235365835e-01
5.919973299999999661e+00 2.128395137500000533e+00 3.478577662080779564e-01
6.380364700000000333e+00 2.182238004499999828e+00 3.327788663342057252e-01
6.876560200000000123e+00 2.422573547999999022e+00 4.403826792785334732e-01
7.411344500000000224e+00 2.400580761000000951e+00 3.341433630212510830e-01
7.987718499999999722e+00 2.766398242999999812e+00 3.291674543215861171e-01
8.608916600000000585e+00 2.940507608999999967e+00 3.800685572148146951e-01
9.278424799999999806e+00 2.804952616500000495e+00 4.427463927269807975e-01
1.000000000000000000e+01 2.322000561000001184e+00 3.518248470980442910e-01
