5.000000000000000000e-01 7.339596772429902716e-01 6.547093567767428568e-02
5.388845799999999464e-01 6.346882294392526269e-01 7.631981435496607014e-02
5.807931699999999697e-01 5.965081727570095138e-01 7.188239524214967702e-02
6.259609699999999499e-01 5.914638509345790940e-01 8.118526831824159073e-02
6.746414200000000472e-01 6.019564635514016437e-01 7.294100036801950959e-02
7.271077200000000129e-01 6.164408613084114696e-01 9.326271305070762963e-02
7.836542699999999861e-01 6.264120517757010287e-01 1.194404308138133086e-01
8.445983999999999714e-01 6.356829038317752811e-01 1.090624011388335868e-01
9.102820999999999829e-01 6.514967046261682659e-01 1.031719571820384346e-01
9.810739699999999619e-01 6.513970247663551927e-01 9.859648954621742789e-02
1.057371300000000014e+00 6.899738560280376243e-01 1.172155817292620528e-01
1.139602100000000062e+00 6.968745263551401337e-01 1.061448453718607104e-01
1.228228000000000097e+00 7.270703157009339446e-01 1.218679672233797390e-01
1.323746300000000042e+00 7.133888706542056424e-01 9.843377849719511796e-02
1.426692899999999931e+00 7.129919323364484196e-01 8.923265271200359061e-02
1.537645600000000057e+00 7.246637638785043967e-01 8.982492447711197536e-02
1.657227000000000006e+00 7.159362002803741909e-01 7.011955322067264795e-02
1.786108199999999924e+00 7.536850342523362389e-01 8.429622145535063671e-02
1.925012299999999899e+00 7.883708707009351446e-01 9.400999535853245270e-02
2.074718799999999863e+00 8.421701579439252461e-01 9.498211269428559478e-02
2.236067999999999945e+00 8.717077892056073196e-01 1.156387582253728397e-01
2.409965099999999971e+00 9.820186576168219439e-01 1.068866732665030989e-01
2.597386000000000195e+00 1.006653597663550892e+00 1.072995440337717182e-01
2.799382599999999943e+00 1.075301163037383656e+00 1.268035096025150188e-01
3.017088199999999887e+00 1.070079326822429788e+00 1.443097257944898348e-01
3.251724600000000187e+00 1.177446801542055832e+00 1.705992863325732356e-01
3.504608399999999957e+00 1.314938384485980549e+00 1.884013216292501625e-01
3.777158899999999875e+00 1.564353879906541955e+00 1.767864795534325184e-01
4.070905299999999727e+00 1.698321204205607726e+00 1.637465887396882536e-01
4.387496200000000179e+00 1.905317946261681161e+00 1.760989008434219183e-01
4.728708000000000133e+00 2.141099138317757333e+00 2.330780556184981755e-01
5.096455699999999922e+00 1.963319919626168586e+00 1.768184217352038179e-01
5.492802700000000371e+00 1.756858310280373869e+00 1.870202201023825894e-01
5.919973299999999661e+00 1.788567482242990447e+00 5.028079320960455734e-01
6.380364700000000333e+00 2.675605173831773875e+00 6.756741560759002008e-01
6.876560200000000123e+00 2.955662562149534267e+00 9.148365935846851649e-01
7.411344500000000224e+00 3.040900172429905179e+00 9.185991335364722676e-01
7.987718499999999722e+00 2.547955883644858144e+00 7.200870599081986567e-01
8.608916600000000585e+00 2.427412087383177930e+00 7.192214409759182248e-01
9.278424799999999806e+00 2.518126614953271059e+00 6.910678246100430133e-01
1.000000000000000000e+01 2.112127309345795290e+00 5.920110085659563426e-01
