5.000000000000000000e-01 6.879757121198160075e-01 6.365521448351933731e-02
5.388845799999999464e-01 6.083088519815668116e-01 6.804712979258756289e-02
5.807931699999999697e-01 6.093445633179724874e-01 8.536411292963819175e-02
6.259609699999999499e-01 6.581065496774196610e-01 1.279105067124093331e-01
6.746414200000000472e-01 7.073976225345621760e-01 1.525304963424150839e-01
7.271077200000000129e-01 7.430781889861755030e-01 1.700858065389359297e-01
7.836542699999999861e-01 8.311120888018433961e-01 2.089364708946892801e-01
8.445983999999999714e-01 8.503377695852530893e-01 2.098040355690285741e-01
9.102820999999999829e-01 8.458565671889406445e-01 2.033946898711582185e-01
9.810739699999999619e-01 8.531493310599073121e-01 1.996233834782916716e-01
1.057371300000000014e+00 8.722699289861747252e-01 2.127121596769715184e-01
1.139602100000000062e+00 9.103073321658994299e-01 2.403938245358097081e-01
1.228228000000000097e+00 8.167703329493086750e-01 1.559894225986224736e-01
1.323746300000000042e+00 8.590273961751152543e-01 1.604583619997511368e-01
1.426692899999999931e+00 8.870797972811059751e-01 1.405876678584114525e-01
1.537645600000000057e+00 7.526104772350233896e-01 1.229798491579790765e-01
1.657227000000000006e+00 8.295259635023037870e-01 1.232494014896433898e-01
1.786108199999999924e+00 9.782646759907835943e-01 2.002734690759864766e-01
1.925012299999999899e+00 8.387092032718895807e-01 1.086558676359792031e-01
2.074718799999999863e+00 8.444767320276495015e-01 1.383416645480629037e-01
2.236067999999999945e+00 9.937103668663592737e-01 1.783515792359279817e-01
2.409965099999999971e+00 9.217248272811059406e-01 9.146895113750805328e-02
2.597386000000000195e+00 9.681748306451614106e-01 1.337166050635001935e-01
2.799382599999999943e+00 9.049998154377877357e-01 1.041926813841523719e-01
3.017088199999999887e+00 1.062023844838708708e+00 1.824379946837332844e-01
3.251724600000000187e+00 1.125283439262673157e+00 1.276686961942111731e-01
3.504608399999999957e+00 1.182142810138248068e+00 9.802606568385489882e-02
3.777158899999999875e+00 1.344251503225807109e+00 1.429123775802577101e-01
4.070905299999999727e+00 1.555537904608294442e+00 2.205462285831926161e-01
4.387496200000000179e+00 1.536235422580645604e+00 2.278173634672917836e-01
4.728708000000000133e+00 1.615269373271890130e+00 2.112877112897511012e-01
5.096455699999999922e+00 1.782668603686636155e+00 2.374736380528280344e-01
5.492802700000000371e+00 1.509522595391704858e+00 1.513835667441314758e-01
5.919973299999999661e+00 1.015217490506912235e+00 1.815928773209030678e-01
6.380364700000000333e+00 3.056853318894007909e+00 3.319529485144391279e-01
6.876560200000000123e+00 2.497012668202764463e+00 2.827443713286078575e-01
7.411344500000000224e+00 2.274113306451612360e+00 1.757055773702742851e-01
7.987718499999999722e+00 2.328110732258065418e+00 1.080243628408520395e-01
8.608916600000000585e+00 2.173007959447005089e+00 8.393245154661953256e-02
9.278424799999999806e+00 2.180162807834101546e+00 7.885827647588709854e-02
1.000000000000000000e+01 1.987499889400921482e+00 9.381727118112304087e-02
