5.000000000000000000e-01 8.889394790206184283e-01 6.049262379404177215e-02
5.388845799999999464e-01 7.755969877319586203e-01 7.153002139006732485e-02
5.807931699999999697e-01 7.378062125257729420e-01 6.918076980281824551e-02
6.259609699999999499e-01 7.271865934020620426e-01 5.887805441132033107e-02
6.746414200000000472e-01 7.302102666494850736e-01 5.244231436280045316e-02
7.271077200000000129e-01 7.383891586082478309e-01 5.491106562002208424e-02
7.836542699999999861e-01 7.506075794845364912e-01 6.130944633077533429e-02
8.445983999999999714e-01 7.446696304123709975e-01 5.852985231833347790e-02
9.102820999999999829e-01 7.753393141237118202e-01 7.877230899136961062e-02
9.810739699999999619e-01 8.128099309793810345e-01 1.134063717157199475e-01
1.057371300000000014e+00 8.448721860309279519e-01 1.444319608543816191e-01
1.139602100000000062e+00 8.912384521134015802e-01 1.946585703378191368e-01
1.228228000000000097e+00 9.171434426804122575e-01 2.065334341502506610e-01
1.323746300000000042e+00 9.358385413402061648e-01 2.237078614462997828e-01
1.426692899999999931e+00 9.446454407731960101e-01 2.389794417164332885e-01
1.537645600000000057e+00 8.870752726288665402e-01 1.876829428119371757e-01
1.657227000000000006e+00 8.801357980412373161e-01 1.852443491273150222e-01
1.786108199999999924e+00 9.356255043814432071e-01 2.047868139122907827e-01
1.925012299999999899e+00 1.101245750515463584e+00 3.126552420029972690e-01
2.074718799999999863e+00 1.210232061134020931e+00 3.236667616501567868e-01
2.236067999999999945e+00 1.229048387835051548e+00 3.374752312056233383e-01
2.409965099999999971e+00 1.182959742113402379e+00 2.816750247361999859e-01
2.597386000000000195e+00 1.199440209020618431e+00 2.453818019891568225e-01
2.799382599999999943e+00 1.060938068402061729e+00 1.871836247765093497e-01
3.017088199999999887e+00 9.482507166494849038e-01 1.698080164978768847e-01
3.251724600000000187e+00 9.300443841752578100e-01 1.827423652762407147e-01
3.504608399999999957e+00 9.401880524742267653e-01 1.853625581412692291e-01
3.777158899999999875e+00 9.057134647938145378e-01 1.907844496135209511e-01
4.070905299999999727e+00 8.626190704123709585e-01 1.814659419964246845e-01
4.387496200000000179e+00 8.796261612371134575e-01 2.075889726624196296e-01
4.728708000000000133e+00 8.726792419072166851e-01 2.158101025036328335e-01
5.096455699999999922e+00 8.924170501030928015e-01 2.099205007780426957e-01
5.492802700000000371e+00 9.136434908762882667e-01 2.160858359371131410e-01
5.919973299999999661e+00 8.329663293814432157e-01 2.049763365613713195e-01
6.380364700000000333e+00 1.073900722164948585e+00 3.890881485814825513e-01
6.876560200000000123e+00 1.135541860412370818e+00 4.396268056362591659e-01
7.411344500000000224e+00 1.358784222164949318e+00 5.009688060582042635e-01
7.987718499999999722e+00 2.369152613402061291e+00 5.616351155855250354e-01
8.608916600000000585e+00 3.299626453092781908e+00 5.670208801944784938e-01
9.278424799999999806e+00 2.682834562886597940e+00 5.486463446553278001e-01
1.000000000000000000e+01 2.043709815979380284e+00 3.916794325530744691e-01
