5.000000000000000000e-01 6.696710360792949013e-01 1.491869038653293178e-01
5.388845799999999464e-01 5.026336234801759284e-01 1.091963554588703117e-01
5.807931699999999697e-01 4.531888520264321651e-01 1.003676049223259092e-01
6.259609699999999499e-01 4.263461267841408553e-01 1.166551564963157345e-01
6.746414200000000472e-01 4.035758623348015828e-01 1.484080289896285432e-01
7.271077200000000129e-01 4.461480444052862704e-01 1.740890931265081376e-01
7.836542699999999861e-01 4.715580980176213299e-01 1.751429554887191653e-01
8.445983999999999714e-01 4.725207181938326229e-01 1.722340013327957331e-01
9.102820999999999829e-01 4.751560348458149785e-01 1.865377257663675403e-01
9.810739699999999619e-01 4.725673622995594791e-01 1.990289473803850129e-01
1.057371300000000014e+00 4.545928686784138639e-01 2.029191183115867658e-01
1.139602100000000062e+00 4.238249889515418589e-01 1.863079131291210111e-01
1.228228000000000097e+00 4.164709275110131670e-01 1.856734225057801169e-01
1.323746300000000042e+00 4.204660947665197490e-01 1.960403919901131664e-01
1.426692899999999931e+00 4.219345998414097965e-01 2.104420307138785418e-01
1.537645600000000057e+00 3.838072076696032453e-01 1.790874000968014079e-01
1.657227000000000006e+00 3.927675856519821096e-01 1.753724593867384551e-01
1.786108199999999924e+00 4.209335490264313751e-01 1.855339878727692016e-01
1.925012299999999899e+00 4.464674342334801760e-01 1.986208803426413871e-01
2.074718799999999863e+00 4.424945621806170570e-01 1.749883647814539644e-01
2.236067999999999945e+00 4.830772504008810642e-01 2.206667760442982962e-01
2.409965099999999971e+00 6.276262365947131716e-01 3.174414022155495063e-01
2.597386000000000195e+00 7.492360641850219771e-01 3.541627113553604822e-01
2.799382599999999943e+00 9.687660209691628665e-01 4.094497875953231891e-01
3.017088199999999887e+00 1.180992215594713457e+00 5.206833291904615635e-01
3.251724600000000187e+00 1.238249950925109699e+00 6.374245723694740295e-01
3.504608399999999957e+00 1.572405678458150380e+00 9.342693691003395307e-01
3.777158899999999875e+00 1.508095773436123999e+00 6.848644868088606952e-01
4.070905299999999727e+00 1.344738495814977508e+00 5.682552937775242619e-01
4.387496200000000179e+00 1.169946570044052780e+00 4.702791656769051420e-01
4.728708000000000133e+00 9.009859448458149567e-01 3.287359060921515308e-01
5.096455699999999922e+00 6.497950786343613672e-01 1.953557425988113605e-01
5.492802700000000371e+00 6.401604171806170029e-01 1.707187937529827670e-01
5.919973299999999661e+00 6.026648982819386990e-01 1.408662805427083331e-01
6.380364700000000333e+00 5.350717035682821532e-01 1.305107071397479113e-01
6.876560200000000123e+00 5.029228248898678366e-01 9.557220105753821970e-02
7.411344500000000224e+00 5.036502130837003932e-01 8.087000008543342167e-02
7.987718499999999722e+00 5.048576862114536601e-01 6.805566396496143255e-02
8.608916600000000585e+00 5.427673241409690652e-01 8.003509222628528430e-02
9.278424799999999806e+00 5.839385552863439743e-01 8.651147339318741858e-02
1.000000000000000000e+01 6.309577446255507649e-01 9.609515364163137563e-02
