5.000000000000000000e-01 8.441083710096146664e-01 8.703687107627817998e-02
5.388845799999999464e-01 7.334631123557689980e-01 8.234705275421633219e-02
5.807931699999999697e-01 7.131299786538458640e-01 8.036697533213685296e-02
6.259609699999999499e-01 7.122428777403849720e-01 8.159253984597494846e-02
6.746414200000000472e-01 7.262234465384614923e-01 8.398536665824822556e-02
7.271077200000000129e-01 7.491821591346154996e-01 8.583717430950547900e-02
7.836542699999999861e-01 7.597249249038461327e-01 9.349461768954343832e-02
8.445983999999999714e-01 7.704788379807691046e-01 9.477068858525500294e-02
9.102820999999999829e-01 7.899391460576923318e-01 9.303585240303832715e-02
9.810739699999999619e-01 7.890656106249994695e-01 9.427720472193004686e-02
1.057371300000000014e+00 8.326439432211542035e-01 9.761072975051017508e-02
1.139602100000000062e+00 8.568018835576923786e-01 9.435798519843321963e-02
1.228228000000000097e+00 8.612404865384615249e-01 1.048730418958662841e-01
1.323746300000000042e+00 9.086199060096153968e-01 1.154775854031681315e-01
1.426692899999999931e+00 9.374632858653846323e-01 1.269195033517430959e-01
1.537645600000000057e+00 9.639219801442309166e-01 1.289992430750653007e-01
1.657227000000000006e+00 9.512861684134613638e-01 1.279947173406580652e-01
1.786108199999999924e+00 1.025099686346153671e+00 1.401160665491230917e-01
1.925012299999999899e+00 1.169284395576923208e+00 1.699245310163907674e-01
2.074718799999999863e+00 1.281217241874999191e+00 1.971195774705207793e-01
2.236067999999999945e+00 1.381325207980768743e+00 2.098056596920301886e-01
2.409965099999999971e+00 1.498440767884615443e+00 3.082145651708527168e-01
2.597386000000000195e+00 1.403625267307691216e+00 1.649889559404592032e-01
2.799382599999999943e+00 1.459539742307691901e+00 1.459487979196317786e-01
3.017088199999999887e+00 1.643107102403846387e+00 1.780658547165376859e-01
3.251724600000000187e+00 1.842225685576923233e+00 2.235150336902481938e-01
3.504608399999999957e+00 1.986880319711539222e+00 2.216820226835960750e-01
3.777158899999999875e+00 2.695415278365384193e+00 2.846098797934590308e-01
4.070905299999999727e+00 2.917038923557691010e+00 2.744253442596993331e-01
4.387496200000000179e+00 2.997001492788460286e+00 3.104884570940547595e-01
4.728708000000000133e+00 2.968340181730769078e+00 3.213750675554811753e-01
5.096455699999999922e+00 2.629716481249999571e+00 3.115677462481027948e-01
5.492802700000000371e+00 2.255915559134614057e+00 2.564067895770315020e-01
5.919973299999999661e+00 1.901666881249998386e+00 1.958206065846927746e-01
6.380364700000000333e+00 1.946909403846153630e+00 2.555093542493448444e-01
6.876560200000000123e+00 2.436050453846154262e+00 4.296761059691873164e-01
7.411344500000000224e+00 3.031585700961537455e+00 4.508589627666333977e-01
7.987718499999999722e+00 3.152331863942308132e+00 4.344348517195079085e-01
8.608916600000000585e+00 2.799893580769230006e+00 3.239778841456047442e-01
9.278424799999999806e+00 2.102029362019231407e+00 2.407132433830402041e-01
1.000000000000000000e+01 1.504043602403846602e+00 1.443610876222011785e-01
