5.000000000000000000e-01 6.233846578873237787e-01 6.946181932936522363e-02
5.388845799999999464e-01 5.477070636150234151e-01 6.993218806248550912e-02
5.807931699999999697e-01 5.011670695774648188e-01 7.033410077642610059e-02
6.259609699999999499e-01 4.693319878873239426e-01 6.459209761069494016e-02
6.746414200000000472e-01 4.652462616901409387e-01 5.997901845222689682e-02
7.271077200000000129e-01 4.737004858685444630e-01 5.814033125295623577e-02
7.836542699999999861e-01 4.578000428638498986e-01 5.479614486919654609e-02
8.445983999999999714e-01 4.743418250704224959e-01 5.130322698415679811e-02
9.102820999999999829e-01 4.917186394835679208e-01 5.393285309298737062e-02
9.810739699999999619e-01 5.037310192957746846e-01 5.402035452854500597e-02
1.057371300000000014e+00 5.065088005164322116e-01 5.705130423386054611e-02
1.139602100000000062e+00 5.177265902816903242e-01 5.897456428765218694e-02
1.228228000000000097e+00 5.418492670422533353e-01 5.969243659465711671e-02
1.323746300000000042e+00 5.462068435211266948e-01 6.717627727707579932e-02
1.426692899999999931e+00 5.847564688262911758e-01 6.454436658535292470e-02
1.537645600000000057e+00 6.711975755868540006e-01 7.575539246379199565e-02
1.657227000000000006e+00 7.381367240375584782e-01 8.313085224673182061e-02
1.786108199999999924e+00 8.035568360563380974e-01 1.166326607111191488e-01
1.925012299999999899e+00 8.740620280281690135e-01 1.612490716166080917e-01
2.074718799999999863e+00 1.021240472394367105e+00 1.858499721017214112e-01
2.236067999999999945e+00 1.102839048075116679e+00 2.163665309058794839e-01
2.409965099999999971e+00 1.160819595680751437e+00 2.042295234215119049e-01
2.597386000000000195e+00 1.089432424225352802e+00 1.848575203717493787e-01
2.799382599999999943e+00 1.035340118309858726e+00 1.326737939886263873e-01
3.017088199999999887e+00 9.880073491549298259e-01 1.237525009685816191e-01
3.251724600000000187e+00 1.045388414741784455e+00 2.380509473107157159e-01
3.504608399999999957e+00 1.133463951079811904e+00 2.984043140124593707e-01
3.777158899999999875e+00 1.316640636995304980e+00 2.632327199832422138e-01
4.070905299999999727e+00 1.388936047934272944e+00 2.298841071070185926e-01
4.387496200000000179e+00 1.687937005633802334e+00 4.612406813721216525e-01
4.728708000000000133e+00 1.597656916197182975e+00 4.983686447764637539e-01
5.096455699999999922e+00 1.626742202723004738e+00 5.169714159772145212e-01
5.492802700000000371e+00 1.716937281314553365e+00 5.196654613656117583e-01
5.919973299999999661e+00 1.997687498591549593e+00 4.477618240355857315e-01
6.380364700000000333e+00 2.515135693427229757e+00 5.056579518991516364e-01
6.876560200000000123e+00 3.216436661971833200e+00 6.412130736951401344e-01
7.411344500000000224e+00 4.730597023004695423e+00 5.380974480874637367e-01
7.987718499999999722e+00 4.834435142253521001e+00 4.208777047366175639e-01
8.608916600000000585e+00 3.905007150234738766e+00 6.093248086807075969e-01
9.278424799999999806e+00 3.536198868544600415e+00 6.665451336618947176e-01
1.000000000000000000e+01 2.779647194366198004e+00 5.265236866851444875e-01
