5.000000000000000000e-01 7.004950048469388291e-01 4.142156572013802607e-02
5.388845799999999464e-01 6.047120073469389734e-01 4.462461069672152281e-02
5.807931699999999697e-01 5.846456817857142996e-01 4.472504253400011454e-02
6.259609699999999499e-01 6.006155859693879107e-01 4.724545549738838612e-02
6.746414200000000472e-01 6.152520672448980044e-01 4.569623411344442970e-02
7.271077200000000129e-01 6.223069308673470079e-01 4.283960276274602352e-02
7.836542699999999861e-01 6.184597013775507968e-01 4.332292596419315411e-02
8.445983999999999714e-01 6.146119193877551679e-01 3.765504872731423314e-02
9.102820999999999829e-01 6.425251764795916198e-01 5.440366090536485205e-02
9.810739699999999619e-01 6.776711017346935817e-01 7.023188898922270995e-02
1.057371300000000014e+00 6.925288197959185155e-01 5.789782557494260740e-02
1.139602100000000062e+00 7.092467331632656968e-01 6.176902769814682226e-02
1.228228000000000097e+00 7.528514679591836734e-01 1.280648835964683097e-01
1.323746300000000042e+00 7.938347569897956646e-01 1.794007767459690483e-01
1.426692899999999931e+00 7.925799343367349037e-01 1.808812391638786876e-01
1.537645600000000057e+00 7.442263411224491199e-01 1.037724408440925533e-01
1.657227000000000006e+00 7.697068665816325650e-01 8.671872058009746920e-02
1.786108199999999924e+00 8.216233618367350111e-01 1.023674383987060316e-01
1.925012299999999899e+00 8.999178426530609620e-01 1.277602270224419412e-01
2.074718799999999863e+00 1.062813634336734925e+00 2.266339441388206255e-01
2.236067999999999945e+00 1.133071671734693364e+00 1.769186158087193150e-01
2.409965099999999971e+00 1.180995123163264937e+00 1.734848530040405401e-01
2.597386000000000195e+00 1.325520311122448280e+00 1.680656342713444662e-01
2.799382599999999943e+00 1.700865844897959001e+00 1.977410401722850819e-01
3.017088199999999887e+00 1.568098747602039378e+00 2.643675777113784209e-01
3.251724600000000187e+00 1.828027988775511314e+00 2.263726535131956319e-01
3.504608399999999957e+00 1.535481474489795772e+00 1.655697805452138460e-01
3.777158899999999875e+00 1.473513956326529817e+00 1.448236796687239480e-01
4.070905299999999727e+00 1.596966179795919372e+00 1.980548733350351032e-01
4.387496200000000179e+00 9.682909841326532430e-01 7.987228619617386949e-02
4.728708000000000133e+00 8.320575391836734225e-01 7.735090234201666415e-02
5.096455699999999922e+00 7.453092325510203286e-01 7.525591280371804470e-02
5.492802700000000371e+00 6.461776082653059028e-01 6.559002432872583499e-02
5.919973299999999661e+00 5.966737250510202317e-01 4.748060963093139047e-02
6.380364700000000333e+00 6.396048368877552681e-01 4.504494299596510654e-02
6.876560200000000123e+00 6.798968272448979722e-01 4.413328833755349873e-02
7.411344500000000224e+00 7.020619504591835147e-01 4.676492991738257637e-02
7.987718499999999722e+00 7.434562371938773229e-01 4.798294891523199185e-02
8.608916600000000585e+00 7.782265034693878203e-01 5.166111104721069630e-02
9.278424799999999806e+00 7.795853722448977674e-01 3.999317726007022705e-02
1.000000000000000000e+01 7.737498459693873398e-01 3.098377487911129283e-02
