5.000000000000000000e-01 7.626940420197048098e-01 5.358585365852866489e-02
5.388845799999999464e-01 6.646907749261083964e-01 6.061953135638029760e-02
5.807931699999999697e-01 6.413246826108374155e-01 6.246036387976954679e-02
6.259609699999999499e-01 6.403434730049263335e-01 6.007174507473909963e-02
6.746414200000000472e-01 6.632420469458127910e-01 5.937471438520006833e-02
7.271077200000000129e-01 6.864086504926110166e-01 7.009851389418968182e-02
7.836542699999999861e-01 6.904266749753694699e-01 8.073456871419147640e-02
8.445983999999999714e-01 6.848012329556655287e-01 8.589572282273398585e-02
9.102820999999999829e-01 7.513417750738914380e-01 1.236114915627569144e-01
9.810739699999999619e-01 8.181066653201969352e-01 1.599628748737953465e-01
1.057371300000000014e+00 8.523174905911333754e-01 1.462855744913263145e-01
1.139602100000000062e+00 8.738903704926107574e-01 1.688512776325035158e-01
1.228228000000000097e+00 9.467558776354678685e-01 2.189565391462810207e-01
1.323746300000000042e+00 1.013464568423645185e+00 3.273473566512347666e-01
1.426692899999999931e+00 1.141116509950739433e+00 3.939273714773975921e-01
1.537645600000000057e+00 1.267661428916256883e+00 5.043399609231069558e-01
1.657227000000000006e+00 1.410386071921182483e+00 5.729664954793818321e-01
1.786108199999999924e+00 1.625109550935960101e+00 6.250962615357936736e-01
1.925012299999999899e+00 2.183910812364532994e+00 9.906094794364863620e-01
2.074718799999999863e+00 2.432128911182266595e+00 9.390651804990252094e-01
2.236067999999999945e+00 2.232465739408867389e+00 5.467323433212936123e-01
2.409965099999999971e+00 2.051873410837438794e+00 2.839243072443178306e-01
2.597386000000000195e+00 1.985434758620689522e+00 2.520567945824848111e-01
2.799382599999999943e+00 2.140610692118227298e+00 2.367278574220595677e-01
3.017088199999999887e+00 1.588997608128079442e+00 2.122328779830824907e-01
3.251724600000000187e+00 1.128825037241379503e+00 1.572275589938002538e-01
3.504608399999999957e+00 9.923043642857132252e-01 1.726109088621871901e-01
3.777158899999999875e+00 9.946607652709350544e-01 1.520716845594903277e-01
4.070905299999999727e+00 9.513023660098517409e-01 1.285801688392412545e-01
4.387496200000000179e+00 9.295627961083741120e-01 1.100605327329114286e-01
4.728708000000000133e+00 9.629695962068968162e-01 1.478465679541883515e-01
5.096455699999999922e+00 1.031578886305419163e+00 2.166421469819669599e-01
5.492802700000000371e+00 9.695220901970441618e-01 2.231684883069348369e-01
5.919973299999999661e+00 8.699966917733990002e-01 1.424892859623308194e-01
6.380364700000000333e+00 9.139918948275866928e-01 9.603906117983804225e-02
6.876560200000000123e+00 9.429600461576361781e-01 8.333380463096795587e-02
7.411344500000000224e+00 9.403687697536949885e-01 6.497392013187078263e-02
7.987718499999999722e+00 9.240923591133004544e-01 4.718767344615217713e-02
8.608916600000000585e+00 8.879155629064037214e-01 4.148602362513571784e-02
9.278424799999999806e+00 9.298747946305417900e-01 5.598989322818237468e-02
1.000000000000000000e+01 1.078012844334975462e+00 7.574559827633266240e-02
