5.000000000000000000e-01 6.540656898237885430e-01 4.835203246427070833e-02
5.388845799999999464e-01 5.675884916740085995e-01 4.609906821546404937e-02
5.807931699999999697e-01 5.422197229955948439e-01 4.689599881316321855e-02
6.259609699999999499e-01 5.348043314096914136e-01 4.585735677363763502e-02
6.746414200000000472e-01 5.359678714977974545e-01 5.088751863212371412e-02
7.271077200000000129e-01 5.365041454625549822e-01 5.581930654334645026e-02
7.836542699999999861e-01 5.343184743171804918e-01 6.887765298654685564e-02
8.445983999999999714e-01 5.385170379735684243e-01 8.272897157346009722e-02
9.102820999999999829e-01 5.458255497356829800e-01 1.016461956307187497e-01
9.810739699999999619e-01 5.388736942731278123e-01 9.548127763932406920e-02
1.057371300000000014e+00 5.346535028634361586e-01 1.073065279203479494e-01
1.139602100000000062e+00 5.443941606607924921e-01 1.009521292816260435e-01
1.228228000000000097e+00 5.509393308810569545e-01 8.442070635140751234e-02
1.323746300000000042e+00 5.439466693392073227e-01 8.248599422952564153e-02
1.426692899999999931e+00 5.399163293392073015e-01 9.729045854948373262e-02
1.537645600000000057e+00 5.386097469603521315e-01 9.766607814770110474e-02
1.657227000000000006e+00 5.509704604405288864e-01 8.914235334856009108e-02
1.786108199999999924e+00 5.778064646696035034e-01 1.046985909376610541e-01
1.925012299999999899e+00 6.037775824669603386e-01 1.074574091001555542e-01
2.074718799999999863e+00 6.233684578414099287e-01 1.296109690540335480e-01
2.236067999999999945e+00 6.385108238766524780e-01 1.155607754110266339e-01
2.409965099999999971e+00 7.399163705726871099e-01 1.028286909699164253e-01
2.597386000000000195e+00 7.383428757268720721e-01 1.090046078212005554e-01
2.799382599999999943e+00 7.226665675770925779e-01 1.370905232009858310e-01
3.017088199999999887e+00 7.233255915859028162e-01 1.436009152194950844e-01
3.251724600000000187e+00 6.801333299559469969e-01 1.388896937052791769e-01
3.504608399999999957e+00 7.436008327312775279e-01 1.154204352946075623e-01
3.777158899999999875e+00 7.856401477533037081e-01 1.060088143135876071e-01
4.070905299999999727e+00 6.871067938325989832e-01 7.797152012205915694e-02
4.387496200000000179e+00 7.365628483259912818e-01 6.212506453837884218e-02
4.728708000000000133e+00 7.822777051982373608e-01 1.190037280458789010e-01
5.096455699999999922e+00 1.037762755242290780e+00 2.532284336495900789e-01
5.492802700000000371e+00 1.085625289911893887e+00 2.298700487527738923e-01
5.919973299999999661e+00 9.357868611013223648e-01 1.538504290947799724e-01
6.380364700000000333e+00 9.249604613656385865e-01 1.334228666777325101e-01
6.876560200000000123e+00 9.670243084140969225e-01 1.283818784233196897e-01
7.411344500000000224e+00 1.024039799295154429e+00 1.279105635774647476e-01
7.987718499999999722e+00 1.214126304273126733e+00 2.200638818014196973e-01
8.608916600000000585e+00 1.653541884625550740e+00 3.586369832261195323e-01
9.278424799999999806e+00 1.696258225638766159e+00 4.006700458368732121e-01
1.000000000000000000e+01 1.646060120881057243e+00 4.258984070534638788e-01
