5.000000000000000000e-01 7.879696337727271072e-01 9.151886996244856798e-02
5.388845799999999464e-01 6.612410934545454033e-01 6.592334504131154571e-02
5.807931699999999697e-01 6.155854883636362462e-01 5.477142742097507871e-02
6.259609699999999499e-01 6.005490825454543602e-01 5.105076511345574969e-02
6.746414200000000472e-01 6.005489705000000011e-01 5.328724705312405663e-02
7.271077200000000129e-01 5.931961411363635417e-01 6.662044619609069906e-02
7.836542699999999861e-01 5.647543874090912297e-01 8.262251978114779072e-02
8.445983999999999714e-01 5.404853864545454689e-01 1.064368312021631013e-01
9.102820999999999829e-01 5.370640609090905349e-01 1.301218402074330316e-01
9.810739699999999619e-01 5.364819300454545248e-01 1.421706639248294934e-01
1.057371300000000014e+00 5.565776361363639069e-01 1.668352796601265675e-01
1.139602100000000062e+00 5.774672899090910194e-01 1.891635817949632037e-01
1.228228000000000097e+00 5.724275632272728398e-01 1.866941189559454817e-01
1.323746300000000042e+00 5.801512774090904490e-01 1.887982720899382405e-01
1.426692899999999931e+00 5.916082385909089414e-01 1.951881314304665660e-01
1.537645600000000057e+00 6.363393622727270271e-01 2.180986571400840013e-01
1.657227000000000006e+00 6.711109478181819243e-01 2.484167983392675527e-01
1.786108199999999924e+00 7.216164450454549684e-01 2.750838769806472350e-01
1.925012299999999899e+00 8.035230445909099517e-01 3.680496059761749761e-01
2.074718799999999863e+00 8.360832368181816410e-01 3.395182068932297570e-01
2.236067999999999945e+00 9.031989115000000901e-01 3.488848294003241701e-01
2.409965099999999971e+00 9.334694355454546955e-01 2.913501519862128908e-01
2.597386000000000195e+00 1.108649343454545022e+00 3.488623494420471927e-01
2.799382599999999943e+00 1.162504396272727059e+00 3.535939903958021935e-01
3.017088199999999887e+00 1.322605038454545356e+00 4.137288827010007775e-01
3.251724600000000187e+00 1.439815697863636279e+00 4.164115445764652867e-01
3.504608399999999957e+00 1.538961831409090042e+00 3.603204622137379243e-01
3.777158899999999875e+00 1.673753474409090281e+00 3.307656249898987544e-01
4.070905299999999727e+00 1.869684865181818978e+00 3.612319222913653594e-01
4.387496200000000179e+00 2.092696268636362156e+00 4.329341978630172894e-01
4.728708000000000133e+00 2.500697251681817779e+00 5.636347689104126424e-01
5.096455699999999922e+00 3.046665525454545609e+00 6.401768009845955065e-01
5.492802700000000371e+00 3.505286059090908957e+00 6.851994299683628054e-01
5.919973299999999661e+00 3.286157926363636683e+00 4.899757854527547196e-01
6.380364700000000333e+00 3.048971524999998461e+00 3.575136448598364436e-01
6.876560200000000123e+00 2.683060838181818841e+00 2.402109561878342792e-01
7.411344500000000224e+00 2.346502294545453893e+00 1.945505621052575629e-01
7.987718499999999722e+00 2.082178902727271907e+00 1.700372630056057599e-01
8.608916600000000585e+00 1.885747286363636643e+00 1.139887793494692575e-01
9.278424799999999806e+00 1.563530016818182045e+00 8.698137630889173078e-02
1.000000000000000000e+01 1.463227554545455167e+00 7.056543520026210825e-02
