5.000000000000000000e-01 7.374404176923080589e-01 5.026116337827373631e-02
5.388845799999999464e-01 6.442511330316742502e-01 5.700323124595066404e-02
5.807931699999999697e-01 6.084271032579183780e-01 5.545919936722988608e-02
6.259609699999999499e-01 6.073272051583711306e-01 5.732881876957438699e-02
6.746414200000000472e-01 6.025472842081452951e-01 5.545032288372119672e-02
7.271077200000000129e-01 6.084544415384616212e-01 5.052415314914762701e-02
7.836542699999999861e-01 6.098707811764704223e-01 5.591371694302712386e-02
8.445983999999999714e-01 6.164154515837106940e-01 6.589945970023469712e-02
9.102820999999999829e-01 6.434399420361988087e-01 8.077091608728155514e-02
9.810739699999999619e-01 6.522444582805428936e-01 8.849073697444857778e-02
1.057371300000000014e+00 6.995644613574663051e-01 1.210073253936743420e-01
1.139602100000000062e+00 7.114212737556562249e-01 1.061787115406672560e-01
1.228228000000000097e+00 7.111290953393664127e-01 8.733110144153423404e-02
1.323746300000000042e+00 7.482917255203624940e-01 1.085008939283943902e-01
1.426692899999999931e+00 7.835162568325788612e-01 1.131929146250784252e-01
1.537645600000000057e+00 8.013283744796383390e-01 1.337992353393059886e-01
1.657227000000000006e+00 8.244697413122166196e-01 1.239580802339031312e-01
1.786108199999999924e+00 8.504419755656108526e-01 1.315817099394849532e-01
1.925012299999999899e+00 9.614628064253388784e-01 2.239774052793667425e-01
2.074718799999999863e+00 1.055493555158371288e+00 3.047179362840478078e-01
2.236067999999999945e+00 1.068180644796380863e+00 2.833906669634531084e-01
2.409965099999999971e+00 1.125133184524887309e+00 1.991782862096217743e-01
2.597386000000000195e+00 1.149748376018099538e+00 9.605690518514742315e-02
2.799382599999999943e+00 1.231526021855203545e+00 1.704084717780420255e-01
3.017088199999999887e+00 1.306226417149321195e+00 2.367966000062778076e-01
3.251724600000000187e+00 1.688224477375566579e+00 3.676864862579908855e-01
3.504608399999999957e+00 2.023604100904976999e+00 5.952644328253494654e-01
3.777158899999999875e+00 2.856910288235294360e+00 8.900035649435029672e-01
4.070905299999999727e+00 3.443089101809952979e+00 1.104458041294059223e+00
4.387496200000000179e+00 3.405674348144797747e+00 1.003696040767699582e+00
4.728708000000000133e+00 3.326417537013573789e+00 1.028005508686644864e+00
5.096455699999999922e+00 3.230694403846152696e+00 9.974380994573849302e-01
5.492802700000000371e+00 2.881101815837102009e+00 7.981913268010454310e-01
5.919973299999999661e+00 2.805323905882351809e+00 8.143191763384253212e-01
6.380364700000000333e+00 2.446412079638009551e+00 4.558975982773906810e-01
6.876560200000000123e+00 2.151810366968325283e+00 3.177107503253247534e-01
7.411344500000000224e+00 2.147116539366515475e+00 2.680107257272641985e-01
7.987718499999999722e+00 1.922919645248868381e+00 2.395143434297340723e-01
8.608916600000000585e+00 1.644172373755657279e+00 1.724583975810139447e-01
9.278424799999999806e+00 1.554338706787330437e+00 2.025244239832751370e-01
1.000000000000000000e+01 1.689556892760181839e+00 2.316836649044717311e-01
