5.000000000000000000e-01 7.733556302392345927e-01 6.655798372166413235e-02
5.388845799999999464e-01 6.720524973205745933e-01 5.863327308236033347e-02
5.807931699999999697e-01 6.449555101913874156e-01 5.874660285584297481e-02
6.259609699999999499e-01 6.405500077033495776e-01 5.322760504023921202e-02
6.746414200000000472e-01 6.395818918181812585e-01 4.934747151038208768e-02
7.271077200000000129e-01 6.375627713875596791e-01 4.585861638948850183e-02
7.836542699999999861e-01 6.489972048325360898e-01 5.626615035464466869e-02
8.445983999999999714e-01 6.657872652631581234e-01 5.597546485175062397e-02
9.102820999999999829e-01 6.857740180861245927e-01 4.933300459339547833e-02
9.810739699999999619e-01 6.971443720574158620e-01 5.085810481806346539e-02
1.057371300000000014e+00 7.050270949282295696e-01 5.457988043523841204e-02
1.139602100000000062e+00 7.544798167942580180e-01 9.927664406722548629e-02
1.228228000000000097e+00 7.693861993301437385e-01 1.223215288631977066e-01
1.323746300000000042e+00 7.745850096650722660e-01 1.414713893833082492e-01
1.426692899999999931e+00 7.734745590430625040e-01 1.254514918502223630e-01
1.537645600000000057e+00 7.425641386602869209e-01 9.008126451479613050e-02
1.657227000000000006e+00 7.265398010526314954e-01 7.711784423714239389e-02
1.786108199999999924e+00 7.810995989473683565e-01 1.005231092932347275e-01
1.925012299999999899e+00 8.606645152631583473e-01 1.965561032465102664e-01
2.074718799999999863e+00 9.266242274641146581e-01 2.087901622052376338e-01
2.236067999999999945e+00 9.924868534449768909e-01 1.858973489160916370e-01
2.409965099999999971e+00 1.072910023923445033e+00 2.055650591823638962e-01
2.597386000000000195e+00 1.092185807655502217e+00 1.581027407073648250e-01
2.799382599999999943e+00 1.413956619665072356e+00 3.105342415743862494e-01
3.017088199999999887e+00 1.755983066028708350e+00 3.991648078460738880e-01
3.251724600000000187e+00 1.996176935885167092e+00 3.278554290476127231e-01
3.504608399999999957e+00 2.208675530622008498e+00 3.733270644206516109e-01
3.777158899999999875e+00 2.078122162200956691e+00 2.142239803895432670e-01
4.070905299999999727e+00 2.292869349760766173e+00 2.999737695646633728e-01
4.387496200000000179e+00 2.550550559330142963e+00 2.412561706838958486e-01
4.728708000000000133e+00 2.269051577990431667e+00 2.792812587600343455e-01
5.096455699999999922e+00 1.841104302870814058e+00 3.280117028667399737e-01
5.492802700000000371e+00 1.423711301578946653e+00 2.456537072509432096e-01
5.919973299999999661e+00 9.814295166985645968e-01 1.263668465813690411e-01
6.380364700000000333e+00 7.603481639234447309e-01 1.137174437404802618e-01
6.876560200000000123e+00 6.350360655023922218e-01 8.450977165417843107e-02
7.411344500000000224e+00 6.170532302392343071e-01 6.611789652521561644e-02
7.987718499999999722e+00 5.858823052631580985e-01 5.170322358996837925e-02
8.608916600000000585e+00 6.018339967942580859e-01 6.884455190904599509e-02
9.278424799999999806e+00 6.020299316267943013e-01 7.379934811453316146e-02
1.000000000000000000e+01 6.092857904784686474e-01 6.636336708966916742e-02
