5.000000000000000000e-01 8.758252394660195339e-01 1.125824667172903443e-01
5.388845799999999464e-01 7.587066210679614953e-01 9.539366421923835271e-02
5.807931699999999697e-01 7.513247097087377702e-01 9.613371956920224726e-02
6.259609699999999499e-01 7.988168320388353560e-01 1.233574485176848756e-01
6.746414200000000472e-01 8.504264617475727484e-01 1.429175142282024524e-01
7.271077200000000129e-01 8.771307222330094744e-01 1.474231930561354098e-01
7.836542699999999861e-01 8.421098472330094120e-01 1.278144857541753387e-01
8.445983999999999714e-01 8.616284933980584704e-01 1.192107428536269137e-01
9.102820999999999829e-01 9.556445145631071725e-01 1.388862858224577668e-01
9.810739699999999619e-01 1.050643302233009280e+00 1.728414294967829945e-01
1.057371300000000014e+00 1.173258200776699622e+00 2.368258852114368818e-01
1.139602100000000062e+00 1.241354463737863956e+00 2.695934988106002406e-01
1.228228000000000097e+00 1.244328188446602201e+00 3.636503298570269438e-01
1.323746300000000042e+00 1.115704916504854927e+00 2.279534319208740278e-01
1.426692899999999931e+00 1.040135449271844426e+00 1.768194003591745112e-01
1.537645600000000057e+00 1.232592999320389016e+00 2.787011799235484255e-01
1.657227000000000006e+00 1.131216286407767280e+00 2.105023141200785541e-01
1.786108199999999924e+00 1.067756881116504575e+00 1.616303674351815545e-01
1.925012299999999899e+00 9.756883523300974304e-01 1.648069542655458131e-01
2.074718799999999863e+00 1.116514436941747457e+00 2.661372076560521438e-01
2.236067999999999945e+00 7.638588866504856245e-01 1.585461645207587311e-01
2.409965099999999971e+00 8.509617379126215297e-01 1.505145463017130147e-01
2.597386000000000195e+00 8.126280483980581337e-01 1.213428738254986317e-01
2.799382599999999943e+00 7.511326033495148158e-01 8.421991356022383302e-02
3.017088199999999887e+00 6.975490563106793163e-01 6.757428594163540636e-02
3.251724600000000187e+00 6.931249305825237794e-01 1.051857085150097321e-01
3.504608399999999957e+00 7.745450370388345940e-01 1.033844701244429898e-01
3.777158899999999875e+00 8.041253317475733908e-01 1.009171457389212989e-01
4.070905299999999727e+00 8.482171415048548324e-01 9.927414578912817367e-02
4.387496200000000179e+00 9.351512495631056909e-01 1.378727817415077161e-01
4.728708000000000133e+00 1.037684107524271759e+00 2.407464056130497465e-01
5.096455699999999922e+00 1.009806731504854893e+00 2.530269238229418405e-01
5.492802700000000371e+00 1.001370283300970776e+00 2.385359724823315208e-01
5.919973299999999661e+00 8.646629404854367928e-01 1.545304465242477443e-01
6.380364700000000333e+00 9.978714690776701035e-01 2.956950568163898563e-01
6.876560200000000123e+00 1.067267344902912418e+00 2.956613573737066902e-01
7.411344500000000224e+00 1.242314272718446411e+00 3.646259465832660807e-01
7.987718499999999722e+00 1.264208777135920947e+00 3.721992445890586754e-01
8.608916600000000585e+00 1.145515226553398103e+00 2.695084805601086764e-01
9.278424799999999806e+00 1.085651098737864029e+00 1.720286067407698072e-01
1.000000000000000000e+01 1.095364482766989722e+00 1.611227259859616123e-01
