5.000000000000000000e-01 6.890468365463922051e-01 4.099753198153506528e-02
5.388845799999999464e-01 6.048160973711343980e-01 4.589301795565212810e-02
5.807931699999999697e-01 5.870989290206184430e-01 4.859592349319322158e-02
6.259609699999999499e-01 5.807509280412368469e-01 4.981798899205373138e-02
6.746414200000000472e-01 5.833729844845362278e-01 4.550238877453659930e-02
7.271077200000000129e-01 5.896801602061857439e-01 4.443730306839084598e-02
7.836542699999999861e-01 5.930925559278348302e-01 4.299639625060432818e-02
8.445983999999999714e-01 6.048770651030930257e-01 4.003143572249841242e-02
9.102820999999999829e-01 6.192323491237110566e-01 4.290571139563058994e-02
9.810739699999999619e-01 6.450279398969068767e-01 5.555952613754892855e-02
1.057371300000000014e+00 6.856298017525773725e-01 8.978242711302286683e-02
1.139602100000000062e+00 6.723086389690721143e-01 6.841295769812366645e-02
1.228228000000000097e+00 7.032536315979384112e-01 7.452106206898848062e-02
1.323746300000000042e+00 7.025606428865974751e-01 8.073401628277278308e-02
1.426692899999999931e+00 7.045012359793815238e-01 8.416484192634737793e-02
1.537645600000000057e+00 7.622075248969074623e-01 1.143015915691791701e-01
1.657227000000000006e+00 8.382084555670104020e-01 2.053622208857089071e-01
1.786108199999999924e+00 9.136417224742264809e-01 1.530486529160316467e-01
1.925012299999999899e+00 1.058462542731959388e+00 2.008505020131320928e-01
2.074718799999999863e+00 1.122743868247422672e+00 2.545076890908304357e-01
2.236067999999999945e+00 1.292779891340206211e+00 2.608986269055879048e-01
2.409965099999999971e+00 1.676781018556700698e+00 3.570685202072084730e-01
2.597386000000000195e+00 2.835643382989690320e+00 6.214408473689922996e-01
2.799382599999999943e+00 3.969432262886596341e+00 8.392852198123066376e-01
3.017088199999999887e+00 3.384304087628865254e+00 3.611577122378254456e-01
3.251724600000000187e+00 3.151309669072166919e+00 5.889308382484129689e-01
3.504608399999999957e+00 3.026620053092783369e+00 2.049703849626710872e-01
3.777158899999999875e+00 3.070281257731959812e+00 2.604778254642968194e-01
4.070905299999999727e+00 2.331606242783505145e+00 5.266195239482277524e-01
4.387496200000000179e+00 1.732312814432989567e+00 2.699501691387777846e-01
4.728708000000000133e+00 1.185133216701031111e+00 9.186696935881909221e-02
5.096455699999999922e+00 7.954797205154642281e-01 1.199611707338166938e-01
5.492802700000000371e+00 6.860055118041239464e-01 2.513297620907625762e-02
5.919973299999999661e+00 7.366583665463912745e-01 9.935454000503243788e-02
6.380364700000000333e+00 1.016921467113402144e+00 2.328942589525000995e-01
6.876560200000000123e+00 1.219638366701030874e+00 2.305048200125829616e-01
7.411344500000000224e+00 1.170479493711339858e+00 2.325372303514968431e-01
7.987718499999999722e+00 9.638889327835062915e-01 8.663899313521214451e-02
8.608916600000000585e+00 1.032349226546391829e+00 8.368502300059095511e-02
9.278424799999999806e+00 1.058740030670103360e+00 8.201584820359922312e-02
1.000000000000000000e+01 9.958322043814437086e-01 8.367609935031529445e-02
