5.000000000000000000e-01 5.927710152736318516e-01 4.859648441027523968e-02
5.388845799999999464e-01 5.033883957711445811e-01 3.888018377551807209e-02
5.807931699999999697e-01 4.790854659203978572e-01 3.776481534855483102e-02
6.259609699999999499e-01 4.870894499999998684e-01 4.567214456364884767e-02
6.746414200000000472e-01 4.952964586567162319e-01 4.324341109827914420e-02
7.271077200000000129e-01 4.990199313432837069e-01 4.213672150567744634e-02
7.836542699999999861e-01 5.038663735820892997e-01 4.449864808737723221e-02
8.445983999999999714e-01 5.129474887562189833e-01 5.231777693325624645e-02
9.102820999999999829e-01 5.155441735323385011e-01 5.953903711592475195e-02
9.810739699999999619e-01 5.065954399004974906e-01 7.106082159386536978e-02
1.057371300000000014e+00 5.170824530348256953e-01 7.027053850197180485e-02
1.139602100000000062e+00 5.023952919900498415e-01 9.239030524238482645e-02
1.228228000000000097e+00 5.108641306467661680e-01 7.263299812293076696e-02
1.323746300000000042e+00 5.320379169651742179e-01 5.053123471254882676e-02
1.426692899999999931e+00 5.312022107462688325e-01 5.928109708985591225e-02
1.537645600000000057e+00 5.125437039800996297e-01 5.192839299174582812e-02
1.657227000000000006e+00 4.974562054726374694e-01 5.464974623654741265e-02
1.786108199999999924e+00 5.295409366169153698e-01 7.347982131667249450e-02
1.925012299999999899e+00 5.042196954726370084e-01 6.921450320314953553e-02
2.074718799999999863e+00 4.992166693532340549e-01 6.027411307867141382e-02
2.236067999999999945e+00 5.041296758706466097e-01 5.465184126948700871e-02
2.409965099999999971e+00 5.155965909950248616e-01 4.025532232572065494e-02
2.597386000000000195e+00 5.188369896517411872e-01 6.882086812742432835e-02
2.799382599999999943e+00 5.297575436815922245e-01 5.424441540972679138e-02
3.017088199999999887e+00 5.209842214925372028e-01 4.133925189432575281e-02
3.251724600000000187e+00 5.348046534825869891e-01 7.316472246807413649e-02
3.504608399999999957e+00 5.352180825373131778e-01 6.879748099580194898e-02
3.777158899999999875e+00 5.489971382587065518e-01 5.912417632229244324e-02
4.070905299999999727e+00 6.427835603482590088e-01 5.811812431035637966e-02
4.387496200000000179e+00 6.236338108457708529e-01 1.050613489745626100e-01
4.728708000000000133e+00 5.998593916417910288e-01 8.770812966862978621e-02
5.096455699999999922e+00 6.051055270149251486e-01 7.110584424959986993e-02
5.492802700000000371e+00 6.253432784577116488e-01 5.881140831680777004e-02
5.919973299999999661e+00 6.359713763681589249e-01 6.231688960873180833e-02
6.380364700000000333e+00 6.748810723880594997e-01 9.308413491359343594e-02
6.876560200000000123e+00 6.429403381592040390e-01 8.948686495315091860e-02
7.411344500000000224e+00 6.459723882089551950e-01 8.185990499932319087e-02
7.987718499999999722e+00 6.510886668656716836e-01 7.438471373559214783e-02
8.608916600000000585e+00 6.988471196019898635e-01 7.648646664477998236e-02
9.278424799999999806e+00 7.061883085074631694e-01 5.624223869925425862e-02
1.000000000000000000e+01 6.996251655721389406e-01 5.108141719673536807e-02
