5.000000000000000000e-01 8.203637832850240175e-01 1.000948213589938629e-01
5.388845799999999464e-01 6.924699661352659019e-01 7.805345101366378824e-02
5.807931699999999697e-01 6.482157137198067964e-01 6.603127539453923500e-02
6.259609699999999499e-01 6.188237514492754832e-01 6.057208967049218518e-02
6.746414200000000472e-01 6.126414686956519473e-01 5.595775711261971597e-02
7.271077200000000129e-01 6.110037684541058667e-01 5.428789906790622982e-02
7.836542699999999861e-01 6.137621014009665421e-01 5.300638794089620326e-02
8.445983999999999714e-01 6.095162489855069365e-01 5.086970085135813363e-02
9.102820999999999829e-01 6.004418987922703899e-01 4.842575113829090255e-02
9.810739699999999619e-01 6.011633900483090986e-01 5.056934148511764426e-02
1.057371300000000014e+00 5.881883544927539731e-01 5.269000330128256054e-02
1.139602100000000062e+00 5.835089085507246809e-01 5.734947816314735214e-02
1.228228000000000097e+00 5.905220547342991955e-01 6.227338360928890565e-02
1.323746300000000042e+00 6.023668895652177779e-01 6.976712260952395994e-02
1.426692899999999931e+00 6.030769656521741684e-01 8.967384010388536331e-02
1.537645600000000057e+00 6.166030553623188526e-01 1.133739052248261825e-01
1.657227000000000006e+00 5.989614510628018529e-01 1.403416171924704858e-01
1.786108199999999924e+00 5.878181567149757258e-01 1.407429444936861285e-01
1.925012299999999899e+00 5.548592697101449867e-01 1.343390006568411232e-01
2.074718799999999863e+00 5.347231592753625140e-01 1.369999916177740695e-01
2.236067999999999945e+00 5.201607618357488860e-01 1.215973597507522125e-01
2.409965099999999971e+00 5.311050641545892459e-01 1.054634428020097547e-01
2.597386000000000195e+00 5.315031961352656431e-01 9.829630026899230377e-02
2.799382599999999943e+00 5.421200720289853781e-01 6.650591654788554075e-02
3.017088199999999887e+00 6.055928147342993784e-01 7.883335141524547285e-02
3.251724600000000187e+00 6.248469667149759710e-01 8.910644899501146687e-02
3.504608399999999957e+00 6.066287817391301518e-01 7.426622920305260556e-02
3.777158899999999875e+00 5.807775105314010311e-01 6.865062608116119514e-02
4.070905299999999727e+00 5.903813958454103838e-01 6.473166199491632578e-02
4.387496200000000179e+00 5.737147282608696663e-01 7.279697583274551131e-02
4.728708000000000133e+00 6.351190523188405823e-01 5.133574273488984707e-02
5.096455699999999922e+00 6.587000043961356299e-01 5.628046386162437187e-02
5.492802700000000371e+00 6.563407425603865475e-01 5.337834451336836289e-02
5.919973299999999661e+00 6.563950591787441891e-01 7.620311656373592035e-02
6.380364700000000333e+00 7.181117053623186086e-01 8.296224319039155470e-02
6.876560200000000123e+00 7.229134115942029704e-01 8.505947569147533083e-02
7.411344500000000224e+00 7.278328659420291169e-01 9.187511274220722113e-02
7.987718499999999722e+00 7.642371417391303767e-01 9.833685412554138416e-02
8.608916600000000585e+00 8.290822679227057845e-01 1.081546244585463723e-01
9.278424799999999806e+00 8.223644387439608128e-01 8.781994931655810743e-02
1.000000000000000000e+01 7.900617815458936821e-01 8.067180222032035997e-02
