5.000000000000000000e-01 7.495017479326920862e-01 1.274765669939617041e-01
5.388845799999999464e-01 6.515623983653850981e-01 1.053359137365014464e-01
5.807931699999999697e-01 6.252669359615384836e-01 1.116144728051681884e-01
6.259609699999999499e-01 6.423523129807693355e-01 1.470702722647107275e-01
6.746414200000000472e-01 6.593799872596157741e-01 1.717477384964347376e-01
7.271077200000000129e-01 6.665663717307691583e-01 1.910536615005426209e-01
7.836542699999999861e-01 6.826555427884618554e-01 2.021369837821746229e-01
8.445983999999999714e-01 6.889542312980770911e-01 2.096239071242395891e-01
9.102820999999999829e-01 7.135592662980768663e-01 2.054135300133575759e-01
9.810739699999999619e-01 7.282349008653843381e-01 2.115760069218973471e-01
1.057371300000000014e+00 7.196099558173073563e-01 2.081586633760310334e-01
1.139602100000000062e+00 7.329052124999998474e-01 2.099202046926575416e-01
1.228228000000000097e+00 7.217364341346151901e-01 1.565775348625320362e-01
1.323746300000000042e+00 7.051966376923075597e-01 1.544998944069127800e-01
1.426692899999999931e+00 7.078282783653844223e-01 1.947678915694132096e-01
1.537645600000000057e+00 6.774391060576921975e-01 1.571094464724519801e-01
1.657227000000000006e+00 6.997762978846157056e-01 1.748051152914898154e-01
1.786108199999999924e+00 7.264313737980767627e-01 1.913944559991319627e-01
1.925012299999999899e+00 6.820561151442312564e-01 1.294114740493735871e-01
2.074718799999999863e+00 6.615807012980767787e-01 1.145560329462467358e-01
2.236067999999999945e+00 6.741810169230771921e-01 1.201822852938697200e-01
2.409965099999999971e+00 7.055638312980765381e-01 1.209721103970412687e-01
2.597386000000000195e+00 7.165256541826922065e-01 1.236470997427595864e-01
2.799382599999999943e+00 6.907443799519227268e-01 8.976247082752385198e-02
3.017088199999999887e+00 7.011972552884618848e-01 7.826922669169798785e-02
3.251724600000000187e+00 6.910640425000003084e-01 1.040337299106545155e-01
3.504608399999999957e+00 7.267225166826923877e-01 1.005974990162165489e-01
3.777158899999999875e+00 7.276854434134615301e-01 8.777737204019842032e-02
4.070905299999999727e+00 8.376021478365387463e-01 1.202571289115866165e-01
4.387496200000000179e+00 9.342317045192312097e-01 1.723329252321141036e-01
4.728708000000000133e+00 1.040542152019231503e+00 1.653430664795511595e-01
5.096455699999999922e+00 1.069541294134615406e+00 1.504569587609264347e-01
5.492802700000000371e+00 9.818445111057693131e-01 1.116156472617894219e-01
5.919973299999999661e+00 9.016021855769225102e-01 1.028026266590907484e-01
6.380364700000000333e+00 1.539511983365384529e+00 5.854959489498515746e-01
6.876560200000000123e+00 1.980848168990384739e+00 7.812438116495680207e-01
7.411344500000000224e+00 2.257945916346153048e+00 6.455087981898356420e-01
7.987718499999999722e+00 2.849103383653846855e+00 5.241895821845812264e-01
8.608916600000000585e+00 4.202020662980770815e+00 9.837060188405003514e-01
9.278424799999999806e+00 3.828817790865384207e+00 9.129765031826974075e-01
1.000000000000000000e+01 3.123170449999999487e+00 8.522867542898393545e-01
