5.000000000000000000e-01 8.524051663725492611e-01 3.656391683483241617e-01
5.388845799999999464e-01 7.633604963235295360e-01 3.781104864961759016e-01
5.807931699999999697e-01 7.822199723529408288e-01 4.031173392165407487e-01
6.259609699999999499e-01 8.435741494607836843e-01 4.626624867036415178e-01
6.746414200000000472e-01 9.147074965686271542e-01 5.393369769006448600e-01
7.271077200000000129e-01 9.888631414215689475e-01 5.880692193161042303e-01
7.836542699999999861e-01 1.057931545343137048e+00 6.137456003533645621e-01
8.445983999999999714e-01 1.174792275980392375e+00 7.120292793997700098e-01
9.102820999999999829e-01 1.332800403823528379e+00 8.486796848411146676e-01
9.810739699999999619e-01 1.441764500980394104e+00 8.794548158352223366e-01
1.057371300000000014e+00 1.459999577892156619e+00 8.907937452094620845e-01
1.139602100000000062e+00 1.481800043137254663e+00 8.606236307933746721e-01
1.228228000000000097e+00 1.528119586127451024e+00 8.752242465694032303e-01
1.323746300000000042e+00 1.515696131568627480e+00 8.631253700498239256e-01
1.426692899999999931e+00 1.522023425686274356e+00 7.804417889832481192e-01
1.537645600000000057e+00 1.488710504215686070e+00 6.549606647511385660e-01
1.657227000000000006e+00 1.376827334607843012e+00 5.233409451045104577e-01
1.786108199999999924e+00 1.322957150490197131e+00 4.297429360679652643e-01
1.925012299999999899e+00 1.295646546911764174e+00 3.455414094523201474e-01
2.074718799999999863e+00 1.419354442107843228e+00 3.903758038744691850e-01
2.236067999999999945e+00 1.429415306666667274e+00 3.624031248048247833e-01
2.409965099999999971e+00 1.552963330000000530e+00 3.934917922190844242e-01
2.597386000000000195e+00 1.592924321029410395e+00 3.947193410175228734e-01
2.799382599999999943e+00 1.936800574411764897e+00 4.898371174620788637e-01
3.017088199999999887e+00 2.038795847058823441e+00 4.669534055808959860e-01
3.251724600000000187e+00 1.769739191960783442e+00 3.120728001833211196e-01
3.504608399999999957e+00 1.853903706372549864e+00 3.307897577903999298e-01
3.777158899999999875e+00 1.710589593137254338e+00 3.501507310985753074e-01
4.070905299999999727e+00 1.702982349019607655e+00 3.679009681172074053e-01
4.387496200000000179e+00 1.564673040784313462e+00 4.037542986258789157e-01
4.728708000000000133e+00 1.450738986764706029e+00 3.251830102104613651e-01
5.096455699999999922e+00 1.218015759803921849e+00 2.619562644503444226e-01
5.492802700000000371e+00 1.060313156764707054e+00 1.503275436266001130e-01
5.919973299999999661e+00 8.166860684803921577e-01 8.711225626858436211e-02
6.380364700000000333e+00 7.492657404411769972e-01 9.657405197318717771e-02
6.876560200000000123e+00 7.637187183823531678e-01 8.694508340562026594e-02
7.411344500000000224e+00 7.971391815686278415e-01 9.204629875525795202e-02
7.987718499999999722e+00 8.018662767647058986e-01 9.627627951051030697e-02
8.608916600000000585e+00 8.537847148529408292e-01 8.999582513774433135e-02
9.278424799999999806e+00 8.454415185294124058e-01 7.597020955586973601e-02
1.000000000000000000e+01 8.695604385294117833e-01 7.309598747173506883e-02
