5.000000000000000000e-01 7.644672459420289723e-01 4.499961791823030993e-02
5.388845799999999464e-01 6.748384971014493861e-01 4.814143424929270831e-02
5.807931699999999697e-01 6.500090104830920090e-01 5.163818498104050247e-02
6.259609699999999499e-01 6.488656480676328053e-01 5.309199490950944345e-02
6.746414200000000472e-01 6.509339235748788921e-01 6.069023253793461720e-02
7.271077200000000129e-01 6.635894496135262832e-01 6.040670341788901415e-02
7.836542699999999861e-01 6.800049915942029122e-01 6.818530579479707698e-02
8.445983999999999714e-01 6.922043861352660254e-01 7.888286792770332623e-02
9.102820999999999829e-01 7.122638886473422470e-01 9.264339083224190641e-02
9.810739699999999619e-01 7.157989044444437177e-01 7.604804073000602516e-02
1.057371300000000014e+00 7.116235792270531046e-01 8.820102964039845672e-02
1.139602100000000062e+00 7.460839922705313487e-01 1.187798365692309260e-01
1.228228000000000097e+00 7.529409219806764142e-01 1.139709042512816739e-01
1.323746300000000042e+00 8.124696427536229892e-01 1.689116629516353163e-01
1.426692899999999931e+00 8.286358376328508690e-01 1.596734905926034120e-01
1.537645600000000057e+00 8.420630367149757323e-01 1.344105174666561375e-01
1.657227000000000006e+00 8.432101414975838871e-01 1.002777769467885632e-01
1.786108199999999924e+00 8.831428651207727798e-01 1.232924619576642594e-01
1.925012299999999899e+00 9.917113752657001902e-01 2.124729671901787464e-01
2.074718799999999863e+00 1.109320714492754156e+00 2.586489958267317868e-01
2.236067999999999945e+00 1.161204540917874839e+00 2.069230564929374072e-01
2.409965099999999971e+00 1.169299811111111032e+00 1.392694975975299065e-01
2.597386000000000195e+00 1.259508478115942021e+00 2.063158267935457646e-01
2.799382599999999943e+00 1.462569363671497147e+00 2.327510570152213076e-01
3.017088199999999887e+00 1.632056862318841173e+00 2.254581309326177396e-01
3.251724600000000187e+00 2.023700362318840096e+00 2.797842858558760026e-01
3.504608399999999957e+00 2.727251382608694374e+00 4.368842757931453713e-01
3.777158899999999875e+00 2.218935655072464375e+00 2.496703823698994962e-01
4.070905299999999727e+00 1.775427264734299904e+00 1.374869639456048620e-01
4.387496200000000179e+00 1.332357945893720030e+00 1.191026250933716751e-01
4.728708000000000133e+00 1.091250693333332800e+00 8.311791040468896608e-02
5.096455699999999922e+00 9.716149303864739517e-01 1.091691524002870312e-01
5.492802700000000371e+00 9.036977136231888474e-01 1.070789754743816657e-01
5.919973299999999661e+00 8.928202654589374454e-01 4.856175679546900076e-02
6.380364700000000333e+00 1.059639872898550772e+00 1.081229962560958519e-01
6.876560200000000123e+00 8.254765814009660252e-01 5.396645108305899580e-02
7.411344500000000224e+00 7.613128922705314494e-01 5.197867119701145983e-02
7.987718499999999722e+00 7.652973197101451408e-01 4.803751770802697219e-02
8.608916600000000585e+00 8.180653365700477631e-01 3.658372365405856280e-02
9.278424799999999806e+00 1.192160991884057886e+00 1.763442730344578768e-01
1.000000000000000000e+01 1.596539414975846061e+00 4.031826035831138633e-01
