5.000000000000000000e-01 7.488290263513514011e-01 3.626617730668859063e-01
5.388845799999999464e-01 6.749449719369378098e-01 4.217174214496751672e-01
5.807931699999999697e-01 6.626347595045047889e-01 5.037529937283259374e-01
6.259609699999999499e-01 6.626465471171170130e-01 5.539914965521280932e-01
6.746414200000000472e-01 6.508142613513510089e-01 5.132360848328643144e-01
7.271077200000000129e-01 6.640429965765766163e-01 5.698091412413820445e-01
7.836542699999999861e-01 6.841891532882882210e-01 6.072443025104038439e-01
8.445983999999999714e-01 6.738271976126127827e-01 5.466901288287812077e-01
9.102820999999999829e-01 6.691603941441439662e-01 5.525333003242293151e-01
9.810739699999999619e-01 6.686827294594591686e-01 5.445895416091762753e-01
1.057371300000000014e+00 6.521787898198198041e-01 4.836609992611132225e-01
1.139602100000000062e+00 6.560447991891893427e-01 4.959632573169907022e-01
1.228228000000000097e+00 6.471347982432433810e-01 4.695544526376947414e-01
1.323746300000000042e+00 6.388708336486486061e-01 4.139751600561255018e-01
1.426692899999999931e+00 6.165554086486489949e-01 3.676144049723293894e-01
1.537645600000000057e+00 6.088807051801804482e-01 3.286487630606551025e-01
1.657227000000000006e+00 6.016193577927932967e-01 3.208827098694605473e-01
1.786108199999999924e+00 6.159518346396396504e-01 3.329152919695588797e-01
1.925012299999999899e+00 5.843946827927930521e-01 2.622106818621999791e-01
2.074718799999999863e+00 6.078626145045045170e-01 2.425850733226760092e-01
2.236067999999999945e+00 6.416207833783782455e-01 2.724211645756975941e-01
2.409965099999999971e+00 6.340022852702703604e-01 2.348037394880919393e-01
2.597386000000000195e+00 5.850521016216216896e-01 2.073274790907599918e-01
2.799382599999999943e+00 5.687824419819819122e-01 1.983917210199882264e-01
3.017088199999999887e+00 5.510597927927927131e-01 1.837730579178828427e-01
3.251724600000000187e+00 5.654935144594592789e-01 2.185940103664846812e-01
3.504608399999999957e+00 5.806208152252251287e-01 2.266448537641800043e-01
3.777158899999999875e+00 5.755177941891889137e-01 1.861248900902478520e-01
4.070905299999999727e+00 6.386017615765767763e-01 1.701330801823586480e-01
4.387496200000000179e+00 7.130133679279275771e-01 1.909895203682714093e-01
4.728708000000000133e+00 8.541594417567563990e-01 1.821426399935489882e-01
5.096455699999999922e+00 8.751422790540540619e-01 1.603584685472294602e-01
5.492802700000000371e+00 8.822413492342342511e-01 1.191414824228779201e-01
5.919973299999999661e+00 7.626992222972971414e-01 1.408287735699245702e-01
6.380364700000000333e+00 8.072705043243244560e-01 2.270953853487798213e-01
6.876560200000000123e+00 7.881830113063059695e-01 2.158828677658588546e-01
7.411344500000000224e+00 7.486412711261256625e-01 1.762673340043390269e-01
7.987718499999999722e+00 7.659405863963958394e-01 1.677049134120285612e-01
8.608916600000000585e+00 9.124319195495497192e-01 1.915917398512214653e-01
9.278424799999999806e+00 9.836797498648647275e-01 1.600877234950155714e-01
1.000000000000000000e+01 1.034284746036036262e+00 1.293772250161787651e-01
