0.4000,3.1986
0.4082,3.1947
0.4167,3.1786
0.4255,3.1761
0.4348,3.1700
0.4444,3.1663
0.4545,3.1631
0.4651,3.1604
0.4762,3.1566
0.4878,3.1497
0.5000,3.1483
0.5128,3.1418
0.5263,3.1345
0.5405,3.1253
0.5556,3.1184
0.5714,3.1080
0.5882,3.1009
0.6061,3.0934
0.6250,3.0841
0.6452,3.0722
0.6667,3.0659
0.6897,3.0538
0.7143,3.0499
0.7407,3.0441
0.7692,3.0331
0.8000,3.0194
0.8333,3.0060
0.8696,2.9976
0.9091,2.9882
0.9524,2.9742
1.0000,2.9653
1.0526,2.9579
1.1111,2.9479
1.1765,2.9405
1.2500,2.9209
1.3333,2.9088
1.4286,2.8952
1.5385,2.8722
1.6667,2.8567
1.8182,2.8298
2.0000,2.8161
