0.4000,3.2193
0.4082,3.2140
0.4167,3.2073
0.4255,3.2012
0.4348,3.1930
0.4444,3.1874
0.4545,3.1802
0.4651,3.1780
0.4762,3.1685
0.4878,3.1632
0.5000,3.1582
0.5128,3.1568
0.5263,3.1527
0.5405,3.1453
0.5556,3.1411
0.5714,3.1354
0.5882,3.1310
0.6061,3.1278
0.6250,3.1236
0.6452,3.1175
0.6667,3.1158
0.6897,3.1166
0.7143,3.1076
0.7407,3.0987
0.7692,3.0971
0.8000,3.0843
0.8333,3.0855
0.8696,3.0701
0.9091,3.0647
0.9524,3.0525
1.0000,3.0284
1.0526,3.0111
1.1111,3.0115
1.1765,3.0026
1.2500,2.9836
1.3333,2.9870
1.4286,2.9697
1.5385,2.9549
1.6667,2.9328
1.8182,2.9327
2.0000,2.8945
