0.4000,3.1404
0.4082,3.1384
0.4167,3.1371
0.4255,3.1332
0.4348,3.1291
0.4444,3.1253
0.4545,3.1205
0.4651,3.1168
0.4762,3.1095
0.4878,3.1032
0.5000,3.0950
0.5128,3.0887
0.5263,3.0822
0.5405,3.0757
0.5556,3.0723
0.5714,3.0655
0.5882,3.0594
0.6061,3.0517
0.6250,3.0476
0.6452,3.0403
0.6667,3.0363
0.6897,3.0310
0.7143,3.0284
0.7407,3.0241
0.7692,3.0213
0.8000,3.0129
0.8333,3.0070
0.8696,3.0040
0.9091,2.9918
0.9524,2.9813
1.0000,2.9589
1.0526,2.9538
1.1111,2.9430
1.1765,2.9326
1.2500,2.9072
1.3333,2.8968
1.4286,2.8885
1.5385,2.8729
1.6667,2.8443
1.8182,2.8438
2.0000,2.8223
