0.4000,3.2093
0.4082,3.2053
0.4167,3.1928
0.4255,3.1865
0.4348,3.1837
0.4444,3.1743
0.4545,3.1625
0.4651,3.1632
0.4762,3.1560
0.4878,3.1516
0.5000,3.1527
0.5128,3.1512
0.5263,3.1464
0.5405,3.1357
0.5556,3.1285
0.5714,3.1237
0.5882,3.1183
0.6061,3.1136
0.6250,3.1037
0.6452,3.0954
0.6667,3.0895
0.6897,3.0711
0.7143,3.0605
0.7407,3.0552
0.7692,3.0441
0.8000,3.0371
0.8333,3.0279
0.8696,3.0297
0.9091,3.0177
0.9524,3.0013
1.0000,2.9912
1.0526,2.9975
1.1111,2.9919
1.1765,2.9869
1.2500,2.9717
1.3333,2.9699
1.4286,2.9635
1.5385,2.9300
1.6667,2.9121
1.8182,2.8730
2.0000,2.8572
