0.4000,3.1438
0.4082,3.1418
0.4167,3.1337
0.4255,3.1330
0.4348,3.1318
0.4444,3.1318
0.4545,3.1186
0.4651,3.1168
0.4762,3.1123
0.4878,3.1074
0.5000,3.1019
0.5128,3.0956
0.5263,3.0882
0.5405,3.0804
0.5556,3.0731
0.5714,3.0634
0.5882,3.0533
0.6061,3.0447
0.6250,3.0335
0.6452,3.0209
0.6667,3.0105
0.6897,3.0015
0.7143,2.9859
0.7407,2.9758
0.7692,2.9623
0.8000,2.9481
0.8333,2.9175
0.8696,2.9029
0.9091,2.8860
0.9524,2.8741
1.0000,2.8553
1.0526,2.8425
1.1111,2.8346
1.1765,2.8288
1.2500,2.8105
1.3333,2.8007
1.4286,2.7987
1.5385,2.7885
1.6667,2.7741
1.8182,2.7685
2.0000,2.7486
