0.4000,3.1713
0.4082,3.1692
0.4167,3.1592
0.4255,3.1564
0.4348,3.1508
0.4444,3.1432
0.4545,3.1369
0.4651,3.1333
0.4762,3.1280
0.4878,3.1241
0.5000,3.1164
0.5128,3.1128
0.5263,3.1090
0.5405,3.1057
0.5556,3.0993
0.5714,3.0913
0.5882,3.0859
0.6061,3.0826
0.6250,3.0779
0.6452,3.0703
0.6667,3.0639
0.6897,3.0593
0.7143,3.0510
0.7407,3.0453
0.7692,3.0418
0.8000,3.0288
0.8333,3.0286
0.8696,3.0188
0.9091,3.0070
0.9524,2.9885
1.0000,2.9691
1.0526,2.9539
1.1111,2.9468
1.1765,2.9423
1.2500,2.9238
1.3333,2.9180
1.4286,2.9046
1.5385,2.8823
1.6667,2.8463
1.8182,2.8367
2.0000,2.7883
