0.4000,3.1927
0.4082,3.1904
0.4167,3.1850
0.4255,3.1831
0.4348,3.1808
0.4444,3.1810
0.4545,3.1726
0.4651,3.1682
0.4762,3.1629
0.4878,3.1549
0.5000,3.1443
0.5128,3.1385
0.5263,3.1337
0.5405,3.1325
0.5556,3.1222
0.5714,3.1123
0.5882,3.1068
0.6061,3.0966
0.6250,3.0866
0.6452,3.0768
0.6667,3.0687
0.6897,3.0527
0.7143,3.0226
0.7407,3.0111
0.7692,2.9974
0.8000,2.9793
0.8333,2.9620
0.8696,2.9550
0.9091,2.9487
0.9524,2.9383
1.0000,2.9086
1.0526,2.8948
1.1111,2.8758
1.1765,2.8595
1.2500,2.8378
1.3333,2.8296
1.4286,2.8011
1.5385,2.7977
1.6667,2.7802
1.8182,2.7650
2.0000,2.7676
