0.4000,3.1858
0.4082,3.1790
0.4167,3.1687
0.4255,3.1608
0.4348,3.1550
0.4444,3.1469
0.4545,3.1395
0.4651,3.1396
0.4762,3.1339
0.4878,3.1279
0.5000,3.1183
0.5128,3.1128
0.5263,3.1050
0.5405,3.1011
0.5556,3.0931
0.5714,3.0869
0.5882,3.0799
0.6061,3.0698
0.6250,3.0567
0.6452,3.0502
0.6667,3.0423
0.6897,3.0190
0.7143,2.9898
0.7407,2.9735
0.7692,2.9561
0.8000,2.9456
0.8333,2.9377
0.8696,2.9239
0.9091,2.9119
0.9524,2.9159
1.0000,2.9077
1.0526,2.8997
1.1111,2.8931
1.1765,2.8839
1.2500,2.8665
1.3333,2.8556
1.4286,2.8238
1.5385,2.8211
1.6667,2.8070
1.8182,2.8190
2.0000,2.8409
