0.4000,3.1137
0.4082,3.1123
0.4167,3.1111
0.4255,3.1057
0.4348,3.1049
0.4444,3.0961
0.4545,3.0912
0.4651,3.0859
0.4762,3.0786
0.4878,3.0725
0.5000,3.0628
0.5128,3.0577
0.5263,3.0530
0.5405,3.0459
0.5556,3.0376
0.5714,3.0318
0.5882,3.0253
0.6061,3.0236
0.6250,3.0146
0.6452,3.0049
0.6667,2.9948
0.6897,2.9917
0.7143,2.9741
0.7407,2.9534
0.7692,2.9416
0.8000,2.9338
0.8333,2.9114
0.8696,2.9084
0.9091,2.8899
0.9524,2.8665
1.0000,2.8309
1.0526,2.8319
1.1111,2.8104
1.1765,2.7827
1.2500,2.7631
1.3333,2.7516
1.4286,2.7358
1.5385,2.7294
1.6667,2.7179
1.8182,2.7025
2.0000,2.6943
