0.4000,3.2044
0.4082,3.2007
0.4167,3.1984
0.4255,3.1979
0.4348,3.1966
0.4444,3.1927
0.4545,3.1799
0.4651,3.1713
0.4762,3.1611
0.4878,3.1522
0.5000,3.1439
0.5128,3.1357
0.5263,3.1237
0.5405,3.1178
0.5556,3.1017
0.5714,3.0951
0.5882,3.0890
0.6061,3.0821
0.6250,3.0738
0.6452,3.0633
0.6667,3.0529
0.6897,3.0315
0.7143,3.0161
0.7407,3.0150
0.7692,2.9966
0.8000,2.9854
0.8333,2.9788
0.8696,2.9797
0.9091,2.9686
0.9524,2.9506
1.0000,2.9322
1.0526,2.9347
1.1111,2.9187
1.1765,2.9054
1.2500,2.8922
1.3333,2.8891
1.4286,2.8845
1.5385,2.8528
1.6667,2.8248
1.8182,2.8041
2.0000,2.7682
