0.4000,3.1389
0.4082,3.1378
0.4167,3.1331
0.4255,3.1301
0.4348,3.1295
0.4444,3.1216
0.4545,3.1175
0.4651,3.1086
0.4762,3.1009
0.4878,3.0932
0.5000,3.0860
0.5128,3.0829
0.5263,3.0766
0.5405,3.0692
0.5556,3.0557
0.5714,3.0478
0.5882,3.0380
0.6061,3.0302
0.6250,3.0130
0.6452,3.0053
0.6667,2.9874
0.6897,2.9766
0.7143,2.9508
0.7407,2.9325
0.7692,2.9206
0.8000,2.9119
0.8333,2.8830
0.8696,2.8835
0.9091,2.8686
0.9524,2.8518
1.0000,2.8028
1.0526,2.7933
1.1111,2.7820
1.1765,2.7560
1.2500,2.7318
1.3333,2.7264
1.4286,2.7142
1.5385,2.7186
1.6667,2.7024
1.8182,2.6775
2.0000,2.6664
