0.4000,3.1162
0.4082,3.1140
0.4167,3.1089
0.4255,3.1013
0.4348,3.0954
0.4444,3.0968
0.4545,3.0956
0.4651,3.0866
0.4762,3.0823
0.4878,3.0713
0.5000,3.0543
0.5128,3.0505
0.5263,3.0401
0.5405,3.0322
0.5556,3.0251
0.5714,3.0200
0.5882,3.0089
0.6061,3.0023
0.6250,2.9923
0.6452,2.9861
0.6667,2.9793
0.6897,2.9629
0.7143,2.9441
0.7407,2.9247
0.7692,2.9129
0.8000,2.8976
0.8333,2.8705
0.8696,2.8540
0.9091,2.8424
0.9524,2.8401
1.0000,2.8140
1.0526,2.8125
1.1111,2.7964
1.1765,2.7907
1.2500,2.7815
1.3333,2.7634
1.4286,2.7581
1.5385,2.7371
1.6667,2.7087
1.8182,2.6930
2.0000,2.7145
