0.4000,3.1376
0.4082,3.1362
0.4167,3.1384
0.4255,3.1348
0.4348,3.1323
0.4444,3.1319
0.4545,3.1272
0.4651,3.1156
0.4762,3.1102
0.4878,3.1054
0.5000,3.0914
0.5128,3.0917
0.5263,3.0829
0.5405,3.0765
0.5556,3.0661
0.5714,3.0592
0.5882,3.0482
0.6061,3.0451
0.6250,3.0347
0.6452,3.0308
0.6667,3.0171
0.6897,3.0066
0.7143,2.9849
0.7407,2.9758
0.7692,2.9641
0.8000,2.9547
0.8333,2.9315
0.8696,2.9237
0.9091,2.9219
0.9524,2.9118
1.0000,2.8844
1.0526,2.8846
1.1111,2.8712
1.1765,2.8555
1.2500,2.8330
1.3333,2.8139
1.4286,2.8054
1.5385,2.7969
1.6667,2.7563
1.8182,2.7350
2.0000,2.7429
