0.4000,3.1512
0.4082,3.1486
0.4167,3.1476
0.4255,3.1424
0.4348,3.1365
0.4444,3.1457
0.4545,3.1420
0.4651,3.1314
0.4762,3.1227
0.4878,3.1135
0.5000,3.1057
0.5128,3.1015
0.5263,3.0928
0.5405,3.0883
0.5556,3.0716
0.5714,3.0657
0.5882,3.0544
0.6061,3.0455
0.6250,3.0322
0.6452,3.0276
0.6667,3.0165
0.6897,3.0113
0.7143,2.9968
0.7407,2.9875
0.7692,2.9789
0.8000,2.9653
0.8333,2.9452
0.8696,2.9267
0.9091,2.9215
0.9524,2.9153
1.0000,2.8984
1.0526,2.8984
1.1111,2.8791
1.1765,2.8627
1.2500,2.8432
1.3333,2.8175
1.4286,2.8006
1.5385,2.7905
1.6667,2.7547
1.8182,2.7407
2.0000,2.7676
