0.4000,3.2061
0.4082,3.1978
0.4167,3.1824
0.4255,3.1799
0.4348,3.1718
0.4444,3.1662
0.4545,3.1546
0.4651,3.1443
0.4762,3.1372
0.4878,3.1272
0.5000,3.1186
0.5128,3.1088
0.5263,3.0983
0.5405,3.0930
0.5556,3.0766
0.5714,3.0662
0.5882,3.0564
0.6061,3.0461
0.6250,3.0303
0.6452,3.0216
0.6667,3.0075
0.6897,2.9938
0.7143,2.9785
0.7407,2.9633
0.7692,2.9521
0.8000,2.9401
0.8333,2.9321
0.8696,2.9047
0.9091,2.8969
0.9524,2.8800
1.0000,2.8761
1.0526,2.8503
1.1111,2.8411
1.1765,2.8229
1.2500,2.7977
1.3333,2.7568
1.4286,2.7426
1.5385,2.7192
1.6667,2.7041
1.8182,2.7055
2.0000,2.6761
