0.4000,3.1647
0.4082,3.1592
0.4167,3.1517
0.4255,3.1465
0.4348,3.1395
0.4444,3.1348
0.4545,3.1327
0.4651,3.1265
0.4762,3.1153
0.4878,3.1037
0.5000,3.0919
0.5128,3.0868
0.5263,3.0749
0.5405,3.0672
0.5556,3.0534
0.5714,3.0440
0.5882,3.0305
0.6061,3.0157
0.6250,2.9950
0.6452,2.9896
0.6667,2.9808
0.6897,2.9685
0.7143,2.9443
0.7407,2.9181
0.7692,2.9078
0.8000,2.8944
0.8333,2.8832
0.8696,2.8528
0.9091,2.8431
0.9524,2.8367
1.0000,2.8226
1.0526,2.8156
1.1111,2.7999
1.1765,2.7889
1.2500,2.7616
1.3333,2.7376
1.4286,2.7131
1.5385,2.7000
1.6667,2.6790
1.8182,2.6860
2.0000,2.7164
