0.4000,3.1457
0.4082,3.1403
0.4167,3.1353
0.4255,3.1303
0.4348,3.1289
0.4444,3.1232
0.4545,3.1174
0.4651,3.1123
0.4762,3.1093
0.4878,3.1050
0.5000,3.0924
0.5128,3.0872
0.5263,3.0793
0.5405,3.0702
0.5556,3.0663
0.5714,3.0573
0.5882,3.0475
0.6061,3.0395
0.6250,3.0319
0.6452,3.0242
0.6667,3.0142
0.6897,2.9991
0.7143,2.9816
0.7407,2.9702
0.7692,2.9610
0.8000,2.9524
0.8333,2.9213
0.8696,2.9124
0.9091,2.9090
0.9524,2.9039
1.0000,2.8841
1.0526,2.8747
1.1111,2.8649
1.1765,2.8536
1.2500,2.8375
1.3333,2.8212
1.4286,2.8072
1.5385,2.7804
1.6667,2.7612
1.8182,2.7495
2.0000,2.7318
