0.4000,3.1152
0.4082,3.1138
0.4167,3.0982
0.4255,3.0918
0.4348,3.0860
0.4444,3.0871
0.4545,3.0765
0.4651,3.0714
0.4762,3.0722
0.4878,3.0623
0.5000,3.0527
0.5128,3.0450
0.5263,3.0377
0.5405,3.0271
0.5556,3.0239
0.5714,3.0144
0.5882,3.0060
0.6061,2.9955
0.6250,2.9850
0.6452,2.9757
0.6667,2.9681
0.6897,2.9482
0.7143,2.9386
0.7407,2.9242
0.7692,2.9145
0.8000,2.8970
0.8333,2.8738
0.8696,2.8606
0.9091,2.8477
0.9524,2.8456
1.0000,2.8200
1.0526,2.8025
1.1111,2.7980
1.1765,2.7941
1.2500,2.7870
1.3333,2.7792
1.4286,2.7787
1.5385,2.7672
1.6667,2.7624
1.8182,2.7571
2.0000,2.7550
