0.4000,3.2015
0.4082,3.2020
0.4167,3.1970
0.4255,3.2002
0.4348,3.1976
0.4444,3.1966
0.4545,3.1995
0.4651,3.1947
0.4762,3.1899
0.4878,3.1795
0.5000,3.1699
0.5128,3.1610
0.5263,3.1482
0.5405,3.1379
0.5556,3.1276
0.5714,3.1186
0.5882,3.1121
0.6061,3.0978
0.6250,3.0890
0.6452,3.0798
0.6667,3.0790
0.6897,3.0660
0.7143,3.0496
0.7407,3.0367
0.7692,3.0279
0.8000,3.0190
0.8333,3.0086
0.8696,2.9993
0.9091,2.9914
0.9524,2.9867
1.0000,2.9628
1.0526,2.9568
1.1111,2.9373
1.1765,2.9196
1.2500,2.8921
1.3333,2.8780
1.4286,2.8541
1.5385,2.8477
1.6667,2.8412
1.8182,2.8324
2.0000,2.8126
