0.4000,3.1736
0.4082,3.1674
0.4167,3.1570
0.4255,3.1534
0.4348,3.1453
0.4444,3.1529
0.4545,3.1501
0.4651,3.1410
0.4762,3.1358
0.4878,3.1275
0.5000,3.1267
0.5128,3.1189
0.5263,3.1125
0.5405,3.1088
0.5556,3.0941
0.5714,3.0866
0.5882,3.0801
0.6061,3.0614
0.6250,3.0401
0.6452,3.0315
0.6667,3.0179
0.6897,3.0070
0.7143,2.9926
0.7407,2.9813
0.7692,2.9752
0.8000,2.9662
0.8333,2.9587
0.8696,2.9394
0.9091,2.9267
0.9524,2.9196
1.0000,2.9024
1.0526,2.8926
1.1111,2.8753
1.1765,2.8605
1.2500,2.8386
1.3333,2.8151
1.4286,2.7845
1.5385,2.7792
1.6667,2.7749
1.8182,2.7804
2.0000,2.7869
