0.4000,3.1292
0.4082,3.1250
0.4167,3.1228
0.4255,3.1236
0.4348,3.1200
0.4444,3.1191
0.4545,3.1201
0.4651,3.1120
0.4762,3.1014
0.4878,3.0904
0.5000,3.0860
0.5128,3.0767
0.5263,3.0682
0.5405,3.0620
0.5556,3.0468
0.5714,3.0389
0.5882,3.0292
0.6061,3.0205
0.6250,3.0009
0.6452,2.9926
0.6667,2.9816
0.6897,2.9719
0.7143,2.9530
0.7407,2.9420
0.7692,2.9307
0.8000,2.9259
0.8333,2.8943
0.8696,2.8909
0.9091,2.8752
0.9524,2.8645
1.0000,2.8346
1.0526,2.8142
1.1111,2.8060
1.1765,2.8025
1.2500,2.7825
1.3333,2.7713
1.4286,2.7675
1.5385,2.7589
1.6667,2.7475
1.8182,2.7224
2.0000,2.6936
