0.4000,3.1930
0.4082,3.1912
0.4167,3.1848
0.4255,3.1847
0.4348,3.1810
0.4444,3.1712
0.4545,3.1638
0.4651,3.1619
0.4762,3.1579
0.4878,3.1468
0.5000,3.1374
0.5128,3.1287
0.5263,3.1178
0.5405,3.1110
0.5556,3.0952
0.5714,3.0895
0.5882,3.0808
0.6061,3.0698
0.6250,3.0567
0.6452,3.0466
0.6667,3.0423
0.6897,3.0234
0.7143,3.0086
0.7407,2.9930
0.7692,2.9796
0.8000,2.9706
0.8333,2.9529
0.8696,2.9413
0.9091,2.9244
0.9524,2.9223
1.0000,2.9097
1.0526,2.9046
1.1111,2.8911
1.1765,2.8759
1.2500,2.8625
1.3333,2.8522
1.4286,2.8366
1.5385,2.8200
1.6667,2.8104
1.8182,2.7990
2.0000,2.7674
