0.4000,3.1288
0.4082,3.1268
0.4167,3.1198
0.4255,3.1150
0.4348,3.1091
0.4444,3.1054
0.4545,3.0993
0.4651,3.0958
0.4762,3.0895
0.4878,3.0844
0.5000,3.0772
0.5128,3.0737
0.5263,3.0688
0.5405,3.0634
0.5556,3.0615
0.5714,3.0572
0.5882,3.0503
0.6061,3.0474
0.6250,3.0452
0.6452,3.0421
0.6667,3.0411
0.6897,3.0249
0.7143,3.0089
0.7407,2.9882
0.7692,2.9785
0.8000,2.9694
0.8333,2.9551
0.8696,2.9529
0.9091,2.9485
0.9524,2.9454
1.0000,2.9360
1.0526,2.9357
1.1111,2.9349
1.1765,2.9343
1.2500,2.9183
1.3333,2.9171
1.4286,2.9096
1.5385,2.9014
1.6667,2.8689
1.8182,2.8675
2.0000,2.8503
