0.4000,3.1926
0.4082,3.1913
0.4167,3.1871
0.4255,3.1790
0.4348,3.1735
0.4444,3.1687
0.4545,3.1585
0.4651,3.1528
0.4762,3.1486
0.4878,3.1405
0.5000,3.1278
0.5128,3.1240
0.5263,3.1209
0.5405,3.1141
0.5556,3.1018
0.5714,3.0983
0.5882,3.0930
0.6061,3.0894
0.6250,3.0816
0.6452,3.0720
0.6667,3.0689
0.6897,3.0624
0.7143,3.0530
0.7407,3.0403
0.7692,3.0282
0.8000,3.0180
0.8333,3.0114
0.8696,3.0000
0.9091,2.9924
0.9524,2.9833
1.0000,2.9731
1.0526,2.9585
1.1111,2.9491
1.1765,2.9455
1.2500,2.9192
1.3333,2.9186
1.4286,2.9149
1.5385,2.9102
1.6667,2.9034
1.8182,2.9131
2.0000,2.9087
