0.4000,3.1996
0.4082,3.1953
0.4167,3.1859
0.4255,3.1806
0.4348,3.1774
0.4444,3.1751
0.4545,3.1636
0.4651,3.1609
0.4762,3.1578
0.4878,3.1512
0.5000,3.1421
0.5128,3.1380
0.5263,3.1327
0.5405,3.1228
0.5556,3.1136
0.5714,3.1047
0.5882,3.0964
0.6061,3.0823
0.6250,3.0641
0.6452,3.0471
0.6667,3.0295
0.6897,3.0214
0.7143,2.9965
0.7407,2.9891
0.7692,2.9761
0.8000,2.9730
0.8333,2.9374
0.8696,2.9257
0.9091,2.9163
0.9524,2.8978
1.0000,2.8602
1.0526,2.8624
1.1111,2.8437
1.1765,2.8157
1.2500,2.7948
1.3333,2.7900
1.4286,2.7720
1.5385,2.7477
1.6667,2.7066
1.8182,2.6762
2.0000,2.6408
