0.4000,3.1437
0.4082,3.1413
0.4167,3.1329
0.4255,3.1298
0.4348,3.1262
0.4444,3.1341
0.4545,3.1358
0.4651,3.1321
0.4762,3.1241
0.4878,3.1160
0.5000,3.1110
0.5128,3.1056
0.5263,3.0970
0.5405,3.0915
0.5556,3.0734
0.5714,3.0638
0.5882,3.0523
0.6061,3.0452
0.6250,3.0260
0.6452,3.0187
0.6667,3.0022
0.6897,2.9849
0.7143,2.9535
0.7407,2.9477
0.7692,2.9343
0.8000,2.9254
0.8333,2.9030
0.8696,2.9036
0.9091,2.8836
0.9524,2.8792
1.0000,2.8424
1.0526,2.8280
1.1111,2.8248
1.1765,2.8265
1.2500,2.8108
1.3333,2.8245
1.4286,2.8278
1.5385,2.8395
1.6667,2.8247
1.8182,2.8126
2.0000,2.8110
