0.4000,3.1323
0.4082,3.1280
0.4167,3.1272
0.4255,3.1266
0.4348,3.1219
0.4444,3.1186
0.4545,3.1190
0.4651,3.1121
0.4762,3.1039
0.4878,3.0973
0.5000,3.0919
0.5128,3.0850
0.5263,3.0786
0.5405,3.0734
0.5556,3.0639
0.5714,3.0576
0.5882,3.0496
0.6061,3.0437
0.6250,3.0317
0.6452,3.0238
0.6667,3.0195
0.6897,3.0132
0.7143,3.0046
0.7407,2.9922
0.7692,2.9808
0.8000,2.9707
0.8333,2.9446
0.8696,2.9409
0.9091,2.9295
0.9524,2.9169
1.0000,2.9015
1.0526,2.9027
1.1111,2.8983
1.1765,2.9012
1.2500,2.8713
1.3333,2.8516
1.4286,2.8403
1.5385,2.8270
1.6667,2.8136
1.8182,2.8082
2.0000,2.7760
