0.4000,3.2149
0.4082,3.2128
0.4167,3.2109
0.4255,3.2067
0.4348,3.2079
0.4444,3.2046
0.4545,3.2037
0.4651,3.1950
0.4762,3.1921
0.4878,3.1872
0.5000,3.1714
0.5128,3.1649
0.5263,3.1543
0.5405,3.1484
0.5556,3.1381
0.5714,3.1306
0.5882,3.1228
0.6061,3.1105
0.6250,3.0920
0.6452,3.0775
0.6667,3.0619
0.6897,3.0551
0.7143,3.0347
0.7407,3.0237
0.7692,3.0203
0.8000,3.0060
0.8333,2.9836
0.8696,2.9736
0.9091,2.9707
0.9524,2.9535
1.0000,2.9391
1.0526,2.9360
1.1111,2.9242
1.1765,2.9169
1.2500,2.9132
1.3333,2.9224
1.4286,2.9055
1.5385,2.8875
1.6667,2.8599
1.8182,2.8303
2.0000,2.8067
