0.4000,3.1856
0.4082,3.1828
0.4167,3.1727
0.4255,3.1665
0.4348,3.1573
0.4444,3.1479
0.4545,3.1329
0.4651,3.1259
0.4762,3.1200
0.4878,3.1255
0.5000,3.1187
0.5128,3.1160
0.5263,3.1113
0.5405,3.1085
0.5556,3.1051
0.5714,3.0954
0.5882,3.0885
0.6061,3.0725
0.6250,3.0665
0.6452,3.0612
0.6667,3.0583
0.6897,3.0536
0.7143,3.0495
0.7407,3.0418
0.7692,3.0341
0.8000,3.0250
0.8333,3.0259
0.8696,3.0102
0.9091,3.0149
0.9524,3.0089
1.0000,3.0157
1.0526,3.0127
1.1111,3.0117
1.1765,3.0038
1.2500,3.0051
1.3333,2.9710
1.4286,2.9575
1.5385,2.9356
1.6667,2.9286
1.8182,2.8990
2.0000,2.8657
