0.4000,3.1146
0.4082,3.1131
0.4167,3.1114
0.4255,3.1074
0.4348,3.1055
0.4444,3.0989
0.4545,3.0942
0.4651,3.0895
0.4762,3.0825
0.4878,3.0769
0.5000,3.0694
0.5128,3.0646
0.5263,3.0609
0.5405,3.0547
0.5556,3.0465
0.5714,3.0410
0.5882,3.0343
0.6061,3.0328
0.6250,3.0245
0.6452,3.0154
0.6667,3.0083
0.6897,3.0047
0.7143,2.9917
0.7407,2.9739
0.7692,2.9629
0.8000,2.9554
0.8333,2.9360
0.8696,2.9355
0.9091,2.9133
0.9524,2.8925
1.0000,2.8607
1.0526,2.8641
1.1111,2.8504
1.1765,2.8338
1.2500,2.8145
1.3333,2.8007
1.4286,2.7881
1.5385,2.7804
1.6667,2.7714
1.8182,2.7587
2.0000,2.7383
