0.4000,3.1913
0.4082,3.1852
0.4167,3.1674
0.4255,3.1653
0.4348,3.1616
0.4444,3.1569
0.4545,3.1490
0.4651,3.1400
0.4762,3.1363
0.4878,3.1331
0.5000,3.1327
0.5128,3.1255
0.5263,3.1198
0.5405,3.1160
0.5556,3.1120
0.5714,3.1010
0.5882,3.0941
0.6061,3.0844
0.6250,3.0660
0.6452,3.0530
0.6667,3.0308
0.6897,3.0091
0.7143,2.9798
0.7407,2.9602
0.7692,2.9474
0.8000,2.9290
0.8333,2.9215
0.8696,2.9051
0.9091,2.8913
0.9524,2.8815
1.0000,2.8586
1.0526,2.8374
1.1111,2.8288
1.1765,2.8183
1.2500,2.8046
1.3333,2.7942
1.4286,2.7779
1.5385,2.7471
1.6667,2.7243
1.8182,2.7045
2.0000,2.6662
