0.4000,3.1290
0.4082,3.1212
0.4167,3.1135
0.4255,3.1091
0.4348,3.1059
0.4444,3.1084
0.4545,3.1047
0.4651,3.1042
0.4762,3.0987
0.4878,3.0948
0.5000,3.0889
0.5128,3.0896
0.5263,3.0851
0.5405,3.0779
0.5556,3.0745
0.5714,3.0676
0.5882,3.0608
0.6061,3.0512
0.6250,3.0367
0.6452,3.0266
0.6667,3.0166
0.6897,3.0130
0.7143,3.0002
0.7407,3.0005
0.7692,2.9915
0.8000,2.9881
0.8333,2.9840
0.8696,2.9768
0.9091,2.9717
0.9524,2.9621
1.0000,2.9633
1.0526,2.9607
1.1111,2.9533
1.1765,2.9650
1.2500,2.9633
1.3333,2.9693
1.4286,2.9704
1.5385,2.9758
1.6667,2.9713
1.8182,2.9777
2.0000,2.9739
