0.4000,3.1908
0.4082,3.1882
0.4167,3.1785
0.4255,3.1750
0.4348,3.1694
0.4444,3.1619
0.4545,3.1478
0.4651,3.1456
0.4762,3.1436
0.4878,3.1341
0.5000,3.1274
0.5128,3.1224
0.5263,3.1156
0.5405,3.1117
0.5556,3.1057
0.5714,3.1022
0.5882,3.0948
0.6061,3.0910
0.6250,3.0861
0.6452,3.0745
0.6667,3.0727
0.6897,3.0541
0.7143,3.0426
0.7407,3.0276
0.7692,3.0163
0.8000,3.0073
0.8333,2.9958
0.8696,2.9850
0.9091,2.9810
0.9524,2.9858
1.0000,2.9672
1.0526,2.9470
1.1111,2.9373
1.1765,2.9264
1.2500,2.9150
1.3333,2.9117
1.4286,2.8928
1.5385,2.8747
1.6667,2.8747
1.8182,2.8788
2.0000,2.8508
