0.4000,3.1287
0.4082,3.1231
0.4167,3.1129
0.4255,3.1105
0.4348,3.1065
0.4444,3.1037
0.4545,3.0908
0.4651,3.0899
0.4762,3.0860
0.4878,3.0852
0.5000,3.0801
0.5128,3.0804
0.5263,3.0778
0.5405,3.0714
0.5556,3.0719
0.5714,3.0656
0.5882,3.0592
0.6061,3.0525
0.6250,3.0442
0.6452,3.0314
0.6667,3.0230
0.6897,3.0204
0.7143,3.0071
0.7407,3.0014
0.7692,2.9818
0.8000,2.9706
0.8333,2.9578
0.8696,2.9508
0.9091,2.9460
0.9524,2.9386
1.0000,2.9392
1.0526,2.9452
1.1111,2.9335
1.1765,2.9423
1.2500,2.9190
1.3333,2.9123
1.4286,2.9040
1.5385,2.9018
1.6667,2.8928
1.8182,2.9043
2.0000,2.8996
