0.4000,3.1324
0.4082,3.1276
0.4167,3.1222
0.4255,3.1238
0.4348,3.1176
0.4444,3.1187
0.4545,3.1176
0.4651,3.1133
0.4762,3.1074
0.4878,3.1036
0.5000,3.0990
0.5128,3.0950
0.5263,3.0867
0.5405,3.0816
0.5556,3.0734
0.5714,3.0660
0.5882,3.0594
0.6061,3.0515
0.6250,3.0353
0.6452,3.0289
0.6667,3.0245
0.6897,3.0114
0.7143,3.0015
0.7407,2.9913
0.7692,2.9782
0.8000,2.9702
0.8333,2.9410
0.8696,2.9437
0.9091,2.9448
0.9524,2.9362
1.0000,2.9317
1.0526,2.9288
1.1111,2.9252
1.1765,2.9202
1.2500,2.8902
1.3333,2.8693
1.4286,2.8566
1.5385,2.8450
1.6667,2.8258
1.8182,2.8237
2.0000,2.8106
