0.4000,3.1896
0.4082,3.1820
0.4167,3.1800
0.4255,3.1713
0.4348,3.1659
0.4444,3.1593
0.4545,3.1516
0.4651,3.1426
0.4762,3.1357
0.4878,3.1257
0.5000,3.1153
0.5128,3.1109
0.5263,3.1059
0.5405,3.0989
0.5556,3.0936
0.5714,3.0863
0.5882,3.0784
0.6061,3.0746
0.6250,3.0674
0.6452,3.0590
0.6667,3.0466
0.6897,3.0339
0.7143,3.0224
0.7407,3.0121
0.7692,3.0028
0.8000,2.9893
0.8333,2.9669
0.8696,2.9548
0.9091,2.9560
0.9524,2.9454
1.0000,2.9319
1.0526,2.9274
1.1111,2.9154
1.1765,2.8928
1.2500,2.8961
1.3333,2.8827
1.4286,2.8611
1.5385,2.8534
1.6667,2.8085
1.8182,2.7812
2.0000,2.7690
