0.4000,3.1779
0.4082,3.1718
0.4167,3.1694
0.4255,3.1621
0.4348,3.1537
0.4444,3.1474
0.4545,3.1401
0.4651,3.1340
0.4762,3.1277
0.4878,3.1173
0.5000,3.1091
0.5128,3.1042
0.5263,3.0981
0.5405,3.0933
0.5556,3.0895
0.5714,3.0822
0.5882,3.0754
0.6061,3.0677
0.6250,3.0633
0.6452,3.0549
0.6667,3.0456
0.6897,3.0343
0.7143,3.0237
0.7407,3.0131
0.7692,3.0060
0.8000,2.9885
0.8333,2.9539
0.8696,2.9401
0.9091,2.9259
0.9524,2.9208
1.0000,2.8885
1.0526,2.8801
1.1111,2.8649
1.1765,2.8446
1.2500,2.8394
1.3333,2.8109
1.4286,2.7814
1.5385,2.7627
1.6667,2.7329
1.8182,2.6981
2.0000,2.6847
