0.4000,3.1641
0.4082,3.1608
0.4167,3.1577
0.4255,3.1561
0.4348,3.1498
0.4444,3.1425
0.4545,3.1334
0.4651,3.1255
0.4762,3.1233
0.4878,3.1161
0.5000,3.1088
0.5128,3.1019
0.5263,3.0973
0.5405,3.0929
0.5556,3.0824
0.5714,3.0782
0.5882,3.0722
0.6061,3.0705
0.6250,3.0656
0.6452,3.0553
0.6667,3.0514
0.6897,3.0465
0.7143,3.0404
0.7407,3.0298
0.7692,3.0181
0.8000,3.0146
0.8333,3.0130
0.8696,3.0031
0.9091,2.9938
0.9524,2.9900
1.0000,2.9771
1.0526,2.9612
1.1111,2.9634
1.1765,2.9611
1.2500,2.9417
1.3333,2.9366
1.4286,2.9386
1.5385,2.9378
1.6667,2.9200
1.8182,2.9332
2.0000,2.9290
