0.4000,3.1586
0.4082,3.1608
0.4167,3.1523
0.4255,3.1508
0.4348,3.1427
0.4444,3.1350
0.4545,3.1262
0.4651,3.1190
0.4762,3.1131
0.4878,3.1132
0.5000,3.1123
0.5128,3.1094
0.5263,3.1023
0.5405,3.1003
0.5556,3.0989
0.5714,3.0880
0.5882,3.0770
0.6061,3.0697
0.6250,3.0697
0.6452,3.0591
0.6667,3.0507
0.6897,3.0338
0.7143,3.0170
0.7407,3.0063
0.7692,2.9970
0.8000,2.9925
0.8333,2.9880
0.8696,2.9767
0.9091,2.9646
0.9524,2.9549
1.0000,2.9316
1.0526,2.9159
1.1111,2.9099
1.1765,2.8992
1.2500,2.8759
1.3333,2.8673
1.4286,2.8578
1.5385,2.8591
1.6667,2.8360
1.8182,2.8395
2.0000,2.8090
