0.4000,3.1844
0.4082,3.1795
0.4167,3.1724
0.4255,3.1739
0.4348,3.1734
0.4444,3.1672
0.4545,3.1562
0.4651,3.1522
0.4762,3.1478
0.4878,3.1446
0.5000,3.1351
0.5128,3.1227
0.5263,3.1191
0.5405,3.1146
0.5556,3.1065
0.5714,3.1036
0.5882,3.0983
0.6061,3.0930
0.6250,3.0935
0.6452,3.0836
0.6667,3.0772
0.6897,3.0652
0.7143,3.0548
0.7407,3.0389
0.7692,3.0306
0.8000,3.0212
0.8333,3.0081
0.8696,3.0058
0.9091,2.9992
0.9524,2.9971
1.0000,2.9806
1.0526,2.9654
1.1111,2.9626
1.1765,2.9654
1.2500,2.9441
1.3333,2.9344
1.4286,2.9360
1.5385,2.9295
1.6667,2.9195
1.8182,2.9365
2.0000,2.9321
