0.4000,3.1517
0.4082,3.1553
0.4167,3.1412
0.4255,3.1372
0.4348,3.1404
0.4444,3.1356
0.4545,3.1236
0.4651,3.1169
0.4762,3.1116
0.4878,3.1086
0.5000,3.0940
0.5128,3.0918
0.5263,3.0877
0.5405,3.0815
0.5556,3.0750
0.5714,3.0700
0.5882,3.0674
0.6061,3.0646
0.6250,3.0676
0.6452,3.0649
0.6667,3.0611
0.6897,3.0525
0.7143,3.0532
0.7407,3.0450
0.7692,3.0405
0.8000,3.0276
0.8333,3.0134
0.8696,3.0023
0.9091,2.9853
0.9524,2.9750
1.0000,2.9605
1.0526,2.9459
1.1111,2.9183
1.1765,2.9080
1.2500,2.9052
1.3333,2.8955
1.4286,2.8894
1.5385,2.8839
1.6667,2.8777
1.8182,2.8489
2.0000,2.8214
