0.4000,3.2159
0.4082,3.2155
0.4167,3.2014
0.4255,3.1958
0.4348,3.1877
0.4444,3.1776
0.4545,3.1624
0.4651,3.1565
0.4762,3.1486
0.4878,3.1447
0.5000,3.1340
0.5128,3.1280
0.5263,3.1197
0.5405,3.1145
0.5556,3.1112
0.5714,3.1005
0.5882,3.0937
0.6061,3.0847
0.6250,3.0887
0.6452,3.0795
0.6667,3.0774
0.6897,3.0633
0.7143,3.0534
0.7407,3.0517
0.7692,3.0421
0.8000,3.0281
0.8333,3.0237
0.8696,3.0112
0.9091,3.0048
0.9524,3.0015
1.0000,3.0073
1.0526,2.9987
1.1111,3.0003
1.1765,2.9862
1.2500,2.9806
1.3333,2.9507
1.4286,2.9402
1.5385,2.9170
1.6667,2.8999
1.8182,2.8564
2.0000,2.8323
