0.4000,3.1579
0.4082,3.1521
0.4167,3.1444
0.4255,3.1395
0.4348,3.1332
0.4444,3.1331
0.4545,3.1283
0.4651,3.1235
0.4762,3.1169
0.4878,3.1138
0.5000,3.1071
0.5128,3.1009
0.5263,3.0933
0.5405,3.0847
0.5556,3.0792
0.5714,3.0712
0.5882,3.0616
0.6061,3.0519
0.6250,3.0328
0.6452,3.0188
0.6667,2.9998
0.6897,2.9809
0.7143,2.9480
0.7407,2.9222
0.7692,2.9086
0.8000,2.8955
0.8333,2.8658
0.8696,2.8537
0.9091,2.8446
0.9524,2.8382
1.0000,2.8151
1.0526,2.8165
1.1111,2.8122
1.1765,2.8029
1.2500,2.7860
1.3333,2.7802
1.4286,2.7730
1.5385,2.7587
1.6667,2.7385
1.8182,2.7316
2.0000,2.7240
