0.4000,3.1268
0.4082,3.1293
0.4167,3.1227
0.4255,3.1182
0.4348,3.1161
0.4444,3.1090
0.4545,3.0947
0.4651,3.0942
0.4762,3.0906
0.4878,3.0888
0.5000,3.0836
0.5128,3.0746
0.5263,3.0724
0.5405,3.0618
0.5556,3.0593
0.5714,3.0584
0.5882,3.0519
0.6061,3.0543
0.6250,3.0551
0.6452,3.0493
0.6667,3.0345
0.6897,3.0233
0.7143,2.9959
0.7407,2.9839
0.7692,2.9664
0.8000,2.9536
0.8333,2.9275
0.8696,2.9073
0.9091,2.8912
0.9524,2.8642
1.0000,2.8319
1.0526,2.8154
1.1111,2.8091
1.1765,2.8002
1.2500,2.7725
1.3333,2.7850
1.4286,2.7723
1.5385,2.7557
1.6667,2.7161
1.8182,2.7154
2.0000,2.6841
