0.4000,3.1639
0.4082,3.1630
0.4167,3.1617
0.4255,3.1519
0.4348,3.1458
0.4444,3.1397
0.4545,3.1282
0.4651,3.1230
0.4762,3.1175
0.4878,3.1101
0.5000,3.0927
0.5128,3.0867
0.5263,3.0830
0.5405,3.0762
0.5556,3.0673
0.5714,3.0651
0.5882,3.0591
0.6061,3.0528
0.6250,3.0488
0.6452,3.0410
0.6667,3.0341
0.6897,3.0248
0.7143,3.0125
0.7407,3.0042
0.7692,2.9910
0.8000,2.9833
0.8333,2.9497
0.8696,2.9435
0.9091,2.9089
0.9524,2.8892
1.0000,2.8547
1.0526,2.8564
1.1111,2.8340
1.1765,2.8272
1.2500,2.8010
1.3333,2.7969
1.4286,2.7788
1.5385,2.7793
1.6667,2.7718
1.8182,2.7647
2.0000,2.7406
