0.4000,3.2012
0.4082,3.1980
0.4167,3.1865
0.4255,3.1850
0.4348,3.1823
0.4444,3.1807
0.4545,3.1683
0.4651,3.1658
0.4762,3.1600
0.4878,3.1555
0.5000,3.1461
0.5128,3.1366
0.5263,3.1272
0.5405,3.1213
0.5556,3.1196
0.5714,3.1129
0.5882,3.1062
0.6061,3.0983
0.6250,3.0933
0.6452,3.0829
0.6667,3.0724
0.6897,3.0538
0.7143,3.0403
0.7407,3.0287
0.7692,3.0252
0.8000,3.0042
0.8333,2.9880
0.8696,2.9796
0.9091,2.9757
0.9524,2.9742
1.0000,2.9590
1.0526,2.9364
1.1111,2.9285
1.1765,2.9154
1.2500,2.9010
1.3333,2.8871
1.4286,2.8712
1.5385,2.8617
1.6667,2.8502
1.8182,2.8513
2.0000,2.8453
