0.4000,3.1355
0.4082,3.1399
0.4167,3.1313
0.4255,3.1279
0.4348,3.1336
0.4444,3.1288
0.4545,3.1184
0.4651,3.1162
0.4762,3.1111
0.4878,3.0976
0.5000,3.0873
0.5128,3.0799
0.5263,3.0740
0.5405,3.0640
0.5556,3.0547
0.5714,3.0520
0.5882,3.0471
0.6061,3.0509
0.6250,3.0459
0.6452,3.0363
0.6667,3.0191
0.6897,3.0074
0.7143,2.9755
0.7407,2.9644
0.7692,2.9479
0.8000,2.9339
0.8333,2.9112
0.8696,2.8844
0.9091,2.8805
0.9524,2.8633
1.0000,2.8380
1.0526,2.8114
1.1111,2.8073
1.1765,2.7935
1.2500,2.7670
1.3333,2.7554
1.4286,2.7516
1.5385,2.7297
1.6667,2.7078
1.8182,2.7083
2.0000,2.6854
