0.4000,3.1415
0.4082,3.1413
0.4167,3.1297
0.4255,3.1260
0.4348,3.1242
0.4444,3.1178
0.4545,3.1066
0.4651,3.1000
0.4762,3.0941
0.4878,3.0922
0.5000,3.0809
0.5128,3.0778
0.5263,3.0728
0.5405,3.0669
0.5556,3.0617
0.5714,3.0558
0.5882,3.0549
0.6061,3.0553
0.6250,3.0597
0.6452,3.0566
0.6667,3.0580
0.6897,3.0533
0.7143,3.0555
0.7407,3.0523
0.7692,3.0478
0.8000,3.0400
0.8333,3.0348
0.8696,3.0225
0.9091,2.9974
0.9524,2.9924
1.0000,2.9806
1.0526,2.9618
1.1111,2.9494
1.1765,2.9407
1.2500,2.9431
1.3333,2.9176
1.4286,2.9075
1.5385,2.8999
1.6667,2.8747
1.8182,2.8518
2.0000,2.8365
