0.4000,3.1135
0.4082,3.1152
0.4167,3.1090
0.4255,3.1105
0.4348,3.1104
0.4444,3.1024
0.4545,3.0916
0.4651,3.0945
0.4762,3.0938
0.4878,3.0861
0.5000,3.0758
0.5128,3.0706
0.5263,3.0640
0.5405,3.0583
0.5556,3.0478
0.5714,3.0453
0.5882,3.0363
0.6061,3.0260
0.6250,3.0109
0.6452,3.0020
0.6667,2.9993
0.6897,2.9946
0.7143,2.9845
0.7407,2.9721
0.7692,2.9624
0.8000,2.9553
0.8333,2.9473
0.8696,2.9390
0.9091,2.9319
0.9524,2.9320
1.0000,2.9195
1.0526,2.9143
1.1111,2.9094
1.1765,2.9045
1.2500,2.8821
1.3333,2.8695
1.4286,2.8560
1.5385,2.8374
1.6667,2.8143
1.8182,2.8050
2.0000,2.7886
