0.4000,3.1767
0.4082,3.1700
0.4167,3.1783
0.4255,3.1681
0.4348,3.1622
0.4444,3.1566
0.4545,3.1586
0.4651,3.1509
0.4762,3.1401
0.4878,3.1332
0.5000,3.1205
0.5128,3.1102
0.5263,3.1029
0.5405,3.0900
0.5556,3.0735
0.5714,3.0633
0.5882,3.0530
0.6061,3.0402
0.6250,3.0243
0.6452,3.0143
0.6667,3.0081
0.6897,2.9904
0.7143,2.9759
0.7407,2.9548
0.7692,2.9352
0.8000,2.9268
0.8333,2.9085
0.8696,2.9081
0.9091,2.8845
0.9524,2.8707
1.0000,2.8460
1.0526,2.8430
1.1111,2.8358
1.1765,2.8322
1.2500,2.8165
1.3333,2.8263
1.4286,2.8121
1.5385,2.7987
1.6667,2.7961
1.8182,2.7620
2.0000,2.7613
