0.4000,3.1883
0.4082,3.1873
0.4167,3.1744
0.4255,3.1712
0.4348,3.1732
0.4444,3.1691
0.4545,3.1537
0.4651,3.1520
0.4762,3.1509
0.4878,3.1426
0.5000,3.1317
0.5128,3.1235
0.5263,3.1223
0.5405,3.1193
0.5556,3.1114
0.5714,3.1040
0.5882,3.0982
0.6061,3.0951
0.6250,3.0824
0.6452,3.0752
0.6667,3.0682
0.6897,3.0537
0.7143,3.0412
0.7407,3.0259
0.7692,3.0172
0.8000,2.9986
0.8333,2.9873
0.8696,2.9716
0.9091,2.9695
0.9524,2.9559
1.0000,2.9387
1.0526,2.9267
1.1111,2.9196
1.1765,2.8992
1.2500,2.8711
1.3333,2.8596
1.4286,2.8434
1.5385,2.8156
1.6667,2.7761
1.8182,2.7263
2.0000,2.6751
