0.4000,3.1989
0.4082,3.1926
0.4167,3.1913
0.4255,3.1840
0.4348,3.1795
0.4444,3.1728
0.4545,3.1726
0.4651,3.1653
0.4762,3.1584
0.4878,3.1519
0.5000,3.1457
0.5128,3.1376
0.5263,3.1328
0.5405,3.1271
0.5556,3.1170
0.5714,3.1070
0.5882,3.0982
0.6061,3.0880
0.6250,3.0727
0.6452,3.0646
0.6667,3.0538
0.6897,3.0424
0.7143,3.0380
0.7407,3.0247
0.7692,3.0149
0.8000,2.9978
0.8333,2.9767
0.8696,2.9731
0.9091,2.9578
0.9524,2.9428
1.0000,2.9239
1.0526,2.9298
1.1111,2.9273
1.1765,2.9228
1.2500,2.9072
1.3333,2.9086
1.4286,2.8988
1.5385,2.8883
1.6667,2.8821
1.8182,2.8432
2.0000,2.8412
