0.4000,3.1433
0.4082,3.1383
0.4167,3.1325
0.4255,3.1289
0.4348,3.1253
0.4444,3.1160
0.4545,3.1059
0.4651,3.1022
0.4762,3.0970
0.4878,3.0884
0.5000,3.0764
0.5128,3.0695
0.5263,3.0585
0.5405,3.0502
0.5556,3.0438
0.5714,3.0361
0.5882,3.0295
0.6061,3.0188
0.6250,3.0113
0.6452,3.0048
0.6667,2.9985
0.6897,2.9925
0.7143,2.9846
0.7407,2.9745
0.7692,2.9661
0.8000,2.9588
0.8333,2.9402
0.8696,2.9266
0.9091,2.9202
0.9524,2.9119
1.0000,2.9014
1.0526,2.8911
1.1111,2.8855
1.1765,2.8763
1.2500,2.8602
1.3333,2.8528
1.4286,2.8426
1.5385,2.8326
1.6667,2.8164
1.8182,2.8031
2.0000,2.7782
