0.4000,3.1844
0.4082,3.1871
0.4167,3.1815
0.4255,3.1765
0.4348,3.1753
0.4444,3.1665
0.4545,3.1580
0.4651,3.1558
0.4762,3.1524
0.4878,3.1505
0.5000,3.1428
0.5128,3.1424
0.5263,3.1336
0.5405,3.1295
0.5556,3.1232
0.5714,3.1105
0.5882,3.1045
0.6061,3.0875
0.6250,3.0756
0.6452,3.0663
0.6667,3.0624
0.6897,3.0390
0.7143,3.0297
0.7407,3.0155
0.7692,3.0053
0.8000,2.9906
0.8333,2.9797
0.8696,2.9709
0.9091,2.9599
0.9524,2.9568
1.0000,2.9494
1.0526,2.9402
1.1111,2.9287
1.1765,2.9277
1.2500,2.9144
1.3333,2.9143
1.4286,2.9031
1.5385,2.8852
1.6667,2.8771
1.8182,2.8812
2.0000,2.8749
