0.4000,3.1448
0.4082,3.1390
0.4167,3.1306
0.4255,3.1260
0.4348,3.1189
0.4444,3.1181
0.4545,3.1119
0.4651,3.1062
0.4762,3.0987
0.4878,3.0899
0.5000,3.0834
0.5128,3.0767
0.5263,3.0676
0.5405,3.0600
0.5556,3.0585
0.5714,3.0473
0.5882,3.0369
0.6061,3.0266
0.6250,3.0202
0.6452,3.0058
0.6667,2.9915
0.6897,2.9764
0.7143,2.9594
0.7407,2.9456
0.7692,2.9314
0.8000,2.9232
0.8333,2.8973
0.8696,2.8907
0.9091,2.8763
0.9524,2.8634
1.0000,2.8461
1.0526,2.8372
1.1111,2.8284
1.1765,2.8174
1.2500,2.7997
1.3333,2.7884
1.4286,2.7766
1.5385,2.7590
1.6667,2.7348
1.8182,2.7302
2.0000,2.7088
