0.4000,3.1340
0.4082,3.1281
0.4167,3.1227
0.4255,3.1193
0.4348,3.1128
0.4444,3.1089
0.4545,3.1055
0.4651,3.1020
0.4762,3.0951
0.4878,3.0843
0.5000,3.0737
0.5128,3.0676
0.5263,3.0585
0.5405,3.0523
0.5556,3.0459
0.5714,3.0375
0.5882,3.0318
0.6061,3.0245
0.6250,3.0174
0.6452,3.0090
0.6667,3.0029
0.6897,2.9935
0.7143,2.9835
0.7407,2.9738
0.7692,2.9641
0.8000,2.9554
0.8333,2.9499
0.8696,2.9410
0.9091,2.9289
0.9524,2.9221
1.0000,2.9211
1.0526,2.9049
1.1111,2.8948
1.1765,2.8856
1.2500,2.8869
1.3333,2.8665
1.4286,2.8489
1.5385,2.8342
1.6667,2.8171
1.8182,2.8033
2.0000,2.7812
