0.4000,3.1398
0.4082,3.1373
0.4167,3.1214
0.4255,3.1196
0.4348,3.1215
0.4444,3.1178
0.4545,3.1038
0.4651,3.1027
0.4762,3.1025
0.4878,3.0939
0.5000,3.0827
0.5128,3.0738
0.5263,3.0748
0.5405,3.0728
0.5556,3.0635
0.5714,3.0644
0.5882,3.0604
0.6061,3.0633
0.6250,3.0505
0.6452,3.0488
0.6667,3.0377
0.6897,3.0318
0.7143,3.0222
0.7407,3.0134
0.7692,3.0061
0.8000,2.9930
0.8333,2.9822
0.8696,2.9684
0.9091,2.9615
0.9524,2.9515
1.0000,2.9263
1.0526,2.9074
1.1111,2.8962
1.1765,2.8777
1.2500,2.8463
1.3333,2.8304
1.4286,2.8176
1.5385,2.7971
1.6667,2.7510
1.8182,2.7247
2.0000,2.6711
