0.4000,3.1300
0.4082,3.1303
0.4167,3.1244
0.4255,3.1222
0.4348,3.1277
0.4444,3.1285
0.4545,3.1203
0.4651,3.1186
0.4762,3.1171
0.4878,3.1038
0.5000,3.0904
0.5128,3.0816
0.5263,3.0797
0.5405,3.0706
0.5556,3.0580
0.5714,3.0544
0.5882,3.0489
0.6061,3.0494
0.6250,3.0330
0.6452,3.0255
0.6667,3.0099
0.6897,2.9980
0.7143,2.9607
0.7407,2.9455
0.7692,2.9311
0.8000,2.9137
0.8333,2.8991
0.8696,2.8792
0.9091,2.8712
0.9524,2.8619
1.0000,2.8387
1.0526,2.8083
1.1111,2.7882
1.1765,2.7739
1.2500,2.7407
1.3333,2.7306
1.4286,2.7196
1.5385,2.7085
1.6667,2.6816
1.8182,2.6719
2.0000,2.6307
