0.4000,3.2094
0.4082,3.2042
0.4167,3.2004
0.4255,3.1943
0.4348,3.1879
0.4444,3.1805
0.4545,3.1822
0.4651,3.1794
0.4762,3.1727
0.4878,3.1693
0.5000,3.1731
0.5128,3.1627
0.5263,3.1495
0.5405,3.1431
0.5556,3.1350
0.5714,3.1228
0.5882,3.1143
0.6061,3.1003
0.6250,3.0884
0.6452,3.0775
0.6667,3.0637
0.6897,3.0519
0.7143,3.0505
0.7407,3.0427
0.7692,3.0355
0.8000,3.0223
0.8333,3.0031
0.8696,3.0015
0.9091,2.9848
0.9524,2.9597
1.0000,2.9565
1.0526,2.9337
1.1111,2.9379
1.1765,2.9404
1.2500,2.9388
1.3333,2.9435
1.4286,2.9363
1.5385,2.9183
1.6667,2.9123
1.8182,2.8700
2.0000,2.8533
