0.4000,3.1487
0.4082,3.1400
0.4167,3.1375
0.4255,3.1338
0.4348,3.1299
0.4444,3.1233
0.4545,3.1169
0.4651,3.1105
0.4762,3.1052
0.4878,3.0987
0.5000,3.0867
0.5128,3.0747
0.5263,3.0695
0.5405,3.0556
0.5556,3.0481
0.5714,3.0406
0.5882,3.0347
0.6061,3.0315
0.6250,3.0216
0.6452,3.0165
0.6667,3.0028
0.6897,2.9906
0.7143,2.9570
0.7407,2.9462
0.7692,2.9308
0.8000,2.9249
0.8333,2.8975
0.8696,2.8851
0.9091,2.8652
0.9524,2.8505
1.0000,2.8193
1.0526,2.7859
1.1111,2.7716
1.1765,2.7631
1.2500,2.7389
1.3333,2.7277
1.4286,2.7115
1.5385,2.6985
1.6667,2.6701
1.8182,2.6722
2.0000,2.6445
