0.4000,3.2240
0.4082,3.2245
0.4167,3.2139
0.4255,3.2140
0.4348,3.2136
0.4444,3.2101
0.4545,3.2014
0.4651,3.2014
0.4762,3.1960
0.4878,3.1898
0.5000,3.1896
0.5128,3.1807
0.5263,3.1670
0.5405,3.1572
0.5556,3.1475
0.5714,3.1350
0.5882,3.1235
0.6061,3.1126
0.6250,3.0962
0.6452,3.0901
0.6667,3.0808
0.6897,3.0665
0.7143,3.0537
0.7407,3.0442
0.7692,3.0353
0.8000,3.0313
0.8333,3.0120
0.8696,3.0024
0.9091,2.9951
0.9524,2.9814
1.0000,2.9688
1.0526,2.9552
1.1111,2.9423
1.1765,2.9394
1.2500,2.9168
1.3333,2.9185
1.4286,2.9314
1.5385,2.9229
1.6667,2.9156
1.8182,2.9265
2.0000,2.9115
