0.4000,3.1865
0.4082,3.1843
0.4167,3.1745
0.4255,3.1685
0.4348,3.1673
0.4444,3.1662
0.4545,3.1562
0.4651,3.1536
0.4762,3.1474
0.4878,3.1452
0.5000,3.1466
0.5128,3.1445
0.5263,3.1339
0.5405,3.1271
0.5556,3.1182
0.5714,3.1124
0.5882,3.1038
0.6061,3.0951
0.6250,3.0912
0.6452,3.0827
0.6667,3.0762
0.6897,3.0608
0.7143,3.0552
0.7407,3.0436
0.7692,3.0325
0.8000,3.0187
0.8333,2.9917
0.8696,2.9809
0.9091,2.9756
0.9524,2.9613
1.0000,2.9506
1.0526,2.9267
1.1111,2.9230
1.1765,2.9237
1.2500,2.9048
1.3333,2.8968
1.4286,2.8807
1.5385,2.8715
1.6667,2.8526
1.8182,2.8367
2.0000,2.8251
