0.4000,3.1993
0.4082,3.1951
0.4167,3.1848
0.4255,3.1819
0.4348,3.1757
0.4444,3.1722
0.4545,3.1655
0.4651,3.1637
0.4762,3.1596
0.4878,3.1553
0.5000,3.1602
0.5128,3.1525
0.5263,3.1439
0.5405,3.1360
0.5556,3.1264
0.5714,3.1205
0.5882,3.1115
0.6061,3.1053
0.6250,3.1015
0.6452,3.0924
0.6667,3.0841
0.6897,3.0653
0.7143,3.0521
0.7407,3.0470
0.7692,3.0413
0.8000,3.0289
0.8333,3.0164
0.8696,3.0034
0.9091,3.0086
0.9524,2.9949
1.0000,2.9730
1.0526,2.9464
1.1111,2.9367
1.1765,2.9128
1.2500,2.8824
1.3333,2.8444
1.4286,2.8181
1.5385,2.8095
1.6667,2.7735
1.8182,2.7669
2.0000,2.7896
