0.4000,3.1873
0.4082,3.1918
0.4167,3.1835
0.4255,3.1834
0.4348,3.1833
0.4444,3.1797
0.4545,3.1743
0.4651,3.1736
0.4762,3.1666
0.4878,3.1607
0.5000,3.1522
0.5128,3.1457
0.5263,3.1377
0.5405,3.1269
0.5556,3.1189
0.5714,3.1097
0.5882,3.1019
0.6061,3.0878
0.6250,3.0696
0.6452,3.0619
0.6667,3.0492
0.6897,3.0313
0.7143,3.0147
0.7407,3.0043
0.7692,2.9950
0.8000,2.9788
0.8333,2.9527
0.8696,2.9469
0.9091,2.9335
0.9524,2.9250
1.0000,2.9165
1.0526,2.8995
1.1111,2.8899
1.1765,2.8832
1.2500,2.8630
1.3333,2.8521
1.4286,2.8527
1.5385,2.8450
1.6667,2.8428
1.8182,2.8514
2.0000,2.8228
