0.4000,3.2182
0.4082,3.2076
0.4167,3.2047
0.4255,3.1989
0.4348,3.1873
0.4444,3.1792
0.4545,3.1783
0.4651,3.1709
0.4762,3.1626
0.4878,3.1574
0.5000,3.1507
0.5128,3.1393
0.5263,3.1254
0.5405,3.1171
0.5556,3.1111
0.5714,3.0981
0.5882,3.0906
0.6061,3.0774
0.6250,3.0689
0.6452,3.0611
0.6667,3.0548
0.6897,3.0420
0.7143,3.0362
0.7407,3.0204
0.7692,3.0062
0.8000,2.9940
0.8333,2.9700
0.8696,2.9605
0.9091,2.9393
0.9524,2.9120
1.0000,2.8992
1.0526,2.8869
1.1111,2.8832
1.1765,2.8815
1.2500,2.8701
1.3333,2.8696
1.4286,2.8540
1.5385,2.8278
1.6667,2.8094
1.8182,2.7687
2.0000,2.7625
