0.4000,3.1524
0.4082,3.1511
0.4167,3.1394
0.4255,3.1377
0.4348,3.1388
0.4444,3.1311
0.4545,3.1191
0.4651,3.1212
0.4762,3.1207
0.4878,3.1138
0.5000,3.0994
0.5128,3.0953
0.5263,3.0909
0.5405,3.0892
0.5556,3.0791
0.5714,3.0813
0.5882,3.0775
0.6061,3.0718
0.6250,3.0595
0.6452,3.0537
0.6667,3.0525
0.6897,3.0394
0.7143,3.0348
0.7407,3.0165
0.7692,3.0038
0.8000,2.9903
0.8333,2.9856
0.8696,2.9823
0.9091,2.9754
0.9524,2.9790
1.0000,2.9756
1.0526,2.9773
1.1111,2.9639
1.1765,2.9586
1.2500,2.9475
1.3333,2.9398
1.4286,2.9308
1.5385,2.9189
1.6667,2.8867
1.8182,2.8704
2.0000,2.8739
