0.4000,3.1430
0.4082,3.1459
0.4167,3.1363
0.4255,3.1371
0.4348,3.1361
0.4444,3.1350
0.4545,3.1305
0.4651,3.1266
0.4762,3.1218
0.4878,3.1140
0.5000,3.1032
0.5128,3.0970
0.5263,3.0936
0.5405,3.0861
0.5556,3.0777
0.5714,3.0693
0.5882,3.0607
0.6061,3.0512
0.6250,3.0421
0.6452,3.0316
0.6667,3.0207
0.6897,3.0095
0.7143,2.9966
0.7407,2.9895
0.7692,2.9775
0.8000,2.9674
0.8333,2.9552
0.8696,2.9508
0.9091,2.9400
0.9524,2.9265
1.0000,2.9031
1.0526,2.8924
1.1111,2.8813
1.1765,2.8706
1.2500,2.8488
1.3333,2.8277
1.4286,2.8062
1.5385,2.7935
1.6667,2.7687
1.8182,2.7557
2.0000,2.7520
