0.4000,3.1536
0.4082,3.1452
0.4167,3.1436
0.4255,3.1371
0.4348,3.1278
0.4444,3.1270
0.4545,3.1236
0.4651,3.1196
0.4762,3.1107
0.4878,3.0996
0.5000,3.0895
0.5128,3.0801
0.5263,3.0772
0.5405,3.0703
0.5556,3.0578
0.5714,3.0543
0.5882,3.0497
0.6061,3.0422
0.6250,3.0227
0.6452,3.0144
0.6667,3.0070
0.6897,2.9965
0.7143,2.9806
0.7407,2.9754
0.7692,2.9630
0.8000,2.9463
0.8333,2.9443
0.8696,2.9387
0.9091,2.9285
0.9524,2.9238
1.0000,2.9162
1.0526,2.9028
1.1111,2.8948
1.1765,2.8941
1.2500,2.8803
1.3333,2.8771
1.4286,2.8744
1.5385,2.8762
1.6667,2.8566
1.8182,2.8377
2.0000,2.8507
