0.4000,3.2043
0.4082,3.1931
0.4167,3.1888
0.4255,3.1853
0.4348,3.1745
0.4444,3.1651
0.4545,3.1586
0.4651,3.1492
0.4762,3.1418
0.4878,3.1363
0.5000,3.1271
0.5128,3.1191
0.5263,3.1062
0.5405,3.0940
0.5556,3.0878
0.5714,3.0742
0.5882,3.0638
0.6061,3.0526
0.6250,3.0453
0.6452,3.0379
0.6667,3.0298
0.6897,3.0136
0.7143,2.9941
0.7407,2.9814
0.7692,2.9699
0.8000,2.9631
0.8333,2.9298
0.8696,2.9226
0.9091,2.9086
0.9524,2.8863
1.0000,2.8598
1.0526,2.8426
1.1111,2.8364
1.1765,2.8302
1.2500,2.8175
1.3333,2.8136
1.4286,2.7969
1.5385,2.7734
1.6667,2.7460
1.8182,2.7277
2.0000,2.7193
