0.4000,3.1474
0.4082,3.1404
0.4167,3.1369
0.4255,3.1348
0.4348,3.1218
0.4444,3.1184
0.4545,3.1166
0.4651,3.1077
0.4762,3.1002
0.4878,3.0969
0.5000,3.0894
0.5128,3.0821
0.5263,3.0710
0.5405,3.0616
0.5556,3.0500
0.5714,3.0388
0.5882,3.0274
0.6061,3.0200
0.6250,3.0043
0.6452,2.9908
0.6667,2.9789
0.6897,2.9686
0.7143,2.9622
0.7407,2.9597
0.7692,2.9528
0.8000,2.9424
0.8333,2.9352
0.8696,2.9327
0.9091,2.9284
0.9524,2.9220
1.0000,2.9214
1.0526,2.8921
1.1111,2.8875
1.1765,2.8814
1.2500,2.8773
1.3333,2.8810
1.4286,2.8687
1.5385,2.8696
1.6667,2.8526
1.8182,2.8363
2.0000,2.8491
