0.4000,3.1801
0.4082,3.1774
0.4167,3.1706
0.4255,3.1652
0.4348,3.1627
0.4444,3.1615
0.4545,3.1485
0.4651,3.1471
0.4762,3.1418
0.4878,3.1402
0.5000,3.1297
0.5128,3.1240
0.5263,3.1190
0.5405,3.1104
0.5556,3.0991
0.5714,3.0944
0.5882,3.0852
0.6061,3.0776
0.6250,3.0678
0.6452,3.0619
0.6667,3.0522
0.6897,3.0416
0.7143,3.0289
0.7407,3.0182
0.7692,3.0061
0.8000,3.0057
0.8333,2.9957
0.8696,2.9888
0.9091,2.9820
0.9524,2.9778
1.0000,2.9510
1.0526,2.9442
1.1111,2.9383
1.1765,2.9225
1.2500,2.9029
1.3333,2.8835
1.4286,2.8604
1.5385,2.8455
1.6667,2.8041
1.8182,2.7875
2.0000,2.7938
