0.4000,3.1368
0.4082,3.1319
0.4167,3.1215
0.4255,3.1185
0.4348,3.1156
0.4444,3.1181
0.4545,3.1083
0.4651,3.1046
0.4762,3.0996
0.4878,3.0959
0.5000,3.0875
0.5128,3.0788
0.5263,3.0816
0.5405,3.0729
0.5556,3.0642
0.5714,3.0606
0.5882,3.0572
0.6061,3.0571
0.6250,3.0468
0.6452,3.0441
0.6667,3.0344
0.6897,3.0297
0.7143,3.0183
0.7407,3.0129
0.7692,3.0000
0.8000,2.9894
0.8333,2.9900
0.8696,2.9807
0.9091,2.9718
0.9524,2.9579
1.0000,2.9493
1.0526,2.9431
1.1111,2.9391
1.1765,2.9276
1.2500,2.9084
1.3333,2.8980
1.4286,2.8986
1.5385,2.8993
1.6667,2.8653
1.8182,2.8358
2.0000,2.8141
