0.4000,3.1923
0.4082,3.1876
0.4167,3.1804
0.4255,3.1784
0.4348,3.1743
0.4444,3.1759
0.4545,3.1666
0.4651,3.1589
0.4762,3.1536
0.4878,3.1502
0.5000,3.1453
0.5128,3.1433
0.5263,3.1332
0.5405,3.1286
0.5556,3.1197
0.5714,3.1146
0.5882,3.1069
0.6061,3.0971
0.6250,3.0849
0.6452,3.0729
0.6667,3.0701
0.6897,3.0634
0.7143,3.0471
0.7407,3.0388
0.7692,3.0291
0.8000,3.0144
0.8333,2.9826
0.8696,2.9740
0.9091,2.9576
0.9524,2.9468
1.0000,2.9219
1.0526,2.9171
1.1111,2.9104
1.1765,2.9046
1.2500,2.8831
1.3333,2.8753
1.4286,2.8740
1.5385,2.8607
1.6667,2.8374
1.8182,2.8113
2.0000,2.8088
