0.4000,3.1610
0.4082,3.1582
0.4167,3.1534
0.4255,3.1491
0.4348,3.1521
0.4444,3.1443
0.4545,3.1364
0.4651,3.1335
0.4762,3.1278
0.4878,3.1279
0.5000,3.1238
0.5128,3.1180
0.5263,3.1103
0.5405,3.1022
0.5556,3.0957
0.5714,3.0878
0.5882,3.0824
0.6061,3.0835
0.6250,3.0654
0.6452,3.0517
0.6667,3.0395
0.6897,3.0343
0.7143,3.0202
0.7407,3.0129
0.7692,3.0068
0.8000,2.9994
0.8333,2.9938
0.8696,2.9806
0.9091,2.9837
0.9524,2.9793
1.0000,2.9741
1.0526,2.9524
1.1111,2.9486
1.1765,2.9353
1.2500,2.9245
1.3333,2.9169
1.4286,2.8886
1.5385,2.8618
1.6667,2.8262
1.8182,2.8050
2.0000,2.7885
