0.4000,3.1706
0.4082,3.1673
0.4167,3.1631
0.4255,3.1605
0.4348,3.1656
0.4444,3.1664
0.4545,3.1596
0.4651,3.1559
0.4762,3.1533
0.4878,3.1493
0.5000,3.1439
0.5128,3.1404
0.5263,3.1404
0.5405,3.1386
0.5556,3.1377
0.5714,3.1330
0.5882,3.1257
0.6061,3.1197
0.6250,3.1062
0.6452,3.0981
0.6667,3.0861
0.6897,3.0752
0.7143,3.0574
0.7407,3.0439
0.7692,3.0328
0.8000,3.0253
0.8333,3.0017
0.8696,2.9994
0.9091,2.9922
0.9524,2.9879
1.0000,2.9744
1.0526,2.9744
1.1111,2.9782
1.1765,2.9682
1.2500,2.9248
1.3333,2.9038
1.4286,2.8803
1.5385,2.8793
1.6667,2.8425
1.8182,2.8293
2.0000,2.8368
