0.4000,3.1983
0.4082,3.1951
0.4167,3.1875
0.4255,3.1899
0.4348,3.1825
0.4444,3.1763
0.4545,3.1710
0.4651,3.1636
0.4762,3.1574
0.4878,3.1548
0.5000,3.1528
0.5128,3.1483
0.5263,3.1354
0.5405,3.1264
0.5556,3.1137
0.5714,3.1033
0.5882,3.0947
0.6061,3.0784
0.6250,3.0566
0.6452,3.0443
0.6667,3.0374
0.6897,3.0250
0.7143,3.0061
0.7407,2.9975
0.7692,2.9935
0.8000,2.9785
0.8333,2.9482
0.8696,2.9371
0.9091,2.9293
0.9524,2.9141
1.0000,2.8931
1.0526,2.8719
1.1111,2.8603
1.1765,2.8446
1.2500,2.8258
1.3333,2.8147
1.4286,2.8025
1.5385,2.7767
1.6667,2.7515
1.8182,2.7397
2.0000,2.7225
