0.4000,3.1414
0.4082,3.1368
0.4167,3.1303
0.4255,3.1280
0.4348,3.1239
0.4444,3.1182
0.4545,3.1112
0.4651,3.1059
0.4762,3.0990
0.4878,3.0899
0.5000,3.0820
0.5128,3.0722
0.5263,3.0692
0.5405,3.0677
0.5556,3.0581
0.5714,3.0538
0.5882,3.0472
0.6061,3.0436
0.6250,3.0380
0.6452,3.0277
0.6667,3.0227
0.6897,3.0154
0.7143,3.0074
0.7407,2.9971
0.7692,2.9921
0.8000,2.9850
0.8333,2.9721
0.8696,2.9581
0.9091,2.9548
0.9524,2.9465
1.0000,2.9334
1.0526,2.9006
1.1111,2.8909
1.1765,2.8779
1.2500,2.8503
1.3333,2.8388
1.4286,2.8232
1.5385,2.8109
1.6667,2.7951
1.8182,2.7858
2.0000,2.7791
