0.4000,3.1683
0.4082,3.1644
0.4167,3.1570
0.4255,3.1571
0.4348,3.1603
0.4444,3.1561
0.4545,3.1489
0.4651,3.1426
0.4762,3.1372
0.4878,3.1352
0.5000,3.1298
0.5128,3.1251
0.5263,3.1206
0.5405,3.1059
0.5556,3.0976
0.5714,3.0904
0.5882,3.0819
0.6061,3.0767
0.6250,3.0629
0.6452,3.0588
0.6667,3.0406
0.6897,3.0317
0.7143,3.0054
0.7407,2.9953
0.7692,2.9813
0.8000,2.9725
0.8333,2.9456
0.8696,2.9340
0.9091,2.9237
0.9524,2.9101
1.0000,2.8875
1.0526,2.8553
1.1111,2.8494
1.1765,2.8394
1.2500,2.8237
1.3333,2.8196
1.4286,2.8088
1.5385,2.7903
1.6667,2.7651
1.8182,2.7461
2.0000,2.7156
