0.4000,3.1538
0.4082,3.1554
0.4167,3.1463
0.4255,3.1426
0.4348,3.1398
0.4444,3.1346
0.4545,3.1273
0.4651,3.1200
0.4762,3.1132
0.4878,3.1103
0.5000,3.1070
0.5128,3.0963
0.5263,3.0877
0.5405,3.0763
0.5556,3.0628
0.5714,3.0524
0.5882,3.0414
0.6061,3.0256
0.6250,3.0130
0.6452,3.0033
0.6667,2.9903
0.6897,2.9768
0.7143,2.9617
0.7407,2.9508
0.7692,2.9394
0.8000,2.9226
0.8333,2.9076
0.8696,2.8966
0.9091,2.8876
0.9524,2.8783
1.0000,2.8561
1.0526,2.8527
1.1111,2.8436
1.1765,2.8318
1.2500,2.8129
1.3333,2.8031
1.4286,2.7946
1.5385,2.7859
1.6667,2.7667
1.8182,2.7449
2.0000,2.7364
