0.4000,3.2030
0.4082,3.2005
0.4167,3.1937
0.4255,3.1955
0.4348,3.1917
0.4444,3.1869
0.4545,3.1848
0.4651,3.1815
0.4762,3.1723
0.4878,3.1680
0.5000,3.1592
0.5128,3.1503
0.5263,3.1457
0.5405,3.1328
0.5556,3.1182
0.5714,3.1062
0.5882,3.0950
0.6061,3.0783
0.6250,3.0619
0.6452,3.0523
0.6667,3.0430
0.6897,3.0340
0.7143,3.0201
0.7407,3.0085
0.7692,3.0008
0.8000,2.9872
0.8333,2.9598
0.8696,2.9564
0.9091,2.9500
0.9524,2.9516
1.0000,2.9348
1.0526,2.9348
1.1111,2.9205
1.1765,2.9203
1.2500,2.9117
1.3333,2.8835
1.4286,2.8647
1.5385,2.8434
1.6667,2.8408
1.8182,2.8303
2.0000,2.7905
