0.4000,3.1753
0.4082,3.1743
0.4167,3.1696
0.4255,3.1722
0.4348,3.1684
0.4444,3.1617
0.4545,3.1522
0.4651,3.1513
0.4762,3.1454
0.4878,3.1418
0.5000,3.1369
0.5128,3.1298
0.5263,3.1267
0.5405,3.1195
0.5556,3.1097
0.5714,3.1041
0.5882,3.0964
0.6061,3.0865
0.6250,3.0616
0.6452,3.0460
0.6667,3.0368
0.6897,3.0250
0.7143,3.0012
0.7407,2.9953
0.7692,2.9824
0.8000,2.9568
0.8333,2.9425
0.8696,2.9277
0.9091,2.9113
0.9524,2.8964
1.0000,2.8713
1.0526,2.8548
1.1111,2.8366
1.1765,2.8185
1.2500,2.7885
1.3333,2.7752
1.4286,2.7554
1.5385,2.7413
1.6667,2.7138
1.8182,2.7125
2.0000,2.7083
