0.4000,3.1779
0.4082,3.1794
0.4167,3.1736
0.4255,3.1706
0.4348,3.1687
0.4444,3.1639
0.4545,3.1550
0.4651,3.1519
0.4762,3.1477
0.4878,3.1431
0.5000,3.1384
0.5128,3.1347
0.5263,3.1311
0.5405,3.1293
0.5556,3.1214
0.5714,3.1178
0.5882,3.1113
0.6061,3.1047
0.6250,3.0867
0.6452,3.0713
0.6667,3.0597
0.6897,3.0439
0.7143,3.0196
0.7407,3.0031
0.7692,2.9827
0.8000,2.9610
0.8333,2.9296
0.8696,2.9140
0.9091,2.8987
0.9524,2.8960
1.0000,2.8662
1.0526,2.8527
1.1111,2.8439
1.1765,2.8278
1.2500,2.7897
1.3333,2.7797
1.4286,2.7538
1.5385,2.7369
1.6667,2.6900
1.8182,2.6911
2.0000,2.6765
