0.4000,3.1861
0.4082,3.1859
0.4167,3.1789
0.4255,3.1745
0.4348,3.1802
0.4444,3.1668
0.4545,3.1652
0.4651,3.1645
0.4762,3.1620
0.4878,3.1546
0.5000,3.1470
0.5128,3.1401
0.5263,3.1284
0.5405,3.1176
0.5556,3.1082
0.5714,3.0994
0.5882,3.0891
0.6061,3.0820
0.6250,3.0591
0.6452,3.0479
0.6667,3.0382
0.6897,3.0294
0.7143,3.0186
0.7407,3.0129
0.7692,3.0096
0.8000,2.9944
0.8333,2.9863
0.8696,2.9664
0.9091,2.9694
0.9524,2.9619
1.0000,2.9407
1.0526,2.9356
1.1111,2.9230
1.1765,2.9059
1.2500,2.8951
1.3333,2.8808
1.4286,2.8628
1.5385,2.8349
1.6667,2.8192
1.8182,2.8044
2.0000,2.7808
