0.4000,3.1647
0.4082,3.1633
0.4167,3.1642
0.4255,3.1566
0.4348,3.1524
0.4444,3.1479
0.4545,3.1424
0.4651,3.1350
0.4762,3.1295
0.4878,3.1228
0.5000,3.1100
0.5128,3.1041
0.5263,3.0946
0.5405,3.0888
0.5556,3.0780
0.5714,3.0729
0.5882,3.0653
0.6061,3.0571
0.6250,3.0466
0.6452,3.0388
0.6667,3.0301
0.6897,3.0170
0.7143,2.9986
0.7407,2.9742
0.7692,2.9588
0.8000,2.9384
0.8333,2.9063
0.8696,2.8955
0.9091,2.8851
0.9524,2.8850
1.0000,2.8408
1.0526,2.8327
1.1111,2.8084
1.1765,2.7842
1.2500,2.7480
1.3333,2.7381
1.4286,2.7269
1.5385,2.6954
1.6667,2.6621
1.8182,2.6501
2.0000,2.6411
