0.4000,3.1310
0.4082,3.1247
0.4167,3.1239
0.4255,3.1199
0.4348,3.1093
0.4444,3.1031
0.4545,3.1021
0.4651,3.0982
0.4762,3.0911
0.4878,3.0835
0.5000,3.0775
0.5128,3.0713
0.5263,3.0616
0.5405,3.0573
0.5556,3.0528
0.5714,3.0466
0.5882,3.0452
0.6061,3.0378
0.6250,3.0351
0.6452,3.0285
0.6667,3.0227
0.6897,3.0167
0.7143,3.0051
0.7407,2.9981
0.7692,2.9903
0.8000,2.9782
0.8333,2.9733
0.8696,2.9686
0.9091,2.9631
0.9524,2.9534
1.0000,2.9516
1.0526,2.9484
1.1111,2.9437
1.1765,2.9344
1.2500,2.9408
1.3333,2.9151
1.4286,2.8895
1.5385,2.8734
1.6667,2.8662
1.8182,2.8391
2.0000,2.8103
