0.4000,3.2226
0.4082,3.2219
0.4167,3.2133
0.4255,3.2061
0.4348,3.2034
0.4444,3.1871
0.4545,3.1774
0.4651,3.1752
0.4762,3.1704
0.4878,3.1631
0.5000,3.1560
0.5128,3.1502
0.5263,3.1390
0.5405,3.1318
0.5556,3.1231
0.5714,3.1164
0.5882,3.1103
0.6061,3.1005
0.6250,3.0863
0.6452,3.0756
0.6667,3.0696
0.6897,3.0640
0.7143,3.0338
0.7407,3.0183
0.7692,3.0114
0.8000,2.9981
0.8333,2.9756
0.8696,2.9532
0.9091,2.9514
0.9524,2.9463
1.0000,2.9137
1.0526,2.8938
1.1111,2.8815
1.1765,2.8755
1.2500,2.8536
1.3333,2.8226
1.4286,2.8048
1.5385,2.7764
1.6667,2.7466
1.8182,2.7161
2.0000,2.6839
