0.4000,3.1224
0.4082,3.1211
0.4167,3.1184
0.4255,3.1116
0.4348,3.1192
0.4444,3.1135
0.4545,3.1056
0.4651,3.1013
0.4762,3.0973
0.4878,3.0912
0.5000,3.0852
0.5128,3.0789
0.5263,3.0814
0.5405,3.0786
0.5556,3.0750
0.5714,3.0736
0.5882,3.0715
0.6061,3.0685
0.6250,3.0699
0.6452,3.0651
0.6667,3.0614
0.6897,3.0579
0.7143,3.0473
0.7407,3.0383
0.7692,3.0275
0.8000,3.0070
0.8333,2.9961
0.8696,2.9839
0.9091,2.9765
0.9524,2.9627
1.0000,2.9480
1.0526,2.9326
1.1111,2.9238
1.1765,2.9073
1.2500,2.9000
1.3333,2.8863
1.4286,2.8696
1.5385,2.8632
1.6667,2.8417
1.8182,2.8164
2.0000,2.7938
