0.4000,3.1563
0.4082,3.1569
0.4167,3.1540
0.4255,3.1499
0.4348,3.1471
0.4444,3.1408
0.4545,3.1393
0.4651,3.1353
0.4762,3.1315
0.4878,3.1254
0.5000,3.1159
0.5128,3.1094
0.5263,3.1022
0.5405,3.0955
0.5556,3.0900
0.5714,3.0841
0.5882,3.0765
0.6061,3.0704
0.6250,3.0598
0.6452,3.0523
0.6667,3.0440
0.6897,3.0413
0.7143,3.0270
0.7407,3.0126
0.7692,3.0056
0.8000,3.0028
0.8333,2.9950
0.8696,2.9912
0.9091,2.9871
0.9524,2.9767
1.0000,2.9554
1.0526,2.9500
1.1111,2.9315
1.1765,2.9128
1.2500,2.8981
1.3333,2.8916
1.4286,2.8793
1.5385,2.8523
1.6667,2.8225
1.8182,2.8059
2.0000,2.7980
