0.4000,3.1765
0.4082,3.1749
0.4167,3.1637
0.4255,3.1652
0.4348,3.1692
0.4444,3.1698
0.4545,3.1606
0.4651,3.1636
0.4762,3.1581
0.4878,3.1509
0.5000,3.1382
0.5128,3.1362
0.5263,3.1302
0.5405,3.1246
0.5556,3.1147
0.5714,3.1052
0.5882,3.0960
0.6061,3.0833
0.6250,3.0739
0.6452,3.0641
0.6667,3.0535
0.6897,3.0443
0.7143,3.0315
0.7407,3.0176
0.7692,3.0051
0.8000,2.9897
0.8333,2.9787
0.8696,2.9657
0.9091,2.9572
0.9524,2.9435
1.0000,2.9287
1.0526,2.9209
1.1111,2.9122
1.1765,2.9062
1.2500,2.8915
1.3333,2.8778
1.4286,2.8695
1.5385,2.8628
1.6667,2.8411
1.8182,2.8274
2.0000,2.8015
