0.4000,3.2358
0.4082,3.2266
0.4167,3.2224
0.4255,3.2126
0.4348,3.2025
0.4444,3.1961
0.4545,3.1982
0.4651,3.1915
0.4762,3.1801
0.4878,3.1682
0.5000,3.1614
0.5128,3.1520
0.5263,3.1434
0.5405,3.1314
0.5556,3.1204
0.5714,3.1105
0.5882,3.0990
0.6061,3.0895
0.6250,3.0791
0.6452,3.0671
0.6667,3.0566
0.6897,3.0497
0.7143,3.0204
0.7407,3.0106
0.7692,3.0038
0.8000,2.9934
0.8333,2.9751
0.8696,2.9541
0.9091,2.9275
0.9524,2.9054
1.0000,2.8811
1.0526,2.8736
1.1111,2.8558
1.1765,2.8443
1.2500,2.8109
1.3333,2.7835
1.4286,2.7761
1.5385,2.7650
1.6667,2.7462
1.8182,2.7362
2.0000,2.7143
