0.4000,3.1836
0.4082,3.1786
0.4167,3.1733
0.4255,3.1734
0.4348,3.1713
0.4444,3.1685
0.4545,3.1609
0.4651,3.1594
0.4762,3.1550
0.4878,3.1481
0.5000,3.1369
0.5128,3.1329
0.5263,3.1277
0.5405,3.1243
0.5556,3.1170
0.5714,3.1071
0.5882,3.1025
0.6061,3.0923
0.6250,3.0820
0.6452,3.0720
0.6667,3.0628
0.6897,3.0508
0.7143,3.0398
0.7407,3.0262
0.7692,3.0180
0.8000,3.0042
0.8333,2.9974
0.8696,2.9957
0.9091,2.9937
0.9524,2.9670
1.0000,2.9457
1.0526,2.9489
1.1111,2.9271
1.1765,2.9064
1.2500,2.8751
1.3333,2.8614
1.4286,2.8496
1.5385,2.8406
1.6667,2.8241
1.8182,2.7883
2.0000,2.7731
