0.4000,3.1710
0.4082,3.1718
0.4167,3.1651
0.4255,3.1620
0.4348,3.1624
0.4444,3.1603
0.4545,3.1532
0.4651,3.1538
0.4762,3.1503
0.4878,3.1472
0.5000,3.1418
0.5128,3.1393
0.5263,3.1400
0.5405,3.1363
0.5556,3.1278
0.5714,3.1186
0.5882,3.1091
0.6061,3.1017
0.6250,3.0929
0.6452,3.0802
0.6667,3.0728
0.6897,3.0661
0.7143,3.0457
0.7407,3.0304
0.7692,3.0222
0.8000,3.0171
0.8333,3.0116
0.8696,3.0024
0.9091,2.9914
0.9524,2.9656
1.0000,2.9593
1.0526,2.9533
1.1111,2.9366
1.1765,2.9273
1.2500,2.9107
1.3333,2.9002
1.4286,2.8667
1.5385,2.8620
1.6667,2.8488
1.8182,2.8448
2.0000,2.8296
