0.4000,3.1758
0.4082,3.1717
0.4167,3.1713
0.4255,3.1682
0.4348,3.1709
0.4444,3.1685
0.4545,3.1669
0.4651,3.1601
0.4762,3.1535
0.4878,3.1460
0.5000,3.1372
0.5128,3.1291
0.5263,3.1210
0.5405,3.1114
0.5556,3.1002
0.5714,3.0912
0.5882,3.0797
0.6061,3.0710
0.6250,3.0535
0.6452,3.0445
0.6667,3.0328
0.6897,3.0196
0.7143,3.0074
0.7407,3.0027
0.7692,2.9937
0.8000,2.9858
0.8333,2.9784
0.8696,2.9685
0.9091,2.9623
0.9524,2.9414
1.0000,2.9337
1.0526,2.9184
1.1111,2.9095
1.1765,2.8919
1.2500,2.8723
1.3333,2.8595
1.4286,2.8464
1.5385,2.8301
1.6667,2.8074
1.8182,2.7991
2.0000,2.7771
