0.4000,3.2351
0.4082,3.2281
0.4167,3.2174
0.4255,3.2172
0.4348,3.2101
0.4444,3.2077
0.4545,3.2015
0.4651,3.1988
0.4762,3.1910
0.4878,3.1853
0.5000,3.1782
0.5128,3.1699
0.5263,3.1624
0.5405,3.1557
0.5556,3.1480
0.5714,3.1389
0.5882,3.1334
0.6061,3.1247
0.6250,3.1211
0.6452,3.1117
0.6667,3.0958
0.6897,3.0782
0.7143,3.0658
0.7407,3.0513
0.7692,3.0405
0.8000,3.0235
0.8333,3.0031
0.8696,2.9899
0.9091,2.9665
0.9524,2.9506
1.0000,2.9169
1.0526,2.9040
1.1111,2.8867
1.1765,2.8634
1.2500,2.8241
1.3333,2.8070
1.4286,2.7892
1.5385,2.7622
1.6667,2.7223
1.8182,2.7122
2.0000,2.6887
