0.4000,3.1915
0.4082,3.1861
0.4167,3.1808
0.4255,3.1834
0.4348,3.1773
0.4444,3.1734
0.4545,3.1703
0.4651,3.1671
0.4762,3.1567
0.4878,3.1499
0.5000,3.1403
0.5128,3.1298
0.5263,3.1246
0.5405,3.1130
0.5556,3.1035
0.5714,3.0945
0.5882,3.0837
0.6061,3.0738
0.6250,3.0541
0.6452,3.0404
0.6667,3.0278
0.6897,3.0157
0.7143,2.9977
0.7407,2.9914
0.7692,2.9776
0.8000,2.9650
0.8333,2.9496
0.8696,2.9451
0.9091,2.9177
0.9524,2.9061
1.0000,2.8949
1.0526,2.8784
1.1111,2.8636
1.1765,2.8441
1.2500,2.8234
1.3333,2.8064
1.4286,2.7970
1.5385,2.7813
1.6667,2.7699
1.8182,2.7796
2.0000,2.7770
