0.4000,3.1741
0.4082,3.1710
0.4167,3.1635
0.4255,3.1586
0.4348,3.1574
0.4444,3.1526
0.4545,3.1498
0.4651,3.1456
0.4762,3.1401
0.4878,3.1314
0.5000,3.1246
0.5128,3.1177
0.5263,3.1087
0.5405,3.1030
0.5556,3.0989
0.5714,3.0884
0.5882,3.0794
0.6061,3.0694
0.6250,3.0624
0.6452,3.0461
0.6667,3.0345
0.6897,3.0181
0.7143,3.0009
0.7407,2.9766
0.7692,2.9621
0.8000,2.9387
0.8333,2.9208
0.8696,2.9143
0.9091,2.9041
0.9524,2.8840
1.0000,2.8402
1.0526,2.8314
1.1111,2.8012
1.1765,2.7776
1.2500,2.7545
1.3333,2.7370
1.4286,2.7038
1.5385,2.6734
1.6667,2.6410
1.8182,2.6237
2.0000,2.5973
