0.4000,3.1896
0.4082,3.1860
0.4167,3.1817
0.4255,3.1794
0.4348,3.1764
0.4444,3.1732
0.4545,3.1647
0.4651,3.1636
0.4762,3.1571
0.4878,3.1493
0.5000,3.1380
0.5128,3.1342
0.5263,3.1280
0.5405,3.1231
0.5556,3.1122
0.5714,3.1031
0.5882,3.0950
0.6061,3.0818
0.6250,3.0712
0.6452,3.0617
0.6667,3.0524
0.6897,3.0417
0.7143,3.0306
0.7407,3.0220
0.7692,3.0115
0.8000,2.9985
0.8333,2.9863
0.8696,2.9760
0.9091,2.9711
0.9524,2.9593
1.0000,2.9493
1.0526,2.9433
1.1111,2.9349
1.1765,2.9214
1.2500,2.8969
1.3333,2.8874
1.4286,2.8804
1.5385,2.8732
1.6667,2.8525
1.8182,2.8283
2.0000,2.8175
