0.4000,3.2143
0.4082,3.2105
0.4167,3.2061
0.4255,3.2072
0.4348,3.2021
0.4444,3.1988
0.4545,3.1970
0.4651,3.1924
0.4762,3.1825
0.4878,3.1708
0.5000,3.1611
0.5128,3.1537
0.5263,3.1422
0.5405,3.1334
0.5556,3.1215
0.5714,3.1097
0.5882,3.0982
0.6061,3.0834
0.6250,3.0708
0.6452,3.0547
0.6667,3.0362
0.6897,3.0241
0.7143,3.0122
0.7407,2.9962
0.7692,2.9837
0.8000,2.9742
0.8333,2.9562
0.8696,2.9460
0.9091,2.9332
0.9524,2.9274
1.0000,2.9077
1.0526,2.8919
1.1111,2.8823
1.1765,2.8721
1.2500,2.8578
1.3333,2.8422
1.4286,2.8318
1.5385,2.8132
1.6667,2.7928
1.8182,2.7795
2.0000,2.7650
