0.4000,3.1902
0.4082,3.1827
0.4167,3.1794
0.4255,3.1737
0.4348,3.1655
0.4444,3.1615
0.4545,3.1585
0.4651,3.1559
0.4762,3.1472
0.4878,3.1381
0.5000,3.1311
0.5128,3.1240
0.5263,3.1164
0.5405,3.1116
0.5556,3.1026
0.5714,3.0935
0.5882,3.0833
0.6061,3.0760
0.6250,3.0637
0.6452,3.0526
0.6667,3.0427
0.6897,3.0315
0.7143,3.0130
0.7407,3.0068
0.7692,2.9981
0.8000,2.9862
0.8333,2.9737
0.8696,2.9565
0.9091,2.9365
0.9524,2.9194
1.0000,2.9000
1.0526,2.8841
1.1111,2.8669
1.1765,2.8587
1.2500,2.8384
1.3333,2.8283
1.4286,2.8202
1.5385,2.8011
1.6667,2.7859
1.8182,2.7783
2.0000,2.7608
