0.4000,3.0358
0.4082,3.0290
0.4167,3.0275
0.4255,3.0454
0.4348,3.0393
0.4444,3.0303
0.4545,3.0211
0.4651,3.0118
0.4762,3.0029
0.4878,2.9916
0.5000,2.9834
0.5128,2.9733
0.5263,2.9674
0.5405,2.9598
0.5556,2.9517
0.5714,2.9418
0.5882,2.9337
0.6061,2.9190
0.6250,2.9111
0.6452,2.8981
0.6667,2.8902
0.6897,2.8726
0.7143,2.8649
0.7407,2.8620
0.7692,2.8505
0.8000,2.8451
0.8333,2.8347
0.8696,2.8416
0.9091,2.8391
0.9524,2.8278
1.0000,2.8334
1.0526,2.8397
1.1111,2.8305
1.1765,2.8293
1.2500,2.8181
1.3333,2.8109
1.4286,2.8085
1.5385,2.7591
1.6667,2.7285
1.8182,2.7012
2.0000,2.6814
