0.4000,2.9989
0.4082,2.9971
0.4167,2.9924
0.4255,2.9944
0.4348,2.9862
0.4444,2.9775
0.4545,2.9685
0.4651,2.9589
0.4762,2.9499
0.4878,2.9370
0.5000,2.9265
0.5128,2.9188
0.5263,2.9103
0.5405,2.9035
0.5556,2.8966
0.5714,2.8902
0.5882,2.8863
0.6061,2.8794
0.6250,2.8734
0.6452,2.8644
0.6667,2.8564
0.6897,2.8436
0.7143,2.8368
0.7407,2.8327
0.7692,2.8243
0.8000,2.8144
0.8333,2.8058
0.8696,2.7992
0.9091,2.7903
0.9524,2.7860
1.0000,2.7886
1.0526,2.7905
1.1111,2.7908
1.1765,2.7890
1.2500,2.7732
1.3333,2.7592
1.4286,2.7506
1.5385,2.7224
1.6667,2.7091
1.8182,2.6857
2.0000,2.6791
