0.4000,2.9626
0.4082,2.9546
0.4167,2.9512
0.4255,2.9455
0.4348,2.9364
0.4444,2.9242
0.4545,2.9137
0.4651,2.9039
0.4762,2.8942
0.4878,2.8845
0.5000,2.8757
0.5128,2.8670
0.5263,2.8616
0.5405,2.8549
0.5556,2.8489
0.5714,2.8433
0.5882,2.8371
0.6061,2.8314
0.6250,2.8252
0.6452,2.8190
0.6667,2.8137
0.6897,2.8167
0.7143,2.8142
0.7407,2.8127
0.7692,2.8103
0.8000,2.8052
0.8333,2.8004
0.8696,2.7981
0.9091,2.7861
0.9524,2.7717
1.0000,2.7573
1.0526,2.7585
1.1111,2.7489
1.1765,2.7409
1.2500,2.7311
1.3333,2.7240
1.4286,2.7215
1.5385,2.7166
1.6667,2.7090
1.8182,2.7047
2.0000,2.6807
