0.4000,2.9723
0.4082,2.9593
0.4167,2.9523
0.4255,2.9418
0.4348,2.9334
0.4444,2.9262
0.4545,2.9167
0.4651,2.9061
0.4762,2.8951
0.4878,2.8837
0.5000,2.8725
0.5128,2.8596
0.5263,2.8475
0.5405,2.8363
0.5556,2.8227
0.5714,2.8116
0.5882,2.7974
0.6061,2.7863
0.6250,2.7757
0.6452,2.7646
0.6667,2.7550
0.6897,2.7416
0.7143,2.7329
0.7407,2.7247
0.7692,2.7168
0.8000,2.6938
0.8333,2.6832
0.8696,2.6726
0.9091,2.6688
0.9524,2.6601
1.0000,2.6575
1.0526,2.6487
1.1111,2.6356
1.1765,2.6254
1.2500,2.6172
1.3333,2.6116
1.4286,2.6054
1.5385,2.5992
1.6667,2.5968
1.8182,2.5981
2.0000,2.5985
