0.4000,2.9130
0.4082,2.9035
0.4167,2.8949
0.4255,2.8982
0.4348,2.8931
0.4444,2.8851
0.4545,2.8735
0.4651,2.8660
0.4762,2.8574
0.4878,2.8453
0.5000,2.8369
0.5128,2.8272
0.5263,2.8213
0.5405,2.8146
0.5556,2.8093
0.5714,2.8103
0.5882,2.8074
0.6061,2.8134
0.6250,2.8086
0.6452,2.8030
0.6667,2.7943
0.6897,2.7739
0.7143,2.7680
0.7407,2.7703
0.7692,2.7627
0.8000,2.7575
0.8333,2.7612
0.8696,2.7601
0.9091,2.7454
0.9524,2.7476
1.0000,2.7429
1.0526,2.7433
1.1111,2.7522
1.1765,2.7469
1.2500,2.7255
1.3333,2.7206
1.4286,2.6951
1.5385,2.6949
1.6667,2.6903
1.8182,2.6930
2.0000,2.7124
