0.4000,3.0009
0.4082,2.9967
0.4167,2.9925
0.4255,2.9956
0.4348,2.9902
0.4444,2.9842
0.4545,2.9773
0.4651,2.9699
0.4762,2.9622
0.4878,2.9585
0.5000,2.9485
0.5128,2.9408
0.5263,2.9318
0.5405,2.9238
0.5556,2.9157
0.5714,2.9091
0.5882,2.9010
0.6061,2.8938
0.6250,2.8861
0.6452,2.8776
0.6667,2.8691
0.6897,2.8603
0.7143,2.8526
0.7407,2.8445
0.7692,2.8390
0.8000,2.8322
0.8333,2.8277
0.8696,2.8183
0.9091,2.8052
0.9524,2.7819
1.0000,2.7711
1.0526,2.7583
1.1111,2.7562
1.1765,2.7566
1.2500,2.7499
1.3333,2.7516
1.4286,2.7467
1.5385,2.7228
1.6667,2.7001
1.8182,2.6980
2.0000,2.6613
