0.4000,3.0178
0.4082,3.0119
0.4167,3.0218
0.4255,3.0192
0.4348,3.0190
0.4444,3.0137
0.4545,3.0097
0.4651,3.0054
0.4762,2.9995
0.4878,3.0015
0.5000,2.9959
0.5128,2.9900
0.5263,2.9842
0.5405,2.9736
0.5556,2.9664
0.5714,2.9609
0.5882,2.9561
0.6061,2.9512
0.6250,2.9467
0.6452,2.9420
0.6667,2.9380
0.6897,2.9333
0.7143,2.9313
0.7407,2.9099
0.7692,2.9064
0.8000,2.8989
0.8333,2.8973
0.8696,2.8787
0.9091,2.8656
0.9524,2.8450
1.0000,2.8251
1.0526,2.8111
1.1111,2.8055
1.1765,2.7993
1.2500,2.7886
1.3333,2.7979
1.4286,2.7863
1.5385,2.7864
1.6667,2.7821
1.8182,2.7828
2.0000,2.7586
