0.4000,3.0074
0.4082,2.9918
0.4167,2.9867
0.4255,2.9768
0.4348,2.9690
0.4444,2.9569
0.4545,2.9456
0.4651,2.9326
0.4762,2.9198
0.4878,2.9067
0.5000,2.8935
0.5128,2.8804
0.5263,2.8684
0.5405,2.8581
0.5556,2.8458
0.5714,2.8352
0.5882,2.8237
0.6061,2.8133
0.6250,2.8026
0.6452,2.7915
0.6667,2.7789
0.6897,2.7675
0.7143,2.7548
0.7407,2.7430
0.7692,2.7311
0.8000,2.7148
0.8333,2.7018
0.8696,2.6929
0.9091,2.6827
0.9524,2.6727
1.0000,2.6657
1.0526,2.6588
1.1111,2.6575
1.1765,2.6532
1.2500,2.6520
1.3333,2.6496
1.4286,2.6501
1.5385,2.6455
1.6667,2.6394
1.8182,2.6319
2.0000,2.6292
