0.4000,2.9910
0.4082,2.9812
0.4167,2.9781
0.4255,2.9794
0.4348,2.9734
0.4444,2.9722
0.4545,2.9634
0.4651,2.9541
0.4762,2.9448
0.4878,2.9334
0.5000,2.9224
0.5128,2.9118
0.5263,2.9010
0.5405,2.8913
0.5556,2.8810
0.5714,2.8743
0.5882,2.8667
0.6061,2.8597
0.6250,2.8516
0.6452,2.8423
0.6667,2.8298
0.6897,2.8059
0.7143,2.7957
0.7407,2.7886
0.7692,2.7750
0.8000,2.7560
0.8333,2.7488
0.8696,2.7362
0.9091,2.7330
0.9524,2.7282
1.0000,2.7114
1.0526,2.7057
1.1111,2.6957
1.1765,2.6842
1.2500,2.6810
1.3333,2.6813
1.4286,2.6627
1.5385,2.6532
1.6667,2.6422
1.8182,2.6304
2.0000,2.6356
