0.4000,2.9228
0.4082,2.9162
0.4167,2.9071
0.4255,2.9102
0.4348,2.9021
0.4444,2.9012
0.4545,2.8889
0.4651,2.8806
0.4762,2.8721
0.4878,2.8623
0.5000,2.8541
0.5128,2.8519
0.5263,2.8436
0.5405,2.8349
0.5556,2.8248
0.5714,2.8159
0.5882,2.8069
0.6061,2.7978
0.6250,2.7917
0.6452,2.7826
0.6667,2.7726
0.6897,2.7620
0.7143,2.7500
0.7407,2.7400
0.7692,2.7307
0.8000,2.7152
0.8333,2.7003
0.8696,2.6831
0.9091,2.6730
0.9524,2.6662
1.0000,2.6498
1.0526,2.6468
1.1111,2.6343
1.1765,2.6226
1.2500,2.6105
1.3333,2.6028
1.4286,2.5865
1.5385,2.5826
1.6667,2.5794
1.8182,2.5732
2.0000,2.5878
