0.4000,2.9652
0.4082,2.9623
0.4167,2.9594
0.4255,2.9580
0.4348,2.9561
0.4444,2.9584
0.4545,2.9465
0.4651,2.9380
0.4762,2.9312
0.4878,2.9188
0.5000,2.9072
0.5128,2.8987
0.5263,2.8866
0.5405,2.8700
0.5556,2.8576
0.5714,2.8445
0.5882,2.8325
0.6061,2.8172
0.6250,2.8072
0.6452,2.7928
0.6667,2.7774
0.6897,2.7542
0.7143,2.7389
0.7407,2.7255
0.7692,2.7090
0.8000,2.6985
0.8333,2.6829
0.8696,2.6822
0.9091,2.6844
0.9524,2.6809
1.0000,2.6730
1.0526,2.6782
1.1111,2.6592
1.1765,2.6448
1.2500,2.6398
1.3333,2.6355
1.4286,2.6310
1.5385,2.6221
1.6667,2.6016
1.8182,2.5860
2.0000,2.5882
