0.4000,2.9253
0.4082,2.9190
0.4167,2.9181
0.4255,2.9241
0.4348,2.9234
0.4444,2.9209
0.4545,2.9120
0.4651,2.9069
0.4762,2.9027
0.4878,2.8943
0.5000,2.8877
0.5128,2.8853
0.5263,2.8762
0.5405,2.8669
0.5556,2.8558
0.5714,2.8440
0.5882,2.8338
0.6061,2.8218
0.6250,2.8133
0.6452,2.8037
0.6667,2.7978
0.6897,2.7909
0.7143,2.7818
0.7407,2.7782
0.7692,2.7744
0.8000,2.7624
0.8333,2.7551
0.8696,2.7412
0.9091,2.7357
0.9524,2.7321
1.0000,2.7324
1.0526,2.7345
1.1111,2.7151
1.1765,2.6951
1.2500,2.6725
1.3333,2.6620
1.4286,2.6446
1.5385,2.6360
1.6667,2.6269
1.8182,2.6116
2.0000,2.6105
