0.4000,2.9276
0.4082,2.9269
0.4167,2.9216
0.4255,2.9207
0.4348,2.9175
0.4444,2.9216
0.4545,2.9162
0.4651,2.9110
0.4762,2.9029
0.4878,2.8952
0.5000,2.8866
0.5128,2.8789
0.5263,2.8683
0.5405,2.8572
0.5556,2.8489
0.5714,2.8377
0.5882,2.8255
0.6061,2.8160
0.6250,2.8026
0.6452,2.7895
0.6667,2.7744
0.6897,2.7639
0.7143,2.7524
0.7407,2.7403
0.7692,2.7292
0.8000,2.7260
0.8333,2.7198
0.8696,2.7135
0.9091,2.6932
0.9524,2.6823
1.0000,2.6524
1.0526,2.6525
1.1111,2.6316
1.1765,2.6068
1.2500,2.6044
1.3333,2.5997
1.4286,2.5991
1.5385,2.6036
1.6667,2.6106
1.8182,2.6116
2.0000,2.6077
