0.4000,2.9497
0.4082,2.9433
0.4167,2.9347
0.4255,2.9325
0.4348,2.9319
0.4444,2.9378
0.4545,2.9238
0.4651,2.9140
0.4762,2.9044
0.4878,2.8901
0.5000,2.8785
0.5128,2.8669
0.5263,2.8532
0.5405,2.8369
0.5556,2.8259
0.5714,2.8117
0.5882,2.7978
0.6061,2.7831
0.6250,2.7673
0.6452,2.7495
0.6667,2.7308
0.6897,2.7058
0.7143,2.6895
0.7407,2.6743
0.7692,2.6618
0.8000,2.6644
0.8333,2.6522
0.8696,2.6538
0.9091,2.6416
0.9524,2.6471
1.0000,2.6126
1.0526,2.6109
1.1111,2.5973
1.1765,2.5760
1.2500,2.5749
1.3333,2.5754
1.4286,2.5762
1.5385,2.5844
1.6667,2.5843
1.8182,2.5764
2.0000,2.5797
