0.4000,2.9514
0.4082,2.9383
0.4167,2.9267
0.4255,2.9173
0.4348,2.9050
0.4444,2.9027
0.4545,2.8897
0.4651,2.8762
0.4762,2.8621
0.4878,2.8480
0.5000,2.8344
0.5128,2.8267
0.5263,2.8163
0.5405,2.8097
0.5556,2.7997
0.5714,2.7913
0.5882,2.7828
0.6061,2.7757
0.6250,2.7704
0.6452,2.7634
0.6667,2.7538
0.6897,2.7438
0.7143,2.7357
0.7407,2.7275
0.7692,2.7195
0.8000,2.7031
0.8333,2.6903
0.8696,2.6839
0.9091,2.6753
0.9524,2.6681
1.0000,2.6463
1.0526,2.6422
1.1111,2.6356
1.1765,2.6293
1.2500,2.6258
1.3333,2.6231
1.4286,2.6157
1.5385,2.6148
1.6667,2.6182
1.8182,2.6178
2.0000,2.6318
