0.4000,3.0051
0.4082,2.9977
0.4167,2.9924
0.4255,2.9807
0.4348,2.9748
0.4444,2.9709
0.4545,2.9599
0.4651,2.9472
0.4762,2.9343
0.4878,2.9191
0.5000,2.9034
0.5128,2.8889
0.5263,2.8738
0.5405,2.8594
0.5556,2.8456
0.5714,2.8332
0.5882,2.8203
0.6061,2.8078
0.6250,2.7986
0.6452,2.7868
0.6667,2.7707
0.6897,2.7530
0.7143,2.7405
0.7407,2.7279
0.7692,2.7123
0.8000,2.6983
0.8333,2.6852
0.8696,2.6784
0.9091,2.6761
0.9524,2.6657
1.0000,2.6590
1.0526,2.6561
1.1111,2.6448
1.1765,2.6339
1.2500,2.6317
1.3333,2.6264
1.4286,2.6214
1.5385,2.6140
1.6667,2.6010
1.8182,2.5938
2.0000,2.5933
