0.4000,2.9344
0.4082,2.9220
0.4167,2.9173
0.4255,2.9198
0.4348,2.9160
0.4444,2.9068
0.4545,2.8983
0.4651,2.8907
0.4762,2.8837
0.4878,2.8752
0.5000,2.8694
0.5128,2.8651
0.5263,2.8569
0.5405,2.8518
0.5556,2.8452
0.5714,2.8407
0.5882,2.8298
0.6061,2.8161
0.6250,2.8061
0.6452,2.7929
0.6667,2.7781
0.6897,2.7657
0.7143,2.7540
0.7407,2.7528
0.7692,2.7288
0.8000,2.7073
0.8333,2.7063
0.8696,2.7083
0.9091,2.7229
0.9524,2.7161
1.0000,2.7232
1.0526,2.7390
1.1111,2.7322
1.1765,2.7324
1.2500,2.7351
1.3333,2.7259
1.4286,2.7329
1.5385,2.6874
1.6667,2.6368
1.8182,2.6252
2.0000,2.5956
