0.4000,2.9172
0.4082,2.9028
0.4167,2.8913
0.4255,2.8911
0.4348,2.8877
0.4444,2.8757
0.4545,2.8607
0.4651,2.8510
0.4762,2.8413
0.4878,2.8299
0.5000,2.8203
0.5128,2.8096
0.5263,2.8013
0.5405,2.7946
0.5556,2.7865
0.5714,2.7813
0.5882,2.7754
0.6061,2.7761
0.6250,2.7681
0.6452,2.7623
0.6667,2.7576
0.6897,2.7490
0.7143,2.7432
0.7407,2.7465
0.7692,2.7502
0.8000,2.7494
0.8333,2.7505
0.8696,2.7294
0.9091,2.7076
0.9524,2.7026
1.0000,2.6984
1.0526,2.6906
1.1111,2.6988
1.1765,2.6899
1.2500,2.6605
1.3333,2.6473
1.4286,2.6175
1.5385,2.6227
1.6667,2.6184
1.8182,2.6250
2.0000,2.6457
