0.4000,2.9269
0.4082,2.9154
0.4167,2.9101
0.4255,2.9065
0.4348,2.9054
0.4444,2.8920
0.4545,2.8828
0.4651,2.8745
0.4762,2.8659
0.4878,2.8551
0.5000,2.8460
0.5128,2.8369
0.5263,2.8261
0.5405,2.8182
0.5556,2.8098
0.5714,2.8031
0.5882,2.7939
0.6061,2.7885
0.6250,2.7747
0.6452,2.7628
0.6667,2.7519
0.6897,2.7321
0.7143,2.7227
0.7407,2.7281
0.7692,2.7257
0.8000,2.7209
0.8333,2.7195
0.8696,2.7008
0.9091,2.6905
0.9524,2.6778
1.0000,2.6863
1.0526,2.6878
1.1111,2.7112
1.1765,2.7006
1.2500,2.6855
1.3333,2.6630
1.4286,2.6528
1.5385,2.6344
1.6667,2.5975
1.8182,2.5965
2.0000,2.5760
