0.4000,2.9858
0.4082,2.9889
0.4167,2.9818
0.4255,2.9808
0.4348,2.9735
0.4444,2.9711
0.4545,2.9636
0.4651,2.9561
0.4762,2.9536
0.4878,2.9455
0.5000,2.9363
0.5128,2.9258
0.5263,2.9136
0.5405,2.8974
0.5556,2.8857
0.5714,2.8740
0.5882,2.8607
0.6061,2.8509
0.6250,2.8424
0.6452,2.8343
0.6667,2.8287
0.6897,2.8311
0.7143,2.8238
0.7407,2.8106
0.7692,2.8047
0.8000,2.8050
0.8333,2.8125
0.8696,2.8142
0.9091,2.8151
0.9524,2.8207
1.0000,2.8279
1.0526,2.7987
1.1111,2.7944
1.1765,2.7998
1.2500,2.7864
1.3333,2.7906
1.4286,2.7960
1.5385,2.8081
1.6667,2.8085
1.8182,2.8019
2.0000,2.8095
