0.4000,2.9659
0.4082,2.9543
0.4167,2.9495
0.4255,2.9428
0.4348,2.9302
0.4444,2.9152
0.4545,2.9027
0.4651,2.8921
0.4762,2.8820
0.4878,2.8719
0.5000,2.8631
0.5128,2.8550
0.5263,2.8519
0.5405,2.8461
0.5556,2.8404
0.5714,2.8363
0.5882,2.8311
0.6061,2.8281
0.6250,2.8264
0.6452,2.8264
0.6667,2.8295
0.6897,2.7952
0.7143,2.7897
0.7407,2.7762
0.7692,2.7720
0.8000,2.7698
0.8333,2.7666
0.8696,2.7696
0.9091,2.7669
0.9524,2.7691
1.0000,2.7716
1.0526,2.7738
1.1111,2.7741
1.1765,2.7767
1.2500,2.7732
1.3333,2.7667
1.4286,2.7645
1.5385,2.7592
1.6667,2.7495
1.8182,2.7431
2.0000,2.7262
