0.4000,2.9332
0.4082,2.9231
0.4167,2.9198
0.4255,2.9179
0.4348,2.9198
0.4444,2.9125
0.4545,2.9012
0.4651,2.8964
0.4762,2.8917
0.4878,2.8817
0.5000,2.8744
0.5128,2.8671
0.5263,2.8574
0.5405,2.8458
0.5556,2.8351
0.5714,2.8229
0.5882,2.8099
0.6061,2.7938
0.6250,2.7802
0.6452,2.7627
0.6667,2.7450
0.6897,2.7197
0.7143,2.7005
0.7407,2.6885
0.7692,2.6804
0.8000,2.6858
0.8333,2.6722
0.8696,2.6833
0.9091,2.6583
0.9524,2.6680
1.0000,2.6556
1.0526,2.6509
1.1111,2.6525
1.1765,2.6547
1.2500,2.6483
1.3333,2.6582
1.4286,2.6606
1.5385,2.6793
1.6667,2.6876
1.8182,2.6769
2.0000,2.6792
