0.4000,2.9788
0.4082,2.9702
0.4167,2.9649
0.4255,2.9580
0.4348,2.9509
0.4444,2.9501
0.4545,2.9413
0.4651,2.9299
0.4762,2.9252
0.4878,2.9115
0.5000,2.8994
0.5128,2.8883
0.5263,2.8780
0.5405,2.8682
0.5556,2.8573
0.5714,2.8470
0.5882,2.8359
0.6061,2.8253
0.6250,2.8128
0.6452,2.8004
0.6667,2.7853
0.6897,2.7633
0.7143,2.7504
0.7407,2.7392
0.7692,2.7301
0.8000,2.7231
0.8333,2.7179
0.8696,2.7227
0.9091,2.7198
0.9524,2.7200
1.0000,2.7201
1.0526,2.7114
1.1111,2.7051
1.1765,2.6976
1.2500,2.6978
1.3333,2.6944
1.4286,2.6879
1.5385,2.6754
1.6667,2.6694
1.8182,2.6622
2.0000,2.6406
