0.4000,2.9548
0.4082,2.9498
0.4167,2.9444
0.4255,2.9333
0.4348,2.9206
0.4444,2.9099
0.4545,2.9091
0.4651,2.9035
0.4762,2.8982
0.4878,2.8936
0.5000,2.8859
0.5128,2.8825
0.5263,2.8744
0.5405,2.8682
0.5556,2.8565
0.5714,2.8461
0.5882,2.8282
0.6061,2.8090
0.6250,2.7907
0.6452,2.7672
0.6667,2.7433
0.6897,2.7328
0.7143,2.7194
0.7407,2.6872
0.7692,2.6710
0.8000,2.6625
0.8333,2.6472
0.8696,2.6386
0.9091,2.6409
0.9524,2.6356
1.0000,2.6290
1.0526,2.6311
1.1111,2.5901
1.1765,2.5698
1.2500,2.5739
1.3333,2.5605
1.4286,2.5442
1.5385,2.5200
1.6667,2.5245
1.8182,2.5158
2.0000,2.4831
