0.4000,2.9447
0.4082,2.9422
0.4167,2.9371
0.4255,2.9400
0.4348,2.9356
0.4444,2.9389
0.4545,2.9306
0.4651,2.9225
0.4762,2.9126
0.4878,2.9018
0.5000,2.8921
0.5128,2.8848
0.5263,2.8732
0.5405,2.8621
0.5556,2.8536
0.5714,2.8433
0.5882,2.8337
0.6061,2.8259
0.6250,2.8180
0.6452,2.8108
0.6667,2.8047
0.6897,2.8040
0.7143,2.8017
0.7407,2.7956
0.7692,2.7894
0.8000,2.7905
0.8333,2.7878
0.8696,2.7994
0.9091,2.7929
0.9524,2.7840
1.0000,2.7662
1.0526,2.7769
1.1111,2.7747
1.1765,2.7729
1.2500,2.7573
1.3333,2.7303
1.4286,2.7204
1.5385,2.7094
1.6667,2.7022
1.8182,2.6894
2.0000,2.6541
