0.4000,2.9935
0.4082,2.9896
0.4167,2.9896
0.4255,2.9816
0.4348,2.9760
0.4444,2.9736
0.4545,2.9688
0.4651,2.9596
0.4762,2.9558
0.4878,2.9490
0.5000,2.9394
0.5128,2.9280
0.5263,2.9171
0.5405,2.9026
0.5556,2.8906
0.5714,2.8788
0.5882,2.8662
0.6061,2.8551
0.6250,2.8430
0.6452,2.8304
0.6667,2.8172
0.6897,2.8032
0.7143,2.7948
0.7407,2.7762
0.7692,2.7691
0.8000,2.7637
0.8333,2.7620
0.8696,2.7724
0.9091,2.7737
0.9524,2.7750
1.0000,2.7693
1.0526,2.7574
1.1111,2.7514
1.1765,2.7421
1.2500,2.7310
1.3333,2.7238
1.4286,2.7069
1.5385,2.7038
1.6667,2.7012
1.8182,2.6876
2.0000,2.6834
