0.4000,2.9138
0.4082,2.9112
0.4167,2.9088
0.4255,2.9158
0.4348,2.9120
0.4444,2.9080
0.4545,2.9059
0.4651,2.9037
0.4762,2.9004
0.4878,2.8949
0.5000,2.8882
0.5128,2.8868
0.5263,2.8790
0.5405,2.8732
0.5556,2.8609
0.5714,2.8476
0.5882,2.8356
0.6061,2.8254
0.6250,2.8145
0.6452,2.8059
0.6667,2.7987
0.6897,2.7957
0.7143,2.7898
0.7407,2.7961
0.7692,2.8026
0.8000,2.7979
0.8333,2.8031
0.8696,2.7807
0.9091,2.7623
0.9524,2.7606
1.0000,2.7562
1.0526,2.7592
1.1111,2.7587
1.1765,2.7448
1.2500,2.7214
1.3333,2.7048
1.4286,2.6765
1.5385,2.6735
1.6667,2.6730
1.8182,2.6656
2.0000,2.6467
