0.4000,3.0105
0.4082,3.0110
0.4167,3.0097
0.4255,3.0173
0.4348,3.0071
0.4444,2.9941
0.4545,2.9853
0.4651,2.9727
0.4762,2.9621
0.4878,2.9588
0.5000,2.9477
0.5128,2.9347
0.5263,2.9226
0.5405,2.9076
0.5556,2.8926
0.5714,2.8760
0.5882,2.8613
0.6061,2.8432
0.6250,2.8290
0.6452,2.8138
0.6667,2.8030
0.6897,2.7897
0.7143,2.7835
0.7407,2.7620
0.7692,2.7623
0.8000,2.7665
0.8333,2.7591
0.8696,2.7523
0.9091,2.7434
0.9524,2.7388
1.0000,2.7363
1.0526,2.7358
1.1111,2.7187
1.1765,2.7159
1.2500,2.7234
1.3333,2.7344
1.4286,2.7108
1.5385,2.7028
1.6667,2.7095
1.8182,2.6833
2.0000,2.6511
