0.4000,2.9287
0.4082,2.9209
0.4167,2.9147
0.4255,2.9186
0.4348,2.9170
0.4444,2.9217
0.4545,2.9080
0.4651,2.8991
0.4762,2.8914
0.4878,2.8787
0.5000,2.8700
0.5128,2.8633
0.5263,2.8506
0.5405,2.8376
0.5556,2.8289
0.5714,2.8150
0.5882,2.8000
0.6061,2.7848
0.6250,2.7676
0.6452,2.7491
0.6667,2.7316
0.6897,2.7206
0.7143,2.7102
0.7407,2.7017
0.7692,2.6952
0.8000,2.7060
0.8333,2.7016
0.8696,2.7174
0.9091,2.7055
0.9524,2.7093
1.0000,2.6816
1.0526,2.6808
1.1111,2.6794
1.1765,2.6785
1.2500,2.6660
1.3333,2.6482
1.4286,2.6413
1.5385,2.6373
1.6667,2.6338
1.8182,2.6128
2.0000,2.5872
