0.4000,3.0026
0.4082,3.0035
0.4167,2.9913
0.4255,2.9983
0.4348,2.9900
0.4444,2.9879
0.4545,2.9767
0.4651,2.9662
0.4762,2.9559
0.4878,2.9424
0.5000,2.9358
0.5128,2.9261
0.5263,2.9137
0.5405,2.8980
0.5556,2.8854
0.5714,2.8726
0.5882,2.8575
0.6061,2.8445
0.6250,2.8363
0.6452,2.8283
0.6667,2.8233
0.6897,2.8200
0.7143,2.8053
0.7407,2.7891
0.7692,2.7767
0.8000,2.7767
0.8333,2.7784
0.8696,2.7824
0.9091,2.7797
0.9524,2.7894
1.0000,2.7976
1.0526,2.7767
1.1111,2.7878
1.1765,2.7926
1.2500,2.7796
1.3333,2.7857
1.4286,2.8021
1.5385,2.8064
1.6667,2.7980
1.8182,2.7904
2.0000,2.7864
