0.4000,2.9870
0.4082,2.9786
0.4167,2.9709
0.4255,2.9754
0.4348,2.9633
0.4444,2.9627
0.4545,2.9482
0.4651,2.9359
0.4762,2.9223
0.4878,2.9093
0.5000,2.8961
0.5128,2.8862
0.5263,2.8738
0.5405,2.8630
0.5556,2.8528
0.5714,2.8440
0.5882,2.8376
0.6061,2.8311
0.6250,2.8262
0.6452,2.8236
0.6667,2.8214
0.6897,2.7899
0.7143,2.7846
0.7407,2.7679
0.7692,2.7591
0.8000,2.7497
0.8333,2.7460
0.8696,2.7646
0.9091,2.7811
0.9524,2.7817
1.0000,2.7780
1.0526,2.7874
1.1111,2.7906
1.1765,2.7862
1.2500,2.7571
1.3333,2.7394
1.4286,2.7287
1.5385,2.7125
1.6667,2.6954
1.8182,2.6888
2.0000,2.6575
