0.4000,2.9724
0.4082,2.9653
0.4167,2.9557
0.4255,2.9508
0.4348,2.9345
0.4444,2.9287
0.4545,2.9317
0.4651,2.9271
0.4762,2.9221
0.4878,2.9150
0.5000,2.9059
0.5128,2.9063
0.5263,2.9027
0.5405,2.8972
0.5556,2.8893
0.5714,2.8789
0.5882,2.8673
0.6061,2.8624
0.6250,2.8540
0.6452,2.8501
0.6667,2.8455
0.6897,2.8491
0.7143,2.8499
0.7407,2.8539
0.7692,2.8587
0.8000,2.8520
0.8333,2.8623
0.8696,2.8374
0.9091,2.8534
0.9524,2.8528
1.0000,2.8659
1.0526,2.8689
1.1111,2.8806
1.1765,2.8777
1.2500,2.8795
1.3333,2.8723
1.4286,2.8609
1.5385,2.8396
1.6667,2.8000
1.8182,2.7836
2.0000,2.7465
