0.4000,2.9255
0.4082,2.9259
0.4167,2.9217
0.4255,2.9230
0.4348,2.9209
0.4444,2.9245
0.4545,2.9200
0.4651,2.9154
0.4762,2.9079
0.4878,2.9006
0.5000,2.8926
0.5128,2.8862
0.5263,2.8759
0.5405,2.8654
0.5556,2.8581
0.5714,2.8477
0.5882,2.8365
0.6061,2.8283
0.6250,2.8163
0.6452,2.8052
0.6667,2.7931
0.6897,2.7884
0.7143,2.7802
0.7407,2.7707
0.7692,2.7622
0.8000,2.7632
0.8333,2.7596
0.8696,2.7586
0.9091,2.7334
0.9524,2.7212
1.0000,2.6897
1.0526,2.6941
1.1111,2.6799
1.1765,2.6630
1.2500,2.6592
1.3333,2.6498
1.4286,2.6484
1.5385,2.6504
1.6667,2.6565
1.8182,2.6543
2.0000,2.6380
