0.4000,2.9443
0.4082,2.9367
0.4167,2.9270
0.4255,2.9250
0.4348,2.9190
0.4444,2.9096
0.4545,2.9063
0.4651,2.9037
0.4762,2.8994
0.4878,2.8959
0.5000,2.8886
0.5128,2.8856
0.5263,2.8810
0.5405,2.8720
0.5556,2.8641
0.5714,2.8555
0.5882,2.8466
0.6061,2.8353
0.6250,2.8255
0.6452,2.8145
0.6667,2.8037
0.6897,2.8000
0.7143,2.7889
0.7407,2.7855
0.7692,2.7822
0.8000,2.7859
0.8333,2.7842
0.8696,2.7816
0.9091,2.7700
0.9524,2.7620
1.0000,2.7827
1.0526,2.7851
1.1111,2.7929
1.1765,2.8025
1.2500,2.7939
1.3333,2.7981
1.4286,2.7881
1.5385,2.8012
1.6667,2.8215
1.8182,2.8146
2.0000,2.8048
