0.4000,2.9800
0.4082,2.9714
0.4167,2.9556
0.4255,2.9540
0.4348,2.9457
0.4444,2.9356
0.4545,2.9320
0.4651,2.9251
0.4762,2.9207
0.4878,2.9146
0.5000,2.9053
0.5128,2.9009
0.5263,2.8938
0.5405,2.8836
0.5556,2.8764
0.5714,2.8674
0.5882,2.8581
0.6061,2.8460
0.6250,2.8327
0.6452,2.8189
0.6667,2.8075
0.6897,2.7906
0.7143,2.7784
0.7407,2.7635
0.7692,2.7495
0.8000,2.7453
0.8333,2.7429
0.8696,2.7470
0.9091,2.7505
0.9524,2.7369
1.0000,2.7655
1.0526,2.7761
1.1111,2.7859
1.1765,2.7971
1.2500,2.7757
1.3333,2.7628
1.4286,2.7492
1.5385,2.7428
1.6667,2.7571
1.8182,2.7536
2.0000,2.7522
