0.4000,2.9048
0.4082,2.9055
0.4167,2.9059
0.4255,2.9109
0.4348,2.9069
0.4444,2.8995
0.4545,2.9052
0.4651,2.9016
0.4762,2.8973
0.4878,2.8921
0.5000,2.8841
0.5128,2.8797
0.5263,2.8749
0.5405,2.8700
0.5556,2.8609
0.5714,2.8536
0.5882,2.8451
0.6061,2.8383
0.6250,2.8253
0.6452,2.8146
0.6667,2.8004
0.6897,2.7735
0.7143,2.7622
0.7407,2.7551
0.7692,2.7510
0.8000,2.7463
0.8333,2.7426
0.8696,2.7224
0.9091,2.7141
0.9524,2.7124
1.0000,2.7023
1.0526,2.6989
1.1111,2.7190
1.1765,2.7193
1.2500,2.7160
1.3333,2.6923
1.4286,2.6945
1.5385,2.6612
1.6667,2.6016
1.8182,2.5986
2.0000,2.5633
