0.4000,2.9759
0.4082,2.9699
0.4167,2.9603
0.4255,2.9655
0.4348,2.9582
0.4444,2.9488
0.4545,2.9422
0.4651,2.9328
0.4762,2.9299
0.4878,2.9323
0.5000,2.9174
0.5128,2.9055
0.5263,2.8936
0.5405,2.8800
0.5556,2.8688
0.5714,2.8569
0.5882,2.8472
0.6061,2.8360
0.6250,2.8282
0.6452,2.8191
0.6667,2.8124
0.6897,2.8016
0.7143,2.8026
0.7407,2.8021
0.7692,2.8095
0.8000,2.8042
0.8333,2.7993
0.8696,2.7827
0.9091,2.7791
0.9524,2.7752
1.0000,2.7656
1.0526,2.7673
1.1111,2.7401
1.1765,2.7240
1.2500,2.7347
1.3333,2.7351
1.4286,2.6956
1.5385,2.6909
1.6667,2.6932
1.8182,2.6572
2.0000,2.6380
