0.4000,2.9879
0.4082,2.9783
0.4167,2.9679
0.4255,2.9564
0.4348,2.9489
0.4444,2.9474
0.4545,2.9376
0.4651,2.9265
0.4762,2.9220
0.4878,2.9213
0.5000,2.9089
0.5128,2.8950
0.5263,2.8830
0.5405,2.8700
0.5556,2.8581
0.5714,2.8481
0.5882,2.8349
0.6061,2.8263
0.6250,2.8171
0.6452,2.8054
0.6667,2.7951
0.6897,2.7817
0.7143,2.7769
0.7407,2.7752
0.7692,2.7760
0.8000,2.7477
0.8333,2.7357
0.8696,2.7094
0.9091,2.6945
0.9524,2.6855
1.0000,2.6592
1.0526,2.6603
1.1111,2.6315
1.1765,2.6163
1.2500,2.6271
1.3333,2.6271
1.4286,2.5861
1.5385,2.5806
1.6667,2.5871
1.8182,2.5490
2.0000,2.5380
