0.4000,3.0527
0.4082,3.0506
0.4167,3.0450
0.4255,3.0337
0.4348,3.0247
0.4444,3.0241
0.4545,3.0166
0.4651,3.0082
0.4762,3.0015
0.4878,2.9901
0.5000,2.9826
0.5128,2.9714
0.5263,2.9606
0.5405,2.9509
0.5556,2.9395
0.5714,2.9292
0.5882,2.9164
0.6061,2.9058
0.6250,2.8923
0.6452,2.8810
0.6667,2.8629
0.6897,2.8373
0.7143,2.8196
0.7407,2.7967
0.7692,2.7830
0.8000,2.7744
0.8333,2.7662
0.8696,2.7686
0.9091,2.7671
0.9524,2.7708
1.0000,2.7751
1.0526,2.7579
1.1111,2.7564
1.1765,2.7501
1.2500,2.7513
1.3333,2.7540
1.4286,2.7537
1.5385,2.7514
1.6667,2.7564
1.8182,2.7561
2.0000,2.7397
