0.4000,3.0237
0.4082,3.0087
0.4167,2.9983
0.4255,2.9884
0.4348,2.9804
0.4444,2.9801
0.4545,2.9660
0.4651,2.9513
0.4762,2.9377
0.4878,2.9212
0.5000,2.9112
0.5128,2.8998
0.5263,2.8892
0.5405,2.8746
0.5556,2.8649
0.5714,2.8564
0.5882,2.8457
0.6061,2.8429
0.6250,2.8408
0.6452,2.8414
0.6667,2.8409
0.6897,2.8260
0.7143,2.8237
0.7407,2.8302
0.7692,2.8277
0.8000,2.8137
0.8333,2.8099
0.8696,2.7870
0.9091,2.7670
0.9524,2.7639
1.0000,2.7398
1.0526,2.7252
1.1111,2.7256
1.1765,2.7160
1.2500,2.7209
1.3333,2.7208
1.4286,2.7119
1.5385,2.7003
1.6667,2.6815
1.8182,2.6372
2.0000,2.6194
