0.4000,3.0300
0.4082,3.0155
0.4167,3.0033
0.4255,2.9846
0.4348,2.9793
0.4444,2.9790
0.4545,2.9638
0.4651,2.9478
0.4762,2.9322
0.4878,2.9165
0.5000,2.9052
0.5128,2.8921
0.5263,2.8813
0.5405,2.8680
0.5556,2.8575
0.5714,2.8510
0.5882,2.8382
0.6061,2.8344
0.6250,2.8283
0.6452,2.8244
0.6667,2.8129
0.6897,2.7990
0.7143,2.8000
0.7407,2.8026
0.7692,2.8030
0.8000,2.7780
0.8333,2.7661
0.8696,2.7346
0.9091,2.7253
0.9524,2.7088
1.0000,2.6879
1.0526,2.6860
1.1111,2.6675
1.1765,2.6676
1.2500,2.6793
1.3333,2.6878
1.4286,2.6666
1.5385,2.6627
1.6667,2.6570
1.8182,2.6236
2.0000,2.6156
