0.4000,2.9721
0.4082,2.9643
0.4167,2.9583
0.4255,2.9420
0.4348,2.9405
0.4444,2.9287
0.4545,2.9099
0.4651,2.8962
0.4762,2.8863
0.4878,2.8715
0.5000,2.8645
0.5128,2.8482
0.5263,2.8361
0.5405,2.8264
0.5556,2.8207
0.5714,2.8186
0.5882,2.8162
0.6061,2.8194
0.6250,2.8156
0.6452,2.8146
0.6667,2.8038
0.6897,2.7763
0.7143,2.7557
0.7407,2.7375
0.7692,2.7227
0.8000,2.7199
0.8333,2.6998
0.8696,2.6882
0.9091,2.6621
0.9524,2.6558
1.0000,2.6377
1.0526,2.6052
1.1111,2.6065
1.1765,2.6077
1.2500,2.6152
1.3333,2.6108
1.4286,2.6321
1.5385,2.6199
1.6667,2.6134
1.8182,2.6025
2.0000,2.5761
