0.4000,2.9613
0.4082,2.9552
0.4167,2.9471
0.4255,2.9313
0.4348,2.9261
0.4444,2.9309
0.4545,2.9174
0.4651,2.9088
0.4762,2.9011
0.4878,2.8954
0.5000,2.8901
0.5128,2.8774
0.5263,2.8649
0.5405,2.8538
0.5556,2.8386
0.5714,2.8263
0.5882,2.8110
0.6061,2.7974
0.6250,2.7852
0.6452,2.7676
0.6667,2.7574
0.6897,2.7494
0.7143,2.7304
0.7407,2.7174
0.7692,2.6920
0.8000,2.6668
0.8333,2.6527
0.8696,2.6487
0.9091,2.6186
0.9524,2.6010
1.0000,2.5928
1.0526,2.6002
1.1111,2.5549
1.1765,2.5536
1.2500,2.5516
1.3333,2.5567
1.4286,2.5430
1.5385,2.5555
1.6667,2.5790
1.8182,2.5794
2.0000,2.5645
