0.4000,2.9225
0.4082,2.9201
0.4167,2.9264
0.4255,2.9163
0.4348,2.9176
0.4444,2.9090
0.4545,2.8984
0.4651,2.8934
0.4762,2.8919
0.4878,2.8819
0.5000,2.8785
0.5128,2.8675
0.5263,2.8599
0.5405,2.8529
0.5556,2.8470
0.5714,2.8440
0.5882,2.8422
0.6061,2.8411
0.6250,2.8326
0.6452,2.8228
0.6667,2.8133
0.6897,2.7790
0.7143,2.7546
0.7407,2.7257
0.7692,2.6990
0.8000,2.6976
0.8333,2.6736
0.8696,2.6582
0.9091,2.6081
0.9524,2.5936
1.0000,2.5819
1.0526,2.5707
1.1111,2.5577
1.1765,2.5545
1.2500,2.5567
1.3333,2.5581
1.4286,2.5710
1.5385,2.5710
1.6667,2.5657
1.8182,2.5716
2.0000,2.5426
