0.4000,2.9557
0.4082,2.9470
0.4167,2.9471
0.4255,2.9483
0.4348,2.9361
0.4444,2.9268
0.4545,2.9143
0.4651,2.9014
0.4762,2.8881
0.4878,2.8737
0.5000,2.8598
0.5128,2.8466
0.5263,2.8392
0.5405,2.8261
0.5556,2.8125
0.5714,2.8008
0.5882,2.7877
0.6061,2.7754
0.6250,2.7633
0.6452,2.7504
0.6667,2.7374
0.6897,2.7028
0.7143,2.6826
0.7407,2.6607
0.7692,2.6482
0.8000,2.6402
0.8333,2.6330
0.8696,2.6299
0.9091,2.6251
0.9524,2.6305
1.0000,2.6266
1.0526,2.6333
1.1111,2.6339
1.1765,2.6361
1.2500,2.6329
1.3333,2.6375
1.4286,2.6401
1.5385,2.6400
1.6667,2.6426
1.8182,2.6314
2.0000,2.6221
