0.4000,3.0223
0.4082,3.0110
0.4167,3.0010
0.4255,2.9854
0.4348,2.9666
0.4444,2.9571
0.4545,2.9462
0.4651,2.9364
0.4762,2.9289
0.4878,2.9166
0.5000,2.9074
0.5128,2.8993
0.5263,2.8911
0.5405,2.8841
0.5556,2.8786
0.5714,2.8709
0.5882,2.8619
0.6061,2.8634
0.6250,2.8631
0.6452,2.8701
0.6667,2.8723
0.6897,2.8726
0.7143,2.8734
0.7407,2.8723
0.7692,2.8736
0.8000,2.8643
0.8333,2.8737
0.8696,2.8703
0.9091,2.8878
0.9524,2.8869
1.0000,2.8894
1.0526,2.8904
1.1111,2.8961
1.1765,2.8902
1.2500,2.8896
1.3333,2.8752
1.4286,2.8745
1.5385,2.8433
1.6667,2.7938
1.8182,2.7637
2.0000,2.7402
