0.4000,3.0450
0.4082,3.0418
0.4167,3.0261
0.4255,3.0299
0.4348,3.0196
0.4444,3.0133
0.4545,3.0006
0.4651,2.9879
0.4762,2.9756
0.4878,2.9604
0.5000,2.9529
0.5128,2.9404
0.5263,2.9281
0.5405,2.9142
0.5556,2.9010
0.5714,2.8871
0.5882,2.8742
0.6061,2.8583
0.6250,2.8478
0.6452,2.8381
0.6667,2.8264
0.6897,2.8104
0.7143,2.7948
0.7407,2.7743
0.7692,2.7576
0.8000,2.7586
0.8333,2.7486
0.8696,2.7648
0.9091,2.7576
0.9524,2.7630
1.0000,2.7673
1.0526,2.7487
1.1111,2.7468
1.1765,2.7481
1.2500,2.7375
1.3333,2.7396
1.4286,2.7608
1.5385,2.7545
1.6667,2.7528
1.8182,2.7597
2.0000,2.7536
