0.4000,3.0626
0.4082,3.0651
0.4167,3.0510
0.4255,3.0408
0.4348,3.0278
0.4444,3.0155
0.4545,3.0012
0.4651,2.9861
0.4762,2.9717
0.4878,2.9559
0.5000,2.9443
0.5128,2.9283
0.5263,2.9147
0.5405,2.9013
0.5556,2.8874
0.5714,2.8753
0.5882,2.8629
0.6061,2.8506
0.6250,2.8384
0.6452,2.8310
0.6667,2.8129
0.6897,2.7946
0.7143,2.7786
0.7407,2.7596
0.7692,2.7454
0.8000,2.7362
0.8333,2.7264
0.8696,2.7327
0.9091,2.7324
0.9524,2.7347
1.0000,2.7372
1.0526,2.7220
1.1111,2.7179
1.1765,2.7052
1.2500,2.7043
1.3333,2.6987
1.4286,2.6943
1.5385,2.6883
1.6667,2.6829
1.8182,2.6842
2.0000,2.6809
