0.4000,2.9982
0.4082,2.9885
0.4167,2.9735
0.4255,2.9667
0.4348,2.9481
0.4444,2.9340
0.4545,2.9297
0.4651,2.9156
0.4762,2.9041
0.4878,2.8912
0.5000,2.8785
0.5128,2.8712
0.5263,2.8647
0.5405,2.8560
0.5556,2.8473
0.5714,2.8420
0.5882,2.8341
0.6061,2.8244
0.6250,2.8149
0.6452,2.8024
0.6667,2.7914
0.6897,2.7698
0.7143,2.7603
0.7407,2.7447
0.7692,2.7438
0.8000,2.7546
0.8333,2.7640
0.8696,2.7569
0.9091,2.7390
0.9524,2.7346
1.0000,2.7319
1.0526,2.7184
1.1111,2.7243
1.1765,2.7208
1.2500,2.7215
1.3333,2.7315
1.4286,2.7330
1.5385,2.7357
1.6667,2.7401
1.8182,2.7405
2.0000,2.7047
