0.4000,3.0261
0.4082,3.0088
0.4167,2.9887
0.4255,2.9752
0.4348,2.9712
0.4444,2.9635
0.4545,2.9453
0.4651,2.9270
0.4762,2.9107
0.4878,2.8961
0.5000,2.8853
0.5128,2.8668
0.5263,2.8478
0.5405,2.8362
0.5556,2.8281
0.5714,2.8217
0.5882,2.8179
0.6061,2.8165
0.6250,2.8141
0.6452,2.8144
0.6667,2.8030
0.6897,2.7866
0.7143,2.7755
0.7407,2.7644
0.7692,2.7575
0.8000,2.7576
0.8333,2.7424
0.8696,2.7361
0.9091,2.7146
0.9524,2.7068
1.0000,2.6900
1.0526,2.6529
1.1111,2.6489
1.1765,2.6436
1.2500,2.6392
1.3333,2.6184
1.4286,2.6285
1.5385,2.6153
1.6667,2.5982
1.8182,2.5833
2.0000,2.5476
