0.4000,3.0850
0.4082,3.0744
0.4167,3.0624
0.4255,3.0440
0.4348,3.0389
0.4444,3.0312
0.4545,3.0111
0.4651,2.9944
0.4762,2.9785
0.4878,2.9692
0.5000,2.9591
0.5128,2.9400
0.5263,2.9234
0.5405,2.9109
0.5556,2.8996
0.5714,2.8877
0.5882,2.8778
0.6061,2.8767
0.6250,2.8741
0.6452,2.8754
0.6667,2.8755
0.6897,2.8648
0.7143,2.8623
0.7407,2.8501
0.7692,2.8467
0.8000,2.8364
0.8333,2.8275
0.8696,2.8229
0.9091,2.8240
0.9524,2.8158
1.0000,2.8110
1.0526,2.7931
1.1111,2.7954
1.1765,2.7782
1.2500,2.7760
1.3333,2.7592
1.4286,2.7597
1.5385,2.7327
1.6667,2.6826
1.8182,2.6731
2.0000,2.6402
