0.4000,3.0816
0.4082,3.0740
0.4167,3.0623
0.4255,3.0470
0.4348,3.0446
0.4444,3.0415
0.4545,3.0279
0.4651,3.0157
0.4762,3.0027
0.4878,2.9929
0.5000,2.9867
0.5128,2.9709
0.5263,2.9547
0.5405,2.9425
0.5556,2.9301
0.5714,2.9158
0.5882,2.9041
0.6061,2.8962
0.6250,2.8873
0.6452,2.8823
0.6667,2.8726
0.6897,2.8548
0.7143,2.8507
0.7407,2.8427
0.7692,2.8369
0.8000,2.8283
0.8333,2.8212
0.8696,2.8108
0.9091,2.7991
0.9524,2.7895
1.0000,2.7760
1.0526,2.7472
1.1111,2.7426
1.1765,2.7161
1.2500,2.7129
1.3333,2.6863
1.4286,2.6849
1.5385,2.6617
1.6667,2.6172
1.8182,2.6132
2.0000,2.5747
