0.4000,2.9231
0.4082,2.9204
0.4167,2.9129
0.4255,2.9034
0.4348,2.8952
0.4444,2.8870
0.4545,2.8800
0.4651,2.8710
0.4762,2.8654
0.4878,2.8593
0.5000,2.8534
0.5128,2.8484
0.5263,2.8439
0.5405,2.8426
0.5556,2.8376
0.5714,2.8345
0.5882,2.8302
0.6061,2.8272
0.6250,2.8226
0.6452,2.8177
0.6667,2.8124
0.6897,2.7965
0.7143,2.7873
0.7407,2.7802
0.7692,2.7729
0.8000,2.7674
0.8333,2.7640
0.8696,2.7579
0.9091,2.7480
0.9524,2.7427
1.0000,2.7422
1.0526,2.7338
1.1111,2.7278
1.1765,2.7295
1.2500,2.7311
1.3333,2.7137
1.4286,2.7009
1.5385,2.6847
1.6667,2.6645
1.8182,2.6516
2.0000,2.6312
