0.4000,2.9761
0.4082,2.9676
0.4167,2.9819
0.4255,2.9674
0.4348,2.9570
0.4444,2.9464
0.4545,2.9264
0.4651,2.9084
0.4762,2.8944
0.4878,2.8796
0.5000,2.8660
0.5128,2.8508
0.5263,2.8392
0.5405,2.8278
0.5556,2.8164
0.5714,2.8084
0.5882,2.7992
0.6061,2.7908
0.6250,2.7840
0.6452,2.7734
0.6667,2.7637
0.6897,2.7593
0.7143,2.7492
0.7407,2.7430
0.7692,2.7395
0.8000,2.7417
0.8333,2.7379
0.8696,2.7161
0.9091,2.7122
0.9524,2.7192
1.0000,2.7151
1.0526,2.7139
1.1111,2.7141
1.1765,2.7095
1.2500,2.6931
1.3333,2.6894
1.4286,2.6825
1.5385,2.6667
1.6667,2.6591
1.8182,2.6362
2.0000,2.6205
