0.4000,2.9585
0.4082,2.9483
0.4167,2.9452
0.4255,2.9355
0.4348,2.9230
0.4444,2.9086
0.4545,2.9005
0.4651,2.8850
0.4762,2.8709
0.4878,2.8557
0.5000,2.8412
0.5128,2.8272
0.5263,2.8162
0.5405,2.8019
0.5556,2.7879
0.5714,2.7770
0.5882,2.7639
0.6061,2.7509
0.6250,2.7394
0.6452,2.7248
0.6667,2.7151
0.6897,2.6970
0.7143,2.6871
0.7407,2.6832
0.7692,2.6786
0.8000,2.6786
0.8333,2.6795
0.8696,2.6843
0.9091,2.6716
0.9524,2.6659
1.0000,2.6637
1.0526,2.6551
1.1111,2.6533
1.1765,2.6507
1.2500,2.6513
1.3333,2.6488
1.4286,2.6431
1.5385,2.6308
1.6667,2.6186
1.8182,2.5975
2.0000,2.5802
