0.4000,2.9609
0.4082,2.9587
0.4167,2.9558
0.4255,2.9497
0.4348,2.9376
0.4444,2.9432
0.4545,2.9361
0.4651,2.9289
0.4762,2.9195
0.4878,2.9192
0.5000,2.9148
0.5128,2.9069
0.5263,2.8987
0.5405,2.8894
0.5556,2.8782
0.5714,2.8687
0.5882,2.8579
0.6061,2.8467
0.6250,2.8394
0.6452,2.8276
0.6667,2.8063
0.6897,2.8032
0.7143,2.7907
0.7407,2.7796
0.7692,2.7647
0.8000,2.7294
0.8333,2.7095
0.8696,2.6930
0.9091,2.7053
0.9524,2.7013
1.0000,2.7022
1.0526,2.7254
1.1111,2.7035
1.1765,2.7103
1.2500,2.7153
1.3333,2.7234
1.4286,2.6896
1.5385,2.6891
1.6667,2.6695
1.8182,2.6472
2.0000,2.6698
