0.4000,3.0689
0.4082,3.0630
0.4167,3.0587
0.4255,3.0388
0.4348,3.0257
0.4444,3.0106
0.4545,2.9931
0.4651,2.9771
0.4762,2.9664
0.4878,2.9536
0.5000,2.9410
0.5128,2.9277
0.5263,2.9189
0.5405,2.9075
0.5556,2.8975
0.5714,2.8906
0.5882,2.8820
0.6061,2.8750
0.6250,2.8660
0.6452,2.8521
0.6667,2.8445
0.6897,2.8310
0.7143,2.8208
0.7407,2.7942
0.7692,2.7853
0.8000,2.7780
0.8333,2.7718
0.8696,2.7534
0.9091,2.7582
0.9524,2.7743
1.0000,2.7875
1.0526,2.7863
1.1111,2.7934
1.1765,2.8042
1.2500,2.8011
1.3333,2.8251
1.4286,2.8266
1.5385,2.8161
1.6667,2.8148
1.8182,2.8200
2.0000,2.8033
