0.4000,2.9063
0.4082,2.8994
0.4167,2.8972
0.4255,2.8874
0.4348,2.8835
0.4444,2.8758
0.4545,2.8635
0.4651,2.8531
0.4762,2.8432
0.4878,2.8324
0.5000,2.8233
0.5128,2.8130
0.5263,2.8031
0.5405,2.7956
0.5556,2.7862
0.5714,2.7797
0.5882,2.7721
0.6061,2.7639
0.6250,2.7559
0.6452,2.7484
0.6667,2.7427
0.6897,2.7277
0.7143,2.7203
0.7407,2.7099
0.7692,2.7015
0.8000,2.6900
0.8333,2.6827
0.8696,2.6746
0.9091,2.6666
0.9524,2.6576
1.0000,2.6584
1.0526,2.6646
1.1111,2.6649
1.1765,2.6651
1.2500,2.6645
1.3333,2.6662
1.4286,2.6653
1.5385,2.6593
1.6667,2.6553
1.8182,2.6498
2.0000,2.6376
