0.4000,2.9689
0.4082,2.9644
0.4167,2.9620
0.4255,2.9514
0.4348,2.9411
0.4444,2.9417
0.4545,2.9305
0.4651,2.9188
0.4762,2.9066
0.4878,2.8978
0.5000,2.8879
0.5128,2.8766
0.5263,2.8635
0.5405,2.8549
0.5556,2.8429
0.5714,2.8324
0.5882,2.8260
0.6061,2.8149
0.6250,2.8043
0.6452,2.7878
0.6667,2.7752
0.6897,2.7550
0.7143,2.7368
0.7407,2.7277
0.7692,2.7068
0.8000,2.6874
0.8333,2.6619
0.8696,2.6767
0.9091,2.6620
0.9524,2.6608
1.0000,2.6564
1.0526,2.6689
1.1111,2.6501
1.1765,2.6549
1.2500,2.6523
1.3333,2.6600
1.4286,2.6559
1.5385,2.6722
1.6667,2.6602
1.8182,2.6396
2.0000,2.6515
