0.4000,3.0167
0.4082,3.0102
0.4167,2.9970
0.4255,2.9946
0.4348,2.9859
0.4444,2.9689
0.4545,2.9534
0.4651,2.9390
0.4762,2.9259
0.4878,2.9124
0.5000,2.8983
0.5128,2.8851
0.5263,2.8726
0.5405,2.8611
0.5556,2.8493
0.5714,2.8389
0.5882,2.8294
0.6061,2.8151
0.6250,2.8030
0.6452,2.7923
0.6667,2.7808
0.6897,2.7644
0.7143,2.7518
0.7407,2.7366
0.7692,2.7261
0.8000,2.7174
0.8333,2.7135
0.8696,2.7185
0.9091,2.7126
0.9524,2.6958
1.0000,2.7009
1.0526,2.6950
1.1111,2.6969
1.1765,2.6905
1.2500,2.6945
1.3333,2.6992
1.4286,2.7054
1.5385,2.7110
1.6667,2.7192
1.8182,2.7256
2.0000,2.7182
