0.4000,2.9601
0.4082,2.9548
0.4167,2.9544
0.4255,2.9405
0.4348,2.9228
0.4444,2.9153
0.4545,2.9101
0.4651,2.9053
0.4762,2.9004
0.4878,2.9022
0.5000,2.8996
0.5128,2.8954
0.5263,2.8901
0.5405,2.8815
0.5556,2.8731
0.5714,2.8649
0.5882,2.8607
0.6061,2.8518
0.6250,2.8445
0.6452,2.8300
0.6667,2.8137
0.6897,2.8144
0.7143,2.8022
0.7407,2.7913
0.7692,2.7686
0.8000,2.7514
0.8333,2.7465
0.8696,2.7453
0.9091,2.7631
0.9524,2.7578
1.0000,2.7644
1.0526,2.7785
1.1111,2.7799
1.1765,2.7860
1.2500,2.7850
1.3333,2.7913
1.4286,2.7805
1.5385,2.7596
1.6667,2.7436
1.8182,2.7061
2.0000,2.7119
