0.4000,2.9695
0.4082,2.9647
0.4167,2.9564
0.4255,2.9450
0.4348,2.9428
0.4444,2.9287
0.4545,2.9149
0.4651,2.9023
0.4762,2.8906
0.4878,2.8782
0.5000,2.8664
0.5128,2.8562
0.5263,2.8457
0.5405,2.8390
0.5556,2.8288
0.5714,2.8204
0.5882,2.8122
0.6061,2.8043
0.6250,2.7960
0.6452,2.7889
0.6667,2.7816
0.6897,2.7736
0.7143,2.7656
0.7407,2.7611
0.7692,2.7557
0.8000,2.7459
0.8333,2.7403
0.8696,2.7387
0.9091,2.7238
0.9524,2.7164
1.0000,2.7099
1.0526,2.7091
1.1111,2.7079
1.1765,2.7063
1.2500,2.7038
1.3333,2.6840
1.4286,2.6673
1.5385,2.6595
1.6667,2.6523
1.8182,2.6439
2.0000,2.6436
