0.4000,2.9627
0.4082,2.9582
0.4167,2.9674
0.4255,2.9506
0.4348,2.9401
0.4444,2.9332
0.4545,2.9246
0.4651,2.9159
0.4762,2.9102
0.4878,2.9011
0.5000,2.8978
0.5128,2.8874
0.5263,2.8798
0.5405,2.8713
0.5556,2.8625
0.5714,2.8553
0.5882,2.8430
0.6061,2.8342
0.6250,2.8184
0.6452,2.8054
0.6667,2.7904
0.6897,2.7787
0.7143,2.7551
0.7407,2.7431
0.7692,2.7329
0.8000,2.7080
0.8333,2.7020
0.8696,2.6936
0.9091,2.6996
0.9524,2.7068
1.0000,2.7174
1.0526,2.7026
1.1111,2.7048
1.1765,2.6967
1.2500,2.6915
1.3333,2.6856
1.4286,2.6745
1.5385,2.6733
1.6667,2.6520
1.8182,2.6375
2.0000,2.6367
