0.4000,2.9926
0.4082,2.9865
0.4167,2.9861
0.4255,2.9717
0.4348,2.9687
0.4444,2.9547
0.4545,2.9494
0.4651,2.9454
0.4762,2.9404
0.4878,2.9345
0.5000,2.9288
0.5128,2.9264
0.5263,2.9210
0.5405,2.9146
0.5556,2.9116
0.5714,2.9101
0.5882,2.9096
0.6061,2.9076
0.6250,2.9016
0.6452,2.8977
0.6667,2.8935
0.6897,2.8711
0.7143,2.8699
0.7407,2.8698
0.7692,2.8660
0.8000,2.8669
0.8333,2.8681
0.8696,2.8575
0.9091,2.8677
0.9524,2.8636
1.0000,2.8514
1.0526,2.8292
1.1111,2.8285
1.1765,2.8117
1.2500,2.8026
1.3333,2.7753
1.4286,2.7507
1.5385,2.7038
1.6667,2.6847
1.8182,2.6768
2.0000,2.6657
