0.4000,2.9467
0.4082,2.9414
0.4167,2.9333
0.4255,2.9188
0.4348,2.9134
0.4444,2.9018
0.4545,2.8953
0.4651,2.8894
0.4762,2.8847
0.4878,2.8810
0.5000,2.8770
0.5128,2.8748
0.5263,2.8699
0.5405,2.8610
0.5556,2.8551
0.5714,2.8490
0.5882,2.8435
0.6061,2.8408
0.6250,2.8382
0.6452,2.8333
0.6667,2.8292
0.6897,2.8233
0.7143,2.8208
0.7407,2.8120
0.7692,2.7922
0.8000,2.7889
0.8333,2.7932
0.8696,2.7840
0.9091,2.8042
0.9524,2.7968
1.0000,2.8054
1.0526,2.7965
1.1111,2.8038
1.1765,2.8048
1.2500,2.7959
1.3333,2.7930
1.4286,2.7789
1.5385,2.7442
1.6667,2.7460
1.8182,2.7249
2.0000,2.7174
