0.4000,2.9920
0.4082,2.9710
0.4167,2.9611
0.4255,2.9453
0.4348,2.9338
0.4444,2.9294
0.4545,2.9225
0.4651,2.9130
0.4762,2.9040
0.4878,2.8920
0.5000,2.8814
0.5128,2.8694
0.5263,2.8549
0.5405,2.8442
0.5556,2.8354
0.5714,2.8259
0.5882,2.8181
0.6061,2.8090
0.6250,2.7967
0.6452,2.7831
0.6667,2.7698
0.6897,2.7422
0.7143,2.7345
0.7407,2.7238
0.7692,2.7152
0.8000,2.7099
0.8333,2.6972
0.8696,2.6854
0.9091,2.6616
0.9524,2.6465
1.0000,2.6214
1.0526,2.6044
1.1111,2.5831
1.1765,2.5663
1.2500,2.5591
1.3333,2.5434
1.4286,2.5228
1.5385,2.5267
1.6667,2.4975
1.8182,2.4904
2.0000,2.4720
