0.4000,3.0774
0.4082,3.0750
0.4167,3.0759
0.4255,3.0568
0.4348,3.0516
0.4444,3.0396
0.4545,3.0213
0.4651,3.0059
0.4762,2.9933
0.4878,2.9828
0.5000,2.9746
0.5128,2.9580
0.5263,2.9439
0.5405,2.9307
0.5556,2.9186
0.5714,2.9066
0.5882,2.8951
0.6061,2.8888
0.6250,2.8780
0.6452,2.8641
0.6667,2.8535
0.6897,2.8413
0.7143,2.8251
0.7407,2.8090
0.7692,2.7999
0.8000,2.7893
0.8333,2.7797
0.8696,2.7727
0.9091,2.7736
0.9524,2.7879
1.0000,2.8006
1.0526,2.7958
1.1111,2.7985
1.1765,2.7953
1.2500,2.7878
1.3333,2.7914
1.4286,2.7857
1.5385,2.7715
1.6667,2.7463
1.8182,2.7331
2.0000,2.7212
