0.4000,2.9626
0.4082,2.9473
0.4167,2.9392
0.4255,2.9233
0.4348,2.9099
0.4444,2.8973
0.4545,2.8895
0.4651,2.8822
0.4762,2.8766
0.4878,2.8733
0.5000,2.8650
0.5128,2.8580
0.5263,2.8501
0.5405,2.8408
0.5556,2.8361
0.5714,2.8296
0.5882,2.8256
0.6061,2.8201
0.6250,2.8129
0.6452,2.8009
0.6667,2.8017
0.6897,2.7881
0.7143,2.7866
0.7407,2.7783
0.7692,2.7684
0.8000,2.7617
0.8333,2.7462
0.8696,2.7399
0.9091,2.7305
0.9524,2.7175
1.0000,2.7125
1.0526,2.7261
1.1111,2.7133
1.1765,2.7142
1.2500,2.7050
1.3333,2.7123
1.4286,2.6987
1.5385,2.6868
1.6667,2.6643
1.8182,2.6150
2.0000,2.6199
