0.4000,3.0686
0.4082,3.0536
0.4167,3.0458
0.4255,3.0329
0.4348,3.0204
0.4444,3.0030
0.4545,2.9921
0.4651,2.9811
0.4762,2.9713
0.4878,2.9619
0.5000,2.9521
0.5128,2.9430
0.5263,2.9315
0.5405,2.9208
0.5556,2.9122
0.5714,2.9016
0.5882,2.8943
0.6061,2.8835
0.6250,2.8760
0.6452,2.8681
0.6667,2.8648
0.6897,2.8518
0.7143,2.8459
0.7407,2.8380
0.7692,2.8300
0.8000,2.8376
0.8333,2.8326
0.8696,2.8407
0.9091,2.8418
0.9524,2.8204
1.0000,2.8228
1.0526,2.8047
1.1111,2.8010
1.1765,2.7957
1.2500,2.7820
1.3333,2.7885
1.4286,2.8077
1.5385,2.8089
1.6667,2.8154
1.8182,2.8213
2.0000,2.7988
