0.4000,2.9804
0.4082,2.9742
0.4167,2.9718
0.4255,2.9762
0.4348,2.9828
0.4444,2.9745
0.4545,2.9672
0.4651,2.9590
0.4762,2.9510
0.4878,2.9425
0.5000,2.9319
0.5128,2.9246
0.5263,2.9174
0.5405,2.9113
0.5556,2.9048
0.5714,2.8991
0.5882,2.8947
0.6061,2.8898
0.6250,2.8882
0.6452,2.8829
0.6667,2.8815
0.6897,2.8815
0.7143,2.8808
0.7407,2.8731
0.7692,2.8713
0.8000,2.8639
0.8333,2.8492
0.8696,2.8589
0.9091,2.8566
0.9524,2.8524
1.0000,2.8499
1.0526,2.8347
1.1111,2.8316
1.1765,2.8160
1.2500,2.7818
1.3333,2.7403
1.4286,2.7170
1.5385,2.7127
1.6667,2.6868
1.8182,2.6700
2.0000,2.6713
