0.4000,2.9944
0.4082,2.9847
0.4167,2.9785
0.4255,2.9631
0.4348,2.9643
0.4444,2.9642
0.4545,2.9604
0.4651,2.9539
0.4762,2.9484
0.4878,2.9412
0.5000,2.9307
0.5128,2.9211
0.5263,2.9117
0.5405,2.9028
0.5556,2.8936
0.5714,2.8836
0.5882,2.8749
0.6061,2.8665
0.6250,2.8558
0.6452,2.8456
0.6667,2.8271
0.6897,2.8082
0.7143,2.7926
0.7407,2.7756
0.7692,2.7623
0.8000,2.7470
0.8333,2.7328
0.8696,2.7216
0.9091,2.7105
0.9524,2.6985
1.0000,2.6885
1.0526,2.6669
1.1111,2.6569
1.1765,2.6501
1.2500,2.6517
1.3333,2.6452
1.4286,2.6288
1.5385,2.6222
1.6667,2.6052
1.8182,2.5839
2.0000,2.5765
