0.4000,2.8697
0.4082,2.8590
0.4167,2.8528
0.4255,2.8442
0.4348,2.8385
0.4444,2.8394
0.4545,2.8342
0.4651,2.8288
0.4762,2.8258
0.4878,2.8200
0.5000,2.8132
0.5128,2.8076
0.5263,2.8029
0.5405,2.8026
0.5556,2.7968
0.5714,2.7933
0.5882,2.7855
0.6061,2.7784
0.6250,2.7665
0.6452,2.7596
0.6667,2.7522
0.6897,2.7427
0.7143,2.7266
0.7407,2.7170
0.7692,2.7124
0.8000,2.6950
0.8333,2.6928
0.8696,2.6916
0.9091,2.7076
0.9524,2.7118
1.0000,2.7189
1.0526,2.6986
1.1111,2.7055
1.1765,2.7011
1.2500,2.7030
1.3333,2.7028
1.4286,2.6911
1.5385,2.6932
1.6667,2.6767
1.8182,2.6728
2.0000,2.6818
