0.4000,2.9587
0.4082,2.9519
0.4167,2.9420
0.4255,2.9395
0.4348,2.9384
0.4444,2.9223
0.4545,2.9127
0.4651,2.9033
0.4762,2.8949
0.4878,2.8878
0.5000,2.8803
0.5128,2.8706
0.5263,2.8631
0.5405,2.8546
0.5556,2.8471
0.5714,2.8408
0.5882,2.8347
0.6061,2.8252
0.6250,2.8131
0.6452,2.7971
0.6667,2.7839
0.6897,2.7621
0.7143,2.7463
0.7407,2.7392
0.7692,2.7329
0.8000,2.7292
0.8333,2.7191
0.8696,2.7105
0.9091,2.7011
0.9524,2.6827
1.0000,2.6819
1.0526,2.6797
1.1111,2.6677
1.1765,2.6667
1.2500,2.6651
1.3333,2.6596
1.4286,2.6368
1.5385,2.6070
1.6667,2.6102
1.8182,2.5872
2.0000,2.5661
