0.4000,2.9664
0.4082,2.9472
0.4167,2.9351
0.4255,2.9162
0.4348,2.9055
0.4444,2.8947
0.4545,2.8874
0.4651,2.8801
0.4762,2.8730
0.4878,2.8664
0.5000,2.8562
0.5128,2.8456
0.5263,2.8343
0.5405,2.8240
0.5556,2.8175
0.5714,2.8091
0.5882,2.8020
0.6061,2.7955
0.6250,2.7830
0.6452,2.7689
0.6667,2.7624
0.6897,2.7376
0.7143,2.7323
0.7407,2.7263
0.7692,2.7219
0.8000,2.7186
0.8333,2.7073
0.8696,2.7006
0.9091,2.6888
0.9524,2.6683
1.0000,2.6541
1.0526,2.6508
1.1111,2.6321
1.1765,2.6253
1.2500,2.6213
1.3333,2.6207
1.4286,2.5945
1.5385,2.5825
1.6667,2.5559
1.8182,2.5252
2.0000,2.5168
