0.4000,2.9117
0.4082,2.9070
0.4167,2.9092
0.4255,2.9044
0.4348,2.8988
0.4444,2.8925
0.4545,2.8859
0.4651,2.8788
0.4762,2.8717
0.4878,2.8637
0.5000,2.8608
0.5128,2.8513
0.5263,2.8421
0.5405,2.8351
0.5556,2.8261
0.5714,2.8177
0.5882,2.8088
0.6061,2.8005
0.6250,2.7922
0.6452,2.7833
0.6667,2.7746
0.6897,2.7625
0.7143,2.7539
0.7407,2.7444
0.7692,2.7384
0.8000,2.7302
0.8333,2.7270
0.8696,2.7170
0.9091,2.7224
0.9524,2.7166
1.0000,2.7069
1.0526,2.6864
1.1111,2.6850
1.1765,2.6784
1.2500,2.6638
1.3333,2.6589
1.4286,2.6535
1.5385,2.6448
1.6667,2.6409
1.8182,2.6373
2.0000,2.6334
