0.4000,2.9624
0.4082,2.9601
0.4167,2.9552
0.4255,2.9556
0.4348,2.9589
0.4444,2.9498
0.4545,2.9405
0.4651,2.9320
0.4762,2.9230
0.4878,2.9125
0.5000,2.9023
0.5128,2.8955
0.5263,2.8884
0.5405,2.8824
0.5556,2.8758
0.5714,2.8714
0.5882,2.8660
0.6061,2.8631
0.6250,2.8584
0.6452,2.8572
0.6667,2.8613
0.6897,2.8453
0.7143,2.8468
0.7407,2.8465
0.7692,2.8523
0.8000,2.8545
0.8333,2.8579
0.8696,2.8619
0.9091,2.8633
0.9524,2.8372
1.0000,2.8170
1.0526,2.7949
1.1111,2.7870
1.1765,2.7681
1.2500,2.7519
1.3333,2.7192
1.4286,2.6953
1.5385,2.6596
1.6667,2.6331
1.8182,2.6238
2.0000,2.6045
