0.4000,2.8914
0.4082,2.8928
0.4167,2.8885
0.4255,2.8847
0.4348,2.8765
0.4444,2.8718
0.4545,2.8682
0.4651,2.8690
0.4762,2.8616
0.4878,2.8593
0.5000,2.8567
0.5128,2.8534
0.5263,2.8530
0.5405,2.8555
0.5556,2.8548
0.5714,2.8554
0.5882,2.8557
0.6061,2.8533
0.6250,2.8529
0.6452,2.8527
0.6667,2.8499
0.6897,2.8366
0.7143,2.8301
0.7407,2.8251
0.7692,2.8188
0.8000,2.8134
0.8333,2.8063
0.8696,2.8042
0.9091,2.8009
0.9524,2.7946
1.0000,2.7921
1.0526,2.7933
1.1111,2.7919
1.1765,2.7957
1.2500,2.7955
1.3333,2.7634
1.4286,2.7359
1.5385,2.7120
1.6667,2.6923
1.8182,2.6780
2.0000,2.6522
