0.4000,2.9419
0.4082,2.9346
0.4167,2.9303
0.4255,2.9367
0.4348,2.9281
0.4444,2.9182
0.4545,2.9096
0.4651,2.9005
0.4762,2.8919
0.4878,2.8827
0.5000,2.8704
0.5128,2.8652
0.5263,2.8607
0.5405,2.8558
0.5556,2.8476
0.5714,2.8398
0.5882,2.8312
0.6061,2.8239
0.6250,2.8168
0.6452,2.8135
0.6667,2.8093
0.6897,2.7870
0.7143,2.7765
0.7407,2.7492
0.7692,2.7381
0.8000,2.7092
0.8333,2.6975
0.8696,2.6816
0.9091,2.6822
0.9524,2.6748
1.0000,2.6759
1.0526,2.6643
1.1111,2.6588
1.1765,2.6472
1.2500,2.6398
1.3333,2.6191
1.4286,2.6045
1.5385,2.5768
1.6667,2.5770
1.8182,2.5669
2.0000,2.5662
