0.4000,2.9817
0.4082,2.9742
0.4167,2.9623
0.4255,2.9633
0.4348,2.9520
0.4444,2.9406
0.4545,2.9300
0.4651,2.9222
0.4762,2.9100
0.4878,2.9013
0.5000,2.8878
0.5128,2.8844
0.5263,2.8797
0.5405,2.8731
0.5556,2.8640
0.5714,2.8575
0.5882,2.8487
0.6061,2.8380
0.6250,2.8307
0.6452,2.8231
0.6667,2.8126
0.6897,2.7925
0.7143,2.7793
0.7407,2.7596
0.7692,2.7399
0.8000,2.7118
0.8333,2.6990
0.8696,2.6914
0.9091,2.6902
0.9524,2.6842
1.0000,2.6878
1.0526,2.6696
1.1111,2.6752
1.1765,2.6713
1.2500,2.6676
1.3333,2.6507
1.4286,2.6310
1.5385,2.6012
1.6667,2.5809
1.8182,2.5580
2.0000,2.5538
