0.4000,2.8987
0.4082,2.8891
0.4167,2.8803
0.4255,2.8854
0.4348,2.8779
0.4444,2.8754
0.4545,2.8667
0.4651,2.8581
0.4762,2.8497
0.4878,2.8410
0.5000,2.8303
0.5128,2.8209
0.5263,2.8120
0.5405,2.8057
0.5556,2.7960
0.5714,2.7873
0.5882,2.7771
0.6061,2.7675
0.6250,2.7539
0.6452,2.7413
0.6667,2.7323
0.6897,2.7159
0.7143,2.7051
0.7407,2.7002
0.7692,2.6964
0.8000,2.6856
0.8333,2.6801
0.8696,2.6705
0.9091,2.6660
0.9524,2.6669
1.0000,2.6624
1.0526,2.6635
1.1111,2.6666
1.1765,2.6593
1.2500,2.6561
1.3333,2.6521
1.4286,2.6487
1.5385,2.6427
1.6667,2.6305
1.8182,2.6171
2.0000,2.6100
