0.4000,2.9737
0.4082,2.9717
0.4167,2.9673
0.4255,2.9635
0.4348,2.9549
0.4444,2.9480
0.4545,2.9407
0.4651,2.9312
0.4762,2.9209
0.4878,2.9107
0.5000,2.8952
0.5128,2.8856
0.5263,2.8787
0.5405,2.8727
0.5556,2.8646
0.5714,2.8559
0.5882,2.8482
0.6061,2.8408
0.6250,2.8336
0.6452,2.8296
0.6667,2.8278
0.6897,2.8147
0.7143,2.8105
0.7407,2.7928
0.7692,2.7939
0.8000,2.7890
0.8333,2.7864
0.8696,2.7798
0.9091,2.7758
0.9524,2.7715
1.0000,2.7626
1.0526,2.7568
1.1111,2.7457
1.1765,2.7321
1.2500,2.7214
1.3333,2.7118
1.4286,2.6994
1.5385,2.6718
1.6667,2.6495
1.8182,2.6380
2.0000,2.6271
