0.4000,2.8554
0.4082,2.8512
0.4167,2.8473
0.4255,2.8632
0.4348,2.8650
0.4444,2.8569
0.4545,2.8490
0.4651,2.8408
0.4762,2.8331
0.4878,2.8251
0.5000,2.8183
0.5128,2.8101
0.5263,2.8023
0.5405,2.7987
0.5556,2.7927
0.5714,2.7893
0.5882,2.7849
0.6061,2.7811
0.6250,2.7784
0.6452,2.7753
0.6667,2.7727
0.6897,2.7651
0.7143,2.7612
0.7407,2.7629
0.7692,2.7644
0.8000,2.7711
0.8333,2.7739
0.8696,2.7744
0.9091,2.7827
0.9524,2.7858
1.0000,2.7855
1.0526,2.7856
1.1111,2.7925
1.1765,2.7827
1.2500,2.7815
1.3333,2.7798
1.4286,2.7649
1.5385,2.7449
1.6667,2.7236
1.8182,2.7123
2.0000,2.6981
