0.4000,2.9606
0.4082,2.9506
0.4167,2.9427
0.4255,2.9342
0.4348,2.9228
0.4444,2.9141
0.4545,2.9046
0.4651,2.9006
0.4762,2.8897
0.4878,2.8775
0.5000,2.8621
0.5128,2.8535
0.5263,2.8464
0.5405,2.8373
0.5556,2.8288
0.5714,2.8193
0.5882,2.8091
0.6061,2.7996
0.6250,2.7914
0.6452,2.7852
0.6667,2.7811
0.6897,2.7695
0.7143,2.7632
0.7407,2.7517
0.7692,2.7457
0.8000,2.7248
0.8333,2.7182
0.8696,2.7103
0.9091,2.7034
0.9524,2.6973
1.0000,2.6828
1.0526,2.6701
1.1111,2.6541
1.1765,2.6451
1.2500,2.6294
1.3333,2.6166
1.4286,2.6064
1.5385,2.5767
1.6667,2.5560
1.8182,2.5439
2.0000,2.5314
