0.4000,2.9452
0.4082,2.9361
0.4167,2.9308
0.4255,2.9176
0.4348,2.9064
0.4444,2.8930
0.4545,2.8811
0.4651,2.8684
0.4762,2.8559
0.4878,2.8419
0.5000,2.8271
0.5128,2.8168
0.5263,2.8083
0.5405,2.8003
0.5556,2.7928
0.5714,2.7891
0.5882,2.7834
0.6061,2.7761
0.6250,2.7690
0.6452,2.7600
0.6667,2.7495
0.6897,2.7491
0.7143,2.7464
0.7407,2.7571
0.7692,2.7528
0.8000,2.7534
0.8333,2.7490
0.8696,2.7326
0.9091,2.7200
0.9524,2.7004
1.0000,2.6961
1.0526,2.6975
1.1111,2.6868
1.1765,2.6822
1.2500,2.6747
1.3333,2.6523
1.4286,2.6380
1.5385,2.6318
1.6667,2.6189
1.8182,2.6167
2.0000,2.5966
