0.4000,3.0012
0.4082,2.9934
0.4167,2.9906
0.4255,2.9858
0.4348,2.9750
0.4444,2.9639
0.4545,2.9519
0.4651,2.9333
0.4762,2.9221
0.4878,2.9102
0.5000,2.8998
0.5128,2.8887
0.5263,2.8781
0.5405,2.8685
0.5556,2.8586
0.5714,2.8508
0.5882,2.8413
0.6061,2.8328
0.6250,2.8243
0.6452,2.8140
0.6667,2.8031
0.6897,2.7908
0.7143,2.7790
0.7407,2.7718
0.7692,2.7633
0.8000,2.7570
0.8333,2.7525
0.8696,2.7516
0.9091,2.7460
0.9524,2.7406
1.0000,2.7360
1.0526,2.7348
1.1111,2.7287
1.1765,2.7262
1.2500,2.7200
1.3333,2.7140
1.4286,2.7119
1.5385,2.7099
1.6667,2.6967
1.8182,2.6774
2.0000,2.6716
