0.4000,2.9629
0.4082,2.9525
0.4167,2.9479
0.4255,2.9431
0.4348,2.9283
0.4444,2.9175
0.4545,2.9076
0.4651,2.8987
0.4762,2.8864
0.4878,2.8759
0.5000,2.8590
0.5128,2.8481
0.5263,2.8405
0.5405,2.8314
0.5556,2.8210
0.5714,2.8114
0.5882,2.8003
0.6061,2.7899
0.6250,2.7768
0.6452,2.7675
0.6667,2.7616
0.6897,2.7537
0.7143,2.7445
0.7407,2.7198
0.7692,2.7091
0.8000,2.6902
0.8333,2.6807
0.8696,2.6713
0.9091,2.6658
0.9524,2.6606
1.0000,2.6509
1.0526,2.6406
1.1111,2.6207
1.1765,2.6086
1.2500,2.6003
1.3333,2.5889
1.4286,2.5726
1.5385,2.5544
1.6667,2.5452
1.8182,2.5161
2.0000,2.4994
