0.4000,2.9848
0.4082,2.9773
0.4167,2.9751
0.4255,2.9629
0.4348,2.9534
0.4444,2.9387
0.4545,2.9239
0.4651,2.9062
0.4762,2.8915
0.4878,2.8764
0.5000,2.8633
0.5128,2.8485
0.5263,2.8358
0.5405,2.8234
0.5556,2.8102
0.5714,2.8013
0.5882,2.7897
0.6061,2.7793
0.6250,2.7692
0.6452,2.7582
0.6667,2.7478
0.6897,2.7381
0.7143,2.7283
0.7407,2.7171
0.7692,2.7076
0.8000,2.7007
0.8333,2.6961
0.8696,2.6928
0.9091,2.6938
0.9524,2.6926
1.0000,2.6955
1.0526,2.6904
1.1111,2.6935
1.1765,2.6940
1.2500,2.6902
1.3333,2.6805
1.4286,2.6733
1.5385,2.6508
1.6667,2.6377
1.8182,2.6292
2.0000,2.6185
