0.4000,2.9168
0.4082,2.9090
0.4167,2.9017
0.4255,2.8933
0.4348,2.8909
0.4444,2.8815
0.4545,2.8721
0.4651,2.8630
0.4762,2.8560
0.4878,2.8461
0.5000,2.8372
0.5128,2.8293
0.5263,2.8216
0.5405,2.8155
0.5556,2.8079
0.5714,2.8013
0.5882,2.7943
0.6061,2.7874
0.6250,2.7804
0.6452,2.7730
0.6667,2.7678
0.6897,2.7511
0.7143,2.7446
0.7407,2.7404
0.7692,2.7371
0.8000,2.7362
0.8333,2.7352
0.8696,2.7377
0.9091,2.7393
0.9524,2.7300
1.0000,2.7336
1.0526,2.7235
1.1111,2.7216
1.1765,2.7145
1.2500,2.7112
1.3333,2.6980
1.4286,2.6837
1.5385,2.6648
1.6667,2.6449
1.8182,2.6409
2.0000,2.6184
