0.4000,2.9993
0.4082,2.9907
0.4167,2.9880
0.4255,2.9845
0.4348,2.9695
0.4444,2.9568
0.4545,2.9434
0.4651,2.9402
0.4762,2.9238
0.4878,2.9112
0.5000,2.8992
0.5128,2.8876
0.5263,2.8768
0.5405,2.8670
0.5556,2.8595
0.5714,2.8509
0.5882,2.8416
0.6061,2.8330
0.6250,2.8230
0.6452,2.8140
0.6667,2.8071
0.6897,2.7979
0.7143,2.7888
0.7407,2.7798
0.7692,2.7749
0.8000,2.7660
0.8333,2.7671
0.8696,2.7690
0.9091,2.7624
0.9524,2.7488
1.0000,2.7311
1.0526,2.7332
1.1111,2.7113
1.1765,2.7088
1.2500,2.6970
1.3333,2.6894
1.4286,2.6884
1.5385,2.6878
1.6667,2.6843
1.8182,2.6612
2.0000,2.6475
