0.4000,2.9684
0.4082,2.9575
0.4167,2.9563
0.4255,2.9368
0.4348,2.9261
0.4444,2.9090
0.4545,2.8928
0.4651,2.8788
0.4762,2.8623
0.4878,2.8429
0.5000,2.8205
0.5128,2.8103
0.5263,2.8008
0.5405,2.7904
0.5556,2.7807
0.5714,2.7702
0.5882,2.7610
0.6061,2.7519
0.6250,2.7439
0.6452,2.7368
0.6667,2.7321
0.6897,2.7248
0.7143,2.7154
0.7407,2.7115
0.7692,2.7037
0.8000,2.6912
0.8333,2.6871
0.8696,2.6915
0.9091,2.6806
0.9524,2.6709
1.0000,2.6675
1.0526,2.6546
1.1111,2.6502
1.1765,2.6435
1.2500,2.6374
1.3333,2.6286
1.4286,2.6183
1.5385,2.5995
1.6667,2.5966
1.8182,2.6018
2.0000,2.5886
