0.4000,3.0133
0.4082,3.0094
0.4167,3.0044
0.4255,2.9989
0.4348,2.9935
0.4444,2.9831
0.4545,2.9722
0.4651,2.9591
0.4762,2.9476
0.4878,2.9343
0.5000,2.9240
0.5128,2.9112
0.5263,2.8980
0.5405,2.8849
0.5556,2.8735
0.5714,2.8621
0.5882,2.8498
0.6061,2.8381
0.6250,2.8273
0.6452,2.8149
0.6667,2.8041
0.6897,2.7935
0.7143,2.7874
0.7407,2.7704
0.7692,2.7589
0.8000,2.7530
0.8333,2.7469
0.8696,2.7447
0.9091,2.7393
0.9524,2.7333
1.0000,2.7265
1.0526,2.7249
1.1111,2.7223
1.1765,2.7234
1.2500,2.7208
1.3333,2.7194
1.4286,2.7162
1.5385,2.7070
1.6667,2.6856
1.8182,2.6703
2.0000,2.6469
