0.4000,3.0398
0.4082,3.0407
0.4167,3.0354
0.4255,3.0246
0.4348,3.0173
0.4444,3.0074
0.4545,2.9979
0.4651,2.9936
0.4762,2.9772
0.4878,2.9641
0.5000,2.9489
0.5128,2.9331
0.5263,2.9207
0.5405,2.9084
0.5556,2.8970
0.5714,2.8842
0.5882,2.8728
0.6061,2.8623
0.6250,2.8524
0.6452,2.8424
0.6667,2.8352
0.6897,2.8320
0.7143,2.8282
0.7407,2.8064
0.7692,2.7972
0.8000,2.8001
0.8333,2.7998
0.8696,2.7996
0.9091,2.7917
0.9524,2.7796
1.0000,2.7765
1.0526,2.7694
1.1111,2.7570
1.1765,2.7506
1.2500,2.7399
1.3333,2.7376
1.4286,2.7216
1.5385,2.7151
1.6667,2.6992
1.8182,2.6878
2.0000,2.6794
