0.4000,2.9512
0.4082,2.9405
0.4167,2.9333
0.4255,2.9261
0.4348,2.9183
0.4444,2.9096
0.4545,2.9006
0.4651,2.8963
0.4762,2.8862
0.4878,2.8713
0.5000,2.8587
0.5128,2.8495
0.5263,2.8407
0.5405,2.8331
0.5556,2.8242
0.5714,2.8153
0.5882,2.8066
0.6061,2.7977
0.6250,2.7886
0.6452,2.7770
0.6667,2.7663
0.6897,2.7569
0.7143,2.7512
0.7407,2.7512
0.7692,2.7472
0.8000,2.7449
0.8333,2.7422
0.8696,2.7260
0.9091,2.7199
0.9524,2.7004
1.0000,2.6927
1.0526,2.6867
1.1111,2.6820
1.1765,2.6747
1.2500,2.6667
1.3333,2.6616
1.4286,2.6564
1.5385,2.6484
1.6667,2.6386
1.8182,2.6346
2.0000,2.6258
