5.155786126852035522e-02 2.078656800419196315e+00 1.046469211578369141e+00
3.013117611408233643e-02 4.258381498349393723e+00 2.143819570541381836e+00
1.836307346820831299e-02 1.427467728431160765e+00 7.186376452445983887e-01
2.051398530602455139e-01 7.815509178664854062e+00 3.934603214263916016e+00
5.901656448841094971e-01 6.146512873293517032e+00 3.094371557235717773e+00
8.730411529541015625e-01 6.328632194205937367e+00 3.186056852340698242e+00
6.638669967651367188e-02 5.171484779612910643e+00 2.603507995605468750e+00
2.010869979858398438e-02 7.057564117877035414e+00 3.553026914596557617e+00
7.112574577331542969e-02 5.606803073702764095e+00 2.822662591934204102e+00
4.941444396972656250e-01 7.618663783308733173e+00 3.835504293441772461e+00
7.609486579895019531e-02 3.510877293011745337e+00 1.767499566078186035e+00
6.434726715087890625e-02 5.162391505601220842e+00 2.598930120468139648e+00
0.000000000000000000e+00 7.222894435248576883e+00 3.636260032653808594e+00
