1.712900027632713318e-02 1.015821761836299686e+00 5.110848546028137207e-01
4.842204228043556213e-02 2.334752301669595909e+00 1.174671173095703125e+00
7.917536795139312744e-02 3.620033034309955156e+00 1.821327447891235352e+00
8.668573200702667236e-02 5.180326207565855157e+00 2.606349229812622070e+00
1.936793029308319092e-01 7.762340304918069478e+00 3.905423879623413086e+00
2.951704263687133789e-01 6.098279688742280769e+00 3.068194150924682617e+00
1.354880034923553467e+00 6.329194662348669453e+00 3.184373140335083008e+00
1.583220958709716797e-01 7.741749924409191408e+00 3.895064353942871094e+00
2.896757125854492188e-01 6.515428353871755007e+00 3.278071880340576172e+00
0.000000000000000000e+00 6.811216460462077293e+00 3.426890134811401367e+00
