9.620735421776771545e-03 8.606035437682493239e-01 4.341048300266265869e-01
1.100364699959754944e-02 1.529306407829437831e+00 7.714112997055053711e-01
2.782312966883182526e-02 2.424130457354635837e+00 1.222777605056762695e+00
1.350923255085945129e-01 3.345006566172912699e+00 1.687285065650939941e+00
6.208129227161407471e-02 5.965684302927911631e+00 3.009204864501953125e+00
1.737476140260696411e-01 7.617484498781323055e+00 3.842404365539550781e+00
1.964377880096435547e+00 6.397916033135174985e+00 3.227230787277221680e+00
6.002321243286132812e-01 7.857381056819804144e+00 3.963412761688232422e+00
1.075673103332519531e-02 1.885222379001987747e+00 9.509420990943908691e-01
0.000000000000000000e+00 6.961190311669838593e+00 3.511357069015502930e+00
