1.812963560223579407e-02 1.101315908082270312e+00 5.725790858268737793e-01
4.496229067444801331e-02 2.186394821123911925e+00 1.136716485023498535e+00
1.598001644015312195e-01 3.600731923816113067e+00 1.872036695480346680e+00
3.434915095567703247e-01 7.554796304741103086e+00 3.927772521972656250e+00
2.802709937095642090e-01 6.023983399923281468e+00 3.131896018981933594e+00
2.194729447364807129e-01 6.128613812707897068e+00 3.186293840408325195e+00
2.309862375259399414e-01 7.228398631819288767e+00 3.758076906204223633e+00
5.192970037460327148e-01 6.427364065797348758e+00 3.341615438461303711e+00
1.510617733001708984e-01 5.304805630996611399e+00 2.757992267608642578e+00
7.130718231201171875e-02 5.470496628599335054e+00 2.844135761260986328e+00
0.000000000000000000e+00 6.778915850955968381e+00 3.524388790130615234e+00
