3.056930936872959137e-02 1.872930748604773044e+00 1.140604257583618164e+00
5.090309493243694305e-02 2.268522317858057136e+00 1.381517291069030762e+00
2.228462919592857361e-01 6.556481239449141185e+00 3.992860078811645508e+00
3.649370372295379639e-01 5.074710526252346199e+00 3.090470075607299805e+00
4.705655574798583984e-02 4.364471441080297609e+00 2.657938480377197266e+00
7.362483739852905273e-01 5.453737331664854082e+00 3.321295261383056641e+00
6.977558135986328125e-01 5.184984251488344853e+00 3.157626152038574219e+00
4.539067745208740234e-01 6.234092486329956273e+00 3.796527147293090820e+00
3.218162059783935547e-01 6.439707122149229690e+00 3.921745300292968750e+00
0.000000000000000000e+00 5.899052554606498688e+00 3.592489719390869141e+00
