6.202314980328083038e-03 2.854424561295445528e-01 1.973154544830322266e-01
1.786170247942209244e-02 9.658346510335320545e-01 6.676445603370666504e-01
3.794393129646778107e-02 1.301550323079993632e+00 8.997119665145874023e-01
2.850696891546249390e-01 5.747176175717868318e+00 3.972803115844726562e+00
8.364354074001312256e-01 4.346966042781332362e+00 3.004891395568847656e+00
3.844243288040161133e-01 5.764497917755079470e+00 3.984776973724365234e+00
3.458542823791503906e-01 4.748819628075693799e+00 3.282677412033081055e+00
2.403652667999267578e-01 5.641815408807246968e+00 3.899971246719360352e+00
4.925823211669921875e-02 3.140249515372488531e+00 2.170734405517578125e+00
0.000000000000000000e+00 5.473859145956453176e+00 3.783869504928588867e+00
