5.864904262125492096e-03 2.594551688748225615e-01 1.675132662057876587e-01
3.409540187567472458e-02 1.500033067093681893e+00 9.684734344482421875e-01
1.028183847665786743e-03 8.585494986486992275e-01 5.543093681335449219e-01
1.464814096689224243e-01 5.410881569560842763e+00 3.493453025817871094e+00
1.008633077144622803e+00 4.755673791171147968e+00 3.070428133010864258e+00
7.905210256576538086e-01 5.376057563899166780e+00 3.470969438552856445e+00
1.417317390441894531e-01 6.061927586990577765e+00 3.913790941238403320e+00
4.321908950805664062e-02 5.824397757465021641e+00 3.760433435440063477e+00
1.376719474792480469e-01 4.826806668583230930e+00 3.116353988647460938e+00
6.706738471984863281e-02 4.150392373188424244e+00 2.679637432098388672e+00
0.000000000000000000e+00 5.676083970608715390e+00 3.664676904678344727e+00
