1.479693595319986343e-02 8.526635186775877173e-01 4.660593867301940918e-01
6.535093393176794052e-02 2.279013051044387339e+00 1.245691180229187012e+00
1.449848189949989319e-01 4.102035711733265089e+00 2.242141485214233398e+00
1.452261954545974731e-01 7.178519203594646569e+00 3.923723936080932617e+00
1.469710469245910645e-01 6.735564375799185655e+00 3.681608200073242188e+00
6.282647848129272461e-01 6.172041171950581884e+00 3.373590707778930664e+00
4.453302621841430664e-01 6.117726255251909606e+00 3.343902587890625000e+00
9.543631076812744141e-01 6.079708736041311568e+00 3.323122501373291016e+00
4.101297855377197266e-01 7.060274852213410668e+00 3.859092473983764648e+00
0.000000000000000000e+00 6.463416201381733117e+00 3.532854080200195312e+00
