3.210148587822914124e-02 9.242466463424534595e-01 5.767722129821777344e-01
4.378218576312065125e-02 2.590479057249126527e+00 1.616577506065368652e+00
5.936853587627410889e-03 1.197555445555110509e+00 7.473294138908386230e-01
3.643200322985649109e-01 6.386798857596659218e+00 3.985654830932617188e+00
3.898128569126129150e-01 4.858258550085110983e+00 3.031775712966918945e+00
6.317919492721557617e-02 5.331207345889424687e+00 3.326917409896850586e+00
4.887846708297729492e-01 5.563025281449881732e+00 3.471582412719726562e+00
8.205847740173339844e-01 5.274933990848921894e+00 3.291800260543823242e+00
1.996099948883056641e-01 5.532011744606279535e+00 3.452228546142578125e+00
0.000000000000000000e+00 5.891561470017450119e+00 3.676604032516479492e+00
