3.993495367467403412e-03 1.212263574755965578e+00 6.077734827995300293e-01
2.627600636333227158e-02 1.994821657062573195e+00 1.000112295150756836e+00
1.098777521401643753e-01 3.562858406738598660e+00 1.786254167556762695e+00
2.359416931867599487e-01 7.900784877891510405e+00 3.961091995239257812e+00
1.816402375698089600e-01 5.603394602934599789e+00 2.809285640716552734e+00
4.366742968559265137e-01 6.894409234687657317e+00 3.456541299819946289e+00
1.348548293113708496e+00 6.514603351606240267e+00 3.266124010086059570e+00
4.977509975433349609e-01 6.655838593834403127e+00 3.336932897567749023e+00
1.186702251434326172e-01 6.316121503522651892e+00 3.166614294052124023e+00
0.000000000000000000e+00 7.015872094640883461e+00 3.517437219619750977e+00
