3.558184951543807983e-02 1.408269483800097532e+00 7.077372074127197266e-01
5.520126223564147949e-02 3.133795200094851907e+00 1.574914097785949707e+00
4.101886600255966187e-02 3.979745323612121410e+00 2.000053167343139648e+00
1.047949790954589844e-01 5.210623894225420827e+00 2.618641138076782227e+00
1.823626607656478882e-01 7.903401152798778639e+00 3.971918106079101562e+00
5.724976062774658203e-01 6.560185140394196424e+00 3.296874046325683594e+00
1.378208398818969727e-01 7.060765494753923122e+00 3.548444747924804688e+00
3.331657648086547852e-01 6.518732143321471995e+00 3.276041507720947266e+00
6.261172294616699219e-01 6.097361180378925383e+00 3.064278125762939453e+00
8.105347156524658203e-01 7.752597124891451585e+00 3.896130323410034180e+00
5.296635627746582031e-02 2.742674042049969785e+00 1.378352999687194824e+00
0.000000000000000000e+00 7.372617960131492509e+00 3.705168724060058594e+00
