1.499748672358691692e-03 1.254275609451998008e-01 8.741272985935211182e-02
9.332203422673046589e-03 2.736206801947620448e-01 1.906911879777908325e-01
4.623676463961601257e-02 1.128193239711833940e+00 7.862582206726074219e-01
3.987740762531757355e-01 5.737033159450732001e+00 3.998241901397705078e+00
9.986233711242675781e-02 4.108678809241780527e+00 2.863412380218505859e+00
1.535127758979797363e-01 4.158293495238751802e+00 2.897989749908447266e+00
1.499929785728454590e+00 4.867570921453790334e+00 3.392297983169555664e+00
5.295021533966064453e-01 5.602633424433065557e+00 3.904576301574707031e+00
9.366750717163085938e-02 3.096862913885075841e+00 2.158259630203247070e+00
0.000000000000000000e+00 5.598649963282468889e+00 3.901800155639648438e+00
