5.241041537374258041e-03 4.129093323675139260e-01 2.229207605123519897e-01
2.713306108489632607e-02 1.483113995798241547e+00 8.007009625434875488e-01
7.214281335473060608e-02 3.511723343173130729e+00 1.895902991294860840e+00
5.591102689504623413e-02 3.775893080081374364e+00 2.038522481918334961e+00
2.486755698919296265e-01 6.485289217411263962e+00 3.501266479492187500e+00
1.868117451667785645e-01 5.782552703370527070e+00 3.121874332427978516e+00
1.622959673404693604e+00 6.009528481396586130e+00 3.244413614273071289e+00
7.199149131774902344e-01 7.251052208031865121e+00 3.914685249328613281e+00
5.240106582641601562e-02 2.812461459646627304e+00 1.518386721611022949e+00
0.000000000000000000e+00 6.836528964330000235e+00 3.690893173217773438e+00
