2.638755831867456436e-03 4.455824648670478894e-01 2.414060980081558228e-01
8.453308953903615475e-01 5.441873665234822965e+00 2.948279142379760742e+00
8.065696954727172852e-01 6.011153762433252723e+00 3.256701707839965820e+00
2.078363895416259766e-01 5.221551779034427909e+00 2.828913927078247070e+00
2.852067947387695312e-01 6.240934473734398580e+00 3.381191492080688477e+00
1.760625839233398438e-02 3.839120770885699585e+00 2.079945325851440430e+00
7.724723815917968750e-01 7.165699432859923945e+00 3.882207393646240234e+00
2.992177009582519531e-02 3.320307030545762927e+00 1.798864245414733887e+00
1.800537109375000000e-02 2.212395823446144050e+00 1.198624014854431152e+00
0.000000000000000000e+00 6.764361668663696037e+00 3.664772033691406250e+00
