7.227065972983837128e-03 2.156822454042792714e-01 1.458657830953598022e-01
5.502589512616395950e-02 1.469334312200082593e+00 9.937099814414978027e-01
1.707533970475196838e-01 5.894076622841168955e+00 3.986160755157470703e+00
3.891780972480773926e-02 5.804232263966838445e+00 3.925399065017700195e+00
7.769441306591033936e-01 4.802233209751676668e+00 3.247747659683227539e+00
8.735356330871582031e-01 4.876733524333786818e+00 3.298132181167602539e+00
8.080688714981079102e-01 5.775368186529277637e+00 3.905878305435180664e+00
1.159954071044921875e-02 2.359310650126118958e+00 1.595600485801696777e+00
2.404119968414306641e-01 4.314946551911845063e+00 2.918195962905883789e+00
0.000000000000000000e+00 5.815626164289056987e+00 3.933104753494262695e+00
