1.640246808528900146e-02 2.245346422730676750e+00 1.154823660850524902e+00
7.946249842643737793e-02 2.878963287471037802e+00 1.480704665184020996e+00
1.450796425342559814e-02 2.106886727498249456e+00 1.083611249923706055e+00
1.535912454128265381e-01 7.773487890550768498e+00 3.998050212860107422e+00
3.978472948074340820e-01 6.199667733174692330e+00 3.188605070114135742e+00
8.396977186203002930e-01 6.251734083843757617e+00 3.215383768081665039e+00
6.414310932159423828e-01 5.778623225152387022e+00 2.972054004669189453e+00
7.925989627838134766e-01 7.662817575085909994e+00 3.941130399703979492e+00
9.760141372680664062e-03 1.204896120880050603e+00 6.197006106376647949e-01
0.000000000000000000e+00 7.388292945634930220e+00 3.799937248229980469e+00
