5.831912159919738770e-03 2.726546768553159694e-01 1.834295839071273804e-01
5.291413888335227966e-02 1.526060710984324942e+00 1.026663780212402344e+00
2.414317615330219269e-01 5.654024208427756548e+00 3.803768634796142578e+00
2.156030535697937012e-01 4.283411436395994087e+00 2.881683111190795898e+00
8.398670554161071777e-01 4.793490745444501044e+00 3.224841117858886719e+00
2.917945384979248047e-02 3.362557653707568761e+00 2.262174844741821289e+00
1.554474830627441406e-01 5.363239356459303053e+00 3.608141899108886719e+00
7.732288837432861328e-01 5.276937510629949202e+00 3.550081968307495117e+00
5.044310092926025391e-01 5.602968753582359795e+00 3.769420862197875977e+00
1.731128692626953125e-01 4.103268413557742633e+00 2.760491132736206055e+00
0.000000000000000000e+00 5.579289356599019811e+00 3.753490447998046875e+00
