1.275441236793994904e-02 1.101010334978667515e+00 6.239434480667114258e-01
5.502558313310146332e-02 2.958764240024578385e+00 1.676734089851379395e+00
7.390271872282028198e-02 6.612269634911285721e+00 3.747178554534912109e+00
2.341671288013458252e-01 6.520354712997914248e+00 3.695090293884277344e+00
1.729473471641540527e-01 4.182132312764963444e+00 2.370017766952514648e+00
4.806226491928100586e-02 5.330074270393197367e+00 3.020557403564453125e+00
1.651217699050903320e+00 5.622336661796964563e+00 3.186182737350463867e+00
1.692018508911132812e-01 6.775695303422537563e+00 3.839792013168334961e+00
5.794548988342285156e-01 6.841791469589679764e+00 3.877248764038085938e+00
0.000000000000000000e+00 6.256411797315536205e+00 3.545513629913330078e+00
