1.000000000000000056e-01 7.649762900000000032e-01
1.077769148918467368e-01 7.957422400000000451e-01
1.161586348739863384e-01 9.435149699999999529e-01
1.251921934905442790e-01 8.420151999999999637e-01
1.349282846047704376e-01 7.758548699999999743e-01
1.454215437538087796e-01 7.824946999999999875e-01
1.567308527050185751e-01 7.724644299999999797e-01
1.689196807695061697e-01 1.002412400000000092e+00
1.820564208505067727e-01 1.190422400000000103e+00
1.962147929589577455e-01 9.924224299999999666e-01
2.114742547012841423e-01 8.694672199999999851e-01
2.279204253213940046e-01 8.804066999999999865e-01
2.456456061505533084e-01 9.086779400000000173e-01
2.647492537314223293e-01 9.544289299999999532e-01
2.853385844763711710e-01 1.054434400000000105e+00
3.075291185483542966e-01 9.671389400000000025e-01
3.314453982485497385e-01 8.303445099999999801e-01
3.572216245110618194e-01 7.687601299999999860e-01
3.850024601657204282e-01 7.220720999999999945e-01
4.149437682728268628e-01 7.134308600000000000e-01
4.472135909999159220e-01 5.709216099999999683e-01
4.819930296096030520e-01 6.225846400000000225e-01
5.194772002236037745e-01 6.747558399999999956e-01
5.598764957240552897e-01 8.119686799999999982e-01
6.034176368113722821e-01 8.237000399999999667e-01
6.503449169301430688e-01 8.200211699999999659e-01
7.009216909960090947e-01 7.083143200000000528e-01
7.554317621133294081e-01 7.447401900000000241e-01
8.141810803857263412e-01 7.170612499999999834e-01
8.774992604874981561e-01 6.234403299999999870e-01
9.457415763034233702e-01 5.905555599999999794e-01
1.019291134592022807e+00 5.535497799999999913e-01
1.098560545132107880e+00 5.503539200000000520e-01
1.183994665393635737e+00 5.340524899999999908e-01
1.276072929456506300e+00 5.231312999999999658e-01
1.375312037671667209e+00 5.307559699999999658e-01
1.482268906643769313e+00 5.319209200000000193e-01
1.597543693498973294e+00 5.284412499999999735e-01
1.721783332954827994e+00 5.658885799999999744e-01
1.855684940920002024e+00 6.108770999999999507e-01
2.000000000000000000e+00 6.996487900000000204e-01
